#! FIELDS timestep dup_succ dup_attempts kill_succ kill_attempts
#! SET timestep 0.5
#! SET kernel_bandwidth [0.35 0.35]
#! SET kt 1.0
100 79 280 93 720
200 183 599 208 1401
300 282 940 334 2060
400 370 1410 439 2590
500 447 1856 517 3144
600 487 2274 559 3726
700 503 2753 587 4247
800 527 3304 616 4696
900 540 3729 636 5271
1000 555 4193 658 5807
1100 571 4655 673 6345
1200 582 5111 686 6889
1300 591 5650 700 7350
1400 601 6199 716 7801
1500 619 6714 724 8286
1600 633 7269 736 8731
1700 641 7817 744 9183
1800 652 8349 757 9651
1900 662 8894 769 10106
2000 674 9404 780 10596
2100 685 9911 787 11089
2200 702 10413 795 11587
2300 714 10876 802 12124
2400 724 11298 807 12702
2500 740 11844 816 13156
2600 747 12386 825 13614
2700 761 12933 836 14067
2800 778 13372 846 14628
2900 780 13884 851 15116
3000 797 14446 862 15554
3100 809 14903 869 16097
3200 819 15330 880 16670
3300 823 15782 894 17218
3400 833 16296 906 17704
3500 848 16771 924 18229
3600 859 17252 935 18748
3700 868 17791 947 19209
3800 879 18268 961 19732
3900 883 18783 965 20217
4000 890 19306 979 20694
4100 897 19853 986 21147
4200 913 20391 1000 21609
4300 928 20892 1017 22108
4400 944 21302 1034 22698
4500 959 21732 1046 23268
4600 965 22217 1056 23783
4700 978 22725 1062 24275
4800 989 23198 1071 24802
4900 1004 23685 1087 25315
5000 1015 24197 1098 25803
5100 1025 24663 1107 26337
5200 1034 25224 1114 26776
5300 1048 25775 1135 27225
5400 1055 26223 1145 27777
5500 1066 26735 1153 28265
5600 1080 27315 1168 28685
5700 1098 27809 1179 29191
5800 1108 28322 1190 29678
5900 1120 28827 1203 30173
6000 1130 29367 1211 30633
6100 1141 29880 1228 31120
6200 1155 30335 1241 31665
6300 1174 30886 1254 32114
6400 1181 31385 1264 32615
6500 1190 31832 1275 33168
6600 1201 32391 1287 33609
6700 1218 32911 1302 34089
6800 1232 33447 1310 34553
6900 1240 33926 1318 35074
7000 1246 34440 1327 35560
7100 1253 34956 1337 36044
7200 1266 35465 1346 36535
7300 1279 35971 1358 37029
7400 1287 36461 1363 37539
7500 1291 36974 1371 38026
7600 1302 37444 1376 38556
7700 1318 37929 1393 39071
7800 1327 38427 1410 39573
7900 1342 38936 1428 40064
8000 1355 39452 1441 40548
8100 1375 39939 1455 41061
8200 1392 40505 1471 41495
8300 1406 40976 1490 42024
8400 1427 41527 1501 42473
8500 1436 42022 1511 42978
8600 1447 42530 1525 43470
8700 1456 43094 1535 43906
8800 1471 43579 1550 44421
8900 1480 44008 1562 44992
9000 1488 44559 1577 45441
9100 1499 45135 1595 45865
9200 1510 45637 1606 46363
9300 1522 46113 1611 46887
9400 1533 46627 1627 47373
9500 1550 47091 1653 47909
9600 1561 47631 1661 48369
9700 1576 48156 1671 48844
9800 1590 48765 1678 49235
9900 1604 49205 1691 49795
10000 1620 49722 1704 50278
10100 1633 50290 1719 50710
10200 1652 50777 1733 51223
10300 1670 51338 1746 51662
10400 1685 51886 1766 52114
10500 1696 52425 1780 52575
10600 1704 52830 1791 53170
10700 1715 53399 1801 53601
10800 1729 53926 1810 54074
10900 1742 54437 1831 54563
11000 1753 54949 1846 55051
11100 1765 55582 1850 55418
11200 1773 56122 1862 55878
11300 1788 56616 1870 56384
11400 1796 57105 1877 56895
11500 1802 57667 1883 57333
11600 1815 58181 1902 57819
11700 1830 58651 1910 58349
11800 1849 59133 1921 58867
11900 1859 59628 1932 59372
12000 1869 60062 1947 59938
12100 1893 60588 1970 60412
12200 1901 61065 1979 60935
12300 1914 61589 1989 61411
12400 1922 62162 1993 61838
12500 1935 62670 2005 62330
12600 1942 63249 2014 62751
12700 1955 63761 2029 63239
12800 1966 64325 2043 63675
12900 1975 64844 2058 64156
13000 1987 65283 2067 64717
13100 2000 65820 2079 65180
13200 2017 66256 2086 65744
13300 2029 66754 2094 66246
13400 2040 67292 2104 66708
13500 2046 67759 2111 67241
13600 2055 68247 2118 67753
13700 2069 68804 2140 68196
13800 2076 69328 2148 68672
13900 2085 69872 2155 69128
14000 2106 70430 2167 69570
14100 2115 70976 2180 70024
14200 2123 71475 2195 70525
14300 2135 72029 2212 70971
14400 2148 72495 2226 71505
14500 2163 72984 2235 72016
14600 2171 73483 2251 72517
14700 2185 73916 2261 73084
14800 2199 74343 2273 73657
14900 2218 74886 2285 74114
15000 2225 75460 2298 74540
15100 2237 76001 2315 74999
15200 2247 76586 2325 75414
15300 2255 77117 2336 75883
15400 2272 77583 2345 76417
15500 2279 78063 2353 76937
15600 2287 78610 2365 77390
15700 2295 79126 2375 77874
15800 2305 79645 2383 78355
15900 2319 80105 2397 78895
16000 2331 80553 2404 79447
16100 2340 80979 2415 80021
16200 2348 81485 2424 80515
16300 2359 82030 2426 80970
16400 2367 82591 2439 81409
16500 2378 83062 2450 81938
16600 2386 83608 2465 82392
16700 2395 84144 2475 82856
16800 2404 84622 2484 83378
16900 2408 85078 2497 83922
17000 2415 85630 2510 84370
17100 2423 86140 2521 84860
17200 2436 86623 2534 85377
17300 2443 87123 2538 85877
17400 2454 87581 2553 86419
17500 2468 88090 2567 86910
17600 2479 88507 2582 87493
17700 2490 89004 2599 87996
17800 2497 89454 2607 88546
17900 2513 89881 2621 89119
18000 2520 90380 2631 89620
18100 2528 90841 2642 90159
18200 2542 91338 2647 90662
18300 2556 91827 2653 91173
18400 2564 92318 2670 91682
18500 2581 92861 2686 92139
18600 2587 93379 2695 92621
18700 2602 93901 2706 93099
18800 2607 94312 2717 93688
18900 2616 94797 2725 94203
19000 2628 95340 2735 94660
19100 2639 95849 2749 95151
19200 2648 96326 2762 95674
19300 2654 96830 2770 96170
19400 2664 97306 2783 96694
19500 2673 97790 2801 97210
19600 2686 98240 2812 97760
19700 2694 98789 2820 98211
19800 2706 99371 2828 98629
19900 2722 99878 2841 99122
20000 2741 100371 2857 99629
20100 2761 100915 2871 100085
20200 2771 101440 2891 100560
20300 2784 101987 2902 101013
20400 2792 102437 2912 101563
20500 2803 102956 2922 102044
20600 2819 103518 2933 102482
20700 2834 103964 2951 103036
20800 2843 104492 2961 103508
20900 2854 104972 2966 104028
21000 2867 105385 2984 104615
21100 2878 105840 2994 105160
21200 2895 106342 3008 105658
21300 2911 106822 3022 106178
21400 2924 107295 3034 106705
21500 2930 107856 3044 107144
21600 2949 108331 3055 107669
21700 2958 108861 3064 108139
21800 2970 109420 3076 108580
21900 2975 109930 3088 109070
22000 2987 110404 3108 109596
22100 2996 110837 3115 110163
22200 3005 111249 3121 110751
22300 3026 111724 3131 111276
22400 3041 112215 3149 111785
22500 3049 112774 3153 112226
22600 3065 113281 3166 112719
22700 3069 113858 3170 113142
22800 3085 114346 3182 113654
22900 3099 114831 3189 114169
23000 3106 115383 3197 114617
23100 3118 115849 3211 115151
23200 3128 116364 3215 115636
23300 3145 116888 3227 116112
23400 3155 117408 3242 116592
23500 3172 117947 3256 117053
23600 3182 118462 3267 117538
23700 3194 119021 3274 117979
23800 3199 119458 3282 118542
23900 3200 119965 3289 119035
24000 3212 120483 3305 119517
24100 3234 121005 3319 119995
24200 3244 121508 3331 120492
24300 3252 121983 3352 121017
24400 3257 122532 3367 121468
24500 3265 123008 3376 121992
24600 3275 123510 3386 122490
24700 3283 124039 3396 122961
24800 3297 124534 3408 123466
24900 3302 125063 3416 123937
25000 3316 125511 3429 124489
25100 3332 125989 3446 125011
25200 3342 126518 3456 125482
25300 3355 127070 3463 125930
25400 3366 127570 3478 126430
25500 3374 128077 3489 126923
25600 3391 128595 3506 127405
25700 3407 129081 3523 127919
25800 3420 129561 3532 128439
25900 3425 129993 3541 129007
26000 3437 130471 3550 129529
26100 3447 130879 3565 130121
26200 3457 131345 3571 130655
26300 3467 131865 3586 131135
26400 3478 132333 3600 131667
26500 3485 132865 3615 132135
26600 3496 133325 3626 132675
26700 3505 133798 3641 133202
26800 3518 134251 3646 133749
26900 3528 134787 3652 134213
27000 3546 135317 3671 134683
27100 3551 135862 3679 135138
27200 3562 136354 3688 135646
27300 3574 136805 3704 136195
27400 3591 137333 3715 136667
27500 3595 137892 3722 137108
27600 3612 138377 3731 137623
27700 3636 138850 3745 138150
27800 3649 139318 3758 138682
27900 3660 139829 3765 139171
28000 3673 140325 3772 139675
28100 3685 140796 3785 140204
28200 3693 141233 3793 140767
28300 3703 141761 3805 141239
28400 3722 142272 3806 141728
28500 3733 142705 3810 142295
28600 3754 143231 3820 142769
28700 3760 143718 3830 143282
28800 3765 144247 3844 143753
28900 3776 144746 3856 144254
29000 3787 145279 3869 144721
29100 3797 145732 3881 145268
29200 3805 146180 3893 145820
29300 3814 146640 3910 146360
29400 3821 147225 3918 146775
29500 3832 147703 3933 147297
29600 3838 148218 3938 147782
29700 3847 148699 3947 148301
29800 3858 149224 3954 148776
29900 3865 149765 3969 149235
30000 3880 150280 3977 149720
30100 3895 150833 3987 150167
30200 3903 151389 3999 150611
30300 3909 151979 4016 151021
30400 3919 152463 4026 151537
30500 3928 152912 4039 152088
30600 3937 153430 4050 152570
30700 3947 153889 4062 153111
30800 3955 154428 4069 153572
30900 3969 154888 4078 154112
31000 3981 155385 4086 154615
31100 3991 155893 4093 155107
31200 3999 156405 4103 155595
31300 4010 156876 4116 156124
31400 4018 157335 4124 156665
31500 4032 157809 4133 157191
31600 4042 158309 4147 157691
31700 4052 158803 4159 158197
31800 4068 159320 4182 158680
31900 4079 159783 4189 159217
32000 4096 160271 4197 159729
32100 4106 160790 4205 160210
32200 4116 161221 4212 160779
32300 4126 161749 4224 161251
32400 4137 162239 4234 161761
32500 4149 162693 4246 162307
32600 4166 163167 4253 162833
32700 4177 163615 4262 163385
32800 4192 164098 4281 163902
32900 4204 164616 4292 164384
33000 4212 165063 4298 164937
33100 4230 165574 4314 165426
33200 4245 166116 4325 165884
33300 4253 166646 4341 166354
33400 4265 167190 4348 166810
33500 4275 167793 4362 167207
33600 4293 168253 4372 167747
33700 4298 168755 4378 168245
33800 4303 169322 4385 168678
33900 4312 169832 4391 169168
34000 4323 170348 4398 169652
34100 4340 170759 4416 170241
34200 4352 171263 4428 170737
34300 4359 171808 4438 171192
34400 4368 172363 4455 171637
34500 4377 172884 4461 172116
34600 4382 173452 4464 172548
34700 4389 173986 4475 173014
34800 4397 174507 4487 173493
34900 4406 174998 4498 174002
35000 4416 175516 4507 174484
35100 4430 176046 4520 174954
35200 4444 176445 4528 175555
35300 4458 177017 4542 175983
35400 4469 177583 4550 176417
35500 4483 178158 4567 176842
35600 4491 178641 4577 177359
35700 4499 179086 4586 177914
35800 4505 179593 4594 178407
35900 4514 180070 4602 178930
36000 4525 180593 4610 179407
36100 4532 181116 4623 179884
36200 4539 181586 4634 180414
36300 4549 182024 4641 180976
36400 4556 182446 4650 181554
36500 4567 182976 4659 182024
36600 4577 183455 4666 182545
36700 4589 184018 4680 182982
36800 4601 184510 4688 183490
36900 4610 185004 4703 183996
37000 4619 185474 4713 184526
37100 4628 185993 4724 185007
37200 4640 186522 4738 185478
37300 4649 186959 4746 186041
37400 4659 187392 4756 186608
37500 4666 187829 4768 187171
37600 4684 188241 4779 187759
37700 4693 188688 4792 188312
37800 4701 189185 4809 188815
37900 4719 189706 4821 189294
38000 4728 190251 4832 189749
38100 4742 190789 4847 190211
38200 4765 191291 4865 190709
38300 4776 191773 4875 191227
38400 4785 192210 4887 191790
38500 4797 192698 4899 192302
38600 4810 193172 4916 192828
38700 4819 193691 4925 193309
38800 4830 194208 4939 193792
38900 4840 194658 4948 194342
39000 4856 195220 4962 194780
39100 4864 195762 4975 195238
39200 4878 196223 4989 195777
39300 4889 196782 5003 196218
39400 4897 197244 5012 196756
39500 4905 197741 5018 197259
39600 4914 198224 5034 197776
39700 4928 198716 5048 198284
39800 4943 199207 5057 198793
39900 4955 199643 5071 199357
40000 4973 200152 5086 199848
40100 4986 200649 5098 200351
40200 4999 201144 5108 200856
40300 5011 201649 5115 201351
40400 5020 202112 5124 201888
40500 5029 202616 5136 202384
40600 5042 203110 5148 202890
40700 5054 203572 5163 203428
40800 5061 204118 5177 203882
40900 5073 204680 5186 204320
41000 5085 205166 5198 204834
41100 5099 205719 5215 205281
41200 5115 206155 5227 205845
41300 5125 206620 5236 206380
41400 5136 207086 5250 206914
41500 5150 207626 5267 207374
41600 5161 208113 5280 207887
41700 5173 208641 5299 208359
41800 5188 209224 5313 208776
41900 5201 209722 5327 209278
42000 5217 210203 5343 209797
42100 5230 210708 5353 210292
42200 5243 211170 5365 210830
42300 5258 211642 5381 211358
42400 5279 212136 5394 211864
42500 5294 212700 5409 212300
42600 5310 213312 5418 212688
42700 5318 213806 5430 213194
42800 5328 214232 5438 213768
42900 5337 214668 5446 214332
43000 5348 215139 5464 214861
43100 5357 215587 5478 215413
43200 5365 216084 5488 215916
43300 5377 216608 5504 216392
43400 5388 217091 5513 216909
43500 5399 217552 5527 217448
43600 5407 218015 5542 217985
43700 5418 218532 5553 218468
43800 5429 218985 5567 219015
43900 5435 219442 5573 219558
44000 5442 219916 5589 220084
44100 5451 220405 5595 220595
44200 5454 220858 5607 221142
44300 5464 221334 5611 221666
44400 5476 221767 5623 222233
44500 5484 222301 5635 222699
44600 5500 222809 5651 223191
44700 5509 223288 5658 223712
44800 5518 223826 5672 224174
44900 5534 224317 5685 224683
45000 5544 224846 5696 225154
45100 5548 225342 5702 225658
45200 5564 225823 5709 226177
45300 5573 226334 5719 226666
45400 5580 226867 5731 227133
45500 5592 227404 5742 227596
45600 5601 227885 5749 228115
45700 5609 228433 5755 228567
45800 5618 228949 5768 229051
45900 5628 229401 5780 229599
46000 5640 229836 5789 230164
46100 5651 230298 5800 230702
46200 5657 230754 5810 231246
46300 5663 231250 5818 231750
46400 5670 231766 5827 232234
46500 5683 232311 5842 232689
46600 5700 232790 5854 233210
46700 5717 233307 5861 233693
46800 5724 233779 5869 234221
46900 5740 234281 5880 234719
47000 5759 234765 5898 235235
47100 5777 235268 5914 235732
47200 5792 235791 5926 236209
47300 5802 236221 5929 236779
47400 5808 236755 5938 237245
47500 5827 237194 5948 237806
47600 5834 237636 5957 238364
47700 5848 238065 5972 238935
47800 5859 238598 5985 239402
47900 5867 239129 5995 239871
48000 5876 239636 6004 240364
48100 5888 240183 6015 240817
48200 5906 240663 6027 241337
48300 5923 241145 6043 241855
48400 5932 241573 6051 242427
48500 5939 242000 6054 243000
48600 5950 242519 6067 243481
48700 5957 243022 6079 243978
48800 5965 243580 6084 244420
48900 5977 244042 6093 244958
49000 5988 244599 6101 245401
49100 6004 245181 6109 245819
49200 6015 245651 6117 246349
49300 6026 246115 6130 246885
49400 6045 246570 6140 247430
49500 6053 247062 6149 247938
49600 6066 247577 6161 248423
49700 6082 248060 6174 248940
49800 6099 248573 6185 249427
49900 6106 249077 6196 249923
50000 6112 249596 6211 250404
50100 6123 250099 6219 250901
50200 6131 250625 6228 251375
50300 6142 251138 6235 251862
50400 6153 251565 6253 252435
50500 6167 252121 6268 252879
50600 6184 252511 6276 253489
50700 6203 252982 6291 254018
50800 6213 253414 6301 254586
50900 6226 253912 6316 255088
51000 6245 254456 6335 255544
51100 6251 254911 6349 256089
51200 6258 255405 6359 256595
51300 6281 255874 6373 257126
51400 6293 256364 6386 257636
51500 6302 256872 6398 258128
51600 6312 257490 6408 258510
51700 6317 257978 6414 259022
51800 6331 258423 6423 259577
51900 6343 258913 6436 260087
52000 6353 259406 6447 260594
52100 6367 259861 6456 261139
52200 6381 260318 6470 261682
52300 6390 260845 6481 262155
52400 6409 261294 6490 262706
52500 6420 261737 6499 263263
52600 6439 262253 6513 263747
52700 6451 262733 6519 264267
52800 6460 263153 6531 264847
52900 6467 263629 6538 265371
53000 6481 264178 6551 265822
53100 6493 264662 6558 266338
53200 6501 265184 6569 266816
53300 6508 265739 6576 267261
53400 6518 266232 6593 267768
53500 6531 266703 6601 268297
53600 6536 267223 6611 268777
53700 6552 267712 6623 269288
53800 6563 268240 6629 269760
53900 6572 268696 6643 270304
54000 6584 269176 6648 270824
54100 6600 269636 6672 271364
54200 6604 270154 6690 271846
54300 6609 270645 6697 272355
54400 6614 271181 6708 272819
54500 6625 271756 6726 273244
54600 6638 272317 6741 273683
54700 6646 272831 6750 274169
54800 6653 273284 6761 274716
54900 6665 273722 6769 275278
55000 6678 274271 6782 275729
55100 6695 274777 6790 276223
55200 6713 275259 6805 276741
55300 6724 275771 6823 277229
55400 6738 276264 6841 277736
55500 6747 276749 6855 278251
55600 6756 277207 6862 278793
55700 6765 277683 6872 279317
55800 6771 278158 6885 279842
55900 6783 278732 6896 280268
56000 6794 279203 6908 280797
56100 6807 279715 6925 281285
56200 6812 280209 6934 281791
56300 6828 280736 6943 282264
56400 6839 281252 6948 282748
56500 6853 281699 6956 283301
56600 6878 282150 6968 283850
56700 6896 282665 6983 284335
56800 6904 283210 6992 284790
56900 6917 283784 7001 285216
57000 6923 284274 7008 285726
57100 6934 284829 7024 286171
57200 6944 285326 7041 286674
57300 6960 285870 7057 287130
57400 6972 286409 7068 287591
57500 6982 286969 7078 288031
57600 6995 287462 7096 288538
57700 7006 287964 7106 289036
57800 7016 288488 7114 289512
57900 7028 288971 7124 290029
58000 7037 289462 7131 290538
58100 7049 289980 7141 291020
58200 7064 290458 7153 291542
58300 7077 290971 7164 292029
58400 7089 291420 7173 292580
58500 7099 291951 7188 293049
58600 7107 292447 7204 293553
58700 7122 292945 7218 294055
58800 7137 293411 7235 294589
58900 7152 293878 7249 295122
59000 7162 294342 7259 295658
59100 7169 294810 7272 296190
59200 7186 295284 7289 296716
59300 7201 295782 7300 297218
59400 7216 296266 7319 297734
59500 7234 296796 7334 298204
59600 7249 297326 7344 298674
59700 7266 297801 7355 299199
59800 7272 298227 7364 299773
59900 7281 298734 7376 300266
60000 7294 299226 7385 300774
60100 7300 299715 7406 301285
60200 7307 300273 7418 301727
60300 7319 300740 7428 302260
60400 7332 301190 7441 302810
60500 7341 301631 7456 303369
60600 7349 302136 7466 303864
60700 7362 302596 7476 304404
60800 7379 303061 7494 304939
60900 7390 303562 7507 305438
61000 7402 303990 7515 306010
61100 7418 304499 7530 306501
61200 7426 304944 7550 307056
61300 7441 305417 7556 307583
61400 7451 305942 7570 308058
61500 7468 306405 7582 308595
61600 7479 306954 7598 309046
61700 7487 307457 7609 309543
61800 7495 307952 7619 310048
61900 7512 308504 7628 310496
62000 7525 308995 7639 311005
62100 7534 309509 7643 311491
62200 7543 310044 7654 311956
62300 7556 310545 7666 312455
62400 7566 311019 7672 312981
62500 7574 311449 7691 313551
62600 7590 311925 7703 314075
62700 7594 312379 7713 314621
62800 7603 312837 7726 315163
62900 7618 313311 7737 315689
63000 7631 313795 7746 316205
63100 7640 314222 7756 316778
63200 7658 314633 7772 317367
63300 7670 315153 7790 317847
63400 7681 315616 7802 318384
63500 7687 316118 7813 318882
63600 7708 316660 7827 319340
63700 7717 317183 7842 319817
63800 7729 317676 7861 320324
63900 7744 318142 7881 320858
64000 7755 318633 7901 321367
64100 7768 319102 7917 321898
64200 7788 319612 7931 322388
64300 7807 320073 7948 322927
64400 7829 320550 7955 323450
64500 7841 321102 7968 323898
64600 7853 321600 7978 324400
64700 7863 322132 7987 324868
64800 7871 322640 7996 325360
64900 7883 323137 8004 325863
65000 7900 323650 8016 326350
65100 7909 324089 8024 326911
65200 7920 324584 8039 327416
65300 7929 325005 8048 327995
65400 7947 325500 8059 328500
65500 7953 326072 8068 328928
65600 7960 326621 8084 329379
65700 7972 327118 8097 329882
65800 7985 327638 8107 330362
65900 7996 328121 8120 330879
66000 8016 328568 8138 331432
66100 8033 328969 8156 332031
66200 8056 329537 8174 332463
66300 8064 330018 8188 332982
66400 8076 330472 8196 333528
66500 8094 330931 8208 334069
66600 8108 331438 8220 334562
66700 8119 331913 8229 335087
66800 8138 332384 8242 335616
66900 8147 332910 8250 336090
67000 8159 333452 8269 336548
67100 8163 333950 8285 337050
67200 8173 334497 8298 337503
67300 8181 334942 8316 338058
67400 8192 335429 8330 338571
67500 8209 335876 8342 339124
67600 8222 336356 8352 339644
67700 8232 336887 8357 340113
67800 8243 337383 8377 340617
67900 8253 337842 8394 341158
68000 8261 338317 8415 341683
68100 8270 338827 8423 342173
68200 8281 339274 8436 342726
68300 8291 339730 8451 343270
68400 8308 340122 8462 343878
68500 8322 340567 8477 344433
68600 8335 341028 8493 344972
68700 8344 341517 8503 345483
68800 8360 342017 8516 345983
68900 8369 342556 8526 346444
69000 8374 343102 8531 346898
69100 8384 343623 8549 347377
69200 8395 344092 8556 347908
69300 8407 344641 8570 348359
69400 8421 345233 8580 348767
69500 8437 345776 8590 349224
69600 8447 346290 8597 349710
69700 8452 346862 8604 350138
69800 8462 347395 8616 350605
69900 8471 347919 8631 351081
70000 8486 348353 8635 351647
70100 8496 348861 8642 352139
70200 8511 349367 8652 352633
70300 8518 349907 8663 353093
70400 8531 350348 8674 353652
70500 8543 350795 8696 354205
70600 8555 351261 8705 354739
70700 8569 351717 8716 355283
70800 8584 352226 8724 355774
70900 8593 352741 8736 356259
71000 8599 353257 8746 356743
71100 8608 353738 8759 357262
71200 8617 354199 8771 357801
71300 8630 354661 8784 358339
71400 8645 355142 8799 358858
71500 8659 355643 8818 359357
71600 8673 356157 8832 359843
71700 8686 356640 8839 360360
71800 8699 357163 8850 360837
71900 8713 357697 8860 361303
72000 8722 358173 8872 361827
72100 8736 358675 8884 362325
72200 8747 359202 8891 362798
72300 8762 359668 8899 363332
72400 8774 360130 8913 363870
72500 8785 360595 8925 364405
72600 8796 361045 8932 364955
72700 8802 361572 8943 365428
72800 8812 362088 8955 365912
72900 8817 362670 8959 366330
73000 8827 363193 8965 366807
73100 8836 363680 8978 367320
73200 8850 364155 8985 367845
73300 8863 364645 8998 368355
73400 8877 365083 9013 368917
73500 8893 365660 9024 369340
73600 8905 366172 9033 369828
73700 8917 366710 9041 370290
73800 8926 367167 9048 370833
73900 8937 367609 9062 371391
74000 8951 368190 9076 371810
74100 8961 368672 9084 372328
74200 8971 369117 9092 372883
74300 8983 369537 9114 373463
74400 8993 370019 9127 373981
74500 9003 370466 9134 374534
74600 9016 370920 9145 375080
74700 9030 371389 9158 375611
74800 9044 371870 9177 376130
74900 9053 372399 9188 376601
75000 9062 372994 9196 377006
75100 9076 373480 9206 377520
75200 9091 373955 9214 378045
75300 9100 374560 9218 378440
75400 9113 375042 9227 378958
75500 9122 375516 9245 379484
75600 9133 375991 9253 380009
75700 9145 376514 9264 380486
75800 9154 377030 9279 380970
75900 9164 377504 9286 381496
76000 9171 378058 9294 381942
76100 9183 378575 9310 382425
76200 9196 379053 9326 382947
76300 9204 379547 9337 383453
76400 9213 380059 9350 383941
76500 9223 380570 9361 384430
76600 9230 381083 9371 384917
76700 9245 381646 9385 385354
76800 9255 382118 9399 385882
76900 9266 382685 9416 386315
77000 9278 383313 9431 386687
77100 9296 383857 9441 387143
77200 9309 384312 9454 387688
77300 9319 384766 9463 388234
77400 9328 385272 9468 388728
77500 9340 385772 9472 389228
77600 9353 386237 9487 389763
77700 9364 386773 9497 390227
77800 9379 387228 9510 390772
77900 9387 387668 9523 391332
78000 9398 388199 9531 391801
78100 9408 388693 9543 392307
78200 9420 389180 9556 392820
78300 9441 389669 9565 393331
78400 9448 390089 9576 393911
78500 9459 390570 9587 394430
78600 9472 391136 9602 394864
78700 9491 391643 9621 395357
78800 9505 392133 9631 395867
78900 9520 392609 9648 396391
79000 9531 393101 9652 396899
79100 9543 393590 9671 397410
79200 9551 394108 9680 397892
79300 9562 394576 9694 398424
79400 9572 394974 9701 399026
79500 9588 395522 9719 399478
79600 9594 396033 9723 399967
79700 9604 396567 9739 400433
79800 9613 397084 9748 400916
79900 9621 397651 9755 401349
80000 9631 398090 9769 401910
80100 9646 398641 9778 402359
80200 9656 399088 9785 402912
80300 9668 399515 9795 403485
80400 9676 400044 9802 403956
80500 9687 400512 9823 404488
80600 9699 401024 9831 404976
80700 9709 401510 9843 405490
80800 9730 401945 9858 406055
80900 9742 402322 9874 406678
81000 9754 402733 9887 407267
81100 9766 403175 9896 407825
81200 9771 403636 9915 408364
81300 9782 404131 9934 408869
81400 9793 404641 9951 409359
81500 9805 405119 9963 409881
81600 9816 405573 9979 410427
81700 9823 406087 9991 410913
81800 9833 406599 10001 411401
81900 9843 406997 10012 412003
82000 9859 407485 10025 412515
82100 9869 407952 10034 413048
82200 9879 408435 10045 413565
82300 9885 408978 10052 414022
82400 9896 409463 10069 414537
82500 9914 409966 10079 415034
82600 9922 410513 10098 415487
82700 9941 411005 10110 415995
82800 9953 411467 10124 416533
82900 9969 411966 10133 417034
83000 9981 412481 10144 417519
83100 9996 413032 10152 417968
83200 10009 413519 10167 418481
83300 10015 414050 10182 418950
83400 10027 414612 10197 419388
83500 10034 415129 10206 419871
83600 10046 415632 10219 420368
83700 10052 416172 10234 420828
83800 10069 416661 10252 421339
83900 10081 417162 10266 421838
84000 10095 417587 10279 422413
84100 10104 418110 10288 422890
84200 10117 418617 10299 423383
84300 10123 419124 10314 423876
84400 10131 419633 10335 424367
84500 10140 420053 10341 424947
84600 10148 420592 10351 425408
84700 10161 421036 10358 425964
84800 10172 421523 10368 426477
84900 10184 422068 10382 426932
85000 10190 422542 10396 427458
85100 10207 423052 10408 427948
85200 10216 423575 10422 428425
85300 10231 424045 10436 428955
85400 10247 424540 10452 429460
85500 10254 424994 10466 430006
85600 10265 425565 10476 430435
85700 10281 426009 10483 430991
85800 10290 426551 10495 431449
85900 10296 427098 10501 431902
86000 10308 427529 10512 432471
86100 10315 428011 10522 432989
86200 10324 428572 10531 433428
86300 10332 428972 10542 434028
86400 10342 429443 10556 434557
86500 10353 429944 10568 435056
86600 10357 430483 10578 435517
86700 10367 431037 10594 435963
86800 10383 431531 10608 436469
86900 10401 431998 10622 437002
87000 10411 432441 10635 437559
87100 10424 432951 10647 438049
87200 10431 433528 10655 438472
87300 10440 433991 10663 439009
87400 10448 434414 10671 439586
87500 10454 434875 10677 440125
87600 10457 435348 10687 440652
87700 10467 435839 10700 441161
87800 10476 436356 10711 441644
87900 10489 436840 10720 442160
88000 10492 437365 10731 442635
88100 10505 437824 10740 443176
88200 10514 438353 10749 443647
88300 10520 438851 10760 444149
88400 10537 439391 10773 444609
88500 10551 439898 10780 445102
88600 10561 440395 10791 445605
88700 10571 440866 10802 446134
88800 10577 441430 10811 446570
88900 10589 441933 10827 447067
89000 10597 442451 10836 447549
89100 10612 442980 10847 448020
89200 10623 443477 10860 448523
89300 10631 443938 10867 449062
89400 10644 444406 10883 449594
89500 10654 444926 10901 450074
89600 10666 445510 10913 450490
89700 10673 445997 10925 451003
89800 10682 446509 10939 451491
89900 10695 447009 10951 451991
90000 10710 447494 10963 452506
90100 10726 448013 10976 452987
90200 10736 448593 10995 453407
90300 10757 449074 11010 453926
90400 10775 449559 11026 454441
90500 10791 450058 11037 454942
90600 10802 450527 11045 455473
90700 10812 451032 11054 455968
90800 10824 451495 11068 456505
90900 10839 452032 11079 456968
91000 10849 452532 11094 457468
91100 10855 453055 11106 457945
91200 10867 453477 11124 458523
91300 10883 453976 11136 459024
91400 10889 454406 11146 459594
91500 10905 454929 11155 460071
91600 10918 455445 11170 460555
91700 10927 456006 11184 460994
91800 10936 456521 11193 461479
91900 10951 457054 11207 461946
92000 10964 457607 11216 462393
92100 10981 458077 11231 462923
92200 10990 458604 11240 463396
92300 11005 459091 11246 463909
92400 11013 459543 11261 464457
92500 11024 460087 11273 464913
92600 11032 460568 11285 465432
92700 11050 461003 11298 465997
92800 11066 461526 11309 466474
92900 11077 462063 11318 466937
93000 11098 462642 11346 467358
93100 11104 463191 11359 467809
93200 11108 463706 11365 468294
93300 11114 464196 11374 468804
93400 11125 464673 11387 469327
93500 11135 465138 11398 469862
93600 11150 465684 11409 470316
93700 11163 466155 11416 470845
93800 11170 466680 11424 471320
93900 11173 467239 11429 471761
94000 11182 467687 11442 472313
94100 11193 468205 11453 472795
94200 11199 468663 11462 473337
94300 11211 469196 11472 473804
94400 11224 469718 11487 474282
94500 11237 470317 11506 474683
94600 11251 470882 11519 475118
94700 11257 471381 11525 475619
94800 11269 471851 11534 476149
94900 11278 472398 11542 476602
95000 11290 472898 11558 477102
95100 11304 473410 11570 477590
95200 11312 473917 11577 478083
95300 11323 474501 11595 478499
95400 11331 475035 11606 478965
95500 11343 475557 11616 479443
95600 11355 476086 11628 479914
95700 11363 476580 11637 480420
95800 11375 477027 11646 480973
95900 11385 477451 11657 481549
96000 11399 477891 11669 482109
96100 11405 478393 11675 482607
96200 11411 478932 11684 483068
96300 11418 479400 11695 483600
96400 11432 479931 11703 484069
96500 11446 480458 11714 484542
96600 11455 480938 11732 485062
96700 11470 481398 11750 485602
96800 11485 481895 11758 486105
96900 11500 482425 11771 486575
97000 11511 482907 11777 487093
97100 11523 483381 11787 487619
97200 11539 483896 11805 488104
97300 11542 484411 11820 488589
97400 11552 484925 11826 489075
97500 11569 485464 11843 489536
97600 11581 485919 11853 490081
97700 11594 486405 11867 490595
97800 11602 486900 11879 491100
97900 11623 487416 11887 491584
98000 11640 487959 11900 492041
98100 11645 488484 11908 492516
98200 11659 488998 11919 493002
98300 11671 489522 11931 493478
98400 11682 490058 11945 493942
98500 11691 490484 11956 494516
98600 11702 490922 11974 495078
98700 11714 491371 11989 495629
98800 11725 491819 12001 496181
98900 11740 492322 12012 496678
99000 11750 492848 12027 497152
99100 11763 493368 12038 497632
99200 11769 493858 12045 498142
99300 11777 494457 12053 498543
99400 11783 494907 12071 499093
99500 11794 495433 12077 499567
99600 11804 495932 12092 500068
99700 11813 496461 12100 500539
99800 11824 496951 12107 501049
99900 11840 497450 12121 501550
100000 11848 498008 12137 501992
100100 11859 498486 12142 502514
100200 11871 498945 12148 503055
100300 11882 499454 12171 503546
100400 11898 499952 12181 504048
100500 11911 500554 12194 504446
100600 11920 500976 12208 505024
100700 11938 501465 12219 505535
100800 11949 501889 12227 506111
100900 11963 502360 12249 506640
101000 11977 502877 12265 507123
101100 11993 503344 12284 507656
101200 12010 503838 12297 508162
101300 12022 504349 12314 508651
101400 12031 504809 12323 509191
101500 12043 505281 12332 509719
101600 12054 505785 12340 510215
101700 12066 506249 12355 510751
101800 12082 506759 12366 511241
101900 12097 507308 12378 511692
102000 12112 507790 12396 512210
102100 12129 508251 12411 512749
102200 12146 508755 12426 513245
102300 12156 509154 12439 513846
102400 12171 509583 12453 514417
102500 12182 510026 12470 514974
102600 12192 510431 12479 515569
102700 12199 510933 12481 516067
102800 12211 511389 12493 516611
102900 12221 511872 12503 517128
103000 12233 512388 12510 517612
103100 12242 512893 12520 518107
103200 12249 513408 12530 518592
103300 12265 513916 12548 519084
103400 12288 514443 12555 519557
103500 12293 514982 12569 520018
103600 12303 515513 12588 520487
103700 12317 516037 12605 520963
103800 12330 516556 12617 521444
103900 12339 517047 12623 521953
104000 12349 517554 12642 522446
104100 12355 518047 12647 522953
104200 12380 518526 12662 523474
104300 12395 518972 12678 524028
104400 12403 519504 12694 524496
104500 12416 520040 12711 524960
104600 12430 520569 12727 525431
104700 12444 521094 12740 525906
104800 12463 521560 12757 526440
104900 12476 522078 12767 526922
105000 12480 522555 12783 527445
105100 12492 523065 12792 527935
105200 12498 523557 12804 528443
105300 12507 524019 12813 528981
105400 12516 524540 12821 529460
105500 12523 525076 12826 529924
105600 12535 525563 12833 530437
105700 12545 526150 12842 530850
105800 12552 526655 12857 531345
105900 12564 527173 12866 531827
106000 12582 527698 12879 532302
106100 12588 528222 12888 532778
106200 12605 528593 12897 533407
106300 12618 529077 12912 533923
106400 12628 529562 12928 534438
106500 12637 530075 12937 534925
106600 12647 530587 12946 535413
106700 12657 531020 12958 535980
106800 12665 531487 12970 536513
106900 12675 531909 12980 537091
107000 12686 532355 12987 537645
107100 12698 532863 12994 538137
107200 12709 533395 13000 538605
107300 12717 533831 13009 539169
107400 12730 534310 13016 539690
107500 12742 534832 13022 540168
107600 12753 535249 13030 540751
107700 12763 535712 13037 541288
107800 12776 536216 13051 541784
107900 12792 536754 13069 542246
108000 12801 537208 13074 542792
108100 12814 537706 13092 543294
108200 12820 538208 13100 543792
108300 12832 538731 13108 544269
108400 12841 539175 13122 544825
108500 12848 539657 13133 545343
108600 12866 540131 13151 545869
108700 12881 540653 13166 546347
108800 12895 541230 13170 546770
108900 12908 541701 13179 547299
109000 12917 542211 13190 547789
109100 12926 542754 13196 548246
109200 12937 543241 13201 548759
109300 12948 543683 13212 549317
109400 12961 544171 13226 549829
109500 12975 544684 13233 550316
109600 12987 545208 13257 550792
109700 13002 545644 13274 551356
109800 13012 546089 13284 551911
109900 13019 546542 13297 552458
110000 13025 547051 13311 552949
110100 13034 547589 13319 553411
110200 13046 548136 13333 553864
110300 13054 548627 13344 554373
110400 13068 549204 13354 554796
110500 13074 549720 13361 555280
110600 13083 550217 13376 555783
110700 13095 550660 13394 556340
110800 13107 551115 13405 556885
110900 13123 551513 13418 557487
111000 13133 551955 13433 558045
111100 13151 552455 13449 558545
111200 13163 552964 13464 559036
111300 13181 553496 13477 559504
111400 13191 553999 13494 560001
111500 13209 554502 13502 560498
111600 13226 555022 13516 560978
111700 13237 555456 13526 561544
111800 13248 555909 13543 562091
111900 13255 556385 13555 562615
112000 13266 556863 13564 563137
112100 13277 557390 13570 563610
112200 13289 557813 13578 564187
112300 13297 558252 13586 564748
112400 13304 558712 13591 565288
112500 13316 559165 13608 565835
112600 13322 559643 13619 566357
112700 13335 560104 13636 566896
112800 13351 560615 13643 567385
112900 13358 561061 13658 567939
113000 13365 561558 13674 568442
113100 13374 562082 13686 568918
113200 13388 562593 13711 569407
113300 13409 563108 13719 569892
113400 13417 563594 13730 570406
113500 13431 564075 13743 570925
113600 13437 564571 13757 571429
113700 13450 565084 13767 571916
113800 13456 565573 13775 572427
113900 13464 566058 13780 572942
114000 13475 566591 13793 573409
114100 13485 567053 13807 573947
114200 13491 567554 13815 574446
114300 13499 568016 13824 574984
114400 13508 568500 13835 575500
114500 13516 569055 13847 575945
114600 13531 569608 13857 576392
114700 13543 570124 13869 576876
114800 13556 570593 13882 577407
114900 13563 571039 13895 577961
115000 13571 571526 13904 578474
115100 13576 571962 13920 579038
115200 13590 572471 13930 579529
115300 13603 573000 13943 580000
115400 13616 573505 13952 580495
115500 13627 573952 13963 581048
115600 13637 574494 13973 581506
115700 13647 574994 13987 582006
115800 13660 575464 14004 582536
115900 13681 575883 14020 583117
116000 13692 576400 14035 583600
116100 13707 576904 14049 584096
116200 13715 577399 14057 584601
116300 13728 577911 14064 585089
116400 13738 578438 14078 585562
116500 13747 578971 14091 586029
116600 13757 579425 14097 586575
116700 13770 579964 14106 587036
116800 13784 580494 14120 587506
116900 13792 580974 14128 588026
117000 13803 581515 14144 588485
117100 13809 582013 14157 588987
117200 13819 582486 14173 589514
117300 13841 582964 14186 590036
117400 13855 583354 14211 590646
117500 13880 583871 14226 591129
117600 13889 584338 14231 591662
117700 13901 584846 14246 592154
117800 13913 585307 14253 592693
117900 13924 585762 14267 593238
118000 13937 586287 14277 593713
118100 13952 586844 14284 594156
118200 13966 587365 14298 594635
118300 13978 587866 14307 595134
118400 13985 588367 14318 595633
118500 13994 588847 14329 596153
118600 14004 589328 14340 596672
118700 14016 589847 14349 597153
118800 14032 590287 14359 597713
118900 14047 590765 14372 598235
119000 14061 591292 14383 598708
119100 14067 591803 14398 599197
119200 14078 592332 14412 599668
119300 14093 592867 14418 600133
119400 14107 593334 14443 600666
119500 14114 593793 14459 601207
119600 14124 594203 14470 601797
119700 14135 594679 14481 602321
119800 14155 595204 14492 602796
119900 14168 595657 14504 603343
120000 14178 596187 14520 603813
120100 14186 596673 14530 604327
120200 14202 597180 14538 604820
120300 14216 597702 14550 605298
120400 14233 598194 14560 605806
120500 14250 598692 14580 606308
120600 14258 599166 14597 606834
120700 14266 599608 14610 607392
120800 14287 600058 14623 607942
120900 14303 600528 14634 608472
121000 14314 601040 14644 608960
121100 14325 601564 14658 609436
121200 14340 602040 14669 609960
121300 14353 602586 14685 610414
121400 14371 603010 14701 610990
121500 14381 603488 14708 611512
121600 14395 603958 14723 612042
121700 14405 604419 14737 612581
121800 14417 604917 14749 613083
121900 14432 605427 14766 613573
122000 14441 605931 14778 614069
122100 14452 606419 14792 614581
122200 14464 607020 14803 614980
122300 14476 607526 14822 615474
122400 14484 607997 14829 616003
122500 14499 608456 14845 616544
122600 14510 609082 14855 616918
122700 14520 609558 14869 617442
122800 14531 610014 14879 617986
122900 14539 610536 14888 618464
123000 14555 611069 14906 618931
123100 14569 611662 14917 619338
123200 14581 612197 14932 619803
123300 14590 612703 14947 620297
123400 14604 613148 14962 620852
123500 14621 613714 14973 621286
123600 14634 614130 14979 621870
123700 14640 614568 14985 622432
123800 14648 615016 14999 622984
123900 14665 615558 15022 623442
124000 14677 616060 15033 623940
124100 14686 616541 15040 624459
124200 14695 617037 15053 624963
124300 14706 617523 15064 625477
124400 14718 617981 15071 626019
124500 14734 618446 15091 626554
124600 14749 618871 15100 627129
124700 14767 619373 15117 627627
124800 14778 619894 15132 628106
124900 14789 620361 15156 628639
125000 14802 620947 15166 629053
125100 14811 621455 15176 629545
125200 14822 621905 15189 630095
125300 14831 622378 15208 630622
125400 14838 622851 15216 631149
125500 14850 623332 15227 631668
125600 14864 623854 15236 632146
125700 14872 624363 15246 632637
125800 14878 624857 15262 633143
125900 14887 625308 15274 633692
126000 14900 625803 15283 634197
126100 14914 626298 15291 634702
126200 14931 626733 15307 635267
126300 14943 627298 15315 635702
126400 14956 627818 15324 636182
126500 14965 628327 15335 636673
126600 14974 628814 15346 637186
126700 14985 629283 15353 637717
126800 14996 629770 15358 638230
126900 15005 630272 15364 638728
127000 15022 630709 15378 639291
127100 15040 631197 15384 639803
127200 15050 631634 15396 640366
127300 15067 632111 15406 640889
127400 15078 632646 15416 641354
127500 15094 633115 15430 641885
127600 15109 633561 15441 642439
127700 15118 634021 15457 642979
127800 15133 634584 15468 643416
127900 15146 635074 15473 643926
128000 15160 635609 15480 644391
128100 15166 636058 15492 644942
128200 15183 636525 15501 645475
128300 15193 636981 15510 646019
128400 15205 637463 15518 646537
128500 15214 637948 15529 647052
128600 15235 638444 15546 647556
128700 15246 638969 15568 648031
128800 15254 639357 15577 648643
128900 15269 639833 15586 649167
129000 15283 640277 15594 649723
129100 15297 640753 15606 650247
129200 15304 641290 15617 650710
129300 15313 641804 15632 651196
129400 15323 642296 15645 651704
129500 15333 642842 15658 652158
129600 15342 643310 15673 652690
129700 15363 643846 15683 653154
129800 15374 644336 15690 653664
129900 15391 644823 15702 654177
130000 15404 645398 15710 654602
130100 15420 645905 15720 655095
130200 15429 646438 15731 655562
130300 15439 646974 15738 656026
130400 15452 647537 15754 656463
130500 15465 647977 15774 657023
130600 15472 648429 15782 657571
130700 15483 648916 15797 658084
130800 15491 649441 15810 658559
130900 15497 649970 15821 659030
131000 15508 650522 15833 659478
131100 15523 651000 15848 660000
131200 15533 651507 15862 660493
131300 15545 652077 15870 660923
131400 15554 652555 15884 661445
131500 15566 652969 15900 662031
131600 15583 653413 15914 662587
131700 15598 653921 15925 663079
131800 15610 654394 15936 663606
131900 15623 654946 15944 664054
132000 15631 655534 15958 664466
132100 15640 656110 15974 664890
132200 15647 656626 15978 665374
132300 15656 657171 15989 665829
132400 15667 657650 15998 666350
132500 15682 658117 16006 666883
132600 15699 658612 16018 667388
132700 15722 659099 16025 667901
132800 15735 659593 16036 668407
132900 15749 660153 16051 668847
133000 15764 660625 16062 669375
133100 15778 661093 16069 669907
133200 15796 661569 16079 670431
133300 15804 662050 16088 670950
133400 15816 662589 16098 671411
133500 15820 663033 16107 671967
133600 15832 663513 16117 672487
133700 15839 663967 16123 673033
133800 15854 664423 16135 673577
133900 15861 664881 16147 674119
134000 15877 665350 16160 674650
134100 15889 665894 16167 675106
134200 15903 666444 16179 675556
134300 15916 666956 16193 676044
134400 15932 667484 16201 676516
134500 15939 667984 16211 677016
134600 15953 668440 16224 677560
134700 15964 668981 16233 678019
134800 15972 669476 16244 678524
134900 15984 669911 16250 679089
135000 15997 670347 16262 679653
135100 16007 670786 16272 680214
135200 16018 671312 16282 680688
135300 16029 671817 16287 681183
135400 16039 672327 16296 681673
135500 16049 672883 16299 682117
135600 16059 673412 16313 682588
135700 16069 673889 16325 683111
135800 16075 674385 16337 683615
135900 16080 674842 16351 684158
136000 16094 675339 16365 684661
136100 16105 675779 16375 685221
136200 16120 676248 16386 685752
136300 16135 676750 16395 686250
136400 16142 677197 16401 686803
136500 16152 677676 16414 687324
136600 16159 678203 16418 687797
136700 16168 678730 16425 688270
136800 16177 679299 16433 688701
136900 16186 679781 16441 689219
137000 16201 680300 16454 689700
137100 16219 680803 16467 690197
137200 16231 681269 16482 690731
137300 16250 681772 16495 691228
137400 16261 682238 16499 691762
137500 16270 682734 16507 692266
137600 16281 683270 16515 692730
137700 16292 683761 16524 693239
137800 16302 684231 16539 693769
137900 16314 684729 16550 694271
138000 16323 685122 16557 694878
138100 16339 685665 16568 695335
138200 16351 686153 16575 695847
138300 16359 686719 16588 696281
138400 16368 687242 16601 696758
138500 16377 687813 16614 697187
138600 16385 688305 16623 697695
138700 16391 688762 16631 698238
138800 16402 689292 16649 698708
138900 16408 689824 16653 699176
139000 16415 690326 16662 699674
139100 16426 690803 16671 700197
139200 16444 691284 16684 700716
139300 16451 691788 16697 701212
139400 16456 692320 16707 701680
139500 16465 692726 16724 702274
139600 16472 693181 16733 702819
139700 16479 693643 16739 703357
139800 16491 694190 16754 703810
139900 16502 694593 16772 704407
140000 16515 695047 16782 704953
140100 16524 695527 16797 705473
140200 16538 696031 16814 705969
140300 16548 696536 16824 706464
140400 16565 697106 16838 706894
140500 16575 697647 16850 707353
140600 16585 698045 16864 707955
140700 16602 698469 16879 708531
140800 16615 698982 16890 709018
140900 16632 699459 16895 709541
141000 16640 699995 16906 710005
141100 16649 700504 16915 710496
141200 16664 700970 16929 711030
141300 16674 701425 16938 711575
141400 16684 701933 16949 712067
141500 16692 702462 16957 712538
141600 16707 702882 16975 713118
141700 16724 703323 16991 713677
141800 16737 703852 16998 714148
141900 16754 704353 17009 714647
142000 16764 704873 17024 715127
142100 16775 705371 17041 715629
142200 16786 705879 17048 716121
142300 16796 706422 17059 716578
142400 16805 706918 17066 717082
142500 16814 707430 17072 717570
142600 16832 707885 17081 718115
142700 16849 708372 17094 718628
142800 16858 708791 17104 719209
142900 16870 709186 17111 719814
143000 16886 709658 17124 720342
143100 16898 710200 17134 720800
143200 16912 710603 17147 721397
143300 16929 711041 17162 721959
143400 16943 711581 17176 722419
143500 16956 712092 17186 722908
143600 16969 712582 17195 723418
143700 16984 713111 17202 723889
143800 16989 713613 17212 724387
143900 17004 714105 17220 724895
144000 17012 714590 17231 725410
144100 17025 715100 17246 725900
144200 17035 715616 17250 726384
144300 17045 716148 17262 726852
144400 17055 716681 17270 727319
144500 17066 717174 17279 727826
144600 17074 717654 17294 728346
144700 17086 718178 17298 728822
144800 17102 718700 17310 729300
144900 17117 719203 17319 729797
145000 17137 719699 17332 730301
145100 17153 720170 17349 730830
145200 17169 720719 17370 731281
145300 17178 721152 17380 731848
145400 17190 721690 17385 732310
145500 17205 722237 17410 732763
145600 17221 722782 17423 733218
145700 17235 723298 17433 733702
145800 17249 723761 17446 734239
145900 17259 724322 17452 734678
146000 17268 724795 17463 735205
146100 17282 725296 17481 735704
146200 17291 725750 17491 736250
146300 17302 726288 17496 736712
146400 17309 726835 17509 737165
146500 17322 727333 17526 737667
146600 17337 727844 17549 738156
146700 17352 728321 17561 738679
146800 17360 728795 17581 739205
146900 17369 729382 17589 739618
147000 17377 729925 17607 740075
147100 17388 730378 17624 740622
147200 17403 730809 17636 741191
147300 17412 731286 17649 741714
147400 17422 731818 17658 742182
147500 17434 732301 17671 742699
147600 17447 732884 17682 743116
147700 17461 733355 17698 743645
147800 17472 733849 17716 744151
147900 17484 734352 17735 744648
148000 17488 734852 17743 745148
148100 17499 735319 17759 745681
148200 17509 735824 17771 746176
148300 17517 736270 17781 746730
148400 17529 736761 17795 747239
148500 17545 737278 17806 747722
148600 17557 737817 17813 748183
148700 17568 738258 17824 748742
148800 17587 738792 17839 749208
148900 17594 739294 17844 749706
149000 17603 739768 17854 750232
149100 17614 740278 17869 750722
149200 17631 740762 17882 751238
149300 17646 741288 17895 751712
149400 17657 741735 17905 752265
149500 17664 742231 17916 752769
149600 17674 742690 17928 753310
149700 17683 743183 17935 753817
149800 17696 743667 17945 754333
149900 17708 744214 17951 754786
150000 17725 744750 17962 755250
150100 17739 745230 17974 755770
150200 17751 745724 17990 756276
150300 17762 746228 18002 756772
150400 17770 746786 18016 757214
150500 17779 747369 18026 757631
150600 17788 747898 18040 758102
150700 17799 748452 18049 758548
150800 17810 748939 18058 759061
150900 17824 749400 18075 759600
151000 17834 749854 18090 760146
151100 17857 750321 18106 760679
151200 17870 750826 18125 761174
151300 17882 751341 18139 761659
151400 17896 751777 18149 762223
151500 17909 752258 18164 762742
151600 17922 752775 18177 763225
151700 17940 753217 18193 763783
151800 17952 753775 18201 764225
151900 17964 754366 18213 764634
152000 17975 754867 18228 765133
152100 17986 755380 18240 765620
152200 17999 755938 18260 766062
152300 18007 756402 18269 766598
152400 18017 756924 18281 767076
152500 18031 757468 18299 767532
152600 18047 757996 18308 768004
152700 18060 758592 18322 768408
152800 18076 759099 18336 768901
152900 18081 759686 18348 769314
153000 18092 760208 18366 769792
153100 18099 760712 18383 770288
153200 18114 761175 18395 770825
153300 18123 761603 18406 771397
153400 18142 762067 18420 771933
153500 18150 762512 18427 772488
153600 18164 763058 18435 772942
153700 18179 763563 18455 773437
153800 18197 764063 18469 773937
153900 18207 764581 18479 774419
154000 18216 765142 18489 774858
154100 18225 765606 18495 775394
154200 18241 766005 18507 775995
154300 18250 766480 18525 776520
154400 18269 766964 18545 777036
154500 18279 767435 18554 777565
154600 18293 767881 18564 778119
154700 18310 768380 18573 778620
154800 18319 768910 18586 779090
154900 18332 769447 18596 779553
155000 18343 769964 18606 780036
155100 18351 770432 18617 780568
155200 18365 770883 18629 781117
155300 18377 771391 18635 781609
155400 18393 771897 18645 782103
155500 18398 772477 18651 782523
155600 18410 773026 18660 782974
155700 18421 773523 18667 783477
155800 18430 774056 18673 783944
155900 18439 774596 18687 784404
156000 18454 775127 18703 784873
156100 18459 775621 18713 785379
156200 18472 776094 18718 785906
156300 18482 776609 18726 786391
156400 18496 777091 18731 786909
156500 18508 777625 18737 787375
156600 18520 778085 18750 787915
156700 18533 778633 18765 788367
156800 18544 779166 18775 788834
156900 18554 779749 18790 789251
157000 18568 780309 18808 789691
157100 18579 780774 18818 790226
157200 18589 781251 18830 790749
157300 18598 781715 18844 791285
157400 18605 782260 18855 791740
157500 18610 782705 18871 792295
157600 18615 783263 18887 792737
157700 18630 783806 18900 793194
157800 18642 784331 18911 793669
157900 18651 784788 18919 794212
158000 18668 785393 18931 794607
158100 18680 785923 18945 795077
158200 18693 786379 18958 795621
158300 18702 786879 18964 796121
158400 18725 787441 18974 796559
158500 18733 787982 18986 797018
158600 18746 788531 18995 797469
158700 18754 789061 19003 797939
158800 18769 789563 19014 798437
158900 18784 790103 19026 798897
159000 18797 790523 19041 799477
159100 18821 791085 19059 799915
159200 18839 791656 19078 800344
159300 18859 792186 19091 800814
159400 18869 792694 19110 801306
159500 18878 793178 19131 801822
159600 18894 793668 19141 802332
159700 18905 794145 19153 802855
159800 18917 794650 19164 803350
159900 18926 795211 19171 803789
160000 18938 795722 19183 804278
160100 18945 796256 19192 804744
160200 18955 796685 19204 805315
160300 18976 797196 19217 805804
160400 18983 797703 19231 806297
160500 18991 798207 19243 806793
160600 18995 798685 19250 807315
160700 19005 799220 19263 807780
160800 19015 799667 19276 808333
160900 19020 800204 19282 808796
161000 19031 800721 19291 809279
161100 19050 801191 19307 809809
161200 19063 801697 19319 810303
161300 19076 802144 19327 810856
161400 19092 802644 19334 811356
161500 19100 803159 19346 811841
161600 19117 803722 19366 812278
161700 19125 804237 19374 812763
161800 19135 804708 19387 813292
161900 19147 805166 19396 813834
162000 19155 805650 19402 814350
162100 19163 806105 19414 814895
162200 19169 806608 19421 815392
162300 19188 807080 19433 815920
162400 19195 807536 19440 816464
162500 19207 808045 19451 816955
162600 19222 808572 19468 817428
162700 19241 809110 19483 817890
162800 19256 809610 19489 818390
162900 19267 810123 19497 818877
163000 19280 810659 19505 819341
163100 19284 811175 19514 819825
163200 19303 811694 19527 820306
163300 19314 812220 19538 820780
163400 19327 812769 19550 821231
163500 19342 813362 19555 821638
163600 19354 813964 19566 822036
163700 19365 814502 19579 822498
163800 19375 814963 19591 823037
163900 19380 815510 19605 823490
164000 19387 816021 19619 823979
164100 19398 816475 19627 824525
164200 19414 816926 19637 825074
164300 19422 817413 19649 825587
164400 19432 817930 19656 826070
164500 19442 818398 19665 826602
164600 19449 818903 19677 827097
164700 19455 819375 19682 827625
164800 19465 819861 19696 828139
164900 19474 820367 19706 828633
165000 19487 820837 19718 829163
165100 19498 821394 19731 829606
165200 19509 821846 19740 830154
165300 19520 822358 19751 830642
165400 19528 822896 19762 831104
165500 19536 823352 19769 831648
165600 19542 823813 19777 832187
165700 19550 824350 19786 832650
165800 19554 824813 19804 833187
165900 19563 825283 19816 833717
166000 19573 825757 19829 834243
166100 19589 826283 19842 834717
166200 19601 826837 19852 835163
166300 19612 827333 19858 835667
166400 19624 827842 19875 836158
166500 19632 828365 19881 836635
166600 19638 828899 19890 837101
166700 19649 829375 19908 837625
166800 19658 829915 19915 838085
166900 19671 830390 19921 838610
167000 19679 830915 19930 839085
167100 19692 831451 19938 839549
167200 19708 832035 19955 839965
167300 19716 832561 19964 840439
167400 19728 833095 19975 840905
167500 19739 833592 19989 841408
167600 19748 834120 19997 841880
167700 19765 834610 20010 842390
167800 19774 835054 20023 842946
167900 19781 835559 20034 843441
168000 19795 836085 20049 843915
168100 19807 836606 20056 844394
168200 19817 837134 20067 844866
168300 19825 837722 20077 845278
168400 19839 838238 20092 845762
168500 19847 838770 20101 846230
168600 19853 839242 20109 846758
168700 19863 839760 20121 847240
168800 19874 840278 20129 847722
168900 19882 840867 20138 848133
169000 19899 841375 20146 848625
169100 19912 841841 20157 849159
169200 19922 842293 20168 849707
169300 19935 842817 20184 850183
169400 19955 843312 20188 850688
169500 19968 843822 20203 851178
169600 19982 844272 20218 851728
169700 19996 844732 20228 852268
169800 20005 845166 20238 852834
169900 20013 845671 20254 853329
170000 20027 846179 20266 853821
170100 20040 846646 20277 854354
170200 20049 847192 20293 854808
170300 20058 847709 20306 855291
170400 20072 848228 20320 855772
170500 20081 848789 20333 856211
170600 20094 849171 20351 856829
170700 20099 849637 20359 857363
170800 20106 850135 20366 857865
170900 20118 850612 20379 858388
171000 20131 851107 20391 858893
171100 20145 851607 20396 859393
171200 20156 852150 20407 859850
171300 20175 852702 20421 860298
171400 20182 853180 20435 860820
171500 20193 853729 20451 861271
171600 20210 854176 20464 861824
171700 20232 854681 20470 862319
171800 20251 855218 20483 862782
171900 20268 855700 20493 863300
172000 20294 856224 20510 863776
172100 20305 856768 20525 864232
172200 20320 857307 20540 864693
172300 20325 857839 20553 865161
172400 20337 858312 20562 865688
172500 20342 858826 20568 866174
172600 20356 859396 20577 866604
172700 20369 859875 20591 867125
172800 20380 860401 20598 867599
172900 20391 860859 20609 868141
173000 20406 861395 20616 868605
173100 20421 861888 20634 869112
173200 20433 862318 20647 869682
173300 20448 862836 20662 870164
173400 20457 863377 20676 870623
173500 20469 863886 20689 871114
173600 20479 864374 20699 871626
173700 20494 864919 20705 872081
173800 20509 865444 20721 872556
173900 20519 865951 20731 873049
174000 20530 866441 20743 873559
174100 20546 866920 20760 874080
174200 20567 867408 20768 874592
174300 20584 867936 20784 875064
174400 20595 868445 20790 875555
174500 20601 868954 20798 876046
174600 20612 869436 20807 876564
174700 20623 869848 20823 877152
174800 20628 870302 20831 877698
174900 20642 870803 20838 878197
175000 20658 871246 20848 878754
175100 20668 871707 20860 879293
175200 20672 872148 20868 879852
175300 20691 872642 20876 880358
175400 20705 873086 20894 880914
175500 20715 873583 20905 881417
175600 20728 874087 20916 881913
175700 20741 874554 20926 882446
175800 20753 875005 20933 882995
175900 20769 875418 20947 883582
176000 20786 875866 20964 884134
176100 20798 876347 20974 884653
176200 20805 876822 20986 885178
176300 20817 877297 20992 885703
176400 20828 877829 21003 886171
176500 20841 878338 21014 886662
176600 20853 878811 21026 887189
176700 20860 879236 21031 887764
176800 20875 879730 21048 888270
176900 20886 880228 21060 888772
177000 20895 880690 21072 889310
177100 20908 881185 21083 889815
177200 20921 881604 21090 890396
177300 20938 882114 21113 890886
177400 20950 882629 21121 891371
177500 20965 883160 21138 891840
177600 20974 883630 21154 892370
177700 20992 884143 21168 892857
177800 21000 884612 21180 893388
177900 21009 885021 21195 893979
178000 21019 885526 21211 894474
178100 21030 886031 21223 894969
178200 21042 886531 21231 895469
178300 21052 886942 21235 896058
178400 21060 887386 21247 896614
178500 21073 887814 21255 897186
178600 21082 888290 21262 897710
178700 21092 888755 21276 898245
178800 21095 889158 21289 898842
178900 21104 889572 21303 899428
179000 21117 890025 21312 899975
179100 21127 890547 21317 900453
179200 21136 891015 21323 900985
179300 21146 891459 21333 901541
179400 21154 891968 21336 902032
179500 21158 892466 21346 902534
179600 21169 892998 21358 903002
179700 21181 893469 21368 903531
179800 21189 893956 21374 904044
179900 21194 894414 21387 904586
180000 21202 894868 21393 905132
180100 21209 895339 21407 905661
180200 21221 895785 21418 906215
180300 21233 896271 21425 906729
180400 21240 896804 21433 907196
180500 21249 897279 21447 907721
180600 21254 897813 21456 908187
180700 21268 898283 21468 908717
180800 21285 898748 21484 909252
180900 21298 899202 21493 909798
181000 21311 899720 21504 910280
181100 21318 900226 21516 910774
181200 21325 900678 21524 911322
181300 21336 901126 21538 911874
181400 21341 901644 21546 912356
181500 21354 902145 21557 912855
181600 21365 902656 21567 913344
181700 21381 903139 21573 913861
181800 21387 903656 21586 914344
181900 21399 904105 21604 914895
182000 21410 904572 21611 915428
182100 21420 905098 21623 915902
182200 21425 905664 21630 916336
182300 21437 906168 21644 916832
182400 21447 906625 21653 917375
182500 21461 907047 21661 917953
182600 21476 907516 21681 918484
182700 21487 908040 21695 918960
182800 21498 908606 21719 919394
182900 21509 909139 21739 919861
183000 21526 909694 21753 920306
183100 21542 910257 21762 920743
183200 21553 910778 21778 921222
183300 21557 911197 21784 921803
183400 21572 911660 21799 922340
183500 21587 912094 21812 922906
183600 21602 912533 21825 923467
183700 21620 913047 21838 923953
183800 21629 913486 21849 924514
183900 21638 913956 21865 925044
184000 21651 914511 21872 925489
184100 21661 915064 21883 925936
184200 21680 915580 21896 926420
184300 21694 916083 21908 926917
184400 21708 916579 21918 927421
184500 21718 917111 21933 927889
184600 21730 917608 21944 928392
184700 21738 918064 21953 928936
184800 21749 918515 21961 929485
184900 21756 918910 21966 930090
185000 21771 919393 21974 930607
185100 21778 919965 21983 931035
185200 21792 920441 21996 931559
185300 21808 920903 22009 932097
185400 21816 921349 22021 932651
185500 21827 921891 22040 933109
185600 21845 922383 22051 933617
185700 21856 922844 22057 934156
185800 21869 923274 22072 934726
185900 21891 923731 22090 935269
186000 21900 924237 22096 935763
186100 21916 924707 22111 936293
186200 21927 925181 22120 936819
186300 21937 925673 22130 937327
186400 21950 926147 22139 937853
186500 21959 926686 22148 938314
186600 21974 927145 22162 938855
186700 21984 927666 22177 939334
186800 21993 928081 22196 939919
186900 22003 928513 22208 940487
187000 22015 929038 22215 940962
187100 22022 929503 22222 941497
187200 22027 929989 22230 942011
187300 22036 930491 22242 942509
187400 22045 931044 22249 942956
187500 22058 931486 22260 943514
187600 22071 931940 22273 944060
187700 22080 932416 22289 944584
187800 22091 932877 22299 945123
187900 22092 933350 22304 945650
188000 22103 933860 22321 946140
188100 22113 934299 22328 946701
188200 22129 934817 22338 947183
188300 22146 935279 22352 947721
188400 22157 935794 22362 948206
188500 22170 936278 22379 948722
188600 22181 936818 22392 949182
188700 22194 937280 22405 949720
188800 22203 937700 22411 950300
188900 22222 938137 22428 950863
189000 22232 938654 22437 951346
189100 22250 939095 22448 951905
189200 22264 939572 22458 952428
189300 22284 940126 22481 952874
189400 22302 940585 22498 953415
189500 22314 941005 22509 953995
189600 22322 941492 22518 954508
189700 22327 941951 22529 955049
189800 22334 942428 22532 955572
189900 22349 942888 22546 956112
190000 22356 943409 22554 956591
190100 22369 943933 22577 957067
190200 22381 944438 22586 957562
190300 22395 944977 22601 958023
190400 22407 945519 22607 958481
190500 22415 946058 22612 958942
190600 22432 946660 22622 959340
190700 22440 947211 22634 959789
190800 22444 947714 22646 960286
190900 22454 948250 22664 960750
191000 22462 948636 22674 961364
191100 22472 949129 22683 961871
191200 22482 949622 22696 962378
191300 22501 950119 22715 962881
191400 22516 950658 22731 963342
191500 22526 951135 22738 963865
191600 22538 951627 22753 964373
191700 22544 952215 22769 964785
191800 22560 952604 22786 965396
191900 22571 953074 22796 965926
192000 22582 953554 22812 966446
192100 22594 954111 22819 966889
192200 22603 954643 22831 967357
192300 22619 955134 22839 967866
192400 22634 955591 22856 968409
192500 22647 956121 22865 968879
192600 22658 956695 22873 969305
192700 22678 957153 22884 969847
192800 22694 957665 22892 970335
192900 22705 958143 22904 970857
193000 22718 958634 22913 971366
193100 22734 959117 22920 971883
193200 22744 959603 22930 972397
193300 22753 960088 22940 972912
193400 22771 960676 22953 973324
193500 22781 961209 22968 973791
193600 22796 961669 22981 974331
193700 22800 962143 22992 974857
193800 22811 962636 23010 975364
193900 22830 963222 23020 975778
194000 22841 963748 23029 976252
194100 22850 964157 23041 976843
194200 22858 964631 23052 977369
194300 22871 965154 23071 977846
194400 22882 965664 23081 978336
194500 22899 966226 23098 978774
194600 22908 966747 23105 979253
194700 22915 967259 23117 979741
194800 22925 967753 23133 980247
194900 22935 968245 23148 980755
195000 22947 968709 23160 981291
195100 22959 969207 23174 981793
195200 22964 969748 23179 982252
195300 22978 970202 23188 982798
195400 22990 970635 23198 983365
195500 23001 971155 23214 983845
195600 23012 971641 23230 984359
195700 23026 972085 23248 984915
195800 23043 972631 23265 985369
195900 23054 973092 23279 985908
196000 23070 973568 23287 986432
196100 23091 974110 23298 986890
196200 23104 974601 23315 987399
196300 23115 975132 23324 987868
196400 23125 975589 23336 988411
196500 23138 976079 23350 988921
196600 23148 976566 23363 989434
196700 23155 977077 23375 989923
196800 23162 977617 23383 990383
196900 23175 978066 23392 990934
197000 23191 978563 23404 991437
197100 23198 979001 23413 991999
197200 23205 979452 23428 992548
197300 23215 979869 23441 993131
197400 23227 980389 23452 993611
197500 23232 980887 23468 994113
197600 23246 981451 23479 994549
197700 23261 981975 23490 995025
197800 23276 982518 23495 995482
197900 23293 983067 23507 995933
198000 23308 983492 23520 996508
198100 23321 984008 23531 996992
198200 23331 984434 23539 997566
198300 23354 984908 23550 998092
198400 23369 985400 23566 998600
198500 23384 985845 23579 999155
198600 23400 986339 23596 999661
198700 23410 986867 23607 1000133
198800 23425 987306 23613 1000694
198900 23442 987757 23629 1001243
199000 23451 988245 23639 1001755
199100 23461 988656 23650 1002344
199200 23469 989152 23654 1002848
199300 23483 989654 23672 1003346
199400 23492 990127 23679 1003873
199500 23507 990628 23692 1004372
199600 23515 991197 23692 1004803
199700 23531 991741 23699 1005259
199800 23545 992230 23714 1005770
199900 23557 992699 23722 1006301
200000 23567 993195 23727 1006805
