#! FIELDS timestep dup_succ dup_attempts kill_succ kill_attempts
#! SET timestep 0.5
#! SET kernel_bandwidth [0.25 0.25]
#! SET kt 1.0
100 126 398 121 602
200 215 726 248 1274
300 306 1051 385 1949
400 424 1460 492 2540
500 507 1956 581 3044
600 568 2406 628 3594
700 601 2854 667 4146
800 623 3325 697 4675
900 636 3845 714 5155
1000 650 4387 729 5613
1100 662 4884 741 6116
1200 671 5366 767 6634
1300 688 5962 775 7038
1400 704 6498 789 7502
1500 712 6988 800 8012
1600 729 7442 814 8558
1700 742 7951 825 9049
1800 758 8436 846 9564
1900 783 8956 865 10044
2000 795 9469 883 10531
2100 814 10010 900 10990
2200 829 10536 916 11464
2300 840 11060 934 11940
2400 848 11481 950 12519
2500 863 11986 962 13014
2600 873 12472 973 13528
2700 887 13023 982 13977
2800 911 13531 1003 14469
2900 927 14084 1021 14916
3000 941 14606 1039 15394
3100 949 15178 1051 15822
3200 967 15673 1065 16327
3300 987 16155 1081 16845
3400 996 16603 1095 17397
3500 1002 17031 1106 17969
3600 1021 17507 1112 18493
3700 1031 18011 1124 18989
3800 1041 18532 1144 19468
3900 1057 19230 1155 19770
4000 1069 19744 1173 20256
4100 1079 20200 1183 20800
4200 1101 20786 1196 21214
4300 1122 21270 1208 21730
4400 1137 21716 1220 22284
4500 1152 22146 1233 22854
4600 1162 22602 1250 23398
4700 1182 23132 1272 23868
4800 1188 23637 1284 24363
4900 1203 24180 1299 24820
5000 1220 24684 1317 25316
5100 1229 25203 1324 25797
5200 1244 25707 1338 26293
5300 1258 26217 1351 26783
5400 1280 26664 1369 27336
5500 1297 27158 1381 27842
5600 1309 27708 1395 28292
5700 1326 28251 1413 28749
5800 1347 28779 1429 29221
5900 1360 29278 1445 29722
6000 1379 29892 1460 30108
6100 1393 30396 1479 30604
6200 1406 30942 1494 31058
6300 1417 31502 1506 31498
6400 1425 31996 1518 32004
6500 1442 32561 1536 32439
6600 1459 33113 1552 32887
6700 1476 33637 1567 33363
6800 1486 34064 1579 33936
6900 1503 34544 1588 34456
7000 1510 35016 1596 34984
7100 1525 35540 1609 35460
7200 1537 36058 1627 35942
7300 1549 36658 1634 36342
7400 1565 37148 1646 36852
7500 1580 37599 1668 37401
7600 1600 38182 1678 37818
7700 1618 38721 1700 38279
7800 1636 39212 1709 38788
7900 1652 39724 1717 39276
8000 1667 40227 1730 39773
8100 1689 40748 1748 40252
8200 1705 41305 1763 40695
8300 1718 41837 1779 41163
8400 1727 42335 1792 41665
8500 1737 42804 1803 42196
8600 1752 43273 1818 42727
8700 1760 43810 1829 43190
8800 1771 44315 1846 43685
8900 1786 44881 1873 44119
9000 1799 45403 1884 44597
9100 1809 45915 1896 45085
9200 1820 46427 1906 45573
9300 1831 46916 1925 46084
9400 1851 47377 1940 46623
9500 1866 47842 1960 47158
9600 1884 48400 1972 47600
9700 1893 48923 1981 48077
9800 1895 49416 1988 48584
9900 1902 49929 2009 49071
10000 1919 50452 2024 49548
10100 1935 50984 2035 50016
10200 1948 51451 2048 50549
10300 1963 51856 2060 51144
10400 1974 52358 2070 51642
10500 1983 52828 2077 52172
10600 1993 53352 2092 52648
10700 2004 53848 2102 53152
10800 2019 54380 2117 53620
10900 2037 54865 2131 54135
11000 2049 55393 2153 54607
11100 2063 55837 2169 55163
11200 2076 56266 2183 55734
11300 2093 56823 2196 56177
11400 2109 57361 2213 56639
11500 2124 57766 2227 57234
11600 2135 58302 2244 57698
11700 2143 58825 2257 58175
11800 2159 59361 2269 58639
11900 2174 59847 2290 59153
12000 2197 60298 2315 59702
12100 2213 60890 2330 60110
12200 2233 61378 2339 60622
12300 2246 61876 2351 61124
12400 2263 62399 2364 61601
12500 2272 62890 2379 62110
12600 2284 63406 2401 62594
12700 2299 63875 2417 63125
12800 2314 64290 2433 63710
12900 2323 64784 2442 64216
13000 2337 65259 2448 64741
13100 2363 65726 2470 65274
13200 2373 66151 2486 65849
13300 2391 66675 2504 66325
13400 2410 67117 2521 66883
13500 2428 67646 2532 67354
13600 2441 68130 2549 67870
13700 2467 68683 2567 68317
13800 2485 69203 2585 68797
13900 2499 69670 2595 69330
14000 2516 70200 2616 69800
14100 2532 70746 2635 70254
14200 2545 71237 2651 70763
14300 2561 71738 2666 71262
14400 2578 72258 2678 71742
14500 2598 72765 2698 72235
14600 2616 73273 2712 72727
14700 2627 73889 2725 73111
14800 2639 74409 2737 73591
14900 2655 74933 2748 74067
15000 2661 75350 2756 74650
15100 2677 75842 2776 75158
15200 2689 76346 2788 75654
15300 2706 76889 2807 76111
15400 2723 77438 2825 76562
15500 2735 77836 2837 77164
15600 2744 78255 2844 77745
15700 2775 78735 2862 78265
15800 2792 79259 2873 78741
15900 2802 79759 2889 79241
16000 2824 80258 2903 79742
16100 2840 80710 2915 80290
16200 2853 81204 2933 80796
16300 2869 81657 2943 81343
16400 2883 82160 2958 81840
16500 2896 82779 2968 82221
16600 2922 83259 2985 82741
16700 2931 83809 2998 83191
16800 2943 84287 3018 83713
16900 2961 84772 3037 84228
17000 2977 85299 3049 84701
17100 2994 85859 3065 85141
17200 3002 86392 3088 85608
17300 3020 86889 3099 86111
17400 3030 87424 3114 86576
17500 3047 87908 3128 87092
17600 3062 88415 3139 87585
17700 3071 88911 3153 88089
17800 3085 89455 3161 88545
17900 3101 90016 3172 88984
18000 3114 90498 3182 89502
18100 3127 91071 3207 89929
18200 3148 91574 3221 90426
18300 3159 92071 3239 90929
18400 3171 92512 3248 91488
18500 3186 93070 3262 91930
18600 3201 93581 3273 92419
18700 3218 94132 3287 92868
18800 3235 94686 3305 93314
18900 3255 95213 3321 93787
19000 3276 95739 3343 94261
19100 3289 96280 3356 94720
19200 3300 96725 3366 95275
19300 3319 97192 3380 95808
19400 3341 97720 3395 96280
19500 3355 98253 3417 96747
19600 3366 98754 3426 97246
19700 3377 99273 3437 97727
19800 3392 99718 3450 98282
19900 3408 100212 3465 98788
20000 3425 100755 3474 99245
20100 3440 101325 3497 99675
20200 3456 101847 3517 100153
20300 3465 102304 3531 100696
20400 3482 102751 3547 101249
20500 3501 103246 3561 101754
20600 3516 103761 3578 102239
20700 3531 104321 3592 102679
20800 3542 104894 3606 103106
20900 3560 105433 3631 103567
21000 3573 105902 3649 104098
21100 3585 106351 3661 104649
21200 3595 106739 3676 105261
21300 3616 107233 3698 105767
21400 3637 107701 3716 106299
21500 3646 108179 3737 106821
21600 3654 108646 3752 107354
21700 3671 109176 3765 107824
21800 3686 109606 3779 108394
21900 3698 110156 3793 108844
22000 3714 110757 3806 109243
22100 3723 111285 3827 109715
22200 3731 111771 3839 110229
22300 3744 112226 3847 110774
22400 3765 112713 3866 111287
22500 3777 113166 3879 111834
22600 3798 113710 3890 112290
22700 3815 114243 3910 112757
22800 3833 114701 3919 113299
22900 3853 115190 3938 113810
23000 3858 115680 3948 114320
23100 3872 116114 3969 114886
23200 3887 116571 3982 115429
23300 3902 117136 3995 115864
23400 3919 117630 4011 116370
23500 3930 118224 4024 116776
23600 3944 118793 4037 117207
23700 3959 119294 4056 117706
23800 3971 119825 4071 118175
23900 3985 120374 4083 118626
24000 3997 120828 4099 119172
24100 4010 121331 4113 119669
24200 4018 121892 4122 120108
24300 4032 122450 4141 120550
24400 4045 122954 4151 121046
24500 4048 123529 4159 121471
24600 4073 124028 4178 121972
24700 4088 124516 4193 122484
24800 4102 124953 4210 123047
24900 4122 125429 4226 123571
25000 4138 125895 4242 124105
25100 4160 126355 4259 124645
25200 4180 126842 4276 125158
25300 4195 127333 4290 125667
25400 4210 127812 4316 126188
25500 4219 128304 4329 126696
25600 4243 128799 4343 127201
25700 4259 129276 4361 127724
25800 4267 129752 4376 128248
25900 4282 130223 4400 128777
26000 4302 130719 4413 129281
26100 4313 131185 4421 129815
26200 4326 131650 4432 130350
26300 4343 132134 4439 130866
26400 4359 132576 4451 131424
26500 4372 133070 4465 131930
26600 4383 133628 4478 132372
26700 4395 134067 4487 132933
26800 4412 134629 4501 133371
26900 4424 135065 4512 133935
27000 4440 135537 4533 134463
27100 4455 136064 4552 134936
27200 4471 136548 4564 135452
27300 4486 137002 4574 135998
27400 4501 137432 4585 136568
27500 4510 137960 4602 137040
27600 4518 138449 4616 137551
27700 4536 138991 4633 138009
27800 4560 139482 4651 138518
27900 4571 139978 4661 139022
28000 4582 140506 4671 139494
28100 4592 141065 4679 139935
28200 4608 141524 4700 140476
28300 4623 142122 4718 140878
28400 4647 142626 4733 141374
28500 4658 143094 4748 141906
28600 4674 143562 4759 142438
28700 4682 144074 4771 142926
28800 4695 144564 4781 143436
28900 4709 145117 4795 143883
29000 4722 145560 4811 144440
29100 4738 146025 4820 144975
29200 4752 146592 4843 145408
29300 4768 147086 4853 145914
29400 4780 147510 4870 146490
29500 4793 147990 4885 147010
29600 4806 148501 4897 147499
29700 4815 149031 4913 147969
29800 4830 149533 4921 148467
29900 4839 149996 4933 149004
30000 4849 150497 4948 149503
30100 4871 151019 4969 149981
30200 4881 151490 4984 150510
30300 4894 152018 4997 150982
30400 4907 152574 5008 151426
30500 4916 153064 5017 151936
30600 4934 153513 5026 152487
30700 4952 154015 5042 152985
30800 4969 154452 5055 153548
30900 4977 154916 5069 154084
31000 4992 155392 5081 154608
31100 5003 155884 5101 155116
31200 5010 156393 5114 155607
31300 5024 156861 5128 156139
31400 5042 157344 5139 156656
31500 5061 157819 5151 157181
31600 5076 158358 5168 157642
31700 5082 158930 5183 158070
31800 5102 159444 5196 158556
31900 5118 159946 5215 159054
32000 5127 160361 5229 159639
32100 5138 160873 5247 160127
32200 5151 161361 5253 160639
32300 5155 161890 5263 161110
32400 5170 162407 5277 161593
32500 5186 162919 5286 162081
32600 5197 163405 5296 162595
32700 5210 163898 5308 163102
32800 5223 164470 5331 163530
32900 5230 165037 5345 163963
33000 5246 165557 5356 164443
33100 5256 166015 5379 164985
33200 5279 166551 5390 165449
33300 5292 167002 5410 165998
33400 5303 167503 5419 166497
33500 5317 167946 5439 167054
33600 5334 168425 5452 167575
33700 5350 168944 5470 168056
33800 5358 169480 5478 168520
33900 5370 169992 5487 169008
34000 5382 170542 5505 169458
34100 5405 171004 5527 169996
34200 5421 171487 5547 170513
34300 5433 172022 5562 170978
34400 5445 172595 5571 171405
34500 5470 173116 5583 171884
34600 5480 173641 5595 172359
34700 5485 174056 5614 172944
34800 5493 174576 5627 173424
34900 5509 175063 5646 173937
35000 5517 175528 5667 174472
35100 5530 176080 5680 174920
35200 5541 176588 5696 175412
35300 5560 177063 5710 175937
35400 5571 177576 5722 176424
35500 5588 178068 5736 176932
35600 5605 178623 5751 177377
35700 5621 179153 5768 177847
35800 5639 179665 5785 178335
35900 5650 180197 5796 178803
36000 5661 180616 5808 179384
36100 5680 181131 5830 179869
36200 5699 181599 5846 180401
36300 5722 182113 5862 180887
36400 5732 182625 5870 181375
36500 5746 183195 5879 181805
36600 5768 183674 5898 182326
36700 5787 184119 5912 182881
36800 5796 184585 5923 183415
36900 5809 185122 5939 183878
37000 5829 185549 5958 184451
37100 5840 186038 5963 184962
37200 5850 186473 5978 185527
37300 5858 186920 5990 186080
37400 5872 187386 6005 186614
37500 5883 187871 6014 187129
37600 5898 188359 6034 187641
37700 5910 188877 6048 188123
37800 5928 189441 6066 188559
37900 5939 189944 6080 189056
38000 5956 190421 6094 189579
38100 5962 190874 6104 190126
38200 5978 191357 6123 190643
38300 5986 191857 6139 191143
38400 5997 192408 6147 191592
38500 6013 192918 6164 192082
38600 6033 193419 6176 192581
38700 6047 193884 6197 193116
38800 6061 194366 6206 193634
38900 6071 194853 6216 194147
39000 6086 195395 6229 194605
39100 6099 195926 6240 195074
39200 6116 196393 6260 195607
39300 6128 196950 6275 196050
39400 6139 197469 6289 196531
39500 6155 198005 6300 196995
39600 6170 198476 6313 197524
39700 6192 198924 6331 198076
39800 6205 199459 6353 198541
39900 6220 199964 6362 199036
40000 6239 200418 6381 199582
40100 6257 200868 6402 200132
40200 6269 201375 6419 200625
40300 6278 201889 6431 201111
40400 6294 202347 6447 201653
40500 6302 202831 6456 202169
40600 6318 203342 6465 202658
40700 6333 203832 6480 203168
40800 6342 204355 6496 203645
40900 6354 204950 6513 204050
41000 6370 205460 6525 204540
41100 6382 205952 6543 205048
41200 6394 206450 6560 205550
41300 6412 206910 6578 206090
41400 6423 207388 6586 206612
41500 6431 207846 6599 207154
41600 6443 208411 6610 207589
41700 6455 208947 6621 208053
41800 6463 209419 6633 208581
41900 6478 209940 6647 209060
42000 6487 210446 6668 209554
42100 6513 210977 6683 210023
42200 6532 211512 6694 210488
42300 6550 212002 6717 210998
42400 6558 212437 6730 211563
42500 6573 212923 6741 212077
42600 6584 213413 6761 212587
42700 6592 213919 6770 213081
42800 6595 214497 6780 213503
42900 6609 214936 6797 214064
43000 6629 215442 6817 214558
43100 6637 215922 6829 215078
43200 6650 216313 6847 215687
43300 6670 216765 6862 216235
43400 6681 217306 6875 216694
43500 6696 217800 6893 217200
43600 6712 218319 6909 217681
43700 6719 218812 6915 218188
43800 6729 219322 6925 218678
43900 6744 219885 6933 219115
44000 6766 220351 6944 219649
44100 6783 220842 6964 220158
44200 6800 221336 6987 220664
44300 6817 221806 7004 221194
44400 6833 222318 7025 221682
44500 6852 222850 7038 222150
44600 6868 223367 7049 222633
44700 6886 223902 7067 223098
44800 6903 224456 7083 223544
44900 6916 224951 7095 224049
45000 6929 225413 7108 224587
45100 6948 225917 7120 225083
45200 6969 226420 7131 225580
45300 6980 226890 7149 226110
45400 6993 227413 7164 226587
45500 7008 227896 7176 227104
45600 7018 228352 7190 227648
45700 7026 228826 7198 228174
45800 7033 229345 7215 228655
45900 7050 229863 7232 229137
46000 7061 230297 7241 229703
46100 7071 230819 7255 230181
46200 7086 231332 7270 230668
46300 7105 231732 7280 231268
46400 7130 232203 7300 231797
46500 7136 232687 7320 232313
46600 7163 233164 7342 232836
46700 7176 233713 7350 233287
46800 7192 234201 7360 233799
46900 7220 234668 7374 234332
47000 7235 235204 7384 234796
47100 7251 235672 7401 235328
47200 7270 236152 7414 235848
47300 7288 236683 7437 236317
47400 7296 237222 7445 236778
47500 7314 237748 7461 237252
47600 7323 238288 7481 237712
47700 7332 238723 7493 238277
47800 7341 239279 7507 238721
47900 7355 239756 7522 239244
48000 7372 240255 7536 239745
48100 7389 240833 7558 240167
48200 7406 241352 7572 240648
48300 7425 241817 7590 241183
48400 7439 242273 7606 241727
48500 7453 242729 7623 242271
48600 7470 243262 7635 242738
48700 7482 243736 7641 243264
48800 7494 244222 7660 243778
48900 7511 244738 7680 244262
49000 7523 245222 7695 244778
49100 7530 245772 7717 245228
49200 7544 246250 7729 245750
49300 7564 246763 7741 246237
49400 7580 247277 7760 246723
49500 7592 247811 7771 247189
49600 7608 248287 7782 247713
49700 7627 248819 7799 248181
49800 7638 249282 7816 248718
49900 7657 249792 7834 249208
50000 7666 250268 7856 249732
50100 7680 250793 7865 250207
50200 7695 251292 7878 250708
50300 7702 251773 7888 251227
50400 7711 252272 7898 251728
50500 7722 252717 7911 252283
50600 7738 253183 7931 252817
50700 7751 253744 7940 253256
50800 7762 254232 7956 253768
50900 7778 254788 7968 254212
51000 7790 255323 7989 254677
51100 7802 255860 8000 255140
51200 7811 256390 8013 255610
51300 7834 256897 8028 256103
51400 7850 257408 8039 256592
51500 7870 257943 8059 257057
51600 7882 258414 8074 257586
51700 7893 258889 8089 258111
51800 7907 259376 8110 258624
51900 7922 259882 8120 259118
52000 7934 260352 8139 259648
52100 7950 260856 8151 260144
52200 7972 261410 8164 260590
52300 7983 261918 8184 261082
52400 7989 262383 8193 261617
52500 8008 262878 8210 262122
52600 8023 263322 8220 262678
52700 8040 263826 8236 263174
52800 8047 264291 8249 263709
52900 8057 264787 8268 264213
53000 8068 265343 8278 264657
53100 8084 265864 8295 265136
53200 8098 266446 8316 265554
53300 8112 266912 8332 266088
53400 8123 267414 8345 266586
53500 8140 267877 8362 267123
53600 8157 268395 8377 267605
53700 8176 268876 8387 268124
53800 8195 269328 8397 268672
53900 8211 269884 8413 269116
54000 8228 270374 8427 269626
54100 8241 270810 8444 270190
54200 8254 271295 8462 270705
54300 8273 271750 8478 271250
54400 8290 272184 8485 271816
54500 8301 272618 8498 272382
54600 8318 273167 8513 272833
54700 8328 273647 8519 273353
54800 8339 274102 8529 273898
54900 8353 274578 8541 274422
55000 8366 275044 8555 274956
55100 8376 275559 8569 275441
55200 8387 276058 8582 275942
55300 8406 276543 8603 276457
55400 8421 277064 8617 276936
55500 8435 277546 8635 277454
55600 8448 278120 8646 277880
55700 8459 278594 8665 278406
55800 8464 279128 8677 278872
55900 8488 279590 8686 279410
56000 8502 280070 8700 279930
56100 8517 280574 8716 280426
56200 8534 281056 8731 280944
56300 8550 281562 8740 281438
56400 8559 282007 8755 281993
56500 8578 282440 8766 282560
56600 8590 282929 8783 283071
56700 8603 283419 8792 283581
56800 8615 283959 8819 284041
56900 8622 284428 8836 284572
57000 8644 284840 8850 285160
57100 8656 285346 8866 285654
57200 8667 285873 8869 286127
57300 8682 286329 8888 286671
57400 8695 286818 8903 287182
57500 8710 287328 8917 287672
57600 8725 287890 8931 288110
57700 8746 288400 8944 288600
57800 8764 288871 8954 289129
57900 8776 289377 8965 289623
58000 8795 289841 8978 290159
58100 8815 290383 8994 290617
58200 8828 290952 9011 291048
58300 8844 291503 9027 291497
58400 8859 292023 9039 291977
58500 8878 292559 9052 292441
58600 8893 293044 9067 292956
58700 8908 293537 9079 293463
58800 8918 293999 9091 294001
58900 8928 294489 9108 294511
59000 8941 295012 9126 294988
59100 8953 295488 9139 295512
59200 8965 296003 9160 295997
59300 8979 296462 9179 296538
59400 8994 296998 9194 297002
59500 9011 297572 9206 297428
59600 9031 298115 9220 297885
59700 9040 298581 9235 298419
59800 9056 299022 9254 298978
59900 9082 299481 9274 299519
60000 9093 300046 9292 299954
60100 9106 300528 9306 300472
60200 9120 300998 9328 301002
60300 9136 301529 9340 301471
60400 9147 302033 9354 301967
60500 9163 302495 9372 302505
60600 9176 302966 9385 303034
60700 9191 303453 9396 303547
60800 9210 303965 9411 304035
60900 9232 304467 9431 304533
61000 9250 305016 9444 304984
61100 9271 305611 9458 305389
61200 9280 306129 9475 305871
61300 9293 306615 9488 306385
61400 9313 307141 9499 306859
61500 9323 307580 9515 307420
61600 9338 308052 9540 307948
61700 9352 308605 9548 308395
61800 9370 309175 9561 308825
61900 9378 309639 9577 309361
62000 9399 310119 9591 309881
62100 9407 310645 9602 310355
62200 9417 311166 9619 310834
62300 9433 311688 9633 311312
62400 9439 312249 9646 311751
62500 9452 312740 9656 312260
62600 9466 313274 9681 312726
62700 9478 313793 9700 313207
62800 9504 314410 9715 313590
62900 9515 314903 9735 314097
63000 9526 315391 9746 314609
63100 9534 315914 9759 315086
63200 9546 316404 9775 315596
63300 9559 316946 9783 316054
63400 9569 317485 9793 316515
63500 9579 317995 9803 317005
63600 9590 318522 9814 317478
63700 9604 319113 9826 317887
63800 9618 319686 9850 318314
63900 9645 320146 9875 318854
64000 9659 320667 9886 319333
64100 9677 321191 9901 319809
64200 9697 321637 9913 320363
64300 9714 322045 9922 320955
64400 9732 322503 9934 321497
64500 9747 323002 9948 321998
64600 9764 323536 9962 322464
64700 9787 324009 9974 322991
64800 9807 324604 9988 323396
64900 9824 325118 10009 323882
65000 9836 325595 10028 324405
65100 9851 326085 10042 324915
65200 9867 326561 10058 325439
65300 9891 327056 10082 325944
65400 9907 327442 10093 326558
65500 9919 327960 10107 327040
65600 9928 328464 10128 327536
65700 9940 328977 10141 328023
65800 9959 329500 10154 328500
65900 9970 329966 10165 329034
66000 9984 330420 10176 329580
66100 9996 330884 10193 330116
66200 10013 331377 10213 330623
66300 10035 331915 10235 331085
66400 10047 332387 10248 331613
66500 10062 332854 10267 332146
66600 10069 333333 10286 332667
66700 10098 333782 10311 333218
66800 10106 334242 10331 333758
66900 10121 334707 10349 334293
67000 10145 335256 10356 334744
67100 10153 335728 10365 335272
67200 10169 336250 10388 335750
67300 10182 336778 10396 336222
67400 10191 337276 10415 336724
67500 10203 337741 10432 337259
67600 10215 338208 10448 337792
67700 10232 338787 10462 338213
67800 10249 339283 10476 338717
67900 10261 339791 10492 339209
68000 10274 340258 10505 339742
68100 10289 340803 10519 340197
68200 10301 341238 10527 340762
68300 10315 341719 10539 341281
68400 10335 342194 10553 341806
68500 10348 342686 10565 342314
68600 10361 343146 10579 342854
68700 10375 343684 10595 343316
68800 10391 344175 10607 343825
68900 10402 344596 10624 344404
69000 10416 345068 10639 344932
69100 10431 345590 10654 345410
69200 10439 346009 10667 345991
69300 10452 346449 10679 346551
69400 10468 346872 10692 347128
69500 10485 347307 10706 347693
69600 10494 347809 10723 348191
69700 10506 348237 10736 348763
69800 10513 348736 10747 349264
69900 10530 349243 10756 349757
70000 10549 349758 10771 350242
70100 10562 350210 10779 350790
70200 10573 350754 10791 351246
70300 10588 351235 10812 351765
70400 10606 351743 10835 352257
70500 10618 352237 10843 352763
70600 10632 352680 10859 353320
70700 10646 353201 10868 353799
70800 10659 353704 10878 354296
70900 10671 354133 10888 354867
71000 10688 354513 10904 355487
71100 10706 355023 10923 355977
71200 10727 355462 10943 356538
71300 10745 355995 10961 357005
71400 10760 356446 10980 357554
71500 10775 356940 10992 358060
71600 10785 357408 11006 358592
71700 10800 357911 11024 359089
71800 10817 358390 11044 359610
71900 10828 358834 11055 360166
72000 10837 359296 11066 360704
72100 10850 359792 11079 361208
72200 10869 360271 11093 361729
72300 10884 360779 11107 362221
72400 10901 361332 11118 362668
72500 10923 361786 11144 363214
72600 10936 362222 11159 363778
72700 10950 362806 11168 364194
72800 10961 363308 11180 364692
72900 10973 363790 11187 365210
73000 10987 364316 11203 365684
73100 10998 364722 11216 366278
73200 11012 365243 11228 366757
73300 11031 365779 11238 367221
73400 11050 366275 11256 367725
73500 11070 366781 11267 368219
73600 11083 367336 11280 368664
73700 11099 367819 11293 369181
73800 11119 368257 11302 369743
73900 11133 368745 11315 370255
74000 11151 369249 11332 370751
74100 11161 369737 11340 371263
74200 11170 370226 11353 371774
74300 11193 370643 11365 372357
74400 11204 371182 11376 372818
74500 11219 371655 11392 373345
74600 11239 372167 11410 373833
74700 11253 372700 11431 374300
74800 11267 373187 11448 374813
74900 11273 373803 11453 375197
75000 11285 374323 11465 375677
75100 11299 374781 11476 376219
75200 11314 375349 11484 376651
75300 11330 375902 11504 377098
75400 11343 376457 11517 377543
75500 11360 376888 11535 378112
75600 11378 377347 11547 378653
75700 11390 377880 11560 379120
75800 11411 378376 11578 379624
75900 11425 378894 11589 380106
76000 11440 379413 11598 380587
76100 11449 379917 11616 381083
76200 11462 380426 11628 381574
76300 11476 380996 11642 382004
76400 11494 381461 11660 382539
76500 11509 381990 11676 383010
76600 11528 382457 11689 383543
76700 11544 382944 11711 384056
76800 11558 383473 11725 384527
76900 11578 383952 11744 385048
77000 11594 384381 11757 385619
77100 11610 384892 11774 386108
77200 11623 385355 11794 386645
77300 11639 385839 11807 387161
77400 11654 386329 11824 387671
77500 11667 386774 11834 388226
77600 11681 387227 11845 388773
77700 11692 387687 11858 389313
77800 11706 388178 11870 389822
77900 11723 388669 11886 390331
78000 11733 389159 11908 390841
78100 11750 389611 11928 391389
78200 11763 390147 11947 391853
78300 11780 390711 11962 392289
78400 11802 391249 11976 392751
78500 11824 391784 11984 393216
78600 11837 392300 12002 393700
78700 11850 392808 12019 394192
78800 11871 393331 12031 394669
78900 11887 393793 12044 395207
79000 11903 394296 12061 395704
79100 11913 394829 12070 396171
79200 11924 395372 12080 396628
79300 11942 395904 12096 397096
79400 11960 396417 12109 397583
79500 11971 396974 12121 398026
79600 11979 397469 12134 398531
79700 11995 397963 12150 399037
79800 12005 398392 12164 399608
79900 12029 398823 12179 400177
80000 12049 399272 12195 400728
80100 12059 399778 12212 401222
80200 12067 400262 12231 401738
80300 12080 400722 12246 402278
80400 12100 401171 12262 402829
80500 12109 401619 12275 403381
80600 12122 402107 12293 403893
80700 12137 402551 12302 404449
80800 12148 403097 12314 404903
80900 12161 403573 12329 405427
81000 12170 404010 12345 405990
81100 12191 404470 12358 406530
81200 12213 404989 12376 407011
81300 12228 405500 12394 407500
81400 12248 405970 12415 408030
81500 12264 406493 12434 408507
81600 12282 406980 12448 409020
81700 12297 407471 12461 409529
81800 12311 408009 12473 409991
81900 12332 408550 12492 410450
82000 12346 409095 12502 410905
82100 12356 409569 12518 411431
82200 12371 410052 12529 411948
82300 12384 410525 12545 412475
82400 12402 411015 12560 412985
82500 12406 411536 12568 413464
82600 12409 412034 12589 413966
82700 12419 412469 12608 414531
82800 12436 412965 12623 415035
82900 12457 413323 12634 415677
83000 12472 413863 12651 416137
83100 12481 414343 12661 416657
83200 12495 414957 12674 417043
83300 12508 415542 12682 417458
83400 12519 416078 12697 417922
83500 12533 416580 12709 418420
83600 12551 417075 12741 418925
83700 12569 417564 12768 419436
83800 12594 418044 12785 419956
83900 12614 418499 12796 420501
84000 12636 419007 12814 420993
84100 12652 419443 12834 421557
84200 12668 419919 12845 422081
84300 12684 420433 12853 422567
84400 12706 420947 12870 423053
84500 12722 421476 12884 423524
84600 12741 421946 12900 424054
84700 12760 422354 12912 424646
84800 12768 422838 12922 425162
84900 12786 423295 12933 425705
85000 12800 423833 12946 426167
85100 12818 424365 12970 426635
85200 12825 424836 12990 427164
85300 12843 425253 13010 427747
85400 12852 425756 13020 428244
85500 12866 426257 13031 428743
85600 12877 426780 13038 429220
85700 12889 427277 13054 429723
85800 12901 427716 13070 430284
85900 12921 428160 13086 430840
86000 12927 428596 13098 431404
86100 12936 429080 13109 431920
86200 12947 429559 13124 432441
86300 12954 430048 13133 432952
86400 12965 430547 13144 433453
86500 12979 431078 13158 433922
86600 12999 431583 13172 434417
86700 13012 432142 13193 434858
86800 13029 432658 13209 435342
86900 13045 433142 13229 435858
87000 13054 433651 13241 436349
87100 13074 434161 13256 436839
87200 13083 434675 13270 437325
87300 13099 435268 13284 437732
87400 13115 435761 13296 438239
87500 13138 436271 13313 438729
87600 13150 436736 13330 439264
87700 13161 437269 13341 439731
87800 13169 437735 13350 440265
87900 13181 438175 13360 440825
88000 13207 438622 13372 441378
88100 13226 439096 13383 441904
88200 13236 439583 13399 442417
88300 13244 440066 13414 442934
88400 13264 440597 13434 443403
88500 13280 441072 13448 443928
88600 13291 441522 13458 444478
88700 13304 441962 13481 445038
88800 13322 442429 13495 445571
88900 13330 443025 13503 445975
89000 13343 443585 13516 446415
89100 13349 444043 13529 446957
89200 13377 444490 13541 447510
89300 13390 444968 13554 448032
89400 13404 445429 13564 448571
89500 13413 446035 13576 448965
89600 13425 446553 13589 449447
89700 13440 446978 13597 450022
89800 13449 447491 13609 450509
89900 13468 448058 13632 450942
90000 13481 448566 13652 451434
90100 13492 449060 13662 451940
90200 13500 449550 13670 452450
90300 13513 450040 13681 452960
90400 13526 450549 13702 453451
90500 13541 451074 13716 453926
90600 13562 451562 13739 454438
90700 13576 452082 13752 454918
90800 13595 452663 13765 455337
90900 13603 453192 13774 455808
91000 13614 453692 13798 456308
91100 13626 454164 13822 456836
91200 13643 454677 13836 457323
91300 13660 455177 13856 457823
91400 13670 455775 13876 458225
91500 13683 456214 13895 458786
91600 13695 456687 13906 459313
91700 13702 457174 13917 459826
91800 13723 457604 13940 460396
91900 13735 458136 13954 460864
92000 13749 458631 13967 461369
92100 13762 459073 13979 461927
92200 13774 459624 13989 462376
92300 13790 460078 14009 462922
92400 13807 460656 14022 463344
92500 13822 461194 14032 463806
92600 13830 461734 14042 464266
92700 13852 462265 14050 464735
92800 13871 462733 14061 465267
92900 13890 463244 14074 465756
93000 13904 463748 14086 466252
93100 13918 464278 14099 466722
93200 13933 464837 14113 467163
93300 13945 465351 14130 467649
93400 13969 465873 14149 468127
93500 13981 466342 14155 468658
93600 13998 466793 14175 469207
93700 14014 467324 14185 469676
93800 14036 467842 14212 470158
93900 14047 468317 14223 470683
94000 14058 468800 14241 471200
94100 14074 469361 14252 471639
94200 14090 469841 14270 472159
94300 14109 470362 14283 472638
94400 14122 470862 14297 473138
94500 14138 471342 14316 473658
94600 14149 471822 14332 474178
94700 14159 472326 14342 474674
94800 14171 472777 14354 475223
94900 14187 473256 14371 475744
95000 14201 473731 14383 476269
95100 14209 474246 14406 476754
95200 14227 474793 14425 477207
95300 14237 475305 14445 477695
95400 14250 475838 14454 478162
95500 14259 476350 14473 478650
95600 14274 476772 14489 479228
95700 14288 477276 14500 479724
95800 14306 477726 14513 480274
95900 14319 478095 14522 480905
96000 14337 478613 14542 481387
96100 14354 479133 14553 481867
96200 14376 479611 14565 482389
96300 14401 480142 14582 482858
96400 14416 480712 14593 483288
96500 14428 481193 14611 483807
96600 14441 481720 14627 484280
96700 14454 482157 14641 484843
96800 14469 482590 14654 485410
96900 14480 482986 14663 486014
97000 14500 483515 14682 486485
97100 14514 484015 14696 486985
97200 14533 484481 14709 487519
97300 14547 485011 14718 487989
97400 14559 485475 14737 488525
97500 14567 485903 14748 489097
97600 14581 486393 14765 489607
97700 14601 486835 14779 490165
97800 14614 487421 14789 490579
97900 14636 487901 14798 491099
98000 14651 488342 14811 491658
98100 14668 488872 14820 492128
98200 14691 489328 14838 492672
98300 14711 489854 14859 493146
98400 14722 490361 14884 493639
98500 14738 490830 14909 494170
98600 14748 491378 14918 494622
98700 14771 491839 14932 495161
98800 14789 492337 14955 495663
98900 14800 492826 14976 496174
99000 14827 493310 14994 496690
99100 14840 493846 15011 497154
99200 14855 494291 15021 497709
99300 14871 494781 15030 498219
99400 14885 495295 15041 498705
99500 14900 495875 15058 499125
99600 14922 496377 15070 499623
99700 14941 496841 15087 500159
99800 14954 497331 15099 500669
99900 14972 497796 15115 501204
100000 14989 498299 15133 501701
100100 15001 498746 15145 502254
100200 15014 499150 15158 502850
100300 15024 499653 15170 503347
100400 15032 500186 15194 503814
100500 15046 500623 15203 504377
100600 15064 501054 15215 504946
100700 15081 501517 15231 505483
100800 15096 502035 15243 505965
100900 15112 502560 15259 506440
101000 15120 503041 15269 506959
101100 15126 503518 15281 507482
101200 15143 504017 15291 507983
101300 15157 504511 15302 508489
101400 15171 504908 15316 509092
101500 15182 505393 15331 509607
101600 15189 505886 15340 510114
101700 15200 506438 15359 510562
101800 15218 506925 15369 511075
101900 15230 507459 15377 511541
102000 15241 507942 15392 512058
102100 15251 508468 15407 512532
102200 15264 509018 15420 512982
102300 15272 509554 15422 513446
102400 15288 510018 15437 513982
102500 15305 510503 15444 514497
102600 15318 511014 15461 514986
102700 15338 511479 15471 515521
102800 15348 511997 15481 516003
102900 15357 512490 15495 516510
103000 15375 513114 15510 516886
103100 15393 513528 15518 517472
103200 15404 513972 15536 518028
103300 15425 514445 15558 518555
103400 15441 514916 15573 519084
103500 15457 515402 15593 519598
103600 15474 515904 15606 520096
103700 15490 516386 15622 520614
103800 15506 516866 15639 521134
103900 15514 517349 15663 521651
104000 15532 517818 15674 522182
104100 15550 518329 15688 522671
104200 15566 518856 15700 523144
104300 15579 519377 15715 523623
104400 15588 519926 15730 524074
104500 15604 520445 15747 524555
104600 15625 520989 15761 525011
104700 15635 521442 15779 525558
104800 15654 521939 15791 526061
104900 15663 522382 15802 526618
105000 15675 522902 15815 527098
105100 15685 523451 15826 527549
105200 15690 523949 15835 528051
105300 15707 524464 15852 528536
105400 15721 524955 15863 529045
105500 15738 525386 15877 529614
105600 15753 525917 15890 530083
105700 15774 526371 15902 530629
105800 15786 526838 15919 531162
105900 15795 527295 15939 531705
106000 15812 527800 15953 532200
106100 15817 528279 15970 532721
106200 15824 528814 15980 533186
106300 15842 529293 15990 533707
106400 15850 529702 16005 534298
106500 15858 530133 16020 534867
106600 15876 530643 16038 535357
106700 15897 531150 16052 535850
106800 15916 531674 16061 536326
106900 15937 532206 16075 536794
107000 15953 532753 16092 537247
107100 15963 533264 16102 537736
107200 15982 533736 16114 538264
107300 15995 534192 16125 538808
107400 16013 534714 16136 539286
107500 16027 535242 16151 539758
107600 16044 535750 16163 540250
107700 16054 536226 16172 540774
107800 16073 536833 16193 541167
107900 16087 537340 16208 541660
108000 16101 537827 16222 542173
108100 16118 538273 16243 542727
108200 16128 538709 16259 543291
108300 16148 539138 16267 543862
108400 16157 539587 16277 544413
108500 16166 540085 16288 544915
108600 16187 540547 16298 545453
108700 16204 541097 16315 545903
108800 16221 541520 16322 546480
108900 16238 541977 16340 547023
109000 16251 542513 16347 547487
109100 16265 543061 16364 547939
109200 16280 543527 16383 548473
109300 16296 544083 16399 548917
109400 16308 544546 16406 549454
109500 16318 545085 16417 549915
109600 16335 545573 16426 550427
109700 16351 546125 16444 550875
109800 16364 546609 16455 551391
109900 16378 547067 16470 551933
110000 16390 547596 16482 552404
110100 16402 548058 16495 552942
110200 16426 548535 16508 553465
110300 16445 549088 16520 553912
110400 16458 549579 16532 554421
110500 16474 550132 16551 554868
110600 16494 550613 16567 555387
110700 16501 551007 16580 555993
110800 16517 551557 16596 556443
110900 16536 552017 16608 556983
111000 16543 552510 16617 557490
111100 16560 553088 16639 557912
111200 16577 553551 16653 558449
111300 16586 554100 16664 558900
111400 16600 554563 16675 559437
111500 16618 555058 16690 559942
111600 16625 555542 16707 560458
111700 16647 556048 16719 560952
111800 16658 556574 16728 561426
111900 16673 557088 16748 561912
112000 16686 557620 16764 562380
112100 16699 558162 16780 562838
112200 16717 558732 16793 563268
112300 16727 559238 16804 563762
112400 16742 559766 16814 564234
112500 16756 560295 16831 564705
112600 16778 560802 16840 565198
112700 16794 561248 16849 565752
112800 16804 561766 16862 566234
112900 16816 562266 16876 566734
113000 16834 562777 16895 567223
113100 16844 563216 16910 567784
113200 16855 563704 16934 568296
113300 16865 564114 16946 568886
113400 16877 564619 16957 569381
113500 16886 565133 16966 569867
113600 16899 565625 16983 570375
113700 16911 566168 16994 570832
113800 16922 566680 17010 571320
113900 16933 567219 17030 571781
114000 16950 567692 17044 572308
114100 16958 568184 17057 572816
114200 16972 568692 17072 573308
114300 16985 569210 17082 573790
114400 17004 569717 17096 574283
114500 17019 570225 17103 574775
114600 17038 570685 17120 575315
114700 17051 571189 17136 575811
114800 17063 571762 17153 576238
114900 17076 572309 17166 576691
115000 17094 572824 17179 577176
115100 17112 573373 17198 577627
115200 17125 573930 17220 578070
115300 17142 574391 17239 578609
115400 17160 574814 17249 579186
115500 17184 575271 17261 579729
115600 17194 575838 17276 580162
115700 17204 576398 17289 580602
115800 17229 576933 17299 581067
115900 17238 577511 17317 581489
116000 17251 577933 17325 582067
116100 17263 578521 17341 582479
116200 17277 579014 17352 582986
116300 17292 579468 17372 583532
116400 17304 579928 17382 584072
116500 17316 580471 17402 584529
116600 17333 580984 17420 585016
116700 17344 581524 17433 585476
116800 17353 582037 17447 585963
116900 17365 582515 17460 586485
117000 17377 583064 17472 586936
117100 17389 583535 17479 587465
117200 17402 583999 17491 588001
117300 17416 584454 17501 588546
117400 17430 584954 17512 589046
117500 17444 585439 17536 589561
117600 17458 585946 17547 590054
117700 17478 586488 17563 590512
117800 17492 586986 17570 591014
117900 17511 587485 17593 591515
118000 17519 588004 17603 591996
118100 17527 588483 17619 592517
118200 17542 589034 17630 592966
118300 17559 589563 17650 593437
118400 17569 590049 17657 593951
118500 17586 590493 17679 594507
118600 17592 591009 17701 594991
118700 17608 591479 17717 595521
118800 17621 591958 17729 596042
118900 17636 592433 17737 596567
119000 17646 592961 17751 597039
119100 17655 593406 17766 597594
119200 17674 593927 17785 598073
119300 17691 594391 17800 598609
119400 17709 594853 17819 599147
119500 17720 595305 17834 599695
119600 17740 595830 17854 600170
119700 17760 596320 17873 600680
119800 17776 596784 17886 601216
119900 17788 597287 17893 601713
120000 17800 597815 17906 602185
120100 17813 598242 17921 602758
120200 17827 598737 17939 603263
120300 17839 599309 17951 603691
120400 17856 599745 17963 604255
120500 17876 600203 17980 604797
120600 17893 600690 17988 605310
120700 17905 601124 18006 605876
120800 17923 601692 18022 606308
120900 17941 602292 18036 606708
121000 17952 602873 18051 607127
121100 17973 603322 18077 607678
121200 17980 603811 18090 608189
121300 17995 604240 18099 608760
121400 18010 604823 18113 609177
121500 18029 605342 18130 609658
121600 18046 605934 18151 610066
121700 18063 606420 18159 610580
121800 18078 606901 18179 611099
121900 18089 607414 18195 611586
122000 18101 607921 18206 612079
122100 18115 608456 18217 612544
122200 18128 608991 18232 613009
122300 18146 609499 18243 613501
122400 18159 609980 18257 614020
122500 18168 610507 18276 614493
122600 18178 610952 18285 615048
122700 18182 611408 18300 615592
122800 18192 611917 18315 616083
122900 18206 612402 18328 616598
123000 18228 612874 18349 617126
123100 18239 613412 18360 617588
123200 18252 613884 18370 618116
123300 18266 614361 18383 618639
123400 18283 614853 18393 619147
123500 18298 615441 18410 619559
123600 18320 615918 18423 620082
123700 18329 616456 18430 620544
123800 18345 616915 18444 621085
123900 18353 617462 18453 621538
124000 18367 617991 18469 622009
124100 18380 618553 18487 622447
124200 18392 619019 18502 622981
124300 18408 619450 18511 623550
124400 18425 619937 18526 624063
124500 18438 620448 18549 624552
124600 18453 620897 18557 625103
124700 18470 621493 18577 625507
124800 18487 622022 18594 625978
124900 18504 622534 18601 626466
125000 18513 623034 18617 626966
125100 18521 623572 18631 627428
125200 18534 624136 18643 627864
125300 18556 624658 18654 628342
125400 18575 625240 18666 628760
125500 18582 625786 18680 629214
125600 18597 626279 18699 629721
125700 18617 626751 18715 630249
125800 18636 627249 18733 630751
125900 18647 627728 18742 631272
126000 18652 628194 18753 631806
126100 18665 628621 18763 632379
126200 18677 629213 18775 632787
126300 18692 629690 18794 633310
126400 18701 630148 18812 633852
126500 18714 630612 18831 634388
126600 18721 631102 18845 634898
126700 18731 631654 18864 635346
126800 18740 632175 18880 635825
126900 18747 632697 18891 636303
127000 18759 633167 18906 636833
127100 18773 633607 18914 637393
127200 18795 634186 18929 637814
127300 18812 634746 18942 638254
127400 18817 635271 18954 638729
127500 18837 635759 18965 639241
127600 18847 636317 18980 639683
127700 18862 636763 18996 640237
127800 18869 637250 19005 640750
127900 18883 637751 19021 641249
128000 18899 638161 19036 641839
128100 18924 638731 19053 642269
128200 18940 639217 19076 642783
128300 18958 639716 19088 643284
128400 18978 640247 19100 643753
128500 18998 640768 19122 644232
128600 19013 641332 19142 644668
128700 19026 641822 19155 645178
128800 19035 642349 19167 645651
128900 19043 642853 19189 646147
129000 19064 643320 19204 646680
129100 19081 643812 19219 647188
129200 19094 644232 19233 647768
129300 19117 644744 19246 648256
129400 19137 645298 19257 648702
129500 19152 645849 19274 649151
129600 19168 646387 19290 649613
129700 19190 646904 19308 650096
129800 19198 647416 19326 650584
129900 19215 647919 19349 651081
130000 19230 648387 19359 651613
130100 19242 648990 19369 652010
130200 19257 649521 19384 652479
130300 19275 650068 19406 652932
130400 19288 650562 19414 653438
130500 19302 651096 19430 653904
130600 19313 651702 19444 654298
130700 19321 652206 19464 654794
130800 19344 652752 19482 655248
130900 19354 653292 19496 655708
131000 19376 653862 19520 656138
131100 19393 654345 19532 656655
131200 19406 654799 19558 657201
131300 19419 655323 19567 657677
131400 19429 655801 19579 658199
131500 19445 656271 19590 658729
131600 19465 656721 19610 659279
131700 19478 657205 19630 659795
131800 19490 657735 19641 660265
131900 19505 658279 19651 660721
132000 19521 658827 19670 661173
132100 19538 659283 19689 661717
132200 19552 659746 19698 662254
132300 19570 660265 19717 662735
132400 19590 660760 19727 663240
132500 19606 661243 19739 663757
132600 19615 661794 19751 664206
132700 19630 662331 19765 664669
132800 19639 662916 19775 665084
132900 19652 663459 19788 665541
133000 19659 663953 19808 666047
133100 19672 664416 19823 666584
133200 19683 664896 19837 667104
133300 19694 665454 19847 667546
133400 19713 665976 19862 668024
133500 19730 666492 19870 668508
133600 19742 667070 19875 668930
133700 19762 667556 19887 669444
133800 19783 668042 19902 669958
133900 19799 668521 19910 670479
134000 19811 668990 19923 671010
134100 19823 669463 19931 671537
134200 19835 669859 19939 672141
134300 19850 670318 19949 672682
134400 19864 670794 19957 673206
134500 19882 671338 19973 673662
134600 19891 671839 19988 674161
134700 19906 672333 20001 674667
134800 19919 672841 20022 675159
134900 19927 673364 20042 675636
135000 19936 673800 20057 676200
135100 19954 674343 20070 676657
135200 19971 674909 20080 677091
135300 19987 675378 20095 677622
135400 19999 675852 20103 678148
135500 20014 676375 20117 678625
135600 20029 676867 20132 679133
135700 20043 677393 20143 679607
135800 20059 677902 20157 680098
135900 20081 678382 20180 680618
136000 20090 678898 20187 681102
136100 20106 679301 20200 681699
136200 20121 679797 20220 682203
136300 20134 680299 20238 682701
136400 20146 680803 20242 683197
136500 20159 681272 20250 683728
136600 20176 681724 20265 684276
136700 20185 682181 20276 684819
136800 20193 682647 20287 685353
136900 20205 683144 20299 685856
137000 20219 683622 20309 686378
137100 20232 684083 20320 686917
137200 20246 684625 20332 687375
137300 20265 685049 20346 687951
137400 20274 685466 20360 688534
137500 20293 685984 20375 689016
137600 20311 686503 20391 689497
137700 20328 686976 20411 690024
137800 20343 687490 20424 690510
137900 20360 688068 20441 690932
138000 20381 688596 20458 691404
138100 20398 689118 20472 691882
138200 20415 689552 20485 692448
138300 20431 690040 20496 692960
138400 20447 690560 20507 693440
138500 20463 691086 20526 693914
138600 20471 691485 20542 694515
138700 20487 691930 20557 695070
138800 20503 692514 20569 695486
138900 20523 693070 20581 695930
139000 20539 693602 20597 696398
139100 20563 694161 20609 696839
139200 20586 694629 20626 697371
139300 20597 695064 20643 697936
139400 20608 695528 20661 698472
139500 20625 696027 20679 698973
139600 20635 696518 20686 699482
139700 20643 696968 20692 700032
139800 20662 697445 20711 700555
139900 20677 698005 20722 700995
140000 20690 698511 20734 701489
140100 20705 699030 20745 701970
140200 20726 699485 20756 702515
140300 20736 700033 20763 702967
140400 20754 700510 20773 703490
140500 20770 700927 20785 704073
140600 20785 701477 20798 704523
140700 20803 702005 20810 704995
140800 20807 702575 20818 705425
140900 20824 703109 20839 705891
141000 20831 703685 20856 706315
141100 20852 704225 20873 706775
141200 20861 704717 20889 707283
141300 20874 705141 20904 707859
141400 20886 705588 20918 708412
141500 20908 706049 20937 708951
141600 20915 706512 20946 709488
141700 20927 707047 20961 709953
141800 20935 707562 20970 710438
141900 20953 708071 20989 710929
142000 20964 708571 21006 711429
142100 20977 709111 21023 711889
142200 20994 709580 21043 712420
142300 21013 710084 21062 712916
142400 21029 710533 21080 713467
142500 21049 711067 21094 713933
142600 21059 711578 21111 714422
142700 21081 712058 21121 714942
142800 21097 712529 21134 715471
142900 21108 712968 21148 716032
143000 21119 713549 21160 716451
143100 21135 714042 21172 716958
143200 21145 714609 21186 717391
143300 21169 715178 21201 717822
143400 21177 715728 21219 718272
143500 21187 716225 21236 718775
143600 21202 716698 21251 719302
143700 21224 717126 21266 719874
143800 21231 717713 21273 720287
143900 21243 718225 21282 720775
144000 21250 718754 21288 721246
144100 21259 719256 21303 721744
144200 21283 719696 21319 722304
144300 21294 720200 21329 722800
144400 21310 720784 21338 723216
144500 21328 721240 21364 723760
144600 21342 721710 21384 724290
144700 21366 722128 21401 724872
144800 21378 722638 21414 725362
144900 21394 723153 21432 725847
145000 21412 723696 21455 726304
145100 21425 724145 21471 726855
145200 21442 724624 21484 727376
145300 21455 725122 21490 727878
145400 21469 725592 21499 728408
145500 21489 726051 21508 728949
145600 21498 726558 21525 729442
145700 21511 727061 21540 729939
145800 21522 727473 21548 730527
145900 21534 728047 21563 730953
146000 21548 728594 21573 731406
146100 21560 729064 21577 731936
146200 21573 729537 21587 732463
146300 21581 730035 21595 732965
146400 21595 730555 21610 733445
146500 21610 731049 21626 733951
146600 21629 731608 21641 734392
146700 21643 732045 21648 734955
146800 21666 732554 21668 735446
146900 21672 733083 21685 735917
147000 21679 733616 21696 736384
147100 21689 734152 21708 736848
147200 21709 734609 21721 737391
147300 21724 735119 21734 737881
147400 21729 735653 21744 738347
147500 21738 736105 21759 738895
147600 21758 736624 21776 739376
147700 21772 737158 21788 739842
147800 21786 737712 21804 740288
147900 21799 738366 21827 740634
148000 21812 738871 21836 741129
148100 21827 739308 21844 741692
148200 21839 739841 21860 742159
148300 21862 740308 21875 742692
148400 21873 740834 21885 743166
148500 21883 741341 21895 743659
148600 21910 741908 21911 744092
148700 21922 742407 21922 744593
148800 21933 742853 21942 745147
148900 21946 743324 21955 745676
149000 21958 743850 21966 746150
149100 21968 744333 21988 746667
149200 21976 744853 21999 747147
149300 22000 745366 22011 747634
149400 22016 745849 22024 748151
149500 22030 746366 22033 748634
149600 22041 746909 22042 749091
149700 22051 747373 22052 749627
149800 22059 747849 22068 750151
149900 22079 748382 22087 750618
150000 22093 748876 22096 751124
150100 22100 749341 22119 751659
150200 22114 749835 22133 752165
150300 22124 750296 22151 752704
150400 22139 750785 22163 753215
150500 22156 751271 22173 753729
150600 22166 751731 22185 754269
150700 22175 752219 22193 754781
150800 22194 752740 22204 755260
150900 22207 753172 22223 755828
151000 22220 753706 22239 756294
151100 22231 754239 22250 756761
151200 22247 754858 22262 757142
151300 22259 755423 22280 757577
151400 22272 755879 22295 758121
151500 22292 756396 22316 758604
151600 22306 756905 22330 759095
151700 22327 757408 22352 759592
151800 22337 757913 22370 760087
151900 22357 758376 22385 760624
152000 22372 758885 22396 761115
152100 22384 759427 22407 761573
152200 22396 759916 22419 762084
152300 22411 760407 22436 762593
152400 22419 760898 22451 763102
152500 22438 761380 22460 763620
152600 22457 761878 22474 764122
152700 22470 762387 22485 764613
152800 22476 762913 22500 765087
152900 22489 763407 22512 765593
153000 22501 763943 22524 766057
153100 22509 764481 22537 766519
153200 22518 764927 22560 767073
153300 22531 765370 22569 767630
153400 22550 765870 22588 768130
153500 22559 766380 22603 768620
153600 22581 766844 22620 769156
153700 22600 767365 22642 769635
153800 22606 767890 22655 770110
153900 22625 768389 22670 770611
154000 22638 768834 22690 771166
154100 22666 769276 22712 771724
154200 22680 769800 22730 772200
154300 22685 770353 22741 772647
154400 22696 770784 22748 773216
154500 22709 771261 22760 773739
154600 22728 771848 22775 774152
154700 22750 772296 22785 774704
154800 22761 772783 22793 775217
154900 22771 773289 22806 775711
155000 22776 773743 22817 776257
155100 22791 774255 22830 776745
155200 22808 774772 22843 777228
155300 22828 775256 22857 777744
155400 22849 775761 22875 778239
155500 22858 776224 22894 778776
155600 22867 776680 22905 779320
155700 22885 777138 22923 779862
155800 22898 777648 22935 780352
155900 22911 778146 22955 780854
156000 22920 778591 22969 781409
156100 22938 779080 22980 781920
156200 22950 779554 22992 782446
156300 22961 780049 23007 782951
156400 22988 780523 23022 783477
156500 22998 781007 23031 783993
156600 23012 781492 23048 784508
156700 23038 782014 23062 784986
156800 23049 782542 23072 785458
156900 23068 783091 23081 785909
157000 23073 783549 23101 786451
157100 23089 783999 23116 787001
157200 23098 784444 23125 787556
157300 23108 784901 23143 788099
157400 23121 785421 23152 788579
157500 23135 785813 23163 789187
157600 23145 786313 23170 789687
157700 23161 786838 23184 790162
157800 23169 787301 23198 790699
157900 23184 787834 23218 791166
158000 23195 788310 23236 791690
158100 23209 788795 23252 792205
158200 23220 789282 23264 792718
158300 23240 789750 23277 793250
158400 23248 790308 23287 793692
158500 23257 790772 23296 794228
158600 23267 791272 23308 794728
158700 23279 791762 23324 795238
158800 23298 792294 23347 795706
158900 23322 792815 23365 796185
159000 23341 793283 23386 796717
159100 23357 793806 23402 797194
159200 23363 794350 23415 797650
159300 23376 794859 23438 798141
159400 23394 795399 23453 798601
159500 23408 795897 23466 799103
159600 23423 796381 23479 799619
159700 23435 796926 23489 800074
159800 23452 797473 23504 800527
159900 23462 797986 23514 801014
160000 23473 798461 23529 801539
160100 23496 798966 23543 802034
160200 23516 799466 23558 802534
160300 23528 799928 23573 803072
160400 23542 800462 23585 803538
160500 23550 800936 23594 804064
160600 23555 801412 23602 804588
160700 23564 801942 23613 805058
160800 23570 802440 23624 805560
160900 23589 802971 23635 806029
161000 23600 803522 23642 806478
161100 23618 804005 23662 806995
161200 23630 804528 23680 807472
161300 23638 805004 23695 807996
161400 23660 805513 23711 808487
161500 23674 806010 23727 808990
161600 23683 806528 23750 809472
161700 23701 806991 23764 810009
161800 23710 807410 23781 810590
161900 23729 807879 23802 811121
162000 23740 808389 23819 811611
162100 23762 808985 23837 812015
162200 23778 809480 23858 812520
162300 23787 809952 23869 813048
162400 23807 810446 23890 813554
162500 23819 810960 23904 814040
162600 23834 811401 23923 814599
162700 23847 811917 23929 815083
162800 23857 812462 23940 815538
162900 23879 812946 23953 816054
163000 23888 813446 23967 816554
163100 23903 813942 23979 817058
163200 23912 814389 23985 817611
163300 23922 814873 23997 818127
163400 23936 815307 24017 818693
163500 23948 815802 24026 819198
163600 23963 816315 24041 819685
163700 23983 816753 24072 820247
163800 24001 817250 24089 820750
163900 24017 817830 24102 821170
164000 24030 818363 24114 821637
164100 24038 818816 24128 822184
164200 24054 819347 24135 822653
164300 24071 819863 24144 823137
164400 24082 820311 24155 823689
164500 24098 820822 24170 824178
164600 24112 821314 24183 824686
164700 24121 821843 24196 825157
164800 24129 822323 24208 825677
164900 24144 822844 24220 826156
165000 24159 823297 24235 826703
165100 24172 823809 24248 827191
165200 24190 824285 24257 827715
165300 24202 824816 24268 828184
165400 24219 825335 24278 828665
165500 24237 825902 24288 829098
165600 24249 826424 24299 829576
165700 24259 826952 24312 830048
165800 24272 827456 24321 830544
165900 24285 827942 24333 831058
166000 24311 828436 24346 831564
166100 24328 828946 24362 832054
166200 24343 829390 24380 832610
166300 24356 829930 24398 833070
166400 24377 830374 24419 833626
166500 24395 830953 24435 834047
166600 24416 831430 24450 834570
166700 24428 831876 24459 835124
166800 24443 832367 24479 835633
166900 24453 832856 24489 836144
167000 24470 833318 24500 836682
167100 24481 833810 24508 837190
167200 24492 834266 24514 837734
167300 24508 834778 24531 838222
167400 24523 835347 24545 838653
167500 24535 835822 24561 839178
167600 24548 836305 24572 839695
167700 24563 836798 24589 840202
167800 24571 837269 24599 840731
167900 24592 837839 24610 841161
168000 24604 838341 24622 841659
168100 24623 838789 24631 842211
168200 24636 839332 24638 842668
168300 24649 839755 24650 843245
168400 24656 840240 24659 843760
168500 24670 840651 24674 844349
168600 24686 841132 24690 844868
168700 24710 841632 24703 845368
168800 24721 842114 24723 845886
168900 24737 842622 24737 846378
169000 24744 843161 24745 846839
169100 24763 843665 24756 847335
169200 24779 844196 24770 847804
169300 24790 844714 24784 848286
169400 24812 845213 24797 848787
169500 24825 845740 24818 849260
169600 24837 846212 24844 849788
169700 24850 846676 24851 850324
169800 24866 847175 24861 850825
169900 24882 847713 24878 851287
170000 24907 848309 24890 851691
170100 24923 848808 24902 852192
170200 24933 849271 24910 852729
170300 24959 849782 24927 853218
170400 24969 850223 24942 853777
170500 24981 850737 24949 854263
170600 24997 851255 24960 854745
170700 25011 851702 24978 855298
170800 25028 852194 24996 855806
170900 25044 852672 25007 856328
171000 25054 853140 25022 856860
171100 25072 853655 25035 857345
171200 25079 854128 25049 857872
171300 25090 854603 25059 858397
171400 25106 855084 25069 858916
171500 25121 855605 25089 859395
171600 25134 856058 25102 859942
171700 25153 856564 25116 860436
171800 25163 857107 25135 860893
171900 25173 857596 25145 861404
172000 25190 858118 25158 861882
172100 25208 858658 25175 862342
172200 25219 859048 25190 862952
172300 25228 859540 25201 863460
172400 25242 860059 25213 863941
172500 25248 860516 25225 864484
172600 25260 861011 25235 864989
172700 25269 861471 25248 865529
172800 25286 861981 25262 866019
172900 25304 862620 25277 866380
173000 25315 863126 25291 866874
173100 25325 863701 25311 867299
173200 25345 864209 25324 867791
173300 25364 864709 25335 868291
173400 25379 865221 25346 868779
173500 25399 865681 25363 869319
173600 25411 866127 25374 869873
173700 25431 866651 25380 870349
173800 25449 867164 25399 870836
173900 25462 867750 25412 871250
174000 25475 868181 25422 871819
174100 25492 868672 25434 872328
174200 25507 869149 25448 872851
174300 25521 869663 25476 873337
174400 25544 870118 25495 873882
174500 25557 870589 25514 874411
174600 25572 871054 25524 874946
174700 25587 871588 25537 875412
174800 25600 872098 25549 875902
174900 25616 872576 25566 876424
175000 25628 872949 25586 877051
175100 25650 873415 25609 877585
175200 25672 873904 25624 878096
175300 25689 874403 25643 878597
175400 25710 874869 25653 879131
175500 25717 875300 25664 879700
175600 25735 875797 25689 880203
175700 25756 876254 25705 880746
175800 25767 876758 25721 881242
175900 25788 877288 25731 881712
176000 25795 877787 25744 882213
176100 25809 878289 25758 882711
176200 25828 878781 25770 883219
176300 25843 879326 25783 883674
176400 25862 879913 25796 884087
176500 25870 880465 25812 884535
176600 25886 880969 25835 885031
176700 25895 881460 25846 885540
176800 25917 881980 25854 886020
176900 25926 882515 25869 886485
177000 25940 883047 25884 886953
177100 25950 883564 25893 887436
177200 25962 884036 25910 887964
177300 25975 884494 25915 888506
177400 25990 884970 25924 889030
177500 26006 885508 25935 889492
177600 26025 885997 25947 890003
177700 26040 886500 25960 890500
177800 26053 886956 25975 891044
177900 26075 887533 25984 891467
178000 26093 888034 26005 891966
178100 26102 888503 26015 892497
178200 26124 888946 26030 893054
178300 26133 889550 26038 893450
178400 26147 890028 26055 893972
178500 26157 890481 26067 894519
178600 26163 891003 26079 894997
178700 26176 891495 26093 895505
178800 26192 891946 26102 896054
178900 26209 892495 26124 896505
179000 26224 893004 26149 896996
179100 26237 893560 26161 897440
179200 26254 893997 26174 898003
179300 26267 894549 26185 898451
179400 26286 895079 26198 898921
179500 26304 895573 26216 899427
179600 26321 895977 26234 900023
179700 26334 896422 26251 900578
179800 26365 896883 26269 901117
179900 26373 897460 26282 901540
180000 26385 897929 26295 902071
180100 26398 898441 26308 902559
180200 26415 898903 26318 903097
180300 26429 899413 26331 903587
180400 26443 899963 26339 904037
180500 26452 900495 26348 904505
180600 26460 901017 26356 904983
180700 26478 901494 26372 905506
180800 26493 902040 26395 905960
180900 26512 902603 26416 906397
181000 26526 903048 26433 906952
181100 26539 903507 26449 907493
181200 26555 903966 26464 908034
181300 26569 904411 26481 908589
181400 26578 904895 26499 909105
181500 26596 905466 26519 909534
181600 26611 905943 26536 910057
181700 26621 906431 26548 910569
181800 26631 906958 26564 911042
181900 26648 907493 26575 911507
182000 26655 907969 26589 912031
182100 26668 908449 26607 912551
182200 26680 908914 26619 913086
182300 26695 909417 26633 913583
182400 26706 909964 26649 914036
182500 26718 910476 26665 914524
182600 26734 910937 26688 915063
182700 26747 911464 26704 915536
182800 26759 911931 26715 916069
182900 26778 912445 26730 916555
183000 26788 912964 26744 917036
183100 26804 913374 26756 917626
183200 26823 913947 26772 918053
183300 26834 914469 26782 918531
183400 26845 914913 26791 919087
183500 26860 915354 26806 919646
183600 26885 915837 26825 920163
183700 26900 916325 26843 920675
183800 26917 916808 26854 921192
183900 26927 917427 26866 921573
184000 26944 917999 26877 922001
184100 26959 918561 26895 922439
184200 26979 919036 26907 922964
184300 26993 919541 26930 923459
184400 27015 920080 26949 923920
184500 27027 920569 26966 924431
184600 27041 921030 26990 924970
184700 27049 921470 26998 925530
184800 27063 921955 27010 926045
184900 27080 922478 27026 926522
185000 27101 922954 27044 927046
185100 27121 923369 27053 927631
185200 27133 923865 27068 928135
185300 27144 924368 27080 928632
185400 27156 924850 27091 929150
185500 27170 925327 27107 929673
185600 27183 925805 27123 930195
185700 27191 926264 27134 930736
185800 27207 926729 27151 931271
185900 27217 927227 27160 931773
186000 27231 927714 27164 932286
186100 27246 928214 27174 932786
186200 27261 928647 27183 933353
186300 27274 929067 27190 933933
186400 27288 929632 27206 934368
186500 27301 930199 27224 934801
186600 27316 930738 27241 935262
186700 27324 931252 27252 935748
186800 27331 931799 27265 936201
186900 27345 932270 27275 936730
187000 27362 932819 27295 937181
187100 27379 933328 27311 937672
187200 27392 933801 27319 938199
187300 27406 934247 27330 938753
187400 27426 934721 27343 939279
187500 27436 935187 27354 939813
187600 27454 935672 27377 940328
187700 27477 936193 27396 940807
187800 27494 936687 27410 941313
187900 27514 937180 27429 941820
188000 27520 937697 27441 942303
188100 27529 938192 27462 942808
188200 27543 938682 27477 943318
188300 27555 939166 27508 943834
188400 27569 939671 27518 944329
188500 27584 940115 27536 944885
188600 27598 940617 27549 945383
188700 27610 941072 27560 945928
188800 27626 941570 27570 946430
188900 27633 942011 27588 946989
189000 27645 942456 27600 947544
189100 27656 942880 27607 948120
189200 27668 943406 27618 948594
189300 27680 943886 27628 949114
189400 27698 944388 27645 949612
189500 27711 944881 27655 950119
189600 27720 945377 27667 950623
189700 27730 945909 27678 951091
189800 27741 946343 27696 951657
189900 27750 946778 27706 952222
190000 27766 947285 27718 952715
190100 27779 947860 27728 953140
190200 27798 948380 27745 953620
190300 27813 948907 27756 954093
190400 27832 949405 27773 954595
190500 27852 949945 27788 955055
190600 27868 950440 27801 955560
190700 27886 950945 27822 956055
190800 27900 951435 27831 956565
190900 27914 951906 27841 957094
191000 27929 952373 27852 957627
191100 27944 952851 27871 958149
191200 27965 953316 27895 958684
191300 27981 953774 27917 959226
191400 27990 954275 27932 959725
191500 28005 954741 27942 960259
191600 28022 955241 27954 960759
191700 28044 955805 27966 961195
191800 28054 956284 27985 961716
191900 28075 956812 28001 962188
192000 28095 957328 28017 962672
192100 28104 957828 28028 963172
192200 28120 958343 28042 963657
192300 28143 958868 28059 964132
192400 28154 959404 28072 964596
192500 28161 959933 28085 965067
192600 28186 960448 28102 965552
192700 28194 960933 28110 966067
192800 28213 961520 28129 966480
192900 28242 962011 28148 966989
193000 28252 962576 28162 967424
193100 28263 963119 28180 967881
193200 28278 963586 28203 968414
193300 28290 964088 28226 968912
193400 28307 964482 28246 969518
193500 28319 964908 28258 970092
193600 28336 965428 28268 970572
193700 28351 966013 28279 970987
193800 28369 966510 28289 971490
193900 28384 967034 28300 971966
194000 28402 967579 28318 972421
194100 28414 968089 28333 972911
194200 28440 968575 28356 973425
194300 28452 969040 28367 973960
194400 28468 969557 28378 974443
194500 28486 970050 28392 974950
194600 28497 970553 28406 975447
194700 28510 971042 28425 975958
194800 28528 971527 28434 976473
194900 28545 972037 28445 976963
195000 28571 972547 28462 977453
195100 28585 973028 28474 977972
195200 28599 973543 28485 978457
195300 28615 974113 28499 978887
195400 28627 974706 28512 979294
195500 28651 975144 28532 979856
195600 28679 975663 28550 980337
195700 28696 976142 28561 980858
195800 28710 976634 28577 981366
195900 28730 977074 28589 981926
196000 28744 977576 28601 982424
196100 28761 978105 28616 982895
196200 28771 978645 28629 983355
196300 28786 979125 28645 983875
196400 28809 979591 28658 984409
196500 28824 980177 28673 984823
196600 28843 980791 28687 985209
196700 28860 981261 28703 985739
196800 28877 981777 28718 986223
196900 28893 982260 28733 986740
197000 28912 982825 28751 987175
197100 28926 983348 28762 987652
197200 28943 983874 28777 988126
197300 28951 984321 28794 988679
197400 28968 984847 28806 989153
197500 28982 985266 28818 989734
197600 28990 985774 28834 990226
197700 29001 986219 28844 990781
197800 29023 986740 28857 991260
197900 29035 987245 28872 991755
198000 29053 987830 28879 992170
198100 29071 988326 28894 992674
198200 29083 988781 28904 993219
198300 29096 989220 28919 993780
198400 29115 989757 28931 994243
198500 29125 990190 28954 994810
198600 29140 990641 28968 995359
198700 29158 991125 28986 995875
198800 29178 991582 29002 996418
198900 29191 992011 29020 996989
199000 29203 992460 29043 997540
199100 29221 992932 29058 998068
199200 29240 993491 29079 998509
199300 29251 993955 29094 999045
199400 29265 994362 29109 999638
199500 29281 994844 29126 1000156
199600 29300 995434 29153 1000566
199700 29317 995960 29171 1001040
199800 29329 996470 29187 1001530
199900 29341 996945 29207 1002055
200000 29361 997378 29220 1002622
