#! FIELDS timestep dup_succ dup_attempts kill_succ kill_attempts
#! SET timestep 0.5
#! SET kernel_bandwidth [0.25 0.25]
#! SET kt 1.0
100 112 340 111 660
200 222 711 210 1289
300 319 1093 311 1907
400 406 1516 410 2484
500 457 1926 483 3074
600 504 2275 523 3725
700 542 2657 556 4343
800 569 3120 584 4880
900 584 3584 598 5416
1000 605 4108 611 5892
1100 612 4631 632 6369
1200 636 5149 652 6851
1300 649 5693 668 7307
1400 665 6186 687 7814
1500 684 6655 699 8345
1600 698 7121 715 8879
1700 716 7593 729 9407
1800 738 8031 744 9969
1900 755 8499 755 10501
2000 771 8986 775 11014
2100 780 9521 789 11479
2200 805 10014 804 11986
2300 825 10474 825 12526
2400 838 10942 840 13058
2500 855 11427 854 13573
2600 867 11948 868 14052
2700 882 12486 883 14514
2800 902 13017 914 14983
2900 923 13476 933 15524
3000 938 13985 949 16015
3100 955 14493 962 16507
3200 972 15040 981 16960
3300 993 15531 1001 17469
3400 1009 16029 1014 17971
3500 1019 16529 1025 18471
3600 1036 17061 1045 18939
3700 1047 17560 1052 19440
3800 1065 18073 1066 19927
3900 1089 18587 1082 20413
4000 1102 19111 1090 20889
4100 1113 19587 1111 21413
4200 1133 20077 1128 21923
4300 1150 20544 1145 22456
4400 1168 21069 1156 22931
4500 1187 21554 1169 23446
4600 1203 22023 1186 23977
4700 1224 22587 1198 24413
4800 1237 23079 1218 24921
4900 1251 23597 1234 25403
5000 1270 24089 1253 25911
5100 1292 24571 1273 26429
5200 1305 25014 1294 26986
5300 1320 25508 1314 27492
5400 1342 25997 1333 28003
5500 1353 26494 1349 28506
5600 1362 27033 1366 28967
5700 1377 27546 1387 29454
5800 1397 28024 1406 29976
5900 1412 28465 1428 30535
6000 1438 28936 1447 31064
6100 1452 29503 1468 31497
6200 1462 29950 1482 32050
6300 1474 30475 1504 32525
6400 1485 30999 1518 33001
6500 1512 31495 1530 33505
6600 1529 32067 1550 33933
6700 1548 32586 1567 34414
6800 1564 33084 1583 34916
6900 1583 33634 1605 35366
7000 1597 34163 1619 35837
7100 1615 34703 1631 36297
7200 1632 35169 1643 36831
7300 1645 35596 1655 37404
7400 1661 36145 1677 37855
7500 1675 36618 1699 38382
7600 1696 37153 1725 38847
7700 1711 37642 1743 39358
7800 1729 38176 1770 39824
7900 1740 38645 1784 40355
8000 1757 39105 1801 40895
8100 1780 39612 1828 41388
8200 1792 40165 1842 41835
8300 1811 40715 1859 42285
8400 1831 41230 1873 42770
8500 1848 41765 1883 43235
8600 1867 42211 1895 43789
8700 1883 42778 1912 44222
8800 1897 43286 1924 44714
8900 1908 43787 1947 45213
9000 1924 44337 1966 45663
9100 1946 44815 1982 46185
9200 1960 45293 2000 46707
9300 1979 45715 2022 47285
9400 2003 46175 2043 47825
9500 2018 46637 2075 48363
9600 2029 47168 2087 48832
9700 2040 47674 2101 49326
9800 2053 48202 2114 49798
9900 2068 48751 2128 50249
10000 2082 49223 2143 50777
10100 2097 49706 2165 51294
10200 2114 50226 2180 51774
10300 2131 50760 2199 52240
10400 2148 51280 2214 52720
10500 2157 51756 2233 53244
10600 2176 52185 2250 53815
10700 2184 52735 2266 54265
10800 2198 53217 2279 54783
10900 2213 53643 2297 55357
11000 2235 54140 2316 55860
11100 2258 54645 2333 56355
11200 2272 55173 2350 56827
11300 2290 55710 2372 57290
11400 2310 56249 2394 57751
11500 2323 56712 2409 58288
11600 2330 57240 2418 58760
11700 2349 57749 2439 59251
11800 2365 58263 2459 59737
11900 2385 58755 2480 60245
12000 2407 59296 2497 60704
12100 2432 59843 2520 61157
12200 2441 60323 2535 61677
12300 2456 60772 2549 62228
12400 2476 61304 2570 62696
12500 2498 61817 2593 63183
12600 2515 62296 2613 63704
12700 2530 62834 2631 64166
12800 2546 63344 2657 64656
12900 2559 63799 2669 65201
13000 2574 64250 2692 65750
13100 2586 64707 2706 66293
13200 2605 65208 2723 66792
13300 2632 65623 2733 67377
13400 2651 66132 2754 67868
13500 2664 66612 2776 68388
13600 2692 67107 2792 68893
13700 2718 67564 2816 69436
13800 2732 67993 2836 70007
13900 2749 68471 2857 70529
14000 2765 68942 2873 71058
14100 2791 69473 2897 71527
14200 2808 70021 2907 71979
14300 2819 70579 2917 72421
14400 2844 71126 2927 72874
14500 2857 71563 2951 73437
14600 2876 72073 2974 73927
14700 2894 72607 2995 74393
14800 2912 73097 3011 74903
14900 2928 73569 3035 75431
15000 2943 74067 3053 75933
15100 2959 74580 3068 76420
15200 2979 75099 3084 76901
15300 2997 75636 3102 77364
15400 3027 76236 3122 77764
15500 3048 76779 3141 78221
15600 3065 77283 3168 78717
15700 3082 77776 3187 79224
15800 3102 78292 3207 79708
15900 3113 78755 3230 80245
16000 3124 79266 3246 80734
16100 3151 79753 3266 81247
16200 3164 80188 3284 81812
16300 3178 80650 3297 82350
16400 3193 81094 3311 82906
16500 3215 81646 3331 83354
16600 3243 82138 3356 83862
16700 3258 82601 3379 84399
16800 3280 83096 3396 84904
16900 3294 83571 3408 85429
17000 3305 84066 3419 85934
17100 3315 84589 3432 86411
17200 3329 85035 3450 86965
17300 3348 85518 3460 87482
17400 3362 86016 3478 87984
17500 3375 86464 3486 88536
17600 3388 87089 3507 88911
17700 3414 87608 3522 89392
17800 3436 88154 3539 89846
17900 3453 88723 3564 90277
18000 3473 89274 3583 90726
18100 3494 89757 3603 91243
18200 3511 90291 3618 91709
18300 3528 90746 3643 92254
18400 3548 91245 3655 92755
18500 3572 91761 3673 93239
18600 3592 92251 3692 93749
18700 3606 92804 3703 94196
18800 3628 93330 3726 94670
18900 3647 93815 3754 95185
19000 3670 94281 3773 95719
19100 3688 94782 3792 96218
19200 3700 95283 3809 96717
19300 3720 95808 3829 97192
19400 3740 96275 3850 97725
19500 3756 96735 3872 98265
19600 3772 97241 3897 98759
19700 3793 97730 3916 99270
19800 3812 98256 3940 99744
19900 3834 98805 3961 100195
20000 3846 99320 3982 100680
20100 3861 99873 3991 101127
20200 3875 100383 4009 101617
20300 3890 100896 4023 102104
20400 3905 101342 4039 102658
20500 3920 101813 4054 103187
20600 3939 102275 4069 103725
20700 3953 102770 4094 104230
20800 3970 103319 4111 104681
20900 3991 103796 4124 105204
21000 4000 104352 4147 105648
21100 4019 104801 4161 106199
21200 4038 105287 4173 106713
21300 4063 105747 4194 107253
21400 4087 106225 4208 107775
21500 4108 106666 4222 108334
21600 4130 107145 4235 108855
21700 4152 107629 4250 109371
21800 4170 108123 4263 109877
21900 4188 108618 4277 110382
22000 4211 109159 4297 110841
22100 4228 109665 4315 111335
22200 4243 110149 4329 111851
22300 4257 110660 4347 112340
22400 4273 111156 4362 112844
22500 4292 111706 4385 113294
22600 4305 112193 4397 113807
22700 4329 112670 4415 114330
22800 4344 113197 4427 114803
22900 4366 113745 4446 115255
23000 4377 114182 4463 115818
23100 4390 114646 4486 116354
23200 4404 115186 4502 116814
23300 4420 115650 4520 117350
23400 4438 116119 4539 117881
23500 4450 116627 4550 118373
23600 4470 117187 4564 118813
23700 4489 117650 4578 119350
23800 4509 118162 4597 119838
23900 4531 118663 4620 120337
24000 4551 119121 4634 120879
24100 4570 119618 4657 121382
24200 4577 120099 4668 121901
24300 4582 120575 4682 122425
24400 4585 121070 4697 122930
24500 4603 121643 4714 123357
24600 4615 122191 4729 123809
24700 4630 122722 4749 124278
24800 4649 123154 4769 124846
24900 4668 123657 4786 125343
25000 4703 124132 4800 125868
25100 4730 124630 4819 126370
25200 4748 125159 4842 126841
25300 4780 125671 4861 127329
25400 4803 126165 4881 127835
25500 4817 126679 4900 128321
25600 4826 127171 4923 128829
25700 4847 127593 4949 129407
25800 4869 128108 4967 129892
25900 4879 128583 4977 130417
26000 4897 129036 4992 130964
26100 4912 129558 5008 131442
26200 4932 130108 5028 131892
26300 4955 130626 5050 132374
26400 4977 131156 5069 132844
26500 4989 131657 5080 133343
26600 5002 132200 5101 133800
26700 5013 132667 5119 134333
26800 5026 133162 5128 134838
26900 5043 133694 5146 135306
27000 5059 134155 5158 135845
27100 5074 134617 5174 136383
27200 5087 135094 5195 136906
27300 5105 135630 5205 137370
27400 5122 136163 5219 137837
27500 5134 136667 5237 138333
27600 5151 137227 5250 138773
27700 5163 137702 5264 139298
27800 5177 138196 5274 139804
27900 5193 138736 5294 140264
28000 5211 139181 5301 140819
28100 5223 139644 5315 141356
28200 5244 140124 5343 141876
28300 5261 140610 5360 142390
28400 5273 141081 5373 142919
28500 5291 141540 5393 143460
28600 5304 141913 5412 144087
28700 5316 142357 5424 144643
28800 5328 142857 5437 145143
28900 5342 143386 5461 145614
29000 5360 143910 5479 146090
29100 5375 144383 5500 146617
29200 5395 144873 5521 147127
29300 5411 145373 5538 147627
29400 5431 145835 5561 148165
29500 5447 146307 5577 148693
29600 5458 146889 5593 149111
29700 5476 147399 5611 149601
29800 5493 147870 5618 150130
29900 5506 148360 5634 150640
30000 5525 148873 5650 151127
30100 5536 149324 5667 151676
30200 5557 149866 5682 152134
30300 5569 150450 5695 152550
30400 5582 151011 5709 152989
30500 5603 151586 5726 153414
30600 5618 151999 5751 154001
30700 5632 152470 5771 154530
30800 5648 152936 5786 155064
30900 5672 153431 5808 155569
31000 5689 153953 5824 156047
31100 5700 154440 5843 156560
31200 5715 154951 5865 157049
31300 5733 155391 5888 157609
31400 5752 155949 5910 158051
31500 5773 156457 5927 158543
31600 5786 157006 5944 158994
31700 5800 157485 5960 159515
31800 5820 157995 5987 160005
31900 5834 158450 6000 160550
32000 5849 158886 6013 161114
32100 5864 159379 6027 161621
32200 5883 159904 6047 162096
32300 5899 160444 6067 162556
32400 5923 160999 6085 163001
32500 5939 161488 6097 163512
32600 5955 162004 6115 163996
32700 5971 162559 6128 164441
32800 5991 163030 6141 164970
32900 6009 163506 6166 165494
33000 6027 164009 6195 165991
33100 6040 164473 6209 166527
33200 6058 164951 6221 167049
33300 6077 165458 6242 167542
33400 6098 166012 6263 167988
33500 6114 166536 6286 168464
33600 6121 167003 6300 168997
33700 6135 167525 6318 169475
33800 6158 168011 6334 169989
33900 6185 168494 6348 170506
34000 6205 168994 6370 171006
34100 6229 169542 6394 171458
34200 6241 170111 6409 171889
34300 6257 170648 6430 172352
34400 6276 171137 6449 172863
34500 6292 171643 6472 173357
34600 6308 172177 6489 173823
34700 6332 172676 6501 174324
34800 6349 173187 6519 174813
34900 6360 173722 6534 175278
35000 6378 174225 6547 175775
35100 6398 174739 6565 176261
35200 6415 175268 6580 176732
35300 6438 175746 6599 177254
35400 6457 176288 6624 177712
35500 6470 176794 6637 178206
35600 6484 177307 6651 178693
35700 6497 177758 6665 179242
35800 6515 178252 6677 179748
35900 6531 178743 6706 180257
36000 6553 179287 6725 180713
36100 6571 179812 6735 181188
36200 6594 180277 6752 181723
36300 6617 180771 6767 182229
36400 6634 181296 6785 182704
36500 6645 181784 6803 183216
36600 6654 182242 6819 183758
36700 6672 182768 6843 184232
36800 6691 183249 6866 184751
36900 6708 183784 6884 185216
37000 6728 184250 6902 185750
37100 6748 184672 6915 186328
37200 6763 185181 6939 186819
37300 6778 185650 6964 187350
37400 6793 186071 6986 187929
37500 6812 186531 7001 188469
37600 6834 187017 7028 188983
37700 6848 187498 7040 189502
37800 6859 187999 7060 190001
37900 6876 188563 7076 190437
38000 6894 189033 7093 190967
38100 6906 189603 7111 191397
38200 6923 190093 7124 191907
38300 6943 190588 7141 192412
38400 6964 191133 7169 192867
38500 6986 191635 7190 193365
38600 7009 192160 7203 193840
38700 7023 192631 7218 194369
38800 7041 193123 7235 194877
38900 7056 193638 7250 195362
39000 7073 194156 7268 195844
39100 7087 194654 7276 196346
39200 7103 195122 7283 196878
39300 7116 195668 7292 197332
39400 7132 196168 7310 197832
39500 7151 196717 7326 198283
39600 7169 197217 7349 198783
39700 7186 197742 7367 199258
39800 7196 198240 7381 199760
39900 7210 198752 7403 200248
40000 7224 199232 7418 200768
40100 7242 199752 7439 201248
40200 7268 200187 7456 201813
40300 7279 200730 7470 202270
40400 7299 201201 7487 202799
40500 7326 201701 7505 203299
40600 7345 202152 7519 203848
40700 7358 202653 7535 204347
40800 7377 203159 7553 204841
40900 7393 203668 7567 205332
41000 7406 204189 7581 205811
41100 7427 204649 7606 206351
41200 7438 205135 7627 206865
41300 7446 205638 7643 207362
41400 7462 206190 7652 207810
41500 7477 206690 7662 208310
41600 7496 207209 7672 208791
41700 7504 207768 7682 209232
41800 7528 208291 7703 209709
41900 7545 208822 7715 210178
42000 7564 209288 7731 210712
42100 7580 209845 7762 211155
42200 7592 210357 7781 211643
42300 7612 210821 7796 212179
42400 7627 211334 7812 212666
42500 7637 211832 7826 213168
42600 7649 212288 7847 213712
42700 7662 212772 7864 214228
42800 7683 213201 7879 214799
42900 7703 213748 7899 215252
43000 7720 214195 7921 215805
43100 7738 214696 7938 216304
43200 7749 215153 7953 216847
43300 7756 215648 7969 217352
43400 7771 216160 7981 217840
43500 7785 216620 7993 218380
43600 7805 217084 8008 218916
43700 7827 217554 8034 219446
43800 7847 218036 8053 219964
43900 7868 218549 8072 220451
44000 7888 219089 8093 220911
44100 7905 219610 8109 221390
44200 7920 220117 8133 221883
44300 7938 220592 8144 222408
44400 7948 221095 8160 222905
44500 7974 221595 8186 223405
44600 7989 222120 8210 223880
44700 8004 222698 8227 224302
44800 8018 223167 8249 224833
44900 8043 223689 8264 225311
45000 8060 224238 8280 225762
45100 8080 224715 8295 226285
45200 8094 225165 8308 226835
45300 8109 225677 8322 227323
45400 8117 226200 8344 227800
45500 8137 226661 8360 228339
45600 8152 227157 8374 228843
45700 8169 227710 8388 229290
45800 8187 228230 8405 229770
45900 8207 228696 8430 230304
46000 8233 229179 8445 230821
46100 8250 229700 8465 231300
46200 8269 230203 8487 231797
46300 8297 230703 8506 232297
46400 8310 231215 8520 232785
46500 8336 231746 8534 233254
46600 8350 232237 8556 233763
46700 8375 232730 8571 234270
46800 8396 233221 8585 234779
46900 8416 233743 8610 235257
47000 8433 234260 8625 235740
47100 8447 234685 8636 236315
47200 8465 235191 8655 236809
47300 8476 235694 8676 237306
47400 8485 236164 8686 237836
47500 8500 236748 8710 238252
47600 8514 237256 8742 238744
47700 8535 237731 8768 239269
47800 8554 238238 8785 239762
47900 8577 238700 8798 240300
48000 8594 239181 8818 240819
48100 8616 239681 8839 241319
48200 8638 240196 8861 241804
48300 8652 240696 8874 242304
48400 8662 241222 8891 242778
48500 8683 241768 8907 243232
48600 8704 242228 8927 243772
48700 8717 242769 8941 244231
48800 8741 243273 8961 244727
48900 8775 243729 8977 245271
49000 8785 244210 9000 245790
49100 8797 244687 9015 246313
49200 8812 245188 9030 246812
49300 8831 245629 9052 247371
49400 8857 246143 9070 247857
49500 8871 246646 9090 248354
49600 8884 247165 9111 248835
49700 8894 247622 9125 249378
49800 8907 248183 9140 249817
49900 8934 248676 9160 250324
50000 8949 249120 9173 250880
50100 8967 249592 9185 251408
50200 8981 250090 9196 251910
50300 8994 250557 9226 252443
50400 9010 251030 9236 252970
50500 9026 251453 9256 253547
50600 9037 251973 9269 254027
50700 9057 252502 9294 254498
50800 9082 252952 9308 255048
50900 9099 253439 9321 255561
51000 9124 253922 9341 256078
51100 9143 254450 9361 256550
51200 9167 254949 9380 257051
51300 9194 255505 9397 257495
51400 9210 256001 9415 257999
51500 9225 256498 9428 258502
51600 9242 256999 9440 259001
51700 9253 257501 9457 259499
51800 9267 258037 9468 259963
51900 9294 258577 9486 260423
52000 9305 259078 9498 260922
52100 9323 259617 9514 261383
52200 9341 260151 9532 261849
52300 9360 260636 9551 262364
52400 9379 261181 9566 262819
52500 9401 261685 9580 263315
52600 9420 262182 9593 263818
52700 9438 262715 9613 264285
52800 9454 263234 9635 264766
52900 9475 263785 9644 265215
53000 9486 264298 9661 265702
53100 9504 264843 9685 266157
53200 9525 265328 9704 266672
53300 9542 265828 9733 267172
53400 9557 266345 9745 267655
53500 9581 266844 9768 268156
53600 9603 267327 9788 268673
53700 9614 267757 9811 269243
53800 9635 268241 9827 269759
53900 9645 268795 9841 270205
54000 9663 269348 9857 270652
54100 9677 269835 9879 271165
54200 9692 270353 9897 271647
54300 9714 270896 9913 272104
54400 9729 271314 9923 272686
54500 9751 271786 9939 273214
54600 9770 272302 9960 273698
54700 9780 272781 9971 274219
54800 9793 273285 9986 274715
54900 9812 273736 10003 275264
55000 9827 274307 10021 275693
55100 9843 274847 10046 276153
55200 9859 275330 10061 276670
55300 9877 275836 10072 277164
55400 9887 276316 10090 277684
55500 9905 276859 10106 278141
55600 9926 277396 10126 278604
55700 9947 277936 10146 279064
55800 9960 278407 10165 279593
55900 9976 278881 10183 280119
56000 9989 279322 10196 280678
56100 10007 279816 10209 281184
56200 10022 280281 10222 281719
56300 10041 280764 10240 282236
56400 10061 281229 10261 282771
56500 10078 281691 10287 283309
56600 10093 282179 10303 283821
56700 10113 282652 10323 284348
56800 10126 283176 10337 284824
56900 10142 283687 10354 285313
57000 10156 284203 10368 285797
57100 10174 284676 10380 286324
57200 10184 285164 10392 286836
57300 10212 285695 10408 287305
57400 10229 286235 10427 287765
57500 10247 286711 10440 288289
57600 10259 287210 10459 288790
57700 10277 287725 10484 289275
57800 10300 288180 10503 289820
57900 10320 288658 10522 290342
58000 10328 289164 10534 290836
58100 10349 289641 10556 291359
58200 10361 290167 10570 291833
58300 10379 290632 10588 292368
58400 10395 291125 10595 292875
58500 10414 291621 10612 293379
58600 10433 292118 10629 293882
58700 10453 292657 10655 294343
58800 10469 293121 10673 294879
58900 10486 293579 10696 295421
59000 10517 294106 10708 295894
59100 10527 294598 10714 296402
59200 10543 295123 10729 296877
59300 10566 295639 10749 297361
59400 10583 296098 10764 297902
59500 10607 296566 10786 298434
59600 10630 297056 10805 298944
59700 10645 297581 10817 299419
59800 10661 298144 10837 299856
59900 10692 298690 10861 300310
60000 10710 299200 10881 300800
60100 10729 299808 10893 301192
60200 10744 300332 10914 301668
60300 10760 300852 10927 302148
60400 10776 301374 10939 302626
60500 10794 301873 10958 303127
60600 10810 302370 10981 303630
60700 10827 302779 10999 304221
60800 10845 303306 11021 304694
60900 10859 303766 11034 305234
61000 10878 304239 11047 305761
61100 10898 304754 11060 306246
61200 10917 305222 11077 306778
61300 10937 305673 11091 307327
61400 10956 306189 11107 307811
61500 10967 306719 11130 308281
61600 10975 307310 11136 308690
61700 10996 307853 11154 309147
61800 11026 308382 11168 309618
61900 11044 308834 11187 310166
62000 11061 309339 11200 310661
62100 11072 309842 11216 311158
62200 11089 310330 11233 311670
62300 11113 310833 11254 312167
62400 11130 311364 11273 312636
62500 11147 311894 11291 313106
62600 11167 312436 11306 313564
62700 11180 312970 11320 314030
62800 11201 313491 11345 314509
62900 11221 313953 11368 315047
63000 11237 314466 11382 315534
63100 11256 314960 11397 316040
63200 11275 315481 11408 316519
63300 11294 316019 11428 316981
63400 11320 316528 11443 317472
63500 11339 317059 11464 317941
63600 11351 317538 11476 318462
63700 11366 317998 11490 319002
63800 11396 318536 11514 319464
63900 11421 319033 11532 319967
64000 11437 319552 11550 320448
64100 11452 320053 11566 320947
64200 11469 320503 11580 321497
64300 11491 321018 11602 321982
64400 11508 321487 11620 322513
64500 11521 321951 11633 323049
64600 11535 322498 11653 323502
64700 11554 323016 11671 323984
64800 11568 323525 11688 324475
64900 11589 324029 11713 324971
65000 11606 324494 11728 325506
65100 11624 324981 11748 326019
65200 11641 325483 11762 326517
65300 11657 325989 11775 327011
65400 11670 326511 11792 327489
65500 11687 326996 11806 328004
65600 11700 327428 11823 328572
65700 11719 327908 11841 329092
65800 11742 328387 11859 329613
65900 11764 328871 11881 330129
66000 11781 329391 11893 330609
66100 11799 329953 11913 331047
66200 11813 330476 11935 331524
66300 11829 331017 11956 331983
66400 11850 331492 11971 332508
66500 11869 332038 11983 332962
66600 11886 332506 11998 333494
66700 11909 332993 12015 334007
66800 11935 333491 12035 334509
66900 11951 333926 12052 335074
67000 11975 334445 12071 335555
67100 11985 334920 12097 336080
67200 11996 335398 12120 336602
67300 12017 335928 12140 337072
67400 12033 336485 12153 337515
67500 12053 337037 12170 337963
67600 12070 337495 12190 338505
67700 12086 337975 12208 339025
67800 12095 338413 12225 339587
67900 12110 338889 12243 340111
68000 12126 339362 12258 340638
68100 12139 339781 12270 341219
68200 12158 340249 12289 341751
68300 12181 340729 12304 342271
68400 12207 341194 12318 342806
68500 12224 341611 12329 343389
68600 12241 342085 12349 343915
68700 12257 342618 12369 344382
68800 12273 343085 12386 344915
68900 12289 343554 12405 345446
69000 12306 344001 12420 345999
69100 12322 344513 12439 346487
69200 12330 344969 12457 347031
69300 12346 345410 12472 347590
69400 12360 345922 12492 348078
69500 12389 346415 12511 348585
69600 12411 346868 12528 349132
69700 12435 347450 12543 349550
69800 12453 347942 12562 350058
69900 12473 348438 12579 350562
70000 12487 348976 12593 351024
70100 12499 349445 12605 351555
70200 12514 350085 12622 351915
70300 12525 350622 12639 352378
70400 12541 351119 12654 352881
70500 12565 351620 12675 353380
70600 12582 352093 12692 353907
70700 12599 352582 12711 354418
70800 12616 352986 12730 355014
70900 12643 353483 12744 355517
71000 12664 353901 12765 356099
71100 12676 354425 12778 356575
71200 12699 354898 12793 357102
71300 12718 355404 12814 357596
71400 12744 355956 12831 358044
71500 12758 356475 12847 358525
71600 12776 356921 12865 359079
71700 12797 357459 12890 359541
71800 12807 357943 12914 360057
71900 12827 358533 12930 360467
72000 12852 359074 12952 360926
72100 12868 359600 12970 361400
72200 12891 360123 12991 361877
72300 12905 360620 13003 362380
72400 12923 361146 13020 362854
72500 12939 361606 13037 363394
72600 12948 362093 13046 363907
72700 12962 362584 13058 364416
72800 12982 363048 13078 364952
72900 12990 363552 13105 365448
73000 13012 363983 13128 366017
73100 13024 364482 13144 366518
73200 13043 365020 13161 366980
73300 13063 365510 13176 367490
73400 13080 366043 13193 367957
73500 13095 366550 13207 368450
73600 13117 367009 13232 368991
73700 13135 367504 13252 369496
73800 13151 367999 13270 370001
73900 13168 368503 13289 370497
74000 13183 368974 13310 371026
74100 13197 369407 13327 371593
74200 13211 369961 13352 372039
74300 13228 370440 13365 372560
74400 13250 370946 13380 373054
74500 13264 371420 13400 373580
74600 13278 371925 13416 374075
74700 13288 372407 13430 374593
74800 13308 372913 13447 375087
74900 13324 373453 13463 375547
75000 13345 373947 13486 376053
75100 13363 374507 13515 376493
75200 13384 375002 13531 376998
75300 13404 375485 13555 377515
75400 13424 375967 13577 378033
75500 13439 376488 13591 378512
75600 13458 376948 13609 379052
75700 13473 377450 13625 379550
75800 13495 377934 13641 380066
75900 13510 378426 13659 380574
76000 13522 378954 13674 381046
76100 13542 379462 13697 381538
76200 13558 379935 13721 382065
76300 13579 380417 13732 382583
76400 13598 380939 13751 383061
76500 13626 381413 13771 383587
76600 13644 381899 13792 384101
76700 13658 382392 13806 384608
76800 13676 382945 13829 385055
76900 13694 383470 13850 385530
77000 13706 383962 13865 386038
77100 13726 384455 13884 386545
77200 13741 384989 13906 387011
77300 13764 385490 13929 387510
77400 13779 386031 13947 387969
77500 13787 386569 13962 388431
77600 13808 387088 13975 388912
77700 13824 387522 13991 389478
77800 13842 388041 14014 389959
77900 13859 388541 14033 390459
78000 13876 389017 14049 390983
78100 13893 389517 14065 391483
78200 13912 389977 14083 392023
78300 13935 390467 14101 392533
78400 13953 391015 14120 392985
78500 13966 391509 14141 393491
78600 13986 392029 14153 393971
78700 14004 392492 14172 394508
78800 14018 393030 14182 394970
78900 14038 393505 14205 395495
79000 14061 393993 14224 396007
79100 14074 394541 14241 396459
79200 14095 395063 14260 396937
79300 14104 395564 14275 397436
79400 14137 396009 14288 397991
79500 14155 396479 14306 398521
79600 14166 396966 14320 399034
79700 14191 397475 14339 399525
79800 14206 397946 14357 400054
79900 14217 398380 14378 400620
80000 14236 398827 14393 401173
80100 14253 399342 14415 401658
80200 14272 399826 14433 402174
80300 14286 400306 14453 402694
80400 14312 400828 14471 403172
80500 14329 401345 14486 403655
80600 14355 401894 14506 404106
80700 14377 402373 14529 404627
80800 14387 402859 14543 405141
80900 14405 403364 14567 405636
81000 14428 403911 14586 406089
81100 14452 404419 14616 406581
81200 14473 404878 14640 407122
81300 14486 405403 14656 407597
81400 14505 405921 14676 408079
81500 14523 406401 14686 408599
81600 14537 406839 14699 409161
81700 14553 407368 14711 409632
81800 14572 407934 14722 410066
81900 14588 408408 14733 410592
82000 14604 408931 14745 411069
82100 14621 409438 14764 411562
82200 14634 409940 14774 412060
82300 14649 410455 14785 412545
82400 14662 410990 14801 413010
82500 14676 411487 14819 413513
82600 14694 412039 14834 413961
82700 14700 412531 14842 414469
82800 14720 413027 14863 414973
82900 14741 413503 14881 415497
83000 14762 414032 14900 415968
83100 14783 414505 14922 416495
83200 14808 414987 14936 417013
83300 14828 415515 14955 417485
83400 14850 415998 14972 418002
83500 14863 416456 14986 418544
83600 14891 416975 15005 419025
83700 14910 417462 15024 419538
83800 14929 417977 15040 420023
83900 14942 418498 15053 420502
84000 14961 418956 15069 421044
84100 14974 419431 15084 421569
84200 14995 419942 15111 422058
84300 15008 420422 15127 422578
84400 15029 420904 15147 423096
84500 15052 421348 15166 423652
84600 15065 421787 15190 424213
84700 15080 422249 15204 424751
84800 15091 422663 15216 425337
84900 15100 423109 15231 425891
85000 15116 423566 15249 426434
85100 15131 424087 15265 426913
85200 15148 424546 15287 427454
85300 15166 425041 15302 427959
85400 15185 425523 15319 428477
85500 15197 426057 15327 428943
85600 15213 426576 15344 429424
85700 15227 427008 15352 429992
85800 15238 427408 15361 430592
85900 15250 427875 15370 431125
86000 15267 428468 15387 431532
86100 15286 428962 15399 432038
86200 15293 429473 15415 432527
86300 15308 429945 15429 433055
86400 15320 430440 15451 433560
86500 15330 430933 15473 434067
86600 15348 431493 15486 434507
86700 15360 431996 15496 435004
86800 15383 432455 15519 435545
86900 15401 432992 15532 436008
87000 15417 433497 15554 436503
87100 15430 433943 15574 437057
87200 15445 434433 15589 437567
87300 15461 434901 15606 438099
87400 15476 435431 15624 438569
87500 15487 435912 15647 439088
87600 15501 436414 15663 439586
87700 15528 436902 15683 440098
87800 15553 437385 15697 440615
87900 15568 437919 15713 441081
88000 15583 438422 15730 441578
88100 15596 438922 15747 442078
88200 15618 439466 15766 442534
88300 15634 439957 15783 443043
88400 15651 440495 15803 443505
88500 15667 440969 15820 444031
88600 15680 441454 15841 444546
88700 15712 441935 15870 445065
88800 15728 442396 15889 445604
88900 15750 442910 15906 446090
89000 15771 443393 15924 446607
89100 15788 443897 15949 447103
89200 15803 444351 15969 447649
89300 15826 444853 15990 448147
89400 15841 445360 16011 448640
89500 15853 445834 16019 449166
89600 15868 446327 16029 449673
89700 15879 446773 16049 450227
89800 15889 447327 16056 450673
89900 15905 447854 16065 451146
90000 15926 448431 16080 451569
90100 15941 448855 16098 452145
90200 15965 449383 16111 452617
90300 15979 449821 16126 453179
90400 15998 450233 16142 453767
90500 16019 450660 16160 454340
90600 16039 451168 16176 454832
90700 16056 451617 16195 455383
90800 16072 452080 16216 455920
90900 16085 452627 16235 456373
91000 16095 453157 16251 456843
91100 16116 453673 16263 457327
91200 16140 454141 16278 457859
91300 16154 454682 16291 458318
91400 16166 455188 16305 458812
91500 16185 455760 16320 459240
91600 16192 456303 16334 459697
91700 16211 456825 16361 460175
91800 16230 457319 16381 460681
91900 16246 457851 16401 461149
92000 16261 458351 16410 461649
92100 16274 458839 16441 462161
92200 16295 459345 16467 462655
92300 16311 459802 16483 463198
92400 16328 460268 16499 463732
92500 16341 460753 16515 464247
92600 16360 461263 16531 464737
92700 16371 461802 16545 465198
92800 16382 462232 16564 465768
92900 16403 462731 16582 466269
93000 16423 463300 16599 466700
93100 16448 463784 16627 467216
93200 16468 464271 16645 467729
93300 16494 464740 16665 468260
93400 16512 465263 16683 468737
93500 16526 465736 16693 469264
93600 16542 466198 16709 469802
93700 16555 466689 16731 470311
93800 16563 467218 16747 470782
93900 16578 467779 16764 471221
94000 16602 468263 16777 471737
94100 16622 468798 16794 472202
94200 16642 469298 16813 472702
94300 16667 469801 16833 473199
94400 16690 470367 16854 473633
94500 16710 470956 16880 474044
94600 16731 471433 16911 474567
94700 16752 471954 16928 475046
94800 16766 472467 16947 475533
94900 16786 473026 16964 475974
95000 16799 473597 16986 476403
95100 16820 474113 17004 476887
95200 16841 474622 17024 477378
95300 16849 475071 17037 477929
95400 16860 475484 17059 478516
95500 16879 475919 17072 479081
95600 16905 476459 17095 479541
95700 16934 476981 17106 480019
95800 16949 477479 17120 480521
95900 16971 478029 17136 480971
96000 16985 478518 17154 481482
96100 17012 479028 17170 481972
96200 17023 479527 17187 482473
96300 17042 480012 17196 482988
96400 17059 480553 17218 483447
96500 17075 481048 17229 483952
96600 17092 481510 17253 484490
96700 17112 481959 17261 485041
96800 17131 482484 17282 485516
96900 17148 483068 17293 485932
97000 17166 483511 17305 486489
97100 17176 483999 17314 487001
97200 17201 484475 17335 487525
97300 17217 484987 17352 488013
97400 17232 485542 17371 488458
97500 17248 486039 17387 488961
97600 17263 486506 17410 489494
97700 17288 486989 17426 490011
97800 17310 487600 17445 490400
97900 17334 488131 17471 490869
98000 17355 488641 17492 491359
98100 17368 489121 17514 491879
98200 17392 489674 17544 492326
98300 17411 490166 17571 492834
98400 17430 490673 17591 493327
98500 17442 491128 17608 493872
98600 17467 491617 17626 494383
98700 17479 492103 17644 494897
98800 17495 492563 17656 495437
98900 17516 493080 17675 495920
99000 17534 493549 17687 496451
99100 17547 494071 17708 496929
99200 17558 494661 17727 497339
99300 17570 495110 17746 497890
99400 17586 495586 17763 498414
99500 17605 496108 17779 498892
99600 17619 496643 17793 499357
99700 17633 497124 17812 499876
99800 17649 497603 17832 500397
99900 17664 498082 17854 500918
100000 17680 498598 17868 501402
100100 17694 499168 17882 501832
100200 17708 499649 17897 502351
100300 17733 500096 17911 502904
100400 17748 500591 17919 503409
100500 17763 501093 17933 503907
100600 17772 501589 17950 504411
100700 17788 502044 17964 504956
100800 17805 502546 17983 505454
100900 17830 503024 17997 505976
101000 17846 503500 18019 506500
101100 17862 504051 18037 506949
101200 17875 504572 18047 507428
101300 17888 505018 18063 507982
101400 17901 505470 18081 508530
101500 17921 505947 18093 509053
101600 17931 506399 18098 509601
101700 17957 506902 18116 510098
101800 17972 507353 18131 510647
101900 17990 507789 18156 511211
102000 18003 508275 18168 511725
102100 18018 508770 18180 512230
102200 18034 509214 18197 512786
102300 18056 509681 18215 513319
102400 18068 510108 18231 513892
102500 18084 510565 18241 514435
102600 18112 511027 18277 514973
102700 18126 511515 18301 515485
102800 18145 512029 18318 515971
102900 18161 512498 18333 516502
103000 18177 512993 18352 517007
103100 18199 513492 18370 517508
103200 18213 513982 18385 518018
103300 18229 514487 18399 518513
103400 18258 514974 18428 519026
103500 18275 515511 18443 519489
103600 18290 516067 18455 519933
103700 18312 516572 18471 520428
103800 18326 517108 18489 520892
103900 18345 517646 18499 521354
104000 18354 518149 18504 521851
104100 18369 518617 18523 522383
104200 18379 519129 18538 522871
104300 18387 519627 18550 523373
104400 18405 520181 18564 523819
104500 18418 520678 18572 524322
104600 18440 521176 18590 524824
104700 18460 521658 18612 525342
104800 18478 522137 18629 525863
104900 18491 522608 18647 526392
105000 18519 523103 18662 526897
105100 18544 523621 18672 527379
105200 18568 524104 18684 527896
105300 18575 524629 18697 528371
105400 18597 525152 18714 528848
105500 18616 525651 18727 529349
105600 18631 526153 18744 529847
105700 18647 526633 18753 530367
105800 18662 527111 18775 530889
105900 18676 527532 18798 531468
106000 18695 528045 18818 531955
106100 18712 528540 18837 532460
106200 18733 529023 18855 532977
106300 18754 529482 18876 533518
106400 18768 529958 18899 534042
106500 18787 530427 18926 534573
106600 18809 530995 18953 535005
106700 18824 531543 18976 535457
106800 18833 532030 18995 535970
106900 18851 532597 19011 536403
107000 18873 533116 19018 536884
107100 18886 533607 19032 537393
107200 18900 534157 19046 537843
107300 18919 534625 19066 538375
107400 18936 535150 19085 538850
107500 18945 535667 19105 539333
107600 18965 536173 19127 539827
107700 18987 536681 19140 540319
107800 19001 537203 19162 540797
107900 19020 537716 19187 541284
108000 19041 538281 19204 541719
108100 19060 538732 19218 542268
108200 19084 539258 19240 542742
108300 19092 539724 19249 543276
108400 19108 540249 19280 543751
108500 19117 540693 19296 544307
108600 19127 541185 19311 544815
108700 19141 541692 19321 545308
108800 19155 542142 19339 545858
108900 19164 542631 19352 546369
109000 19183 543154 19378 546846
109100 19204 543635 19394 547365
109200 19217 544142 19420 547858
109300 19229 544688 19435 548312
109400 19248 545247 19443 548753
109500 19262 545798 19460 549202
109600 19284 546257 19476 549743
109700 19295 546755 19493 550245
109800 19315 547236 19514 550764
109900 19328 547712 19525 551288
110000 19348 548211 19546 551789
110100 19360 548682 19564 552318
110200 19378 549126 19583 552874
110300 19389 549606 19600 553394
110400 19405 550131 19617 553869
110500 19417 550659 19642 554341
110600 19431 551166 19660 554834
110700 19451 551611 19676 555389
110800 19468 552148 19693 555852
110900 19481 552601 19708 556399
111000 19498 553084 19735 556916
111100 19511 553589 19746 557411
111200 19523 554168 19763 557832
111300 19535 554645 19777 558355
111400 19546 555133 19796 558867
111500 19560 555564 19814 559436
111600 19573 556071 19828 559929
111700 19580 556520 19837 560480
111800 19597 556994 19857 561006
111900 19610 557505 19874 561495
112000 19626 557999 19890 562001
112100 19644 558563 19901 562437
112200 19664 559061 19922 562939
112300 19681 559550 19938 563450
112400 19698 560035 19963 563965
112500 19708 560528 19981 564472
112600 19722 561032 19996 564968
112700 19741 561537 20009 565463
112800 19752 562000 20022 566000
112900 19771 562533 20041 566467
113000 19785 563034 20063 566966
113100 19807 563515 20080 567485
113200 19820 564031 20096 567969
113300 19830 564499 20121 568501
113400 19850 564965 20136 569035
113500 19868 565449 20157 569551
113600 19892 565914 20181 570086
113700 19913 566400 20206 570600
113800 19931 566896 20235 571104
113900 19957 567362 20250 571638
114000 19976 567803 20267 572197
114100 19991 568292 20288 572708
114200 20017 568819 20318 573181
114300 20028 569271 20327 573729
114400 20046 569770 20344 574230
114500 20069 570203 20364 574797
114600 20085 570695 20378 575305
114700 20097 571168 20394 575832
114800 20117 571693 20411 576307
114900 20135 572147 20423 576853
115000 20162 572622 20442 577378
115100 20187 573171 20469 577829
115200 20206 573669 20490 578331
115300 20225 574146 20503 578854
115400 20244 574671 20519 579329
115500 20258 575189 20537 579811
115600 20271 575690 20552 580310
115700 20293 576255 20570 580745
115800 20322 576875 20589 581125
115900 20338 577336 20607 581664
116000 20358 577777 20628 582223
116100 20381 578252 20645 582748
116200 20388 578824 20659 583176
116300 20406 579340 20670 583660
116400 20424 579836 20687 584164
116500 20431 580300 20699 584700
116600 20455 580796 20727 585204
116700 20479 581320 20748 585680
116800 20491 581836 20757 586164
116900 20512 582331 20771 586669
117000 20536 582824 20790 587176
117100 20553 583295 20808 587705
117200 20567 583729 20825 588271
117300 20583 584228 20845 588772
117400 20606 584691 20868 589309
117500 20624 585186 20884 589814
117600 20641 585665 20897 590335
117700 20653 586173 20918 590827
117800 20672 586685 20933 591315
117900 20683 587182 20955 591818
118000 20708 587634 20973 592366
118100 20726 588118 20986 592882
118200 20742 588637 21003 593363
118300 20755 589141 21017 593859
118400 20774 589559 21046 594441
118500 20799 590055 21063 594945
118600 20816 590489 21079 595511
118700 20830 590980 21100 596020
118800 20851 591455 21121 596545
118900 20865 591915 21143 597085
119000 20880 592436 21168 597564
119100 20894 592897 21183 598103
119200 20908 593375 21200 598625
119300 20929 593863 21219 599137
119400 20948 594350 21230 599650
119500 20971 594837 21252 600163
119600 20993 595282 21275 600718
119700 21013 595759 21302 601241
119800 21027 596213 21316 601787
119900 21043 596704 21333 602296
120000 21068 597183 21355 602817
120100 21082 597783 21379 603217
120200 21098 598297 21400 603703
120300 21126 598831 21415 604169
120400 21139 599350 21430 604650
120500 21155 599862 21447 605138
120600 21178 600348 21463 605652
120700 21192 600869 21485 606131
120800 21215 601374 21498 606626
120900 21236 601879 21510 607121
121000 21256 602380 21523 607620
121100 21272 602940 21534 608060
121200 21284 603475 21553 608525
121300 21306 603986 21562 609014
121400 21333 604487 21577 609513
121500 21349 605003 21593 609997
121600 21372 605516 21618 610484
121700 21394 606067 21638 610933
121800 21412 606553 21661 611447
121900 21425 607003 21681 611997
122000 21447 607410 21704 612590
122100 21467 607852 21731 613148
122200 21484 608331 21756 613669
122300 21501 608844 21766 614156
122400 21515 609346 21789 614654
122500 21539 609857 21800 615143
122600 21560 610362 21823 615638
122700 21587 610843 21837 616157
122800 21609 611395 21856 616605
122900 21623 611923 21867 617077
123000 21647 612436 21887 617564
123100 21662 613007 21903 617993
123200 21681 613537 21919 618463
123300 21699 613983 21937 619017
123400 21716 614464 21957 619536
123500 21731 614924 21975 620076
123600 21753 615494 21996 620506
123700 21783 616036 22020 620964
123800 21807 616575 22050 621425
123900 21823 617067 22070 621933
124000 21831 617499 22089 622501
124100 21849 618030 22101 622970
124200 21865 618535 22118 623465
124300 21877 618971 22131 624029
124400 21895 619454 22142 624546
124500 21907 619938 22170 625062
124600 21935 620429 22181 625571
124700 21959 620948 22204 626052
124800 21980 621424 22218 626576
124900 22005 621883 22235 627117
125000 22027 622399 22248 627601
125100 22043 622885 22270 628115
125200 22059 623381 22292 628619
125300 22074 623839 22307 629161
125400 22097 624439 22327 629561
125500 22111 625031 22345 629969
125600 22123 625478 22361 630522
125700 22145 625974 22377 631026
125800 22167 626479 22399 631521
125900 22189 627001 22419 631999
126000 22206 627497 22439 632503
126100 22227 628028 22459 632972
126200 22244 628539 22467 633461
126300 22259 629045 22489 633955
126400 22277 629486 22507 634514
126500 22293 630038 22525 634962
126600 22303 630544 22538 635456
126700 22323 631040 22557 635960
126800 22339 631555 22573 636445
126900 22354 632075 22596 636925
127000 22373 632568 22608 637432
127100 22387 633069 22631 637931
127200 22411 633556 22659 638444
127300 22425 633983 22681 639017
127400 22441 634462 22691 639538
127500 22456 634979 22708 640021
127600 22479 635452 22729 640548
127700 22493 635934 22747 641066
127800 22505 636472 22759 641528
127900 22515 636972 22767 642028
128000 22526 637522 22781 642478
128100 22544 638078 22795 642922
128200 22563 638574 22809 643426
128300 22586 639052 22832 643948
128400 22616 639507 22855 644493
128500 22635 640000 22881 645000
128600 22648 640488 22897 645512
128700 22655 641012 22917 645988
128800 22679 641484 22933 646516
128900 22696 641994 22944 647006
129000 22717 642491 22957 647509
129100 22736 643036 22973 647964
129200 22751 643524 22999 648476
129300 22774 644026 23013 648974
129400 22789 644533 23038 649467
129500 22806 645063 23054 649937
129600 22826 645538 23072 650462
129700 22834 646000 23091 651000
129800 22851 646509 23105 651491
129900 22872 647017 23129 651983
130000 22893 647539 23153 652461
130100 22910 648062 23169 652938
130200 22932 648519 23187 653481
130300 22951 649032 23208 653968
130400 22969 649564 23226 654436
130500 22988 650031 23239 654969
130600 23008 650518 23257 655482
130700 23026 651023 23274 655977
130800 23046 651546 23294 656454
130900 23061 652058 23310 656942
131000 23088 652600 23322 657400
131100 23105 653040 23340 657960
131200 23115 653613 23359 658387
131300 23127 654178 23373 658822
131400 23142 654698 23391 659302
131500 23159 655159 23407 659841
131600 23184 655609 23428 660391
131700 23202 656066 23439 660934
131800 23215 656600 23458 661400
131900 23228 657134 23476 661866
132000 23245 657636 23491 662364
132100 23266 658153 23509 662847
132200 23290 658657 23527 663343
132300 23310 659107 23544 663893
132400 23329 659668 23556 664332
132500 23349 660207 23582 664793
132600 23361 660707 23590 665293
132700 23377 661244 23612 665756
132800 23394 661764 23633 666236
132900 23412 662279 23651 666721
133000 23429 662802 23664 667198
133100 23441 663247 23680 667753
133200 23462 663729 23697 668271
133300 23478 664235 23715 668765
133400 23496 664753 23735 669247
133500 23511 665213 23755 669787
133600 23536 665712 23772 670288
133700 23554 666240 23793 670760
133800 23576 666800 23820 671200
133900 23588 667278 23836 671722
134000 23609 667776 23856 672224
134100 23624 668384 23866 672616
134200 23650 668885 23888 673115
134300 23665 669402 23910 673598
134400 23684 669958 23927 674042
134500 23696 670469 23949 674531
134600 23723 670934 23963 675066
134700 23740 671469 23979 675531
134800 23751 672004 23993 675996
134900 23769 672494 24014 676506
135000 23777 673011 24022 676989
135100 23786 673513 24035 677487
135200 23813 674021 24052 677979
135300 23833 674559 24064 678441
135400 23847 675065 24081 678935
135500 23875 675585 24097 679415
135600 23890 676068 24109 679932
135700 23898 676487 24119 680513
135800 23918 676958 24136 681042
135900 23935 677450 24155 681550
136000 23945 677958 24173 682042
136100 23961 678499 24190 682501
136200 23982 678981 24206 683019
136300 24008 679491 24225 683509
136400 24018 679958 24240 684042
136500 24032 680473 24256 684527
136600 24044 680964 24273 685036
136700 24063 681459 24294 685541
136800 24073 681940 24310 686060
136900 24090 682418 24328 686582
137000 24110 682910 24339 687090
137100 24126 683442 24365 687558
137200 24143 683985 24384 688015
137300 24149 684483 24406 688517
137400 24164 684974 24417 689026
137500 24180 685431 24437 689569
137600 24206 685917 24454 690083
137700 24220 686521 24470 690479
137800 24234 687065 24485 690935
137900 24245 687586 24502 691414
138000 24256 688069 24519 691931
138100 24274 688514 24531 692486
138200 24297 688980 24553 693020
138300 24322 689488 24570 693512
138400 24339 689987 24583 694013
138500 24356 690518 24599 694482
138600 24377 691023 24612 694977
138700 24395 691542 24637 695458
138800 24415 692096 24649 695904
138900 24430 692609 24670 696391
139000 24446 693110 24683 696890
139100 24465 693561 24703 697439
139200 24484 694063 24722 697937
139300 24496 694596 24743 698404
139400 24509 695127 24752 698873
139500 24526 695702 24776 699298
139600 24552 696140 24793 699860
139700 24563 696639 24806 700361
139800 24581 697126 24821 700874
139900 24599 697640 24839 701360
140000 24620 698120 24850 701880
140100 24633 698599 24867 702401
140200 24648 699116 24883 702884
140300 24665 699559 24901 703441
140400 24688 700030 24917 703970
140500 24703 700561 24932 704439
140600 24716 701028 24949 704972
140700 24741 701545 24960 705455
140800 24759 702041 24970 705959
140900 24777 702515 24989 706485
141000 24789 703050 25000 706950
141100 24806 703555 25021 707445
141200 24822 704077 25040 707923
141300 24845 704609 25061 708391
141400 24861 705122 25086 708878
141500 24873 705604 25100 709396
141600 24888 706061 25118 709939
141700 24904 706551 25142 710449
141800 24914 707023 25158 710977
141900 24931 707499 25169 711501
142000 24949 707983 25180 712017
142100 24970 708515 25200 712485
142200 24990 709053 25212 712947
142300 25001 709598 25228 713402
142400 25017 710050 25243 713950
142500 25035 710575 25255 714425
142600 25047 711032 25267 714968
142700 25066 711478 25289 715522
142800 25079 711961 25306 716039
142900 25094 712464 25321 716536
143000 25111 712956 25338 717044
143100 25128 713467 25350 717533
143200 25146 713938 25374 718062
143300 25162 714436 25389 718564
143400 25173 714986 25407 719014
143500 25192 715455 25429 719545
143600 25221 715915 25447 720085
143700 25243 716404 25470 720596
143800 25257 716965 25476 721035
143900 25272 717473 25486 721527
144000 25285 718003 25502 721997
144100 25304 718497 25519 722503
144200 25318 718967 25537 723033
144300 25330 719548 25556 723452
144400 25353 720022 25579 723978
144500 25374 720553 25605 724447
144600 25394 721038 25620 724962
144700 25412 721480 25639 725520
144800 25432 721986 25657 726014
144900 25451 722497 25679 726503
145000 25471 722982 25692 727018
145100 25489 723439 25705 727561
145200 25509 723971 25725 728029
145300 25521 724432 25736 728568
145400 25539 724931 25757 729069
145500 25551 725464 25769 729536
145600 25571 726016 25785 729984
145700 25585 726477 25805 730523
145800 25598 726981 25821 731019
145900 25615 727454 25837 731546
146000 25631 727913 25851 732087
146100 25652 728418 25871 732582
146200 25673 728890 25885 733110
146300 25686 729394 25894 733606
146400 25699 729939 25909 734061
146500 25717 730412 25930 734588
146600 25731 730911 25959 735089
146700 25755 731437 25982 735563
146800 25775 731966 26001 736034
146900 25797 732502 26030 736498
147000 25821 732951 26045 737049
147100 25839 733465 26064 737535
147200 25850 734009 26085 737991
147300 25871 734438 26108 738562
147400 25889 734916 26124 739084
147500 25901 735393 26144 739607
147600 25922 735854 26163 740146
147700 25934 736323 26179 740677
147800 25943 736820 26203 741180
147900 25958 737373 26221 741627
148000 25979 737860 26236 742140
148100 26003 738402 26255 742598
148200 26020 738906 26280 743094
148300 26028 739369 26292 743631
148400 26048 739865 26313 744135
148500 26065 740288 26331 744712
148600 26079 740761 26348 745239
148700 26099 741286 26372 745714
148800 26117 741783 26393 746217
148900 26132 742277 26407 746723
149000 26158 742752 26419 747248
149100 26173 743274 26435 747726
149200 26198 743732 26452 748268
149300 26219 744235 26468 748765
149400 26240 744749 26490 749251
149500 26261 745278 26501 749722
149600 26276 745759 26508 750241
149700 26290 746222 26528 750778
149800 26307 746679 26546 751321
149900 26327 747178 26566 751822
150000 26345 747705 26585 752295
150100 26376 748172 26604 752828
150200 26390 748632 26620 753368
150300 26415 749111 26642 753889
150400 26436 749638 26657 754362
150500 26454 750187 26672 754813
150600 26475 750639 26685 755361
150700 26494 751124 26702 755876
150800 26520 751645 26735 756355
150900 26540 752107 26754 756893
151000 26553 752604 26773 757396
151100 26571 753169 26787 757831
151200 26592 753673 26799 758327
151300 26604 754108 26816 758892
151400 26621 754576 26836 759424
151500 26641 755097 26855 759903
151600 26665 755608 26875 760392
151700 26684 756119 26887 760881
151800 26700 756593 26894 761407
151900 26714 757075 26905 761925
152000 26738 757611 26919 762389
152100 26752 758097 26937 762903
152200 26767 758635 26952 763365
152300 26779 759123 26973 763877
152400 26795 759558 26984 764442
152500 26815 760085 27000 764915
152600 26834 760550 27012 765450
152700 26849 761048 27026 765952
152800 26860 761566 27044 766434
152900 26877 762073 27062 766927
153000 26890 762579 27091 767421
153100 26914 763130 27105 767870
153200 26927 763642 27118 768358
153300 26935 764112 27129 768888
153400 26949 764563 27147 769437
153500 26966 765018 27161 769982
153600 26988 765514 27177 770486
153700 27006 765964 27187 771036
153800 27019 766429 27196 771571
153900 27034 766941 27209 772059
154000 27050 767421 27233 772579
154100 27067 767923 27253 773077
154200 27089 768378 27272 773622
154300 27109 768864 27295 774136
154400 27118 769360 27315 774640
154500 27137 769835 27329 775165
154600 27149 770357 27350 775643
154700 27169 770848 27369 776152
154800 27180 771357 27386 776643
154900 27193 771921 27400 777079
155000 27199 772443 27409 777557
155100 27208 772947 27429 778053
155200 27225 773466 27444 778534
155300 27246 773970 27459 779030
155400 27264 774470 27481 779530
155500 27287 774964 27505 780036
155600 27301 775435 27529 780565
155700 27318 775898 27539 781102
155800 27335 776441 27558 781559
155900 27355 776955 27565 782045
156000 27363 777434 27587 782566
156100 27386 777964 27606 783036
156200 27407 778417 27622 783583
156300 27429 778894 27645 784106
156400 27439 779407 27670 784593
156500 27455 779862 27682 785138
156600 27482 780375 27710 785625
156700 27493 780790 27725 786210
156800 27507 781308 27736 786692
156900 27527 781784 27754 787216
157000 27549 782258 27771 787742
157100 27558 782701 27786 788299
157200 27579 783179 27800 788821
157300 27597 783712 27811 789288
157400 27607 784253 27823 789747
157500 27619 784778 27837 790222
157600 27635 785240 27856 790760
157700 27659 785797 27874 791203
157800 27677 786257 27891 791743
157900 27703 786763 27919 792237
158000 27722 787277 27936 792723
158100 27735 787772 27945 793228
158200 27755 788258 27962 793742
158300 27771 788778 27976 794222
158400 27793 789325 27991 794675
158500 27805 789822 28007 795178
158600 27823 790256 28019 795744
158700 27851 790708 28030 796292
158800 27864 791248 28044 796752
158900 27878 791757 28053 797243
159000 27902 792278 28077 797722
159100 27920 792769 28099 798231
159200 27933 793270 28113 798730
159300 27954 793761 28125 799239
159400 27967 794275 28140 799725
159500 27983 794824 28150 800176
159600 28004 795318 28165 800682
159700 28014 795815 28174 801185
159800 28032 796319 28203 801681
159900 28046 796799 28223 802201
160000 28070 797291 28252 802709
160100 28089 797776 28269 803224
160200 28103 798234 28283 803766
160300 28124 798725 28299 804275
160400 28144 799183 28315 804817
160500 28163 799703 28333 805297
160600 28182 800252 28349 805748
160700 28207 800803 28366 806197
160800 28224 801318 28387 806682
160900 28241 801808 28409 807192
161000 28271 802352 28425 807648
161100 28288 802862 28440 808138
161200 28300 803369 28455 808631
161300 28316 803889 28465 809111
161400 28334 804327 28477 809673
161500 28356 804841 28494 810159
161600 28370 805337 28507 810663
161700 28387 805903 28535 811097
161800 28403 806375 28554 811625
161900 28423 806902 28565 812098
162000 28440 807520 28587 812480
162100 28448 807987 28609 813013
162200 28470 808485 28629 813515
162300 28484 809012 28643 813988
162400 28506 809466 28660 814534
162500 28527 809966 28679 815034
162600 28551 810477 28694 815523
162700 28564 811016 28709 815984
162800 28577 811473 28732 816527
162900 28601 812000 28750 817000
163000 28619 812524 28768 817476
163100 28636 813059 28789 817941
163200 28649 813595 28808 818405
163300 28666 814068 28834 818932
163400 28678 814480 28843 819520
163500 28699 814993 28864 820007
163600 28721 815497 28886 820503
163700 28737 816031 28901 820969
163800 28754 816528 28917 821472
163900 28767 817058 28932 821942
164000 28788 817585 28950 822415
164100 28804 818062 28962 822938
164200 28817 818525 28973 823475
164300 28835 819071 28992 823929
164400 28854 819588 29002 824412
164500 28879 820101 29017 824899
164600 28896 820647 29028 825353
164700 28917 821104 29038 825896
164800 28941 821617 29053 826383
164900 28962 822136 29075 826864
165000 28974 822599 29093 827401
165100 28987 823052 29107 827948
165200 29013 823602 29135 828398
165300 29027 824089 29156 828911
165400 29045 824600 29170 829400
165500 29065 825102 29183 829898
165600 29086 825595 29200 830405
165700 29105 826131 29217 830869
165800 29119 826525 29226 831475
165900 29133 827004 29240 831996
166000 29147 827463 29251 832537
166100 29169 827992 29268 833008
166200 29184 828440 29287 833560
166300 29201 828884 29307 834116
166400 29214 829338 29322 834662
166500 29237 829862 29342 835138
166600 29255 830356 29361 835644
166700 29278 830896 29381 836104
166800 29297 831419 29399 836581
166900 29313 831897 29419 837103
167000 29323 832395 29436 837605
167100 29338 832925 29453 838075
167200 29356 833463 29473 838537
167300 29378 833958 29491 839042
167400 29396 834481 29508 839519
167500 29415 834945 29530 840055
167600 29442 835441 29543 840559
167700 29459 835989 29561 841011
167800 29478 836493 29579 841507
167900 29493 837008 29595 841992
168000 29510 837513 29619 842487
168100 29527 837990 29639 843010
168200 29544 838513 29662 843487
168300 29559 839040 29678 843960
168400 29577 839538 29695 844462
168500 29593 839993 29704 845007
168600 29611 840461 29718 845539
168700 29631 840941 29736 846059
168800 29659 841507 29761 846493
168900 29673 841998 29777 847002
169000 29687 842531 29793 847469
169100 29705 843007 29811 847993
169200 29726 843510 29827 848490
169300 29750 844061 29840 848939
169400 29771 844537 29860 849463
169500 29787 845065 29875 849935
169600 29803 845544 29889 850456
169700 29816 846066 29906 850934
169800 29837 846609 29923 851391
169900 29855 847136 29942 851864
170000 29874 847627 29960 852373
170100 29895 848044 29974 852956
170200 29911 848530 29997 853470
170300 29936 849055 30016 853945
170400 29948 849575 30042 854425
170500 29969 850076 30064 854924
170600 29992 850531 30072 855469
170700 30009 851046 30086 855954
170800 30023 851515 30100 856485
170900 30046 852076 30123 856924
171000 30061 852553 30139 857447
171100 30081 853070 30156 857930
171200 30095 853497 30170 858503
171300 30112 854001 30197 858999
171400 30133 854455 30206 859545
171500 30155 854966 30241 860034
171600 30172 855422 30262 860578
171700 30183 855980 30276 861020
171800 30201 856496 30289 861504
171900 30220 857010 30302 861990
172000 30234 857540 30315 862460
172100 30249 858099 30331 862901
172200 30265 858662 30338 863338
172300 30292 859207 30359 863793
172400 30313 859725 30374 864275
172500 30328 860188 30391 864812
172600 30351 860711 30407 865289
172700 30366 861219 30425 865781
172800 30381 861720 30435 866280
172900 30392 862208 30449 866792
173000 30410 862730 30467 867270
173100 30433 863210 30494 867790
173200 30460 863717 30508 868283
173300 30473 864233 30529 868767
173400 30497 864734 30546 869266
173500 30511 865163 30575 869837
173600 30525 865677 30593 870323
173700 30544 866225 30614 870775
173800 30561 866671 30627 871329
173900 30580 867153 30656 871847
174000 30598 867628 30678 872372
174100 30614 868098 30698 872902
174200 30634 868604 30721 873396
174300 30656 869093 30728 873907
174400 30676 869589 30750 874411
174500 30697 870098 30763 874902
174600 30707 870577 30789 875423
174700 30725 871103 30803 875897
174800 30741 871591 30819 876409
174900 30759 872096 30837 876904
175000 30779 872592 30859 877408
175100 30803 873064 30869 877936
175200 30817 873623 30887 878377
175300 30840 874127 30902 878873
175400 30869 874577 30918 879423
175500 30882 875042 30933 879958
175600 30891 875592 30943 880408
175700 30911 876138 30962 880862
175800 30931 876541 30990 881459
175900 30951 877051 31004 881949
176000 30967 877484 31021 882516
176100 30980 877913 31035 883087
176200 30997 878427 31056 883573
176300 31012 878894 31073 884106
176400 31031 879348 31087 884652
176500 31047 879867 31107 885133
176600 31065 880354 31123 885646
176700 31082 880792 31141 886208
176800 31097 881269 31154 886731
176900 31111 881776 31170 887224
177000 31132 882255 31183 887745
177100 31145 882744 31196 888256
177200 31161 883284 31206 888716
177300 31175 883777 31219 889223
177400 31198 884276 31232 889724
177500 31218 884708 31248 890292
177600 31234 885157 31267 890843
177700 31249 885650 31280 891350
177800 31263 886144 31298 891856
177900 31276 886666 31315 892334
178000 31292 887140 31332 892860
178100 31307 887584 31356 893416
178200 31324 888044 31373 893956
178300 31337 888549 31398 894451
178400 31354 889007 31412 894993
178500 31378 889496 31426 895504
178600 31395 890017 31436 895983
178700 31416 890548 31455 896452
178800 31432 891082 31469 896918
178900 31443 891546 31486 897454
179000 31457 892095 31512 897905
179100 31472 892615 31525 898385
179200 31487 893100 31546 898900
179300 31500 893588 31566 899412
179400 31517 894085 31580 899915
179500 31535 894543 31597 900457
179600 31556 895041 31616 900959
179700 31571 895572 31639 901428
179800 31585 896082 31650 901918
179900 31600 896616 31665 902384
180000 31619 897116 31678 902884
180100 31626 897671 31698 903329
180200 31639 898148 31724 903852
180300 31663 898660 31739 904340
180400 31678 899092 31753 904908
180500 31694 899645 31771 905355
180600 31708 900146 31790 905854
180700 31726 900578 31809 906422
180800 31748 901052 31832 906948
180900 31780 901511 31852 907489
181000 31794 902003 31870 907997
181100 31817 902516 31896 908484
181200 31831 903033 31907 908967
181300 31848 903440 31927 909560
181400 31865 903940 31943 910060
181500 31885 904465 31962 910535
181600 31908 904946 31979 911054
181700 31924 905452 31995 911548
181800 31939 905898 32013 912102
181900 31949 906303 32031 912697
182000 31959 906779 32053 913221
182100 31976 907225 32069 913775
182200 32000 907754 32084 914246
182300 32015 908288 32102 914712
182400 32036 908844 32124 915156
182500 32050 909400 32138 915600
182600 32067 909920 32158 916080
182700 32084 910474 32171 916526
182800 32098 910965 32187 917035
182900 32117 911480 32200 917520
183000 32135 911954 32213 918046
183100 32157 912443 32230 918557
183200 32175 912916 32254 919084
183300 32197 913424 32270 919576
183400 32215 913964 32281 920036
183500 32234 914475 32295 920525
183600 32253 914942 32323 921058
183700 32272 915431 32345 921569
183800 32289 915960 32364 922040
183900 32311 916497 32380 922503
184000 32327 917003 32392 922997
184100 32343 917509 32411 923491
184200 32355 918040 32430 923960
184300 32378 918561 32441 924439
184400 32395 919139 32458 924861
184500 32412 919670 32475 925330
184600 32423 920152 32487 925848
184700 32433 920653 32502 926347
184800 32448 921117 32515 926883
184900 32465 921619 32532 927381
185000 32482 922121 32551 927879
185100 32507 922610 32572 928390
185200 32524 923176 32581 928824
185300 32539 923659 32609 929341
185400 32550 924135 32621 929865
185500 32564 924633 32641 930367
185600 32587 925143 32662 930857
185700 32600 925620 32683 931380
185800 32617 926114 32695 931886
185900 32632 926553 32712 932447
186000 32652 927061 32743 932939
186100 32668 927518 32762 933482
186200 32683 928013 32775 933987
186300 32696 928452 32795 934548
186400 32709 928965 32819 935035
186500 32731 929502 32839 935498
186600 32752 930018 32859 935982
186700 32767 930541 32878 936459
186800 32782 931008 32894 936992
186900 32792 931533 32918 937467
187000 32821 931940 32933 938060
187100 32837 932412 32954 938588
187200 32853 932880 32973 939120
187300 32865 933305 32988 939695
187400 32887 933820 33005 940180
187500 32911 934272 33020 940728
187600 32930 934823 33035 941177
187700 32954 935322 33056 941678
187800 32967 935840 33069 942160
187900 32985 936297 33091 942703
188000 33006 936811 33106 943189
188100 33024 937298 33131 943702
188200 33040 937759 33149 944241
188300 33052 938293 33162 944707
188400 33058 938818 33172 945182
188500 33073 939253 33186 945747
188600 33091 939751 33195 946249
188700 33107 940203 33210 946797
188800 33128 940746 33226 947254
188900 33147 941251 33247 947749
189000 33163 941693 33270 948307
189100 33186 942208 33288 948792
189200 33207 942737 33304 949263
189300 33221 943280 33320 949720
189400 33237 943802 33338 950198
189500 33248 944260 33355 950740
189600 33263 944733 33381 951267
189700 33275 945149 33387 951851
189800 33292 945645 33407 952355
189900 33307 946159 33429 952841
190000 33320 946644 33447 953356
190100 33338 947167 33466 953833
190200 33352 947652 33485 954348
190300 33369 948169 33502 954831
190400 33393 948656 33532 955344
190500 33410 949130 33543 955870
190600 33427 949620 33575 956380
190700 33442 950168 33600 956832
190800 33462 950653 33617 957347
190900 33475 951178 33639 957822
191000 33493 951648 33660 958352
191100 33510 952092 33676 958908
191200 33530 952533 33713 959467
191300 33549 953085 33722 959915
191400 33562 953576 33737 960424
191500 33583 954049 33756 960951
191600 33599 954534 33768 961466
191700 33615 955009 33776 961991
191800 33635 955488 33800 962512
191900 33655 956031 33821 962969
192000 33675 956487 33834 963513
192100 33695 956976 33853 964024
192200 33713 957520 33879 964480
192300 33726 958023 33896 964977
192400 33744 958584 33910 965416
192500 33761 959069 33926 965931
192600 33778 959655 33950 966345
192700 33798 960185 33969 966815
192800 33820 960727 33988 967273
192900 33831 961193 34008 967807
193000 33843 961705 34017 968295
193100 33864 962243 34034 968757
193200 33887 962731 34052 969269
193300 33901 963203 34065 969797
193400 33916 963722 34081 970278
193500 33930 964135 34101 970865
193600 33947 964566 34118 971434
193700 33971 965056 34131 971944
193800 33982 965534 34146 972466
193900 34000 966035 34157 972965
194000 34018 966555 34179 973445
194100 34035 967009 34198 973991
194200 34052 967464 34213 974536
194300 34071 967946 34229 975054
194400 34084 968421 34246 975579
194500 34103 968841 34263 976159
194600 34119 969329 34272 976671
194700 34137 969790 34289 977210
194800 34157 970294 34308 977706
194900 34170 970849 34327 978151
195000 34191 971319 34347 978681
195100 34216 971812 34365 979188
195200 34237 972313 34377 979687
195300 34259 972893 34400 980107
195400 34274 973380 34421 980620
195500 34284 973865 34435 981135
195600 34298 974354 34457 981646
195700 34314 974864 34478 982136
195800 34333 975361 34495 982639
195900 34352 975865 34507 983135
196000 34369 976421 34517 983579
196100 34384 976964 34529 984036
196200 34399 977479 34542 984521
196300 34412 977924 34555 985076
196400 34419 978422 34577 985578
196500 34426 978946 34591 986054
196600 34442 979441 34608 986559
196700 34458 979903 34624 987097
196800 34478 980410 34637 987590
196900 34487 980918 34654 988082
197000 34504 981386 34672 988614
197100 34521 981917 34685 989083
197200 34531 982427 34696 989573
197300 34550 982933 34712 990067
197400 34561 983425 34736 990575
197500 34575 983935 34745 991065
197600 34602 984424 34762 991576
197700 34620 984968 34781 992032
197800 34635 985488 34805 992512
197900 34654 985969 34827 993031
198000 34670 986465 34842 993535
198100 34693 986964 34856 994036
198200 34710 987386 34874 994614
198300 34728 987869 34904 995131
198400 34746 988361 34923 995639
198500 34765 988869 34941 996131
198600 34782 989322 34960 996678
198700 34800 989778 34975 997222
198800 34820 990360 35000 997640
198900 34839 990881 35015 998119
199000 34856 991342 35029 998658
199100 34882 991891 35051 999109
199200 34900 992390 35064 999610
199300 34910 992867 35081 1000133
199400 34926 993417 35097 1000583
199500 34945 993935 35119 1001065
199600 34955 994428 35134 1001572
199700 34975 994874 35161 1002126
199800 34990 995314 35171 1002686
199900 35013 995753 35188 1003247
200000 35025 996294 35201 1003706
