#! FIELDS timestep dup_succ dup_attempts kill_succ kill_attempts
#! SET timestep 0.5
#! SET kernel_bandwidth [0.8 0.8]
#! SET kt 1.0
100 71 127 73 873
200 155 336 158 1664
300 246 626 256 2374
400 317 1013 341 2987
500 371 1477 407 3523
600 416 1722 471 4278
700 474 1940 527 5060
800 539 2202 577 5798
900 581 2526 624 6474
1000 616 2888 672 7112
1100 651 3290 702 7710
1200 684 3717 728 8283
1300 698 4189 740 8811
1400 712 4674 759 9326
1500 716 5168 763 9832
1600 719 5857 770 10143
1700 723 6208 772 10792
1800 727 6643 772 11357
1900 729 7040 774 11960
2000 732 7547 776 12453
2100 734 8095 780 12905
2200 737 8576 783 13424
2300 739 9040 786 13960
2400 740 9472 787 14528
2500 740 9933 788 15067
2600 744 10376 789 15624
2700 745 10760 790 16240
2800 747 11255 793 16745
2900 751 11857 795 17143
3000 754 12400 796 17600
3100 756 12888 800 18112
3200 758 13415 801 18585
3300 759 13909 803 19091
3400 767 14383 810 19617
3500 769 14938 812 20062
3600 770 15413 814 20587
3700 774 16062 815 20938
3800 777 16462 816 21538
3900 778 16862 816 22138
4000 778 17349 816 22651
4100 779 17948 821 23052
4200 780 18436 822 23564
4300 781 18898 822 24102
4400 783 19415 823 24585
4500 783 19854 825 25146
4600 787 20290 830 25710
4700 787 20825 830 26175
4800 789 21437 831 26563
4900 791 21952 833 27048
5000 794 22647 839 27353
5100 795 23161 841 27839
5200 796 23734 842 28266
5300 799 24326 847 28674
5400 803 24851 849 29149
5500 806 25443 851 29557
5600 810 25909 853 30091
5700 810 26378 853 30622
5800 812 26923 855 31077
5900 813 27427 856 31573
6000 815 27935 858 32065
6100 816 28442 859 32558
6200 818 28848 861 33152
6300 819 29278 861 33722
6400 820 29799 864 34201
6500 824 30325 866 34675
6600 824 30961 869 35039
6700 827 31408 873 35592
6800 829 31856 875 36144
6900 831 32445 876 36555
7000 831 32932 877 37068
7100 832 33543 879 37457
7200 832 34138 881 37862
7300 837 34580 884 38420
7400 837 35131 886 38869
7500 840 35532 889 39468
7600 840 36116 890 39884
7700 842 36582 893 40418
7800 843 36912 897 41088
7900 846 37425 900 41575
8000 848 37948 900 42052
8100 849 38448 901 42552
8200 851 38922 906 43078
8300 852 39452 910 43548
8400 852 39869 912 44131
8500 853 40292 914 44708
8600 857 40823 921 45177
8700 858 41332 923 45668
8800 860 41747 927 46253
8900 861 42230 930 46770
9000 862 42726 932 47274
9100 863 43197 933 47803
9200 864 43802 934 48198
9300 865 44094 936 48906
9400 867 44657 939 49343
9500 870 45130 939 49870
9600 872 45611 943 50389
9700 874 46078 944 50922
9800 876 46621 946 51379
9900 878 47101 946 51899
10000 879 47622 946 52378
10100 883 48188 949 52812
10200 889 48712 954 53288
10300 890 49320 956 53680
10400 894 49856 958 54144
10500 896 50334 961 54666
10600 897 50885 967 55115
10700 900 51430 968 55570
10800 900 51959 969 56041
10900 901 52365 970 56635
11000 903 52838 974 57162
11100 903 53393 975 57607
11200 903 53831 976 58169
11300 904 54315 979 58685
11400 905 54837 981 59163
11500 910 55361 983 59639
11600 913 55865 985 60135
11700 918 56276 989 60724
11800 920 56775 992 61225
11900 923 57249 995 61751
12000 925 57715 998 62285
12100 929 58204 999 62796
12200 931 58669 1000 63331
12300 932 59147 1004 63853
12400 938 59669 1011 64331
12500 939 60028 1011 64972
12600 941 60559 1012 65441
12700 941 61157 1015 65843
12800 944 61557 1018 66443
12900 949 62187 1020 66813
13000 952 62679 1027 67321
13100 952 63098 1029 67902
13200 952 63567 1030 68433
13300 955 64020 1031 68980
13400 957 64500 1032 69500
13500 958 64954 1035 70046
13600 961 65387 1035 70613
13700 962 65884 1038 71116
13800 964 66504 1040 71496
13900 966 66921 1043 72079
14000 969 67531 1050 72469
14100 972 67945 1052 73055
14200 973 68446 1054 73554
14300 976 68954 1056 74046
14400 981 69214 1061 74786
14500 981 69704 1063 75296
14600 984 70198 1067 75802
14700 987 70597 1067 76403
14800 987 71080 1068 76920
14900 992 71572 1070 77428
15000 995 72054 1072 77946
15100 997 72557 1072 78443
15200 999 73084 1074 78916
15300 1000 73605 1074 79395
15400 1002 74061 1075 79939
15500 1002 74753 1076 80247
15600 1002 75370 1076 80630
15700 1004 75835 1077 81165
15800 1005 76301 1078 81699
15900 1008 76838 1079 82162
16000 1009 77315 1080 82685
16100 1015 77808 1082 83192
16200 1019 78312 1085 83688
16300 1019 78805 1086 84195
16400 1024 79147 1087 84853
16500 1025 79687 1088 85313
16600 1030 80335 1090 85665
16700 1035 80866 1094 86134
16800 1036 81368 1096 86632
16900 1038 81831 1096 87169
17000 1043 82311 1098 87689
17100 1047 82808 1100 88192
17200 1048 83243 1102 88757
17300 1053 83698 1108 89302
17400 1053 84178 1108 89822
17500 1054 84560 1112 90440
17600 1057 84952 1117 91048
17700 1062 85582 1120 91418
17800 1065 86093 1120 91907
17900 1069 86480 1122 92520
18000 1071 86982 1122 93018
18100 1073 87485 1123 93515
18200 1076 88027 1124 93973
18300 1077 88584 1128 94416
18400 1078 89207 1131 94793
18500 1079 89740 1134 95260
18600 1080 90211 1136 95789
18700 1081 90686 1137 96314
18800 1083 91261 1140 96739
18900 1084 91811 1143 97189
19000 1090 92286 1145 97714
19100 1091 92600 1145 98400
19200 1092 93162 1146 98838
19300 1092 93661 1148 99339
19400 1095 94214 1150 99786
19500 1103 94574 1152 100426
19600 1105 95060 1154 100940
19700 1106 95557 1155 101443
19800 1108 95921 1157 102079
19900 1109 96384 1160 102616
20000 1112 96779 1162 103221
20100 1112 97282 1162 103718
20200 1115 97801 1164 104199
20300 1120 98268 1166 104732
20400 1121 98830 1168 105170
20500 1124 99462 1168 105538
20600 1126 100032 1171 105968
20700 1128 100541 1173 106459
20800 1130 101056 1173 106944
20900 1134 101558 1175 107442
21000 1134 101992 1175 108008
21100 1137 102465 1180 108535
21200 1142 102850 1183 109150
21300 1144 103273 1186 109727
21400 1146 103819 1187 110181
21500 1148 104289 1189 110711
21600 1149 104882 1193 111118
21700 1149 105309 1193 111691
21800 1149 105809 1196 112191
21900 1151 106337 1198 112663
22000 1152 106875 1201 113125
22100 1152 107338 1201 113662
22200 1153 107736 1203 114264
22300 1156 108195 1203 114805
22400 1159 108733 1206 115267
22500 1162 109151 1208 115849
22600 1166 109631 1211 116369
22700 1167 110194 1213 116806
22800 1168 110595 1214 117405
22900 1171 111018 1217 117982
23000 1176 111491 1219 118509
23100 1177 112069 1220 118931
23200 1179 112584 1224 119416
23300 1181 113046 1225 119954
23400 1183 113491 1226 120509
23500 1186 113876 1227 121124
23600 1186 114448 1227 121552
23700 1187 115031 1229 121969
23800 1190 115464 1231 122536
23900 1191 115906 1233 123094
24000 1192 116443 1236 123557
24100 1201 116949 1240 124051
24200 1201 117484 1240 124516
24300 1201 118013 1242 124987
24400 1203 118566 1243 125434
24500 1204 118983 1247 126017
24600 1205 119343 1249 126657
24700 1209 119750 1251 127250
24800 1214 120164 1253 127836
24900 1214 120771 1253 128229
25000 1217 121324 1254 128676
25100 1217 121820 1255 129180
25200 1222 122237 1255 129763
25300 1224 122755 1256 130245
25400 1227 123278 1258 130722
25500 1230 123687 1263 131313
25600 1233 124286 1267 131714
25700 1235 124651 1268 132349
25800 1239 125257 1270 132743
25900 1240 125770 1271 133230
26000 1240 126051 1272 133949
26100 1241 126453 1272 134547
26200 1241 126978 1276 135022
26300 1247 127447 1279 135553
26400 1249 127855 1282 136145
26500 1251 128417 1283 136583
26600 1252 128957 1285 137043
26700 1252 129573 1285 137427
26800 1257 130085 1287 137915
26900 1259 130566 1287 138434
27000 1260 130939 1290 139061
27100 1266 131251 1293 139749
27200 1267 131747 1294 140253
27300 1271 132183 1295 140817
27400 1271 132843 1295 141157
27500 1272 133333 1298 141667
27600 1273 133914 1299 142086
27700 1274 134376 1300 142624
27800 1275 134933 1300 143067
27900 1277 135532 1304 143468
28000 1279 136130 1308 143870
28100 1279 136573 1308 144427
28200 1282 137091 1311 144909
28300 1285 137414 1314 145586
28400 1286 137862 1315 146138
28500 1290 138337 1319 146663
28600 1290 138755 1320 147245
28700 1292 139346 1320 147654
28800 1292 139911 1321 148089
28900 1294 140530 1321 148470
29000 1295 141101 1321 148899
29100 1295 141612 1321 149388
29200 1298 142057 1323 149943
29300 1300 142596 1323 150404
29400 1302 143302 1325 150698
29500 1304 143727 1326 151273
29600 1305 144197 1327 151803
29700 1312 144667 1332 152333
29800 1314 145113 1336 152887
29900 1314 145570 1337 153430
30000 1316 145972 1339 154028
30100 1320 146409 1341 154591
30200 1325 146988 1343 155012
30300 1329 147316 1344 155684
30400 1331 147925 1345 156075
30500 1331 148323 1349 156677
30600 1332 148742 1351 157258
30700 1333 149164 1355 157836
30800 1334 149729 1358 158271
30900 1337 150188 1359 158812
31000 1340 150639 1360 159361
31100 1340 151172 1361 159828
31200 1341 151669 1363 160331
31300 1344 152214 1366 160786
31400 1345 152718 1367 161282
31500 1347 153203 1368 161797
31600 1350 153677 1370 162323
31700 1352 154276 1371 162724
31800 1353 154739 1374 163261
31900 1356 155360 1376 163640
32000 1358 155942 1377 164058
32100 1358 156430 1378 164570
32200 1358 156837 1378 165163
32300 1360 157371 1381 165629
32400 1360 157941 1385 166059
32500 1360 158478 1386 166522
32600 1362 158979 1388 167021
32700 1364 159593 1392 167407
32800 1367 159974 1393 168026
32900 1369 160608 1395 168392
33000 1370 161104 1395 168896
33100 1371 161612 1395 169388
33200 1371 162062 1398 169938
33300 1371 162563 1399 170437
33400 1371 163144 1402 170856
33500 1375 163672 1405 171328
33600 1380 164159 1408 171841
33700 1381 164621 1409 172379
33800 1383 165182 1409 172818
33900 1386 165733 1411 173267
34000 1387 166258 1415 173742
34100 1391 166769 1416 174231
34200 1394 167163 1420 174837
34300 1394 167744 1421 175256
34400 1397 168232 1422 175768
34500 1399 168717 1425 176283
34600 1402 169428 1425 176572
34700 1403 169710 1426 177290
34800 1403 170049 1431 177951
34900 1410 170462 1433 178538
35000 1411 171109 1435 178891
35100 1413 171485 1437 179515
35200 1414 172031 1441 179969
35300 1415 172567 1443 180433
35400 1417 173132 1445 180868
35500 1417 173704 1446 181296
35600 1421 174231 1448 181769
35700 1422 174702 1454 182298
35800 1422 175155 1458 182845
35900 1426 175657 1462 183343
36000 1429 176382 1464 183618
36100 1431 176878 1465 184122
36200 1432 177345 1465 184655
36300 1433 177827 1467 185173
36400 1434 178452 1468 185548
36500 1436 178929 1469 186071
36600 1440 179470 1471 186530
36700 1441 179958 1473 187042
36800 1441 180423 1474 187577
36900 1441 180910 1474 188090
37000 1442 181334 1477 188666
37100 1443 181746 1477 189254
37200 1445 182184 1482 189816
37300 1448 182689 1485 190311
37400 1450 183276 1486 190724
37500 1453 183852 1487 191148
37600 1455 184364 1491 191636
37700 1456 184938 1491 192062
37800 1457 185520 1491 192480
37900 1459 186046 1491 192954
38000 1461 186605 1494 193395
38100 1462 187071 1496 193929
38200 1462 187561 1498 194439
38300 1465 188109 1500 194891
38400 1466 188597 1503 195403
38500 1471 188954 1506 196046
38600 1473 189520 1510 196480
38700 1474 190060 1512 196940
38800 1476 190626 1516 197374
38900 1479 191049 1517 197951
39000 1482 191505 1521 198495
39100 1483 191966 1523 199034
39200 1483 192491 1524 199509
39300 1484 192941 1524 200059
39400 1485 193437 1525 200563
39500 1486 193908 1525 201092
39600 1486 194417 1527 201583
39700 1486 195029 1529 201971
39800 1486 195574 1530 202426
39900 1486 196053 1531 202947
40000 1487 196565 1533 203435
40100 1488 197032 1533 203968
40200 1488 197440 1534 204560
40300 1490 197834 1537 205166
40400 1491 198360 1538 205640
40500 1496 198837 1541 206163
40600 1498 199360 1548 206640
40700 1499 199901 1551 207099
40800 1499 200344 1551 207656
40900 1503 200816 1556 208184
41000 1505 201272 1559 208728
41100 1511 201734 1562 209266
41200 1511 202281 1563 209719
41300 1512 202789 1565 210211
41400 1512 203388 1566 210612
41500 1512 204042 1567 210958
41600 1514 204441 1569 211559
41700 1517 204901 1569 212099
41800 1517 205474 1572 212526
41900 1518 206056 1572 212944
42000 1520 206570 1575 213430
42100 1520 207026 1575 213974
42200 1521 207489 1577 214511
42300 1523 208196 1580 214804
42400 1525 208663 1583 215337
42500 1526 209261 1584 215739
42600 1528 209825 1584 216175
42700 1529 210413 1585 216587
42800 1531 210964 1590 217036
42900 1531 211406 1591 217594
43000 1537 211792 1594 218208
43100 1537 212384 1596 218616
43200 1541 212876 1598 219124
43300 1544 213354 1601 219646
43400 1546 213950 1603 220050
43500 1548 214502 1603 220498
43600 1549 215038 1606 220962
43700 1550 215427 1610 221573
43800 1555 215935 1613 222065
43900 1560 216458 1614 222542
44000 1564 216952 1616 223048
44100 1565 217511 1619 223489
44200 1569 218012 1622 223988
44300 1572 218339 1625 224661
44400 1575 218932 1628 225068
44500 1577 219369 1630 225631
44600 1578 219960 1631 226040
44700 1579 220319 1633 226681
44800 1579 220787 1634 227213
44900 1581 221312 1636 227688
45000 1585 221581 1639 228419
45100 1587 222066 1640 228934
45200 1590 222625 1646 229375
45300 1590 223101 1651 229899
45400 1590 223725 1651 230275
45500 1592 224314 1653 230686
45600 1594 224914 1653 231086
45700 1595 225500 1656 231500
45800 1596 226017 1659 231983
45900 1596 226504 1661 232496
46000 1597 227081 1664 232919
46100 1598 227629 1667 233371
46200 1599 228126 1669 233874
46300 1599 228668 1671 234332
46400 1599 229231 1671 234769
46500 1599 229742 1674 235258
46600 1602 230358 1675 235642
46700 1605 230774 1676 236226
46800 1607 231354 1678 236646
46900 1612 231819 1682 237181
47000 1614 232303 1684 237697
47100 1614 232762 1686 238238
47200 1616 233176 1688 238824
47300 1619 233660 1688 239340
47400 1620 233929 1694 240071
47500 1621 234398 1694 240602
47600 1623 234983 1694 241017
47700 1624 235415 1703 241585
47800 1625 235800 1704 242200
47900 1628 236357 1706 242643
48000 1630 236894 1710 243106
48100 1633 237384 1710 243616
48200 1640 238058 1713 243942
48300 1641 238550 1719 244450
48400 1645 239007 1720 244993
48500 1647 239459 1723 245541
48600 1648 240046 1725 245954
48700 1649 240593 1728 246407
48800 1653 241044 1729 246956
48900 1653 241479 1732 247521
49000 1655 242047 1735 247953
49100 1657 242445 1735 248555
49200 1660 243032 1736 248968
49300 1661 243498 1741 249502
49400 1663 244029 1743 249971
49500 1668 244493 1744 250507
49600 1673 244764 1749 251236
49700 1674 245155 1750 251845
49800 1677 245502 1751 252498
49900 1679 246010 1753 252990
50000 1680 246458 1753 253542
50100 1680 247111 1753 253889
50200 1680 247550 1755 254450
50300 1682 248047 1760 254953
50400 1686 248514 1761 255486
50500 1689 249039 1762 255961
50600 1690 249417 1765 256583
50700 1692 249839 1770 257161
50800 1694 250291 1770 257709
50900 1696 250721 1771 258279
51000 1697 251294 1772 258706
51100 1698 251873 1773 259127
51200 1701 252401 1775 259599
51300 1704 252909 1779 260091
51400 1706 253594 1779 260406
51500 1706 254159 1781 260841
51600 1707 254634 1785 261366
51700 1708 255177 1787 261823
51800 1708 255602 1788 262398
51900 1710 256197 1792 262803
52000 1712 256683 1793 263317
52100 1717 257184 1796 263816
52200 1719 257861 1801 264139
52300 1720 258389 1802 264611
52400 1720 258985 1805 265015
52500 1722 259463 1807 265537
52600 1725 259917 1807 266083
52700 1725 260305 1808 266695
52800 1727 260798 1810 267202
52900 1729 261294 1813 267706
53000 1729 261751 1816 268249
53100 1729 262190 1817 268810
53200 1731 262754 1819 269246
53300 1733 263222 1820 269778
53400 1738 263668 1822 270332
53500 1741 264209 1824 270791
53600 1741 264701 1824 271299
53700 1742 265217 1824 271783
53800 1745 265820 1826 272180
53900 1747 266350 1827 272650
54000 1751 266944 1830 273056
54100 1753 267312 1834 273688
54200 1755 267899 1834 274101
54300 1757 268329 1837 274671
54400 1759 268744 1839 275256
54500 1764 269275 1843 275725
54600 1765 269820 1848 276180
54700 1770 270304 1851 276696
54800 1772 270846 1852 277154
54900 1773 271328 1852 277672
55000 1776 271729 1853 278271
55100 1779 272133 1856 278867
55200 1781 272672 1857 279328
55300 1787 272958 1860 280042
55400 1789 273486 1862 280514
55500 1791 274153 1867 280847
55600 1792 274565 1867 281435
55700 1792 274953 1868 282047
55800 1794 275509 1871 282491
55900 1797 276050 1874 282950
56000 1801 276531 1875 283469
56100 1806 276926 1881 284074
56200 1808 277417 1883 284583
56300 1809 278021 1883 284979
56400 1812 278738 1885 285262
56500 1817 279342 1889 285658
56600 1818 279876 1890 286124
56700 1821 280418 1890 286582
56800 1824 281036 1891 286964
56900 1824 281561 1893 287439
57000 1826 282016 1894 287984
57100 1826 282466 1896 288534
57200 1827 282938 1896 289062
57300 1827 283438 1898 289562
57400 1827 283897 1901 290103
57500 1830 284610 1906 290390
57600 1830 285164 1906 290836
57700 1831 285701 1907 291299
57800 1832 286064 1912 291936
57900 1835 286609 1912 292391
58000 1835 287142 1913 292858
58100 1835 287585 1913 293415
58200 1836 287910 1917 294090
58300 1837 288380 1920 294620
58400 1840 288966 1922 295034
58500 1846 289405 1922 295595
58600 1848 289946 1923 296054
58700 1849 290395 1924 296605
58800 1851 290850 1926 297150
58900 1852 291356 1930 297644
59000 1856 291885 1931 298115
59100 1857 292229 1933 298771
59200 1860 292884 1933 299116
59300 1864 293439 1936 299561
59400 1868 293937 1938 300063
59500 1871 294439 1939 300561
59600 1873 294948 1942 301052
59700 1876 295450 1947 301550
59800 1881 296134 1951 301866
59900 1886 296704 1953 302296
60000 1886 297150 1953 302850
60100 1887 297785 1955 303215
60200 1888 298214 1956 303786
60300 1890 298716 1958 304284
60400 1891 299201 1959 304799
60500 1893 299711 1962 305289
60600 1896 300197 1962 305803
60700 1899 300695 1963 306305
60800 1900 301224 1965 306776
60900 1901 301832 1966 307168
61000 1904 302442 1971 307558
61100 1908 303006 1974 307994
61200 1910 303460 1975 308540
61300 1912 303885 1977 309115
61400 1914 304254 1980 309746
61500 1916 304726 1986 310274
61600 1919 305184 1988 310816
61700 1921 305856 1992 311144
61800 1922 306481 1994 311519
61900 1922 306868 1996 312132
62000 1925 307335 2000 312665
62100 1927 307765 2001 313235
62200 1929 308335 2003 313665
62300 1932 308831 2006 314169
62400 1936 309268 2009 314732
62500 1942 309727 2011 315273
62600 1945 310244 2012 315756
62700 1945 310742 2016 316258
62800 1947 311274 2017 316726
62900 1950 311727 2021 317273
63000 1951 312261 2021 317739
63100 1954 312723 2022 318277
63200 1958 313102 2022 318898
63300 1958 313634 2022 319366
63400 1962 314094 2028 319906
63500 1963 314627 2031 320373
63600 1963 315117 2034 320883
63700 1965 315618 2034 321382
63800 1966 316275 2035 321725
63900 1966 316712 2036 322288
64000 1973 317217 2041 322783
64100 1976 317698 2042 323302
64200 1977 318112 2042 323888
64300 1979 318610 2043 324390
64400 1981 319158 2049 324842
64500 1983 319685 2052 325315
64600 1984 320208 2054 325792
64700 1991 320662 2057 326338
64800 1991 321057 2057 326943
64900 1994 321590 2058 327410
65000 1995 321977 2059 328023
65100 1996 322404 2063 328596
65200 1997 322996 2065 329004
65300 1999 323511 2068 329489
65400 2003 324005 2072 329995
65500 2007 324367 2076 330633
65600 2014 324955 2080 331045
65700 2015 325418 2084 331582
65800 2019 325848 2088 332152
65900 2024 326310 2091 332690
66000 2024 326747 2091 333253
66100 2029 327214 2095 333786
66200 2031 327655 2095 334345
66300 2033 328261 2095 334739
66400 2036 328917 2099 335083
66500 2042 329485 2102 335515
66600 2044 329969 2108 336031
66700 2046 330386 2110 336614
66800 2048 330910 2111 337090
66900 2050 331390 2111 337610
67000 2050 331901 2113 338099
67100 2051 332297 2114 338703
67200 2052 332745 2118 339255
67300 2052 333182 2118 339818
67400 2053 333749 2119 340251
67500 2053 334077 2120 340923
67600 2053 334349 2121 341651
67700 2054 334805 2122 342195
67800 2058 335314 2124 342686
67900 2058 335800 2125 343200
68000 2059 336404 2130 343596
68100 2062 336792 2133 344208
68200 2065 337319 2137 344681
68300 2065 337886 2138 345114
68400 2066 338423 2140 345577
68500 2066 339000 2145 346000
68600 2067 339440 2146 346560
68700 2070 339903 2149 347097
68800 2071 340457 2152 347543
68900 2074 340889 2156 348111
69000 2076 341241 2157 348759
69100 2078 341608 2162 349392
69200 2079 342170 2162 349830
69300 2080 342756 2163 350244
69400 2084 343281 2166 350719
69500 2091 343811 2170 351189
69600 2098 344259 2171 351741
69700 2102 344644 2172 352356
69800 2104 345086 2172 352914
69900 2106 345638 2174 353362
70000 2108 346325 2175 353675
70100 2110 346928 2175 354072
70200 2113 347251 2179 354749
70300 2114 347659 2184 355341
70400 2115 348287 2186 355713
70500 2119 348799 2192 356201
70600 2123 349322 2198 356678
70700 2128 349718 2199 357282
70800 2136 350204 2200 357796
70900 2137 350606 2200 358394
71000 2138 351131 2203 358869
71100 2140 351598 2204 359402
71200 2141 352027 2208 359973
71300 2143 352385 2208 360615
71400 2146 352875 2208 361125
71500 2149 353362 2212 361638
71600 2150 353856 2214 362144
71700 2151 354415 2215 362585
71800 2152 355004 2216 362996
71900 2153 355514 2221 363486
72000 2154 356035 2222 363965
72100 2156 356497 2223 364503
72200 2157 356976 2224 365024
72300 2157 357380 2226 365620
72400 2160 357844 2230 366156
72500 2162 358247 2231 366753
72600 2166 358761 2233 367239
72700 2166 359231 2234 367769
72800 2168 359801 2238 368199
72900 2168 360247 2239 368753
73000 2171 360550 2239 369450
73100 2174 361015 2240 369985
73200 2176 361509 2240 370491
73300 2179 361876 2242 371124
73400 2181 362404 2245 371596
73500 2182 362909 2246 372091
73600 2182 363386 2246 372614
73700 2184 363817 2248 373183
73800 2187 364254 2250 373746
73900 2187 364957 2251 374043
74000 2188 365540 2253 374460
74100 2188 366046 2255 374954
74200 2189 366553 2260 375447
74300 2196 366859 2261 376141
74400 2204 367456 2264 376544
74500 2207 367982 2266 377018
74600 2207 368464 2270 377536
74700 2212 369045 2271 377955
74800 2212 369514 2271 378486
74900 2213 370011 2274 378989
75000 2213 370558 2277 379442
75100 2214 371052 2280 379948
75200 2214 371590 2283 380410
75300 2216 372142 2284 380858
75400 2219 372586 2286 381414
75500 2221 373094 2289 381906
75600 2223 373601 2293 382399
75700 2224 374048 2296 382952
75800 2225 374395 2297 383605
75900 2229 374891 2304 384109
76000 2233 375387 2306 384613
76100 2239 375870 2308 385130
76200 2240 376491 2310 385509
76300 2242 376981 2311 386019
76400 2243 377510 2313 386490
76500 2245 377906 2319 387094
76600 2248 378436 2321 387564
76700 2250 378847 2322 388153
76800 2251 379344 2322 388656
76900 2255 379957 2327 389043
77000 2258 380495 2328 389505
77100 2259 381016 2330 389984
77200 2259 381525 2334 390475
77300 2262 381925 2336 391075
77400 2266 382199 2338 391801
77500 2268 382708 2338 392292
77600 2269 383248 2339 392752
77700 2269 383759 2340 393241
77800 2275 384213 2344 393787
77900 2275 384662 2347 394338
78000 2277 385159 2348 394841
78100 2280 385638 2355 395362
78200 2281 386176 2356 395824
78300 2282 386707 2357 396293
78400 2284 387189 2358 396811
78500 2285 387678 2359 397322
78600 2287 388188 2363 397812
78700 2288 388685 2365 398315
78800 2294 389162 2365 398838
78900 2294 389788 2368 399212
79000 2297 390397 2368 399603
79100 2300 390872 2370 400128
79200 2304 391334 2372 400666
79300 2307 391910 2375 401090
79400 2308 392416 2378 401584
79500 2310 392923 2380 402077
79600 2313 393577 2386 402423
79700 2314 394092 2387 402908
79800 2314 394527 2387 403473
79900 2318 395188 2390 403812
80000 2321 395746 2392 404254
80100 2322 396115 2392 404885
80200 2322 396642 2395 405358
80300 2322 397325 2396 405675
80400 2323 397720 2399 406280
80500 2324 398233 2401 406767
80600 2325 398774 2402 407226
80700 2325 399335 2403 407665
80800 2327 399709 2406 408291
80900 2329 400219 2409 408781
81000 2331 400820 2412 409180
81100 2337 401306 2416 409694
81200 2340 401791 2416 410209
81300 2345 402315 2417 410685
81400 2345 402712 2419 411288
81500 2346 403159 2423 411841
81600 2348 403667 2427 412333
81700 2349 404179 2428 412821
81800 2350 404686 2428 413314
81900 2351 405186 2431 413814
82000 2352 405767 2434 414233
82100 2357 406210 2437 414790
82200 2357 406607 2438 415393
82300 2360 407144 2440 415856
82400 2361 407490 2442 416510
82500 2361 408115 2442 416885
82600 2362 408533 2446 417467
82700 2364 409067 2448 417933
82800 2366 409475 2451 418525
82900 2368 409901 2454 419099
83000 2371 410499 2457 419501
83100 2373 411024 2457 419976
83200 2374 411476 2457 420524
83300 2377 411957 2460 421043
83400 2382 412344 2461 421656
83500 2382 412828 2463 422172
83600 2383 413361 2463 422639
83700 2384 413720 2464 423280
83800 2387 414258 2473 423742
83900 2388 414744 2475 424256
84000 2389 415327 2477 424673
84100 2391 415739 2479 425261
84200 2393 416274 2480 425726
84300 2398 416797 2483 426203
84400 2398 417230 2483 426770
84500 2400 417665 2485 427335
84600 2404 418242 2490 427758
84700 2405 418755 2495 428245
84800 2405 419198 2497 428802
84900 2405 419644 2498 429356
85000 2406 420080 2499 429920
85100 2409 420623 2501 430377
85200 2409 421119 2501 430881
85300 2412 421598 2503 431402
85400 2414 422204 2505 431796
85500 2415 422788 2506 432212
85600 2416 423364 2507 432636
85700 2420 423787 2508 433213
85800 2420 424396 2512 433604
85900 2425 425000 2517 434000
86000 2426 425453 2523 434547
86100 2432 425963 2525 435037
86200 2433 426513 2525 435487
86300 2436 426993 2527 436007
86400 2437 427381 2530 436619
86500 2440 427997 2535 437003
86600 2444 428652 2540 437348
86700 2445 429156 2543 437844
86800 2445 429669 2545 438331
86900 2447 430131 2547 438869
87000 2450 430633 2548 439367
87100 2450 431104 2548 439896
87200 2450 431639 2549 440361
87300 2452 432074 2550 440926
87400 2456 432564 2552 441436
87500 2461 433040 2553 441960
87600 2464 433503 2555 442497
87700 2465 433944 2556 443056
87800 2466 434516 2558 443484
87900 2466 435007 2559 443993
88000 2470 435500 2562 444500
88100 2471 435923 2563 445077
88200 2473 436240 2564 445760
88300 2475 436719 2568 446281
88400 2475 437170 2570 446830
88500 2477 437746 2572 447254
88600 2478 438156 2573 447844
88700 2480 438643 2577 448357
88800 2480 439104 2578 448896
88900 2483 439556 2578 449444
89000 2486 440021 2581 449979
89100 2487 440474 2585 450526
89200 2489 441049 2590 450951
89300 2489 441517 2590 451483
89400 2490 442079 2593 451921
89500 2493 442531 2593 452469
89600 2494 442950 2598 453050
89700 2499 443445 2598 453555
89800 2502 443945 2598 454055
89900 2505 444301 2601 454699
90000 2508 444608 2603 455392
90100 2511 445040 2608 455960
90200 2515 445783 2609 456217
90300 2515 446271 2609 456729
90400 2516 446766 2610 457234
90500 2518 447318 2612 457682
90600 2519 447839 2614 458161
90700 2520 448439 2614 458561
90800 2523 449025 2616 458975
90900 2523 449552 2620 459448
91000 2527 450055 2627 459945
91100 2528 450401 2629 460599
91200 2530 450939 2630 461061
91300 2532 451551 2631 461449
91400 2533 452092 2632 461908
91500 2533 452496 2634 462504
91600 2536 452923 2638 463077
91700 2539 453498 2638 463502
91800 2542 453945 2642 464055
91900 2544 454537 2646 464463
92000 2548 454971 2650 465029
92100 2548 455623 2650 465377
92200 2549 456120 2651 465880
92300 2552 456686 2654 466314
92400 2553 457172 2655 466828
92500 2555 457704 2657 467296
92600 2555 458289 2657 467711
92700 2555 458810 2657 468190
92800 2558 459264 2657 468736
92900 2560 459741 2661 469259
93000 2562 460263 2665 469737
93100 2566 460793 2666 470207
93200 2566 461398 2667 470602
93300 2569 461912 2669 471088
93400 2574 462350 2671 471650
93500 2576 462784 2672 472216
93600 2577 463269 2672 472731
93700 2578 463745 2674 473255
93800 2580 464316 2675 473684
93900 2587 464803 2679 474197
94000 2593 465269 2680 474731
94100 2595 465658 2682 475342
94200 2598 466184 2687 475816
94300 2598 466659 2687 476341
94400 2600 467067 2688 476933
94500 2602 467489 2694 477511
94600 2604 468162 2699 477838
94700 2604 468668 2700 478332
94800 2605 469179 2701 478821
94900 2607 469775 2703 479225
95000 2608 470248 2704 479752
95100 2610 470743 2706 480257
95200 2612 471186 2711 480814
95300 2615 471686 2713 481314
95400 2615 472312 2715 481688
95500 2615 472812 2719 482188
95600 2615 473373 2723 482627
95700 2615 473987 2726 483013
95800 2615 474521 2729 483479
95900 2616 474924 2729 484076
96000 2617 475394 2733 484606
96100 2619 475953 2734 485047
96200 2619 476357 2736 485643
96300 2619 477005 2737 485995
96400 2625 477566 2741 486434
96500 2627 477998 2745 487002
96600 2633 478500 2748 487500
96700 2635 478959 2750 488041
96800 2637 479464 2752 488536
96900 2638 479958 2753 489042
97000 2638 480440 2753 489560
97100 2640 480901 2755 490099
97200 2641 481367 2756 490633
97300 2643 481845 2760 491155
97400 2644 482358 2763 491642
97500 2647 482871 2764 492129
97600 2648 483402 2768 492598
97700 2649 483993 2770 493007
97800 2649 484419 2772 493581
97900 2649 484949 2772 494051
98000 2651 485385 2773 494615
98100 2654 485906 2774 495094
98200 2655 486430 2776 495570
98300 2656 486872 2777 496128
98400 2658 487311 2778 496689
98500 2662 487909 2782 497091
98600 2664 488558 2787 497442
98700 2664 489078 2789 497922
98800 2668 489584 2792 498416
98900 2670 490079 2793 498921
99000 2673 490776 2794 499224
99100 2673 491186 2798 499814
99200 2673 491620 2798 500380
99300 2677 492109 2799 500891
99400 2679 492518 2803 501482
99500 2681 492975 2804 502025
99600 2682 493451 2807 502549
99700 2686 493934 2808 503066
99800 2689 494409 2812 503591
99900 2689 494971 2812 504029
100000 2689 495420 2813 504580
100100 2693 495997 2815 505003
100200 2693 496426 2815 505574
100300 2694 496898 2816 506102
100400 2695 497425 2817 506575
100500 2696 497917 2820 507083
100600 2698 498302 2821 507698
100700 2699 498768 2822 508232
100800 2699 499226 2823 508774
100900 2702 499752 2825 509248
101000 2703 500224 2829 509776
101100 2706 500701 2830 510299
101200 2706 501300 2831 510700
101300 2707 501892 2835 511108
101400 2709 502374 2836 511626
101500 2712 502844 2837 512156
101600 2713 503396 2838 512604
101700 2716 503807 2840 513193
101800 2717 504348 2842 513652
101900 2718 504659 2844 514341
102000 2721 505170 2846 514830
102100 2726 505676 2847 515324
102200 2728 506182 2849 515818
102300 2730 506749 2851 516251
102400 2734 507032 2852 516968
102500 2734 507506 2854 517494
102600 2735 507917 2855 518083
102700 2737 508348 2856 518652
102800 2737 508810 2857 519190
102900 2740 509293 2857 519707
103000 2742 509775 2861 520225
103100 2746 510258 2864 520742
103200 2749 510723 2865 521277
103300 2750 511149 2867 521851
103400 2754 511673 2868 522327
103500 2754 512068 2869 522932
103600 2755 512532 2871 523468
103700 2757 513088 2874 523912
103800 2762 513586 2875 524414
103900 2765 514041 2878 524959
104000 2765 514558 2878 525442
104100 2766 515061 2880 525939
104200 2767 515547 2880 526453
104300 2767 515960 2881 527040
104400 2769 516446 2883 527554
104500 2769 516921 2886 528079
104600 2770 517423 2889 528577
104700 2770 517950 2891 529050
104800 2773 518340 2893 529660
104900 2773 518847 2894 530153
105000 2773 519324 2896 530676
105100 2775 519931 2898 531069
105200 2776 520400 2900 531600
105300 2778 520909 2901 532091
105400 2780 521494 2903 532506
105500 2782 521996 2903 533004
105600 2784 522495 2904 533505
105700 2784 523094 2905 533906
105800 2786 523597 2905 534403
105900 2787 524051 2906 534949
106000 2788 524518 2907 535482
106100 2788 525015 2909 535985
106200 2790 525571 2909 536429
106300 2796 526178 2911 536822
106400 2798 526481 2914 537519
106500 2802 526973 2920 538027
106600 2806 527521 2920 538479
106700 2808 528245 2923 538755
106800 2810 528815 2923 539185
106900 2814 529129 2925 539871
107000 2816 529588 2929 540412
107100 2819 530069 2930 540931
107200 2819 530584 2931 541416
107300 2824 531050 2937 541950
107400 2825 531533 2943 542467
107500 2829 532030 2944 542970
107600 2830 532546 2948 543454
107700 2832 533021 2948 543979
107800 2835 533629 2949 544371
107900 2836 534248 2949 544752
108000 2836 534914 2949 545086
108100 2839 535475 2951 545525
108200 2839 535981 2954 546019
108300 2843 536378 2955 546622
108400 2844 537051 2957 546949
108500 2844 537515 2958 547485
108600 2846 537993 2959 548007
108700 2846 538522 2960 548478
108800 2847 539047 2963 548953
108900 2849 539467 2968 549533
109000 2852 539850 2973 550150
109100 2855 540331 2976 550669
109200 2857 540831 2976 551169
109300 2857 541374 2977 551626
109400 2858 541863 2979 552137
109500 2858 542311 2982 552689
109600 2861 542749 2983 553251
109700 2861 543210 2983 553790
109800 2864 543795 2985 554205
109900 2865 544169 2985 554831
110000 2866 544639 2987 555361
110100 2867 544989 2991 556011
110200 2872 545434 2995 556566
110300 2876 545978 2997 557022
110400 2876 546482 2999 557518
110500 2881 546976 3000 558024
110600 2884 547390 3001 558610
110700 2884 547876 3003 559124
110800 2886 548351 3005 559649
110900 2890 548919 3006 560081
111000 2892 549418 3008 560582
111100 2893 549906 3010 561094
111200 2898 550224 3012 561776
111300 2900 550615 3012 562385
111400 2903 550964 3015 563036
111500 2906 551347 3020 563653
111600 2906 551800 3021 564200
111700 2906 552264 3022 564736
111800 2909 552802 3022 565198
111900 2909 553246 3023 565754
112000 2909 553790 3024 566210
112100 2909 554344 3025 566656
112200 2912 554894 3025 567106
112300 2916 555424 3027 567576
112400 2918 555885 3030 568115
112500 2919 556500 3034 568500
112600 2920 556930 3036 569070
112700 2920 557421 3037 569579
112800 2921 557907 3037 570093
112900 2928 558420 3045 570580
113000 2929 558918 3045 571082
113100 2930 559551 3046 571449
113200 2930 560086 3048 571914
113300 2932 560505 3050 572495
113400 2933 561015 3052 572985
113500 2936 561492 3053 573508
113600 2938 562027 3058 573973
113700 2939 562518 3063 574482
113800 2939 563082 3065 574918
113900 2943 563589 3067 575411
114000 2950 564079 3072 575921
114100 2951 564579 3073 576421
114200 2952 565023 3074 576977
114300 2952 565540 3075 577460
114400 2952 566038 3077 577962
114500 2954 566514 3080 578486
114600 2956 567156 3085 578844
114700 2956 567732 3087 579268
114800 2957 568237 3089 579763
114900 2960 568749 3090 580251
115000 2962 569216 3091 580784
115100 2964 569678 3094 581322
115200 2966 570187 3094 581813
115300 2968 570673 3099 582327
115400 2972 571070 3101 582930
115500 2973 571554 3101 583446
115600 2974 572088 3101 583912
115700 2975 572523 3101 584477
115800 2976 572973 3103 585027
115900 2979 573412 3105 585588
116000 2980 573925 3106 586075
116100 2982 574465 3109 586535
116200 2984 574907 3110 587093
116300 2987 575475 3115 587525
116400 2989 575839 3115 588161
116500 2990 576312 3117 588688
116600 2990 576737 3118 589263
116700 2996 577225 3120 589775
116800 2998 577759 3122 590241
116900 2998 578210 3123 590790
117000 3000 578569 3126 591431
117100 3000 579069 3132 591931
117200 3000 579515 3134 592485
117300 3000 580131 3136 592869
117400 3002 580639 3137 593361
117500 3005 581273 3138 593727
117600 3006 581759 3141 594241
117700 3013 582233 3147 594767
117800 3015 582756 3151 595244
117900 3018 583199 3154 595801
118000 3021 583729 3158 596271
118100 3024 584152 3159 596848
118200 3026 584525 3159 597475
118300 3029 585038 3161 597962
118400 3031 585525 3164 598475
118500 3032 585866 3165 599134
118600 3037 586298 3172 599702
118700 3037 586849 3173 600151
118800 3039 587189 3175 600811
118900 3043 587632 3179 601368
119000 3047 588140 3182 601860
119100 3049 588644 3184 602356
119200 3056 589132 3188 602868
119300 3056 589493 3191 603507
119400 3057 590006 3193 603994
119500 3060 590430 3196 604570
119600 3061 591054 3196 604946
119700 3065 591671 3201 605329
119800 3066 592199 3201 605801
119900 3068 592652 3202 606348
120000 3076 593206 3204 606794
120100 3078 593727 3204 607273
120200 3081 594183 3207 607817
120300 3084 594843 3209 608157
120400 3084 595192 3210 608808
120500 3085 595683 3210 609317
120600 3086 596299 3213 609701
120700 3089 596944 3214 610056
120800 3091 597517 3216 610483
120900 3093 598104 3222 610896
121000 3095 598610 3224 611390
121100 3096 599009 3226 611991
121200 3098 599468 3226 612532
121300 3100 599920 3227 613080
121400 3101 600444 3227 613556
121500 3104 600959 3229 614041
121600 3107 601360 3231 614640
121700 3110 601879 3233 615121
121800 3111 602387 3233 615613
121900 3112 602933 3237 616067
122000 3117 603365 3242 616635
122100 3120 604066 3243 616934
122200 3127 604361 3246 617639
122300 3130 604980 3248 618020
122400 3132 605515 3249 618485
122500 3134 605976 3249 619024
122600 3140 606378 3252 619622
122700 3141 606942 3252 620058
122800 3142 607436 3253 620564
122900 3145 607952 3261 621048
123000 3148 608528 3267 621472
123100 3151 609024 3268 621976
123200 3156 609442 3273 622558
123300 3158 610095 3275 622905
123400 3161 610638 3275 623362
123500 3166 611238 3279 623762
123600 3168 611884 3280 624116
123700 3169 612231 3284 624769
123800 3171 612670 3285 625330
123900 3171 613161 3285 625839
124000 3173 613625 3288 626375
124100 3174 614161 3291 626839
124200 3176 614631 3294 627369
124300 3181 614903 3296 628097
124400 3184 615401 3299 628599
124500 3184 615960 3303 629040
124600 3187 616561 3305 629439
124700 3187 616971 3307 630029
124800 3192 617501 3309 630499
124900 3195 617977 3311 631023
125000 3197 618498 3315 631502
125100 3199 619000 3319 632000
125200 3201 619455 3321 632545
125300 3204 619909 3324 633091
125400 3207 620531 3328 633469
125500 3209 620956 3328 634044
125600 3211 621521 3329 634479
125700 3213 622091 3329 634909
125800 3215 622795 3331 635205
125900 3218 623390 3334 635610
126000 3219 623865 3336 636135
126100 3221 624390 3341 636610
126200 3222 624982 3341 637018
126300 3225 625507 3344 637493
126400 3226 625934 3344 638066
126500 3228 626617 3347 638383
126600 3230 627089 3348 638911
126700 3232 627698 3349 639302
126800 3233 628247 3350 639753
126900 3235 628716 3351 640284
127000 3243 629218 3354 640782
127100 3245 629791 3358 641209
127200 3246 630261 3358 641739
127300 3247 630856 3359 642144
127400 3249 631328 3363 642672
127500 3250 631774 3364 643226
127600 3251 632091 3366 643909
127700 3255 632629 3369 644371
127800 3259 633125 3370 644875
127900 3260 633654 3371 645346
128000 3260 634226 3371 645774
128100 3260 634747 3374 646253
128200 3262 635276 3376 646724
128300 3263 635740 3378 647260
128400 3264 636323 3380 647677
128500 3264 636790 3380 648210
128600 3266 637471 3382 648529
128700 3268 637889 3384 649111
128800 3269 638294 3384 649706
128900 3271 638835 3390 650165
129000 3273 639402 3395 650598
129100 3275 639963 3397 651037
129200 3279 640446 3401 651554
129300 3281 640911 3401 652089
129400 3284 641455 3402 652545
129500 3286 641928 3404 653072
129600 3287 642503 3405 653497
129700 3287 643034 3406 653966
129800 3287 643407 3407 654593
129900 3289 643894 3410 655106
130000 3292 644376 3412 655624
130100 3292 644918 3414 656082
130200 3293 645448 3415 656552
130300 3294 645934 3418 657066
130400 3299 646510 3424 657490
130500 3300 647180 3428 657820
130600 3302 647752 3429 658248
130700 3306 648200 3431 658800
130800 3308 648571 3433 659429
130900 3314 649083 3441 659917
131000 3314 649653 3442 660347
131100 3317 650189 3444 660811
131200 3323 650675 3454 661325
131300 3323 651107 3454 661893
131400 3326 651552 3458 662448
131500 3331 652165 3459 662835
131600 3333 652783 3461 663217
131700 3333 653288 3466 663712
131800 3334 653695 3468 664305
131900 3339 654177 3469 664823
132000 3344 654605 3473 665395
132100 3345 655067 3474 665933
132200 3348 655403 3477 666597
132300 3355 655731 3483 667269
132400 3355 656196 3486 667804
132500 3355 656689 3486 668311
132600 3356 657129 3487 668871
132700 3360 657691 3489 669309
132800 3360 657988 3491 670012
132900 3367 658267 3493 670733
133000 3372 658718 3498 671282
133100 3374 659221 3500 671779
133200 3377 659639 3500 672361
133300 3380 660174 3503 672826
133400 3380 660874 3509 673126
133500 3382 661372 3513 673628
133600 3382 661801 3514 674199
133700 3382 662361 3515 674639
133800 3383 662937 3520 675063
133900 3385 663360 3522 675640
134000 3390 663920 3526 676080
134100 3390 664383 3528 676617
134200 3390 664883 3530 677117
134300 3391 665316 3531 677684
134400 3394 665661 3533 678339
134500 3396 666120 3534 678880
134600 3401 666598 3535 679402
134700 3402 667167 3538 679833
134800 3404 667632 3539 680368
134900 3406 668134 3545 680866
135000 3407 668633 3547 681367
135100 3409 669116 3553 681884
135200 3412 669584 3556 682416
135300 3413 670030 3556 682970
135400 3415 670553 3559 683447
135500 3416 670968 3563 684032
135600 3418 671515 3564 684485
135700 3421 671943 3565 685057
135800 3422 672530 3566 685470
135900 3423 672915 3570 686085
136000 3427 673362 3570 686638
136100 3428 673995 3574 687005
136200 3430 674479 3577 687521
136300 3433 674938 3578 688062
136400 3436 675431 3578 688569
136500 3440 675942 3579 689058
136600 3441 676436 3580 689564
136700 3441 676986 3580 690014
136800 3441 677461 3582 690539
136900 3446 677960 3585 691040
137000 3448 678471 3587 691529
137100 3449 679045 3589 691955
137200 3449 679489 3590 692511
137300 3451 679870 3592 693130
137400 3454 680149 3595 693851
137500 3455 680498 3597 694502
137600 3458 680934 3603 695066
137700 3460 681357 3604 695643
137800 3461 681863 3606 696137
137900 3462 682352 3607 696648
138000 3464 682853 3610 697147
138100 3467 683385 3613 697615
138200 3470 683805 3616 698195
138300 3470 684322 3616 698678
138400 3471 684786 3617 699214
138500 3473 685257 3620 699743
138600 3475 685743 3622 700257
138700 3477 686321 3626 700679
138800 3480 686778 3631 701222
138900 3484 687330 3631 701670
139000 3487 687725 3635 702275
139100 3491 688140 3640 702860
139200 3491 688705 3643 703295
139300 3495 689071 3646 703929
139400 3497 689489 3647 704511
139500 3498 689920 3650 705080
139600 3501 690400 3651 705600
139700 3504 690894 3654 706106
139800 3506 691590 3657 706410
139900 3507 692029 3659 706971
140000 3508 692564 3662 707436
140100 3509 693001 3665 707999
140200 3512 693477 3670 708523
140300 3513 694033 3670 708967
140400 3513 694532 3673 709468
140500 3513 695049 3675 709951
140600 3513 695677 3678 710323
140700 3516 696176 3679 710824
140800 3519 696804 3680 711196
140900 3520 697400 3680 711600
141000 3521 697925 3683 712075
141100 3522 698358 3685 712642
141200 3525 698780 3689 713220
141300 3528 699241 3693 713759
141400 3529 699785 3695 714215
141500 3532 700316 3695 714684
141600 3532 700906 3696 715094
141700 3533 701327 3702 715673
141800 3535 701813 3704 716187
141900 3536 702352 3705 716648
142000 3538 702914 3705 717086
142100 3539 703363 3705 717637
142200 3539 703809 3707 718191
142300 3541 704297 3707 718703
142400 3541 704840 3707 719160
142500 3547 705256 3709 719744
142600 3549 705735 3712 720265
142700 3551 706185 3713 720815
142800 3556 706651 3714 721349
142900 3559 707196 3715 721804
143000 3563 707711 3717 722289
143100 3565 708220 3718 722780
143200 3567 708700 3721 723300
143300 3573 709268 3727 723732
143400 3574 709718 3728 724282
143500 3575 710307 3731 724693
143600 3576 710781 3731 725219
143700 3579 711080 3735 725920
143800 3583 711563 3744 726437
143900 3588 712278 3746 726722
144000 3591 712841 3750 727159
144100 3592 713426 3755 727574
144200 3595 713872 3755 728128
144300 3596 714422 3760 728578
144400 3596 714935 3760 729065
144500 3597 715353 3763 729647
144600 3600 715931 3764 730069
144700 3602 716515 3765 730485
144800 3603 716947 3767 731053
144900 3603 717361 3767 731639
145000 3606 717917 3770 732083
145100 3608 718536 3771 732464
145200 3612 719008 3773 732992
145300 3614 719501 3776 733499
145400 3616 719909 3777 734091
145500 3619 720447 3779 734553
145600 3620 720832 3781 735168
145700 3622 721275 3782 735725
145800 3625 721710 3783 736290
145900 3625 722260 3785 736740
146000 3628 722869 3788 737131
146100 3628 723373 3788 737627
146200 3629 723942 3789 738058
146300 3630 724370 3791 738630
146400 3634 724830 3792 739170
146500 3637 725178 3795 739822
146600 3637 725628 3799 740372
146700 3637 726085 3799 740915
146800 3647 726575 3801 741425
146900 3648 727098 3802 741902
147000 3649 727666 3804 742334
147100 3651 728219 3804 742781
147200 3653 728779 3806 743221
147300 3656 729382 3807 743618
147400 3658 730024 3810 743976
147500 3659 730534 3810 744466
147600 3662 731177 3812 744823
147700 3667 731652 3812 745348
147800 3669 732203 3814 745797
147900 3675 732768 3818 746232
148000 3675 733116 3818 746884
148100 3676 733483 3820 747517
148200 3679 733944 3825 748056
148300 3680 734395 3827 748605
148400 3683 734831 3828 749169
148500 3683 735342 3830 749658
148600 3684 735833 3831 750167
148700 3686 736365 3831 750635
148800 3687 736897 3834 751103
148900 3690 737468 3836 751532
149000 3691 737944 3837 752056
149100 3693 738450 3838 752550
149200 3693 738925 3839 753075
149300 3698 739372 3839 753628
149400 3699 739869 3841 754131
149500 3699 740271 3842 754729
149600 3702 740727 3844 755273
149700 3704 741218 3845 755782
149800 3706 741716 3846 756284
149900 3706 742325 3847 756675
150000 3707 742843 3848 757157
150100 3709 743576 3855 757424
150200 3709 744052 3857 757948
150300 3714 744578 3860 758422
150400 3717 745057 3868 758943
150500 3718 745600 3868 759400
150600 3719 746078 3868 759922
150700 3719 746561 3868 760439
150800 3721 747035 3871 760965
150900 3725 747500 3872 761500
151000 3726 748022 3876 761978
151100 3726 748468 3876 762532
151200 3726 748958 3876 763042
151300 3727 749409 3877 763591
151400 3729 749922 3877 764078
151500 3730 750437 3880 764563
151600 3731 750882 3881 765118
151700 3731 751305 3886 765695
151800 3734 751686 3890 766314
151900 3737 752191 3890 766809
152000 3737 752724 3892 767276
152100 3741 753184 3896 767816
152200 3745 753641 3898 768359
152300 3745 754004 3900 768996
152400 3747 754622 3901 769378
152500 3747 755105 3903 769895
152600 3748 755645 3904 770355
152700 3749 756185 3907 770815
152800 3751 756660 3909 771340
152900 3753 757252 3909 771748
153000 3756 757885 3910 772115
153100 3759 758456 3913 772544
153200 3759 758960 3917 773040
153300 3760 759646 3920 773354
153400 3761 760151 3920 773849
153500 3762 760655 3923 774345
153600 3765 761161 3925 774839
153700 3767 761611 3926 775389
153800 3769 762251 3928 775749
153900 3771 762889 3928 776111
154000 3772 763257 3929 776743
154100 3772 763671 3931 777329
154200 3774 764123 3935 777877
154300 3776 764687 3937 778313
154400 3776 765101 3941 778899
154500 3776 765557 3942 779443
154600 3780 766055 3943 779945
154700 3782 766457 3944 780543
154800 3783 766944 3947 781056
154900 3785 767378 3947 781622
155000 3786 767821 3951 782179
155100 3787 768265 3951 782735
155200 3787 768791 3951 783209
155300 3791 769231 3954 783769
155400 3791 769808 3955 784192
155500 3792 770330 3956 784670
155600 3793 770770 3958 785230
155700 3794 771183 3960 785817
155800 3796 771698 3964 786302
155900 3796 772193 3970 786807
156000 3797 772777 3970 787223
156100 3800 773285 3974 787715
156200 3803 773978 3976 788022
156300 3809 774240 3981 788760
156400 3809 774750 3982 789250
156500 3810 775317 3983 789683
156600 3811 775836 3986 790164
156700 3811 776222 3989 790778
156800 3815 776689 3991 791311
156900 3818 777146 3998 791854
157000 3819 777651 4002 792349
157100 3820 778283 4004 792717
157200 3821 778862 4004 793138
157300 3825 779506 4007 793494
157400 3827 780080 4008 793920
157500 3832 780388 4009 794612
157600 3834 780914 4012 795086
157700 3838 781322 4015 795678
157800 3840 781821 4017 796179
157900 3841 782309 4018 796691
158000 3842 782785 4024 797215
158100 3844 783275 4025 797725
158200 3846 783883 4027 798117
158300 3848 784353 4027 798647
158400 3850 784820 4029 799180
158500 3852 785273 4031 799727
158600 3853 785710 4034 800290
158700 3856 786099 4036 800901
158800 3857 786559 4036 801441
158900 3858 787031 4038 801969
159000 3860 787472 4039 802528
159100 3862 788096 4041 802904
159200 3863 788657 4042 803343
159300 3865 789183 4043 803817
159400 3866 789646 4044 804354
159500 3866 790128 4047 804872
159600 3867 790660 4047 805340
159700 3867 791090 4048 805910
159800 3872 791500 4049 806500
159900 3872 792076 4050 806924
160000 3872 792725 4051 807275
160100 3875 793245 4054 807755
160200 3876 793770 4056 808230
160300 3883 794256 4061 808744
160400 3883 794812 4063 809188
160500 3886 795212 4067 809788
160600 3887 795733 4067 810267
160700 3889 796204 4068 810796
160800 3891 796763 4068 811237
160900 3894 797252 4072 811748
161000 3897 797784 4074 812216
161100 3897 798316 4077 812684
161200 3901 798733 4082 813267
161300 3901 799224 4085 813776
161400 3902 799772 4087 814228
161500 3904 800213 4089 814787
161600 3904 800631 4090 815369
161700 3907 801033 4092 815967
161800 3907 801519 4093 816481
161900 3908 802101 4097 816899
162000 3916 802448 4099 817552
162100 3916 803019 4102 817981
162200 3920 803531 4104 818469
162300 3927 803989 4104 819011
162400 3933 804494 4107 819506
162500 3935 805028 4108 819972
162600 3936 805598 4110 820402
162700 3940 806157 4110 820843
162800 3940 806653 4110 821347
162900 3942 807090 4111 821910
163000 3943 807600 4111 822400
163100 3945 808035 4115 822965
163200 3947 808654 4115 823346
163300 3947 809236 4119 823764
163400 3951 809697 4123 824303
163500 3954 810191 4124 824809
163600 3955 810694 4126 825306
163700 3960 811152 4128 825848
163800 3962 811642 4132 826358
163900 3965 812118 4132 826882
164000 3965 812553 4133 827447
164100 3967 813077 4134 827923
164200 3972 813640 4138 828360
164300 3972 814339 4141 828661
164400 3973 814883 4143 829117
164500 3975 815455 4148 829545
164600 3976 815944 4150 830056
164700 3979 816447 4152 830553
164800 3983 817015 4155 830985
164900 3989 817363 4157 831637
165000 3990 817818 4157 832182
165100 3992 818327 4157 832673
165200 3993 818872 4159 833128
165300 3995 819418 4159 833582
165400 3999 819850 4162 834150
165500 4000 820311 4165 834689
165600 4001 820848 4166 835152
165700 4002 821279 4167 835721
165800 4003 821882 4167 836118
165900 4008 822441 4167 836559
166000 4011 822768 4168 837232
166100 4017 823252 4173 837748
166200 4017 823770 4174 838230
166300 4019 824317 4176 838683
166400 4020 824878 4177 839122
166500 4022 825329 4178 839671
166600 4022 825901 4179 840099
166700 4022 826402 4180 840598
166800 4025 826731 4182 841269
166900 4028 827215 4185 841785
167000 4028 827676 4186 842324
167100 4031 828203 4190 842797
167200 4032 828598 4192 843402
167300 4034 828870 4195 844130
167400 4034 829194 4199 844806
167500 4037 829703 4199 845297
167600 4042 830289 4200 845711
167700 4043 830828 4200 846172
167800 4048 831369 4206 846631
167900 4050 831906 4207 847094
168000 4053 832383 4210 847617
168100 4057 832834 4212 848166
168200 4059 833219 4213 848781
168300 4064 833734 4217 849266
168400 4065 834210 4218 849790
168500 4069 834807 4222 850193
168600 4075 835188 4224 850812
168700 4081 835465 4225 851535
168800 4084 835903 4226 852097
168900 4086 836447 4228 852553
169000 4093 836960 4232 853040
169100 4094 837524 4232 853476
169200 4094 838020 4232 853980
169300 4096 838508 4236 854492
169400 4099 839011 4237 854989
169500 4103 839517 4239 855483
169600 4106 840025 4239 855975
169700 4110 840477 4239 856523
169800 4112 841036 4241 856964
169900 4113 841427 4243 857573
170000 4115 841883 4245 858117
170100 4115 842291 4249 858709
170200 4116 842757 4251 859243
170300 4117 843208 4252 859792
170400 4118 843628 4252 860372
170500 4119 844031 4253 860969
170600 4121 844479 4253 861521
170700 4121 845069 4254 861931
170800 4122 845583 4256 862417
170900 4126 846147 4257 862853
171000 4128 846605 4260 863395
171100 4129 846997 4263 864003
171200 4138 847321 4266 864679
171300 4141 847939 4270 865061
171400 4145 848537 4272 865463
171500 4145 849039 4273 865961
171600 4148 849495 4276 866505
171700 4149 849975 4277 867025
171800 4152 850464 4279 867536
171900 4154 850992 4281 868008
172000 4154 851450 4283 868550
172100 4155 851960 4292 869040
172200 4157 852499 4293 869501
172300 4162 852995 4295 870005
172400 4165 853302 4301 870698
172500 4170 853801 4303 871199
172600 4174 854178 4308 871822
172700 4177 854720 4310 872280
172800 4179 855331 4311 872669
172900 4180 855695 4312 873305
173000 4182 856248 4312 873752
173100 4183 856867 4314 874133
173200 4183 857361 4314 874639
173300 4186 857711 4316 875289
173400 4187 858182 4318 875818
173500 4188 858704 4319 876296
173600 4191 859210 4320 876790
173700 4192 859647 4320 877353
173800 4196 860136 4322 877864
173900 4199 860609 4325 878391
174000 4203 861046 4328 878954
174100 4204 861667 4334 879333
174200 4204 862147 4338 879853
174300 4206 862553 4343 880447
174400 4209 863069 4346 880931
174500 4215 863533 4350 881467
174600 4217 864005 4352 881995
174700 4218 864532 4353 882468
174800 4221 865179 4359 882821
174900 4223 865649 4361 883351
175000 4225 866299 4362 883701
175100 4225 866669 4362 884331
175200 4226 867133 4364 884867
175300 4228 867630 4364 885370
175400 4229 868187 4365 885813
175500 4232 868535 4365 886465
175600 4232 869114 4370 886886
175700 4234 869587 4371 887413
175800 4234 870022 4372 887978
175900 4235 870437 4376 888563
176000 4235 870908 4378 889092
176100 4236 871366 4378 889634
176200 4237 871983 4379 890017
176300 4239 872625 4381 890375
176400 4239 873263 4382 890737
176500 4240 873719 4385 891281
176600 4243 874107 4386 891893
176700 4245 874592 4388 892408
176800 4248 875057 4388 892943
176900 4250 875593 4389 893407
177000 4253 876095 4389 893905
177100 4256 876552 4393 894448
177200 4257 877006 4393 894994
177300 4257 877467 4396 895533
177400 4257 877988 4398 896012
177500 4261 878491 4398 896509
177600 4262 879146 4398 896854
177700 4263 879658 4400 897342
177800 4265 880105 4403 897895
177900 4268 880562 4408 898438
178000 4270 881079 4408 898921
178100 4270 881591 4408 899409
178200 4271 882126 4408 899874
178300 4272 882669 4408 900331
178400 4272 883137 4409 900863
178500 4274 883839 4411 901161
178600 4274 884414 4413 901586
178700 4274 884943 4416 902057
178800 4276 885411 4420 902589
178900 4280 885877 4427 903123
179000 4281 886354 4427 903646
179100 4283 886914 4427 904086
179200 4283 887347 4429 904653
179300 4285 887732 4431 905268
179400 4288 888251 4432 905749
179500 4290 888828 4436 906172
179600 4292 889379 4437 906621
179700 4293 889823 4437 907177
179800 4294 890220 4443 907780
179900 4300 890737 4445 908263
180000 4304 891210 4445 908790
180100 4307 891654 4445 909346
180200 4310 892159 4452 909841
180300 4314 892830 4457 910170
180400 4314 893309 4458 910691
180500 4315 893785 4459 911215
180600 4317 894353 4460 911647
180700 4317 894909 4460 912091
180800 4317 895439 4462 912561
180900 4319 895987 4464 913013
181000 4321 896436 4464 913564
181100 4322 896808 4467 914192
181200 4322 897315 4469 914685
181300 4324 897678 4471 915322
181400 4325 898200 4473 915800
181500 4326 898715 4475 916285
181600 4330 899262 4477 916738
181700 4332 899736 4477 917264
181800 4333 900247 4477 917753
181900 4335 900700 4478 918300
182000 4336 901134 4478 918866
182100 4337 901749 4480 919251
182200 4340 902193 4481 919807
182300 4343 902692 4482 920308
182400 4346 903320 4484 920680
182500 4347 903834 4484 921166
182600 4348 904378 4488 921622
182700 4351 904819 4488 922181
182800 4352 905418 4490 922582
182900 4353 905925 4490 923075
183000 4355 906315 4493 923685
183100 4357 906803 4493 924197
183200 4361 907144 4493 924856
183300 4362 907687 4495 925313
183400 4365 908257 4496 925743
183500 4367 908647 4500 926353
183600 4369 909164 4501 926836
183700 4373 909661 4504 927339
183800 4378 910196 4505 927804
183900 4380 910835 4509 928165
184000 4381 911432 4511 928568
184100 4384 911952 4515 929048
184200 4385 912415 4515 929585
184300 4390 912793 4517 930207
184400 4391 913247 4519 930753
184500 4394 913597 4520 931403
184600 4398 914098 4523 931902
184700 4401 914587 4527 932413
184800 4407 915027 4533 932973
184900 4407 915700 4536 933300
185000 4413 916171 4538 933829
185100 4416 916559 4538 934441
185200 4418 917064 4539 934936
185300 4419 917438 4541 935562
185400 4421 917957 4543 936043
185500 4423 918522 4547 936478
185600 4423 918979 4548 937021
185700 4424 919634 4548 937366
185800 4424 920066 4548 937934
185900 4426 920462 4550 938538
186000 4427 921007 4554 938993
186100 4429 921569 4554 939431
186200 4433 922064 4555 939936
186300 4433 922532 4555 940468
186400 4436 923043 4556 940957
186500 4438 923568 4558 941432
186600 4442 924036 4558 941964
186700 4443 924389 4560 942611
186800 4446 924890 4565 943110
186900 4448 925390 4568 943610
187000 4448 925882 4568 944118
187100 4451 926372 4571 944628
187200 4452 926922 4573 945078
187300 4454 927344 4574 945656
187400 4455 927849 4574 946151
187500 4457 928203 4574 946797
187600 4459 928796 4575 947204
187700 4459 929342 4578 947658
187800 4463 929935 4580 948065
187900 4466 930439 4582 948561
188000 4468 930827 4583 949173
188100 4470 931327 4583 949673
188200 4470 931813 4586 950187
188300 4472 932275 4586 950725
188400 4474 932827 4587 951173
188500 4474 933261 4588 951739
188600 4480 933693 4592 952307
188700 4481 934133 4594 952867
188800 4482 934868 4595 953132
188900 4484 935239 4597 953761
189000 4486 935707 4601 954293
189100 4488 936308 4601 954692
189200 4488 936860 4603 955140
189300 4493 937335 4605 955665
189400 4496 937715 4608 956285
189500 4499 938244 4609 956756
189600 4500 938690 4610 957310
189700 4502 939130 4612 957870
189800 4504 939702 4614 958298
189900 4505 940292 4623 958708
190000 4507 940789 4624 959211
190100 4509 941390 4625 959610
190200 4509 941865 4626 960135
190300 4511 942383 4626 960617
190400 4516 942848 4629 961152
190500 4520 943365 4629 961635
190600 4523 943779 4631 962221
190700 4524 944283 4632 962717
190800 4527 944796 4634 963204
190900 4531 945332 4636 963668
191000 4535 945819 4642 964181
191100 4537 946390 4644 964610
191200 4538 946946 4647 965054
191300 4538 947563 4648 965437
191400 4538 948027 4648 965973
191500 4538 948508 4651 966492
191600 4539 948950 4652 967050
191700 4540 949347 4653 967653
191800 4541 949828 4656 968172
191900 4542 950222 4657 968778
192000 4545 950797 4659 969203
192100 4546 951222 4661 969778
192200 4549 951682 4664 970318
192300 4550 952134 4666 970866
192400 4550 952612 4668 971388
192500 4551 953073 4671 971927
192600 4551 953628 4672 972372
192700 4553 954188 4673 972812
192800 4556 954671 4675 973329
192900 4556 955153 4678 973847
193000 4558 955692 4680 974308
193100 4558 956211 4682 974789
193200 4559 956784 4684 975216
193300 4560 957263 4686 975737
193400 4561 957717 4689 976283
193500 4567 958255 4689 976745
193600 4568 958723 4693 977277
193700 4569 959330 4696 977670
193800 4570 959591 4700 978409
193900 4571 959848 4703 979152
194000 4572 960350 4704 979650
194100 4572 960625 4704 980375
194200 4573 961014 4705 980986
194300 4574 961441 4708 981559
194400 4576 961994 4708 982006
194500 4579 962522 4710 982478
194600 4580 963116 4711 982884
194700 4583 963627 4713 983373
194800 4584 964226 4716 983774
194900 4587 964837 4722 984163
195000 4587 965218 4722 984782
195100 4590 965745 4723 985255
195200 4591 966317 4725 985683
195300 4593 966800 4726 986200
195400 4595 967252 4728 986748
195500 4595 967742 4732 987258
195600 4598 968180 4732 987820
195700 4601 968886 4734 988114
195800 4603 969369 4738 988631
195900 4606 969875 4739 989125
196000 4610 970297 4741 989703
196100 4611 970741 4742 990259
196200 4612 971282 4745 990718
196300 4614 971759 4746 991241
196400 4614 972175 4747 991825
196500 4617 972674 4747 992326
196600 4618 973221 4750 992779
196700 4619 973485 4752 993515
196800 4623 973960 4756 994040
196900 4623 974371 4758 994629
197000 4629 974872 4764 995128
197100 4633 975391 4769 995609
197200 4636 975994 4770 996006
197300 4636 976522 4770 996478
197400 4637 977017 4775 996983
197500 4641 977639 4777 997361
197600 4643 978211 4778 997789
197700 4644 978639 4779 998361
197800 4646 978911 4783 999089
197900 4649 979402 4788 999598
198000 4649 979808 4788 1000192
198100 4651 980369 4789 1000631
198200 4654 980741 4791 1001259
198300 4655 981244 4791 1001756
198400 4658 981626 4793 1002374
198500 4658 982124 4797 1002876
198600 4658 982589 4798 1003411
198700 4659 983059 4799 1003941
198800 4661 983495 4800 1004505
198900 4665 984054 4802 1004946
199000 4665 984571 4803 1005429
199100 4665 985152 4804 1005848
199200 4669 985685 4806 1006315
199300 4669 986144 4807 1006856
199400 4669 986727 4808 1007273
199500 4669 987103 4811 1007897
199600 4671 987669 4812 1008331
199700 4672 988133 4815 1008867
199800 4673 988639 4817 1009361
199900 4675 989196 4819 1009804
200000 4676 989787 4819 1010213
