#! FIELDS timestep dup_succ dup_attempts kill_succ kill_attempts
#! SET timestep 0.5
#! SET kernel_bandwidth [0.9 0.9]
#! SET kt 1.0
100 63 161 65 839
200 139 411 144 1589
300 221 731 226 2269
400 294 1146 301 2854
500 352 1636 355 3364
600 394 2184 395 3816
700 430 2684 422 4316
800 460 3140 454 4860
900 483 3523 473 5477
1000 504 3926 492 6074
1100 517 4314 504 6686
1200 534 4716 518 7284
1300 550 5169 529 7831
1400 561 5663 538 8337
1500 572 6105 549 8895
1600 580 6568 554 9432
1700 582 7044 557 9956
1800 586 7570 564 10430
1900 588 8098 572 10902
2000 595 8595 575 11405
2100 597 9026 578 11974
2200 601 9465 580 12535
2300 606 10037 584 12963
2400 609 10574 585 13426
2500 611 11046 585 13954
2600 615 11504 589 14496
2700 616 11945 592 15055
2800 622 12365 595 15635
2900 623 12688 598 16312
3000 625 13207 601 16793
3100 627 13799 603 17201
3200 632 14321 604 17679
3300 639 14939 608 18061
3400 640 15416 613 18584
3500 641 15820 614 19180
3600 642 16345 618 19655
3700 644 16918 621 20082
3800 644 17367 623 20633
3900 646 17892 625 21108
4000 647 18218 627 21782
4100 648 18666 630 22334
4200 650 19137 631 22863
4300 653 19674 633 23326
4400 654 20134 636 23866
4500 655 20652 637 24348
4600 656 21167 638 24833
4700 658 21755 642 25245
4800 659 22274 643 25726
4900 659 22811 646 26189
5000 661 23310 647 26690
5100 661 23796 648 27204
5200 662 24375 649 27625
5300 666 24986 652 28014
5400 671 25586 658 28414
5500 675 26093 659 28907
5600 680 26617 661 29383
5700 682 27176 662 29824
5800 688 27625 665 30375
5900 690 28145 666 30855
6000 694 28605 670 31395
6100 698 29086 671 31914
6200 700 29480 675 32520
6300 700 30016 678 32984
6400 702 30514 679 33486
6500 703 31031 679 33969
6600 703 31605 680 34395
6700 707 32090 682 34910
6800 710 32612 683 35388
6900 714 33136 687 35864
7000 714 33727 693 36273
7100 718 34228 697 36772
7200 723 34579 698 37421
7300 728 34940 700 38060
7400 733 35325 702 38675
7500 735 35790 702 39210
7600 737 36347 702 39653
7700 743 36849 703 40151
7800 745 37416 708 40584
7900 749 37971 711 41029
8000 753 38437 712 41563
8100 755 38878 714 42122
8200 755 39406 717 42594
8300 757 39933 720 43067
8400 757 40394 720 43606
8500 759 40764 723 44236
8600 761 41341 726 44659
8700 763 41879 729 45121
8800 767 42415 731 45585
8900 769 42871 734 46129
9000 773 43340 737 46660
9100 774 43832 738 47168
9200 775 44249 739 47751
9300 777 44685 739 48315
9400 780 45153 740 48847
9500 786 45669 740 49331
9600 788 46190 744 49810
9700 791 46725 748 50275
9800 793 47267 749 50733
9900 795 47814 751 51186
10000 795 48315 753 51685
10100 796 48834 757 52166
10200 797 49190 760 52810
10300 804 49686 761 53314
10400 805 50209 763 53791
10500 806 50768 767 54232
10600 806 51332 770 54668
10700 807 51745 771 55255
10800 810 52199 774 55801
10900 814 52615 777 56385
11000 814 53003 779 56997
11100 817 53448 782 57552
11200 819 54051 785 57949
11300 822 54560 787 58440
11400 827 55037 789 58963
11500 830 55610 792 59390
11600 831 56049 793 59951
11700 832 56557 797 60443
11800 836 57059 798 60941
11900 839 57447 800 61553
12000 840 57954 801 62046
12100 845 58509 805 62491
12200 847 59019 805 62981
12300 848 59496 809 63504
12400 850 59979 812 64021
12500 851 60588 815 64412
12600 853 61021 817 64979
12700 853 61581 819 65419
12800 853 61998 822 66002
12900 855 62519 824 66481
13000 857 63055 824 66945
13100 857 63554 827 67446
13200 857 64203 831 67797
13300 862 64744 834 68256
13400 867 65316 839 68684
13500 872 65850 842 69150
13600 875 66350 848 69650
13700 878 66816 853 70184
13800 879 67345 855 70655
13900 880 67685 857 71315
14000 885 68164 861 71836
14100 892 68693 866 72307
14200 894 69264 867 72736
14300 896 69669 868 73331
14400 899 70232 876 73768
14500 900 70815 877 74185
14600 901 71412 877 74588
14700 903 71987 879 75013
14800 909 72453 879 75547
14900 910 72758 881 76242
15000 911 73308 883 76692
15100 911 73902 884 77098
15200 913 74471 887 77529
15300 917 74924 888 78076
15400 918 75423 888 78577
15500 918 75903 890 79097
15600 918 76374 890 79626
15700 921 76888 893 80112
15800 926 77382 896 80618
15900 926 77849 900 81151
16000 927 78181 905 81819
16100 930 78547 909 82453
16200 934 79060 911 82940
16300 937 79545 914 83455
16400 939 80116 918 83884
16500 943 80626 920 84374
16600 949 81086 924 84914
16700 951 81521 926 85479
16800 952 81989 926 86011
16900 953 82425 926 86575
17000 955 82997 928 87003
17100 961 83606 935 87394
17200 961 84094 936 87906
17300 961 84657 937 88343
17400 961 85198 938 88802
17500 962 85720 941 89280
17600 964 86198 945 89802
17700 970 86699 946 90301
17800 974 87183 952 90817
17900 975 87813 953 91187
18000 979 88347 959 91653
18100 979 88882 960 92118
18200 981 89484 964 92516
18300 983 90091 968 92909
18400 988 90591 971 93409
18500 990 91100 974 93900
18600 991 91783 979 94217
18700 992 92294 981 94706
18800 994 92772 988 95228
18900 1001 93152 993 95848
19000 1007 93711 998 96289
19100 1007 94141 998 96859
19200 1008 94757 998 97243
19300 1009 95225 1000 97775
19400 1012 95673 1006 98327
19500 1013 96113 1011 98887
19600 1015 96698 1012 99302
19700 1016 97222 1013 99778
19800 1021 97714 1013 100286
19900 1026 98232 1014 100768
20000 1029 98583 1016 101417
20100 1032 99045 1016 101955
20200 1037 99496 1018 102504
20300 1040 99942 1025 103058
20400 1045 100410 1029 103590
20500 1046 100898 1031 104102
20600 1052 101451 1034 104549
20700 1054 101987 1037 105013
20800 1055 102543 1041 105457
20900 1055 103043 1043 105957
21000 1059 103443 1043 106557
21100 1061 103862 1046 107138
21200 1067 104461 1050 107539
21300 1068 104874 1054 108126
21400 1071 105325 1056 108675
21500 1073 105849 1056 109151
21600 1075 106367 1058 109633
21700 1079 106858 1059 110142
21800 1082 107358 1063 110642
21900 1082 107895 1065 111105
22000 1086 108287 1067 111713
22100 1088 108781 1067 112219
22200 1089 109362 1068 112638
22300 1092 109908 1070 113092
22400 1098 110579 1073 113421
22500 1099 111157 1074 113843
22600 1108 111692 1082 114308
22700 1109 112222 1085 114778
22800 1112 112817 1088 115183
22900 1114 113407 1093 115593
23000 1117 113986 1093 116014
23100 1119 114442 1095 116558
23200 1122 114980 1096 117020
23300 1128 115492 1104 117508
23400 1128 115950 1109 118050
23500 1130 116432 1119 118568
23600 1134 116833 1119 119167
23700 1136 117350 1122 119650
23800 1138 117840 1126 120160
23900 1141 118414 1130 120586
24000 1142 118889 1130 121111
24100 1151 119380 1132 121620
24200 1151 119860 1134 122140
24300 1156 120339 1141 122661
24400 1157 120972 1144 123028
24500 1161 121514 1147 123486
24600 1163 122031 1149 123969
24700 1163 122490 1152 124510
24800 1168 123112 1154 124888
24900 1170 123663 1154 125337
25000 1172 124151 1154 125849
25100 1175 124604 1155 126396
25200 1175 125110 1157 126890
25300 1179 125535 1162 127465
25400 1184 126001 1168 127999
25500 1186 126399 1172 128601
25600 1186 126915 1174 129085
25700 1188 127375 1178 129625
25800 1188 127820 1180 130180
25900 1192 128394 1180 130606
26000 1195 128954 1183 131046
26100 1196 129397 1185 131603
26200 1202 129902 1187 132098
26300 1207 130489 1192 132511
26400 1208 131081 1193 132919
26500 1211 131699 1198 133301
26600 1213 132282 1200 133718
26700 1216 132778 1204 134222
26800 1219 133298 1207 134702
26900 1225 133663 1210 135337
27000 1228 134222 1211 135778
27100 1229 134839 1214 136161
27200 1230 135350 1215 136650
27300 1232 135884 1216 137116
27400 1234 136291 1216 137709
27500 1236 136819 1217 138181
27600 1237 137082 1218 138918
27700 1239 137502 1219 139498
27800 1240 138023 1219 139977
27900 1242 138457 1220 140543
28000 1243 138880 1224 141120
28100 1245 139398 1228 141602
28200 1251 139954 1232 142046
28300 1251 140418 1236 142582
28400 1251 140790 1236 143210
28500 1255 141305 1237 143695
28600 1262 141832 1244 144168
28700 1266 142411 1247 144589
28800 1268 142900 1250 145100
28900 1270 143478 1251 145522
29000 1272 143868 1251 146132
29100 1278 144239 1253 146761
29200 1287 144697 1259 147303
29300 1290 145303 1261 147697
29400 1292 146002 1262 147998
29500 1294 146461 1262 148539
29600 1296 146998 1264 149002
29700 1298 147521 1273 149479
29800 1302 148073 1273 149927
29900 1306 148490 1275 150510
30000 1306 148942 1277 151058
30100 1309 149242 1278 151758
30200 1314 149731 1282 152269
30300 1317 150234 1284 152766
30400 1323 150734 1290 153266
30500 1324 151311 1292 153689
30600 1326 151813 1293 154187
30700 1329 152216 1296 154784
30800 1336 152715 1298 155285
30900 1339 153128 1299 155872
31000 1342 153583 1301 156417
31100 1344 154100 1303 156900
31200 1344 154526 1305 157474
31300 1345 155110 1308 157890
31400 1348 155507 1309 158493
31500 1352 156047 1310 158953
31600 1356 156597 1313 159403
31700 1359 157093 1321 159907
31800 1364 157575 1325 160425
31900 1368 158135 1327 160865
32000 1370 158639 1329 161361
32100 1370 159128 1330 161872
32200 1370 159636 1331 162364
32300 1370 160096 1332 162904
32400 1371 160622 1336 163378
32500 1373 161087 1336 163913
32600 1374 161591 1337 164409
32700 1378 162168 1339 164832
32800 1378 162559 1343 165441
32900 1382 163010 1343 165990
33000 1386 163497 1347 166503
33100 1389 163903 1350 167097
33200 1391 164485 1352 167515
33300 1393 165061 1354 167939
33400 1394 165594 1355 168406
33500 1397 166107 1357 168893
33600 1397 166648 1360 169352
33700 1399 167091 1361 169909
33800 1400 167613 1362 170387
33900 1402 168172 1364 170828
34000 1405 168683 1366 171317
34100 1410 169240 1368 171760
34200 1411 169807 1373 172193
34300 1412 170353 1373 172647
34400 1414 170735 1374 173265
34500 1419 171208 1378 173792
34600 1427 171711 1382 174289
34700 1428 172316 1382 174684
34800 1429 172894 1384 175106
34900 1431 173366 1390 175634
35000 1434 173859 1390 176141
35100 1436 174302 1392 176698
35200 1441 174800 1397 177200
35300 1444 175113 1398 177887
35400 1448 175580 1400 178420
35500 1451 176204 1401 178796
35600 1451 176853 1403 179147
35700 1454 177373 1403 179627
35800 1455 177822 1405 180178
35900 1460 178229 1406 180771
36000 1460 178582 1411 181418
36100 1460 179117 1414 181883
36200 1463 179696 1415 182304
36300 1465 180261 1416 182739
36400 1471 180830 1416 183170
36500 1473 181346 1420 183654
36600 1474 181949 1423 184051
36700 1475 182449 1423 184551
36800 1475 183085 1425 184915
36900 1477 183631 1428 185369
37000 1478 184198 1430 185802
37100 1482 184764 1430 186236
37200 1485 185305 1436 186695
37300 1487 185784 1438 187216
37400 1488 186247 1440 187753
37500 1491 186718 1447 188282
37600 1493 187267 1453 188733
37700 1496 187770 1455 189230
37800 1497 188343 1456 189657
37900 1498 188881 1456 190119
38000 1501 189366 1459 190634
38100 1502 189835 1459 191165
38200 1503 190419 1459 191581
38300 1506 190944 1464 192056
38400 1509 191352 1469 192648
38500 1512 191864 1477 193136
38600 1513 192248 1484 193752
38700 1515 192669 1486 194331
38800 1517 193109 1488 194891
38900 1519 193508 1490 195492
39000 1520 194008 1493 195992
39100 1521 194524 1493 196476
39200 1521 195050 1495 196950
39300 1522 195574 1497 197426
39400 1524 195963 1500 198037
39500 1527 196449 1501 198551
39600 1529 197103 1503 198897
39700 1530 197598 1503 199402
39800 1534 198253 1503 199747
39900 1535 198830 1507 200170
40000 1538 199259 1509 200741
40100 1540 199743 1511 201257
40200 1544 200239 1512 201761
40300 1547 200679 1516 202321
40400 1548 201165 1517 202835
40500 1551 201789 1518 203211
40600 1553 202295 1522 203705
40700 1556 202799 1525 204201
40800 1559 203248 1527 204752
40900 1567 203799 1532 205201
41000 1570 204304 1534 205696
41100 1578 204861 1535 206139
41200 1579 205354 1537 206646
41300 1585 205832 1537 207168
41400 1586 206335 1538 207665
41500 1588 206792 1540 208208
41600 1593 207228 1543 208772
41700 1594 207691 1545 209309
41800 1595 208133 1547 209867
41900 1595 208662 1548 210338
42000 1596 209040 1551 210960
42100 1601 209442 1555 211558
42200 1604 209844 1556 212156
42300 1606 210355 1556 212645
42400 1609 210919 1559 213081
42500 1611 211457 1561 213543
42600 1613 212019 1562 213981
42700 1617 212514 1563 214486
42800 1620 212930 1566 215070
42900 1623 213487 1567 215513
43000 1625 214059 1569 215941
43100 1625 214586 1569 216414
43200 1627 215172 1570 216828
43300 1629 215717 1572 217283
43400 1632 216149 1574 217851
43500 1634 216806 1576 218194
43600 1637 217443 1579 218557
43700 1638 217863 1581 219137
43800 1640 218210 1584 219790
43900 1644 218823 1585 220177
44000 1644 219318 1586 220682
44100 1645 219820 1587 221180
44200 1646 220348 1592 221652
44300 1649 220847 1595 222153
44400 1652 221327 1602 222673
44500 1655 221844 1606 223156
44600 1655 222453 1607 223547
44700 1655 223065 1607 223935
44800 1656 223484 1609 224516
44900 1658 223940 1610 225060
45000 1663 224482 1614 225518
45100 1666 224889 1614 226111
45200 1671 225366 1623 226634
45300 1673 225853 1628 227147
45400 1673 226290 1629 227710
45500 1674 226820 1632 228180
45600 1678 227333 1632 228667
45700 1682 227790 1635 229210
45800 1685 228257 1639 229743
45900 1690 228562 1641 230438
46000 1693 228865 1643 231135
46100 1698 229185 1647 231815
46200 1700 229472 1650 232528
46300 1702 229819 1652 233181
46400 1704 230287 1654 233713
46500 1707 230816 1657 234184
46600 1711 231377 1659 234623
46700 1714 231826 1661 235174
46800 1715 232316 1663 235684
46900 1718 232742 1665 236258
47000 1719 233377 1668 236623
47100 1723 233940 1670 237060
47200 1728 234550 1675 237450
47300 1729 235103 1677 237897
47400 1735 235667 1680 238333
47500 1738 236085 1683 238915
47600 1739 236617 1684 239383
47700 1745 237109 1689 239891
47800 1745 237589 1691 240411
47900 1749 238086 1692 240914
48000 1751 238549 1694 241451
48100 1752 238979 1698 242021
48200 1757 239537 1700 242463
48300 1764 240053 1706 242947
48400 1768 240551 1712 243449
48500 1770 241009 1714 243991
48600 1775 241515 1719 244485
48700 1780 241943 1720 245057
48800 1785 242350 1721 245650
48900 1785 242735 1723 246265
49000 1785 243257 1725 246743
49100 1786 243811 1727 247189
49200 1789 244277 1730 247723
49300 1791 244793 1739 248207
49400 1796 245208 1741 248792
49500 1801 245731 1741 249269
49600 1804 246245 1743 249755
49700 1807 246812 1747 250188
49800 1812 247370 1751 250630
49900 1814 247765 1754 251235
50000 1817 248294 1756 251706
50100 1819 248787 1758 252213
50200 1820 249294 1760 252706
50300 1824 249884 1762 253116
50400 1826 250488 1767 253512
50500 1829 251136 1771 253864
50600 1831 251752 1776 254248
50700 1832 252472 1778 254528
50800 1833 253052 1781 254948
50900 1836 253650 1784 255350
51000 1840 254232 1793 255768
51100 1842 254787 1794 256213
51200 1847 255249 1797 256751
51300 1849 255698 1802 257302
51400 1851 256446 1803 257554
51500 1854 256928 1804 258072
51600 1857 257267 1806 258733
51700 1857 257805 1811 259195
51800 1858 258355 1813 259645
51900 1859 258904 1816 260096
52000 1861 259393 1817 260607
52100 1863 259902 1818 261098
52200 1868 260498 1820 261502
52300 1875 261128 1823 261872
52400 1877 261697 1824 262303
52500 1879 262142 1827 262858
52600 1881 262592 1827 263408
52700 1884 263121 1828 263879
52800 1885 263670 1832 264330
52900 1887 264196 1834 264804
53000 1892 264679 1837 265321
53100 1895 265197 1839 265803
53200 1896 265888 1842 266112
53300 1898 266420 1842 266580
53400 1901 266921 1843 267079
53500 1901 267386 1846 267614
53600 1902 267909 1849 268091
53700 1903 268404 1850 268596
53800 1903 268957 1854 269043
53900 1903 269417 1856 269583
54000 1910 269902 1862 270098
54100 1913 270419 1863 270581
54200 1916 270783 1866 271217
54300 1918 271206 1867 271794
54400 1921 271700 1869 272300
54500 1925 272207 1870 272793
54600 1932 272789 1870 273211
54700 1937 273293 1871 273707
54800 1941 273903 1873 274097
54900 1942 274438 1876 274562
55000 1949 274937 1878 275063
55100 1952 275439 1879 275561
55200 1956 276039 1881 275961
55300 1957 276565 1881 276435
55400 1959 277123 1885 276877
55500 1962 277575 1890 277425
55600 1965 278126 1894 277874
55700 1969 278648 1898 278352
55800 1971 279219 1901 278781
55900 1974 279767 1905 279233
56000 1977 280277 1910 279723
56100 1985 280774 1913 280226
56200 1991 281432 1914 280568
56300 1993 281811 1914 281189
56400 1994 282412 1915 281588
56500 1994 282907 1918 282093
56600 1994 283347 1919 282653
56700 1994 283723 1921 283277
56800 1995 284019 1924 283981
56900 1998 284419 1925 284581
57000 1999 284762 1925 285238
57100 1999 285131 1927 285869
57200 2000 285586 1933 286414
57300 2001 286039 1933 286961
57400 2002 286520 1935 287480
57500 2007 287058 1939 287942
57600 2008 287559 1940 288441
57700 2010 288101 1942 288899
57800 2015 288699 1944 289301
57900 2017 289298 1950 289702
58000 2019 289888 1952 290112
58100 2021 290450 1956 290550
58200 2024 291019 1960 290981
58300 2029 291520 1961 291480
58400 2038 291989 1962 292011
58500 2041 292453 1964 292547
58600 2044 292957 1966 293043
58700 2047 293403 1969 293597
58800 2049 293857 1972 294143
58900 2055 294282 1975 294718
59000 2056 294642 1976 295358
59100 2058 295104 1978 295896
59200 2060 295575 1983 296425
59300 2066 295998 1988 297002
59400 2068 296482 1990 297518
59500 2069 296968 1991 298032
59600 2070 297538 1993 298462
59700 2073 298099 1997 298901
59800 2075 298657 1998 299343
59900 2077 299031 2001 299969
60000 2078 299521 2001 300479
60100 2080 300013 2002 300987
60200 2081 300511 2004 301489
60300 2084 301255 2007 301745
60400 2084 301708 2009 302292
60500 2088 302191 2010 302809
60600 2090 302806 2014 303194
60700 2092 303289 2017 303711
60800 2094 303702 2021 304298
60900 2099 304261 2025 304739
61000 2100 304695 2030 305305
61100 2100 305126 2033 305874
61200 2100 305692 2035 306308
61300 2101 306123 2037 306877
61400 2102 306609 2038 307391
61500 2104 307165 2039 307835
61600 2109 307590 2043 308410
61700 2113 308127 2043 308873
61800 2114 308598 2044 309402
61900 2117 309173 2046 309827
62000 2121 309708 2049 310292
62100 2123 310026 2051 310974
62200 2125 310604 2051 311396
62300 2125 311111 2053 311889
62400 2127 311550 2057 312450
62500 2129 312016 2060 312984
62600 2131 312488 2064 313512
62700 2134 312969 2065 314031
62800 2136 313478 2068 314522
62900 2138 314118 2070 314882
63000 2139 314726 2072 315274
63100 2140 315233 2075 315767
63200 2141 315742 2078 316258
63300 2143 316233 2081 316767
63400 2146 316708 2084 317292
63500 2147 317294 2087 317706
63600 2148 317839 2088 318161
63700 2149 318355 2090 318645
63800 2150 318650 2091 319350
63900 2152 319048 2093 319952
64000 2159 319614 2096 320386
64100 2161 320180 2100 320820
64200 2161 320737 2103 321263
64300 2164 321243 2104 321757
64400 2168 321721 2107 322279
64500 2172 322233 2111 322767
64600 2176 322733 2112 323267
64700 2181 323239 2122 323761
64800 2187 323807 2123 324193
64900 2193 324364 2127 324636
65000 2194 324964 2134 325036
65100 2195 325464 2137 325536
65200 2197 325895 2138 326105
65300 2200 326378 2140 326622
65400 2202 326896 2141 327104
65500 2205 327344 2144 327656
65600 2208 327964 2149 328036
65700 2208 328516 2152 328484
65800 2212 329124 2153 328876
65900 2217 329626 2158 329374
66000 2222 330094 2161 329906
66100 2225 330719 2165 330281
66200 2229 331365 2169 330635
66300 2235 331949 2172 331051
66400 2239 332444 2177 331556
66500 2246 332784 2184 332216
66600 2248 333313 2188 332687
66700 2252 333876 2190 333124
66800 2257 334395 2193 333605
66900 2257 334784 2195 334216
67000 2259 335285 2196 334715
67100 2260 335817 2198 335183
67200 2265 336301 2198 335699
67300 2265 336757 2198 336243
67400 2266 337380 2203 336620
67500 2270 337849 2204 337151
67600 2271 338399 2205 337601
67700 2273 338742 2207 338258
67800 2276 339172 2208 338828
67900 2279 339626 2210 339374
68000 2282 340009 2212 339991
68100 2285 340533 2215 340467
68200 2287 340899 2219 341101
68300 2287 341363 2221 341637
68400 2289 342087 2224 341913
68500 2292 342628 2226 342372
68600 2294 343046 2226 342954
68700 2298 343516 2227 343484
68800 2305 344192 2232 343808
68900 2308 344657 2236 344343
69000 2310 345171 2237 344829
69100 2315 345657 2242 345343
69200 2317 346156 2244 345844
69300 2318 346668 2245 346332
69400 2325 347224 2247 346776
69500 2329 347795 2250 347205
69600 2333 348363 2252 347637
69700 2333 348830 2254 348170
69800 2338 349362 2258 348638
69900 2338 349925 2259 349075
70000 2341 350583 2259 349417
70100 2341 351173 2263 349827
70200 2344 351720 2264 350280
70300 2349 352265 2267 350735
70400 2350 352883 2270 351117
70500 2352 353419 2276 351581
70600 2357 353876 2282 352124
70700 2361 354519 2288 352481
70800 2366 355005 2295 352995
70900 2367 355510 2299 353490
71000 2373 356002 2304 353998
71100 2375 356482 2307 354518
71200 2376 357050 2309 354950
71300 2377 357626 2310 355374
71400 2379 358175 2314 355825
71500 2381 358652 2320 356348
71600 2381 359160 2320 356840
71700 2382 359703 2324 357297
71800 2385 360208 2326 357792
71900 2387 360830 2327 358170
72000 2390 361311 2327 358689
72100 2394 361714 2328 359286
72200 2396 362245 2329 359755
72300 2400 362652 2330 360348
72400 2401 363163 2334 360837
72500 2404 363687 2335 361313
72600 2411 364098 2338 361902
72700 2411 364692 2341 362308
72800 2414 365211 2345 362789
72900 2418 365631 2347 363369
73000 2423 366122 2348 363878
73100 2426 366715 2351 364285
73200 2429 367410 2354 364590
73300 2429 367893 2357 365107
73400 2433 368380 2358 365620
73500 2434 368961 2359 366039
73600 2434 369413 2361 366587
73700 2438 369861 2365 367139
73800 2442 370452 2365 367548
73900 2450 370920 2367 368080
74000 2452 371321 2369 368679
74100 2454 371756 2372 369244
74200 2457 372171 2377 369829
74300 2459 372648 2378 370352
74400 2460 373026 2381 370974
74500 2464 373471 2386 371529
74600 2466 374041 2388 371959
74700 2470 374534 2393 372466
74800 2471 375084 2398 372916
74900 2476 375550 2400 373450
75000 2477 376102 2404 373898
75100 2482 376638 2407 374362
75200 2484 377146 2412 374854
75300 2486 377760 2415 375240
75400 2489 378261 2419 375739
75500 2493 378652 2422 376348
75600 2494 379174 2426 376826
75700 2494 379595 2428 377405
75800 2496 380118 2430 377882
75900 2503 380643 2431 378357
76000 2503 381139 2431 378861
76100 2504 381587 2434 379413
76200 2504 382095 2434 379905
76300 2507 382489 2439 380511
76400 2511 382944 2442 381056
76500 2515 383575 2444 381425
76600 2519 384098 2445 381902
76700 2520 384643 2447 382357
76800 2522 385091 2447 382909
76900 2528 385630 2453 383370
77000 2530 386137 2457 383863
77100 2531 386666 2458 384334
77200 2532 387189 2462 384811
77300 2534 387668 2467 385332
77400 2534 388161 2470 385839
77500 2535 388631 2471 386369
77600 2536 389013 2472 386987
77700 2539 389734 2473 387266
77800 2541 390124 2474 387876
77900 2544 390615 2475 388385
78000 2545 391080 2478 388920
78100 2556 391573 2482 389427
78200 2561 391915 2487 390085
78300 2564 392265 2488 390735
78400 2565 392709 2490 391291
78500 2567 393102 2491 391898
78600 2570 393483 2497 392517
78700 2571 393899 2502 393101
78800 2574 394382 2505 393618
78900 2577 394910 2509 394090
79000 2579 395410 2510 394590
79100 2579 396034 2513 394966
79200 2581 396535 2519 395465
79300 2581 397079 2522 395921
79400 2585 397580 2522 396420
79500 2587 398081 2524 396919
79600 2587 398534 2525 397466
79700 2588 399032 2527 397968
79800 2592 399527 2527 398473
79900 2595 399953 2528 399047
80000 2597 400404 2533 399596
80100 2600 400883 2534 400117
80200 2602 401401 2535 400599
80300 2603 401989 2541 401011
80400 2606 402453 2543 401547
80500 2606 402960 2546 402040
80600 2606 403428 2548 402572
80700 2606 403887 2549 403113
80800 2607 404356 2553 403644
80900 2612 404857 2555 404143
81000 2616 405282 2559 404718
81100 2619 405623 2562 405377
81200 2625 406109 2567 405891
81300 2628 406663 2572 406337
81400 2635 406947 2573 407053
81500 2639 407304 2576 407696
81600 2641 407812 2578 408188
81700 2644 408403 2579 408597
81800 2646 409015 2581 408985
81900 2648 409466 2583 409534
82000 2649 409844 2585 410156
82100 2653 410336 2588 410664
82200 2654 410860 2592 411140
82300 2657 411377 2596 411623
82400 2657 411803 2600 412197
82500 2658 412176 2602 412824
82600 2662 412686 2604 413314
82700 2664 413152 2605 413848
82800 2667 413566 2605 414434
82900 2671 414003 2609 414997
83000 2675 414504 2609 415496
83100 2676 414992 2612 416008
83200 2679 415282 2616 416718
83300 2681 415695 2619 417305
83400 2682 416212 2620 417788
83500 2686 416637 2622 418363
83600 2688 417115 2623 418885
83700 2688 417551 2623 419449
83800 2690 418124 2628 419876
83900 2693 418697 2628 420303
84000 2695 419144 2629 420856
84100 2696 419632 2630 421368
84200 2701 420130 2633 421870
84300 2703 420664 2638 422336
84400 2705 421230 2641 422770
84500 2706 421747 2645 423253
84600 2707 422259 2646 423741
84700 2710 422746 2648 424254
84800 2711 423256 2651 424744
84900 2713 423681 2653 425319
85000 2714 424229 2655 425771
85100 2717 424641 2657 426359
85200 2718 425037 2658 426963
85300 2721 425668 2659 427332
85400 2721 426226 2659 427774
85500 2723 426714 2660 428286
85600 2723 427216 2662 428784
85700 2726 427638 2665 429362
85800 2729 428147 2666 429853
85900 2742 428634 2674 430366
86000 2744 429210 2674 430790
86100 2748 429641 2675 431359
86200 2751 430208 2677 431792
86300 2753 430698 2679 432302
86400 2754 431171 2683 432829
86500 2759 431827 2687 433173
86600 2763 432255 2689 433745
86700 2765 432715 2692 434285
86800 2766 433196 2694 434804
86900 2772 433609 2697 435391
87000 2774 434261 2700 435739
87100 2774 434817 2701 436183
87200 2776 435282 2704 436718
87300 2777 435764 2708 437236
87400 2780 436185 2715 437815
87500 2782 436695 2720 438305
87600 2783 437018 2722 438982
87700 2784 437578 2726 439422
87800 2787 437905 2726 440095
87900 2791 438414 2729 440586
88000 2792 438997 2730 441003
88100 2794 439519 2735 441481
88200 2800 439991 2738 442009
88300 2802 440558 2738 442442
88400 2803 441048 2740 442952
88500 2805 441521 2740 443479
88600 2806 442074 2743 443926
88700 2807 442541 2743 444459
88800 2808 443186 2743 444814
88900 2813 443742 2746 445258
89000 2814 444219 2748 445781
89100 2814 444614 2753 446386
89200 2819 445314 2755 446686
89300 2820 445779 2760 447221
89400 2820 446265 2763 447735
89500 2821 446719 2765 448281
89600 2826 447152 2770 448848
89700 2828 447648 2771 449352
89800 2833 448062 2773 449938
89900 2834 448544 2777 450456
90000 2839 449112 2785 450888
90100 2842 449488 2789 451512
90200 2843 449898 2789 452102
90300 2845 450398 2790 452602
90400 2847 450848 2792 453152
90500 2850 451210 2792 453790
90600 2852 451622 2792 454378
90700 2857 452023 2793 454977
90800 2861 452520 2796 455480
90900 2862 453151 2798 455849
91000 2866 453744 2802 456256
91100 2867 454099 2807 456901
91200 2867 454387 2811 457613
91300 2871 454891 2813 458109
91400 2872 455347 2817 458653
91500 2881 455725 2819 459275
91600 2889 456169 2822 459831
91700 2893 456592 2830 460408
91800 2896 457042 2834 460958
91900 2899 457558 2837 461442
92000 2899 457985 2841 462015
92100 2899 458608 2842 462392
92200 2902 459127 2844 462873
92300 2903 459459 2849 463541
92400 2903 459901 2853 464099
92500 2904 460364 2857 464636
92600 2906 460841 2860 465159
92700 2908 461320 2862 465680
92800 2912 461746 2865 466254
92900 2914 462184 2866 466816
93000 2917 462760 2869 467240
93100 2919 463214 2869 467786
93200 2921 463708 2872 468292
93300 2922 464365 2875 468635
93400 2924 464941 2878 469059
93500 2926 465448 2881 469552
93600 2927 465942 2882 470058
93700 2931 466477 2886 470523
93800 2933 466957 2891 471043
93900 2936 467383 2895 471617
94000 2940 467964 2897 472036
94100 2942 468554 2901 472446
94200 2946 469108 2902 472892
94300 2949 469669 2904 473331
94400 2951 470274 2907 473726
94500 2953 470805 2910 474195
94600 2953 471290 2910 474710
94700 2956 471704 2911 475296
94800 2959 472089 2915 475911
94900 2960 472647 2917 476353
95000 2963 473264 2918 476736
95100 2968 473687 2918 477313
95200 2968 474147 2920 477853
95300 2971 474564 2921 478436
95400 2973 475131 2924 478869
95500 2974 475719 2924 479281
95600 2977 476179 2926 479821
95700 2979 476707 2927 480293
95800 2984 477236 2928 480764
95900 2984 477809 2934 481191
96000 2987 478319 2937 481681
96100 2991 478766 2938 482234
96200 2994 479327 2939 482673
96300 2995 479898 2943 483102
96400 2997 480335 2946 483665
96500 2998 480855 2948 484145
96600 3001 481415 2951 484585
96700 3002 481967 2951 485033
96800 3003 482685 2954 485315
96900 3004 483073 2956 485927
97000 3008 483652 2960 486348
97100 3009 484110 2961 486890
97200 3010 484555 2963 487445
97300 3011 484906 2966 488094
97400 3012 485468 2966 488532
97500 3015 485995 2972 489005
97600 3020 486454 2972 489546
97700 3022 486932 2974 490068
97800 3025 487487 2976 490513
97900 3030 488077 2979 490923
98000 3033 488531 2980 491469
98100 3036 489088 2981 491912
98200 3040 489717 2982 492283
98300 3040 490358 2985 492642
98400 3047 490899 2990 493101
98500 3049 491554 2994 493446
98600 3051 492024 2996 493976
98700 3054 492505 2999 494495
98800 3056 492971 3001 495029
98900 3058 493414 3002 495586
99000 3062 493938 3007 496062
99100 3068 494304 3010 496696
99200 3072 494736 3012 497264
99300 3075 495177 3013 497823
99400 3077 495719 3017 498281
99500 3077 496201 3018 498799
99600 3078 496762 3020 499238
99700 3079 497143 3022 499857
99800 3085 497593 3026 500407
99900 3085 498062 3028 500938
100000 3091 498489 3030 501511
100100 3093 499057 3032 501943
100200 3094 499648 3035 502352
100300 3095 500180 3035 502820
100400 3100 500619 3038 503381
100500 3102 501163 3038 503837
100600 3104 501689 3040 504311
100700 3105 502158 3042 504842
100800 3109 502731 3046 505269
100900 3111 503319 3048 505681
101000 3117 503796 3049 506204
101100 3121 504336 3051 506664
101200 3124 504919 3056 507081
101300 3124 505468 3060 507532
101400 3130 505948 3063 508052
101500 3134 506401 3070 508599
101600 3135 506871 3073 509129
101700 3137 507411 3075 509589
101800 3142 507910 3077 510090
101900 3143 508554 3078 510446
102000 3146 509034 3079 510966
102100 3148 509545 3084 511455
102200 3150 509921 3085 512079
102300 3151 510395 3087 512605
102400 3152 510944 3090 513056
102500 3154 511442 3095 513558
102600 3156 511890 3099 514110
102700 3158 512333 3101 514667
102800 3161 512758 3103 515242
102900 3164 513216 3105 515784
103000 3168 513713 3111 516287
103100 3169 514024 3117 516976
103200 3172 514501 3120 517499
103300 3175 514994 3120 518006
103400 3176 515549 3121 518451
103500 3178 516055 3124 518945
103600 3181 516594 3125 519406
103700 3182 517148 3128 519852
103800 3184 517605 3129 520395
103900 3186 518077 3131 520923
104000 3187 518516 3132 521484
104100 3187 519044 3132 521956
104200 3189 519524 3133 522476
104300 3192 519998 3136 523002
104400 3196 520490 3137 523510
104500 3197 520914 3138 524086
104600 3199 521290 3140 524710
104700 3207 521808 3142 525192
104800 3207 522409 3143 525591
104900 3208 522879 3145 526121
105000 3210 523394 3146 526606
105100 3214 523921 3146 527079
105200 3214 524456 3148 527544
105300 3215 525030 3149 527970
105400 3218 525565 3150 528435
105500 3224 525921 3150 529079
105600 3227 526411 3152 529589
105700 3229 526910 3161 530090
105800 3230 527427 3162 530573
105900 3236 527965 3166 531035
106000 3239 528525 3173 531475
106100 3242 529013 3173 531987
106200 3246 529538 3177 532462
106300 3250 530040 3181 532960
106400 3253 530618 3188 533382
106500 3256 531114 3191 533886
106600 3259 531672 3192 534328
106700 3263 532196 3193 534804
106800 3265 532777 3194 535223
106900 3267 533339 3196 535661
107000 3271 533922 3199 536078
107100 3275 534475 3204 536525
107200 3282 534970 3206 537030
107300 3284 535596 3207 537404
107400 3285 536224 3208 537776
107500 3290 536770 3209 538230
107600 3293 537294 3210 538706
107700 3294 537734 3213 539266
107800 3298 538217 3213 539783
107900 3298 538628 3214 540372
108000 3301 539058 3216 540942
108100 3302 539486 3220 541514
108200 3305 539961 3223 542039
108300 3310 540515 3230 542485
108400 3312 540974 3230 543026
108500 3313 541467 3230 543533
108600 3314 541905 3231 544095
108700 3315 542333 3235 544667
108800 3316 542707 3237 545293
108900 3318 543175 3238 545825
109000 3319 543696 3240 546304
109100 3322 544269 3243 546731
109200 3322 544855 3244 547145
109300 3326 545378 3247 547622
109400 3331 545892 3251 548108
109500 3336 546380 3255 548620
109600 3338 546894 3257 549106
109700 3339 547402 3260 549598
109800 3340 547867 3262 550133
109900 3346 548402 3264 550598
110000 3347 548944 3267 551056
110100 3349 549350 3269 551650
110200 3354 549805 3272 552195
110300 3355 550284 3273 552716
110400 3355 550832 3278 553168
110500 3363 551424 3279 553576
110600 3365 551974 3282 554026
110700 3366 552486 3285 554514
110800 3371 552989 3291 555011
110900 3373 553598 3293 555402
111000 3375 554212 3296 555788
111100 3376 554682 3298 556318
111200 3380 555211 3301 556789
111300 3382 555755 3306 557245
111400 3388 556243 3315 557757
111500 3390 556885 3317 558115
111600 3394 557340 3320 558660
111700 3403 557876 3322 559124
111800 3405 558453 3322 559547
111900 3405 558911 3322 560089
112000 3407 559340 3326 560660
112100 3410 559766 3327 561234
112200 3411 560245 3328 561755
112300 3412 560655 3331 562345
112400 3415 560907 3332 563093
112500 3417 561183 3333 563817
112600 3420 561552 3335 564448
112700 3423 562026 3336 564974
112800 3429 562571 3340 565429
112900 3429 563069 3342 565931
113000 3431 563540 3342 566460
113100 3436 564101 3343 566899
113200 3439 564658 3345 567342
113300 3442 565042 3346 567958
113400 3444 565516 3348 568484
113500 3446 566044 3351 568956
113600 3450 566500 3355 569500
113700 3453 566981 3355 570019
113800 3454 567565 3358 570435
113900 3460 567871 3363 571129
114000 3460 568413 3365 571587
114100 3463 569026 3368 571974
114200 3465 569576 3373 572424
114300 3468 570002 3377 572998
114400 3473 570525 3384 573475
114500 3475 571053 3385 573947
114600 3477 571521 3388 574479
114700 3478 572132 3390 574868
114800 3484 572575 3391 575425
114900 3485 573063 3395 575937
115000 3488 573599 3399 576401
115100 3491 574116 3401 576884
115200 3494 574693 3406 577307
115300 3497 575031 3413 577969
115400 3499 575564 3416 578436
115500 3501 576010 3418 578990
115600 3503 576499 3419 579501
115700 3504 576971 3421 580029
115800 3505 577504 3422 580496
115900 3507 578023 3423 580977
116000 3510 578429 3425 581571
116100 3511 578920 3426 582080
116200 3520 579438 3432 582562
116300 3524 579782 3435 583218
116400 3526 580192 3438 583808
116500 3529 580872 3440 584128
116600 3530 581409 3445 584591
116700 3532 581873 3448 585127
116800 3535 582272 3449 585728
116900 3538 582814 3450 586186
117000 3540 583313 3451 586687
117100 3542 583922 3453 587078
117200 3544 584462 3456 587538
117300 3545 584951 3460 588049
117400 3552 585440 3461 588560
117500 3553 586046 3463 588954
117600 3563 586667 3470 589333
117700 3566 587134 3473 589866
117800 3571 587624 3478 590376
117900 3579 588065 3485 590935
118000 3584 588555 3488 591445
118100 3588 589060 3490 591940
118200 3590 589658 3493 592342
118300 3592 590155 3496 592845
118400 3595 590654 3500 593346
118500 3596 591088 3506 593912
118600 3599 591546 3508 594454
118700 3602 592005 3510 594995
118800 3602 592565 3515 595435
118900 3603 593104 3519 595896
119000 3603 593503 3519 596497
119100 3605 593889 3520 597111
119200 3610 594359 3523 597641
119300 3613 594931 3528 598069
119400 3616 595544 3528 598456
119500 3621 596176 3531 598824
119600 3621 596778 3537 599222
119700 3621 597310 3538 599690
119800 3622 597754 3540 600246
119900 3622 598292 3542 600708
120000 3622 598738 3546 601262
120100 3624 599189 3548 601811
120200 3625 599660 3549 602340
120300 3625 600245 3551 602755
120400 3626 600784 3553 603216
120500 3628 601316 3556 603684
120600 3629 601780 3558 604220
120700 3629 602271 3562 604729
120800 3635 602826 3566 605174
120900 3637 603286 3567 605714
121000 3640 603767 3568 606233
121100 3641 604223 3569 606777
121200 3643 604743 3572 607257
121300 3646 605190 3573 607810
121400 3652 605613 3574 608387
121500 3661 605986 3578 609014
121600 3670 606409 3580 609591
121700 3671 606823 3581 610177
121800 3671 607333 3583 610667
121900 3674 607855 3588 611145
122000 3674 608422 3592 611578
122100 3679 608890 3597 612110
122200 3683 609309 3599 612691
122300 3685 609833 3601 613167
122400 3687 610268 3605 613732
122500 3693 610752 3608 614248
122600 3694 611249 3612 614751
122700 3697 611819 3618 615181
122800 3700 612314 3626 615686
122900 3702 612843 3630 616157
123000 3708 613418 3631 616582
123100 3719 613932 3633 617068
123200 3719 614384 3637 617616
123300 3719 614840 3640 618160
123400 3726 615287 3645 618713
123500 3727 615852 3648 619148
123600 3733 616305 3654 619695
123700 3734 616746 3656 620254
123800 3740 617222 3660 620778
123900 3744 617846 3663 621154
124000 3750 618384 3664 621616
124100 3752 618903 3666 622097
124200 3754 619536 3667 622464
124300 3759 620016 3669 622984
124400 3762 620523 3670 623477
124500 3765 621266 3677 623734
124600 3770 621784 3680 624216
124700 3772 622316 3681 624684
124800 3774 622905 3683 625095
124900 3782 623534 3684 625466
125000 3785 624075 3689 625925
125100 3789 624459 3690 626541
125200 3791 624909 3692 627091
125300 3796 625545 3696 627455
125400 3799 625895 3700 628105
125500 3799 626373 3703 628627
125600 3803 626786 3703 629214
125700 3804 627304 3704 629696
125800 3806 627799 3704 630201
125900 3807 628391 3706 630609
126000 3808 628981 3710 631019
126100 3809 629394 3713 631606
126200 3812 629835 3716 632165
126300 3814 630439 3719 632561
126400 3817 630866 3720 633134
126500 3817 631307 3725 633693
126600 3819 631812 3729 634188
126700 3820 632353 3731 634647
126800 3822 632831 3732 635169
126900 3825 633192 3738 635808
127000 3828 633637 3738 636363
127100 3830 634170 3740 636830
127200 3833 634689 3743 637311
127300 3836 635137 3744 637863
127400 3838 635506 3744 638494
127500 3840 635962 3747 639038
127600 3845 636484 3749 639516
127700 3849 637019 3750 639981
127800 3853 637550 3753 640450
127900 3855 637932 3755 641068
128000 3862 638422 3757 641578
128100 3863 638904 3759 642096
128200 3865 639433 3762 642567
128300 3867 639900 3763 643100
128400 3867 640441 3766 643559
128500 3868 640966 3768 644034
128600 3871 641420 3769 644580
128700 3872 641962 3770 645038
128800 3874 642457 3774 645543
128900 3874 642844 3775 646156
129000 3877 643346 3779 646654
129100 3879 643679 3785 647321
129200 3884 644216 3786 647784
129300 3887 644684 3787 648316
129400 3887 645242 3790 648758
129500 3891 645705 3790 649295
129600 3894 646072 3793 649928
129700 3896 646514 3794 650486
129800 3900 647038 3796 650962
129900 3901 647567 3797 651433
130000 3901 648134 3801 651866
130100 3907 648684 3804 652316
130200 3910 649200 3808 652800
130300 3915 649735 3810 653265
130400 3915 650247 3812 653753
130500 3918 650748 3814 654252
130600 3918 651093 3816 654907
130700 3920 651624 3820 655376
130800 3929 652179 3828 655821
130900 3931 652724 3831 656276
131000 3935 653128 3833 656872
131100 3939 653633 3836 657367
131200 3941 654212 3844 657788
131300 3943 654657 3846 658343
131400 3945 655206 3846 658794
131500 3946 655761 3848 659239
131600 3948 656255 3851 659745
131700 3951 656587 3855 660413
131800 3953 657015 3857 660985
131900 3958 657467 3865 661533
132000 3959 657933 3867 662067
132100 3965 658408 3871 662592
132200 3969 658921 3873 663079
132300 3973 659422 3877 663578
132400 3974 659937 3877 664063
132500 3975 660253 3881 664747
132600 3979 660597 3883 665403
132700 3981 661012 3886 665988
132800 3985 661489 3888 666511
132900 3987 662109 3894 666891
133000 3993 662633 3895 667367
133100 3993 663042 3895 667958
133200 3997 663613 3898 668387
133300 4002 664017 3901 668983
133400 4009 664484 3907 669516
133500 4009 664966 3908 670034
133600 4011 665490 3909 670510
133700 4011 665969 3910 671031
133800 4011 666476 3910 671524
133900 4019 666995 3912 672005
134000 4023 667500 3915 672500
134100 4026 667972 3917 673028
134200 4028 668479 3921 673521
134300 4033 668999 3924 674001
134400 4035 669447 3928 674553
134500 4037 669937 3932 675063
134600 4040 670388 3934 675612
134700 4041 670851 3935 676149
134800 4042 671382 3940 676618
134900 4045 672002 3941 676998
135000 4049 672472 3941 677528
135100 4049 672949 3942 678051
135200 4053 673347 3943 678653
135300 4058 673809 3946 679191
135400 4062 674409 3948 679591
135500 4069 675038 3951 679962
135600 4071 675515 3956 680485
135700 4075 676102 3960 680898
135800 4079 676519 3966 681481
135900 4084 677036 3969 681964
136000 4087 677467 3972 682533
136100 4089 677827 3975 683173
136200 4093 678200 3977 683800
136300 4098 678712 3978 684288
136400 4101 679146 3982 684854
136500 4103 679587 3983 685413
136600 4105 680051 3984 685949
136700 4109 680517 3987 686483
136800 4112 681014 3989 686986
136900 4113 681522 3993 687478
137000 4114 682079 3996 687921
137100 4117 682629 3998 688371
137200 4123 683169 4001 688831
137300 4126 683694 4005 689306
137400 4132 684319 4005 689681
137500 4138 685016 4010 689984
137600 4142 685541 4014 690459
137700 4145 686012 4017 690988
137800 4146 686492 4017 691508
137900 4149 686910 4022 692090
138000 4151 687330 4023 692670
138100 4153 687837 4026 693163
138200 4154 688317 4026 693683
138300 4158 688772 4031 694228
138400 4160 689183 4034 694817
138500 4163 689687 4036 695313
138600 4164 690108 4039 695892
138700 4169 690498 4039 696502
138800 4174 690964 4043 697036
138900 4177 691407 4047 697593
139000 4183 691879 4051 698121
139100 4184 692452 4053 698548
139200 4189 692834 4055 699166
139300 4191 693226 4056 699774
139400 4196 693514 4060 700486
139500 4196 693854 4060 701146
139600 4203 694263 4061 701737
139700 4208 694680 4065 702320
139800 4209 695159 4065 702841
139900 4213 695834 4068 703166
140000 4218 696402 4075 703598
140100 4219 696848 4075 704152
140200 4221 697485 4077 704515
140300 4226 698015 4085 704985
140400 4229 698300 4087 705700
140500 4231 698815 4088 706185
140600 4234 699368 4089 706632
140700 4237 699779 4090 707221
140800 4238 700341 4091 707659
140900 4241 701019 4091 707981
141000 4246 701594 4096 708406
141100 4251 701986 4101 709014
141200 4256 702435 4108 709565
141300 4258 702830 4109 710170
141400 4261 703374 4113 710626
141500 4263 703970 4114 711030
141600 4268 704443 4117 711557
141700 4270 705066 4119 711934
141800 4270 705655 4123 712345
141900 4272 706064 4125 712936
142000 4275 706636 4127 713364
142100 4275 707161 4128 713839
142200 4282 707520 4130 714480
142300 4283 707945 4132 715055
142400 4283 708443 4138 715557
142500 4288 708990 4142 716010
142600 4290 709392 4143 716608
142700 4294 709914 4147 717086
142800 4298 710563 4148 717437
142900 4299 711037 4151 717963
143000 4307 711503 4155 718497
143100 4313 711860 4159 719140
143200 4319 712267 4159 719733
143300 4319 712743 4159 720257
143400 4320 713244 4160 720756
143500 4323 713818 4164 721182
143600 4328 714334 4164 721666
143700 4336 714938 4170 722062
143800 4342 715447 4174 722553
143900 4344 715940 4178 723060
144000 4347 716538 4179 723462
144100 4347 717092 4179 723908
144200 4348 717632 4179 724368
144300 4352 718040 4180 724960
144400 4352 718473 4183 725527
144500 4357 719026 4184 725974
144600 4358 719406 4186 726594
144700 4361 719904 4188 727096
144800 4364 720440 4189 727560
144900 4365 720914 4192 728086
145000 4366 721426 4194 728574
145100 4367 721875 4197 729125
145200 4370 722337 4198 729663
145300 4371 722762 4199 730238
145400 4375 723259 4201 730741
145500 4377 723812 4203 731188
145600 4378 724336 4209 731664
145700 4380 724870 4213 732130
145800 4384 725418 4215 732582
145900 4387 725911 4217 733089
146000 4388 726456 4218 733544
146100 4390 726831 4222 734169
146200 4390 727359 4223 734641
146300 4398 727884 4229 735116
146400 4399 728403 4230 735597
146500 4400 728938 4230 736062
146600 4401 729325 4231 736675
146700 4404 729764 4237 737236
146800 4406 730274 4237 737726
146900 4412 730765 4242 738235
147000 4414 731136 4243 738864
147100 4416 731519 4250 739481
147200 4418 732000 4252 740000
147300 4422 732571 4254 740429
147400 4422 733005 4256 740995
147500 4423 733465 4256 741535
147600 4430 734124 4262 741876
147700 4431 734626 4263 742374
147800 4432 735157 4268 742843
147900 4435 735689 4270 743311
148000 4437 736327 4270 743673
148100 4439 736841 4273 744159
148200 4443 737350 4276 744650
148300 4449 737823 4282 745177
148400 4460 738302 4286 745698
148500 4460 738892 4287 746108
148600 4462 739550 4294 746450
148700 4466 740119 4296 746881
148800 4471 740626 4298 747374
148900 4472 741061 4298 747939
149000 4476 741438 4302 748562
149100 4479 741910 4302 749090
149200 4482 742375 4308 749625
149300 4484 742870 4310 750130
149400 4486 743311 4312 750689
149500 4488 743846 4319 751154
149600 4490 744319 4320 751681
149700 4492 744736 4327 752264
149800 4493 745193 4329 752807
149900 4496 745748 4331 753252
150000 4500 746201 4333 753799
150100 4504 746680 4336 754320
150200 4506 747129 4340 754871
150300 4508 747825 4343 755175
150400 4509 748491 4346 755509
150500 4511 749038 4347 755962
150600 4515 749568 4353 756432
150700 4519 750133 4357 756867
150800 4524 750596 4360 757404
150900 4525 751036 4361 757964
151000 4530 751471 4363 758529
151100 4533 751865 4364 759135
151200 4534 752370 4364 759630
151300 4537 752935 4367 760065
151400 4537 753431 4372 760569
151500 4537 753963 4373 761037
151600 4540 754391 4374 761609
151700 4543 754880 4375 762120
151800 4544 755508 4378 762492
151900 4550 755893 4380 763107
152000 4553 756452 4384 763548
152100 4558 757094 4384 763906
152200 4562 757599 4387 764401
152300 4563 758092 4390 764908
152400 4565 758515 4391 765485
152500 4571 758877 4394 766123
152600 4573 759279 4396 766721
152700 4579 759712 4396 767288
152800 4581 760288 4396 767712
152900 4585 760765 4396 768235
153000 4592 761300 4400 768700
153100 4597 761678 4402 769322
153200 4601 762163 4405 769837
153300 4604 762677 4407 770323
153400 4605 763160 4408 770840
153500 4607 763663 4408 771337
153600 4608 764122 4411 771878
153700 4612 764641 4411 772359
153800 4614 765283 4412 772717
153900 4616 765768 4413 773232
154000 4618 766258 4417 773742
154100 4621 766709 4419 774291
154200 4625 767104 4420 774896
154300 4628 767663 4421 775337
154400 4629 768292 4422 775708
154500 4630 768833 4424 776167
154600 4632 769355 4428 776645
154700 4632 769929 4430 777071
154800 4632 770603 4432 777397
154900 4633 771173 4435 777827
155000 4634 771763 4435 778237
155100 4636 772316 4435 778684
155200 4641 772918 4437 779082
155300 4642 773505 4439 779495
155400 4642 774175 4439 779825
155500 4643 774685 4442 780315
155600 4644 775203 4447 780797
155700 4647 775791 4448 781209
155800 4647 776272 4448 781728
155900 4648 776832 4449 782168
156000 4649 777386 4450 782614
156100 4654 777983 4455 783017
156200 4657 778423 4458 783577
156300 4660 778997 4459 784003
156400 4666 779375 4462 784625
156500 4668 779810 4463 785190
156600 4670 780329 4463 785671
156700 4672 780754 4466 786246
156800 4675 781241 4469 786759
156900 4679 781907 4474 787093
157000 4681 782384 4476 787616
157100 4682 782836 4477 788164
157200 4685 783406 4482 788594
157300 4685 783935 4484 789065
157400 4685 784477 4486 789523
157500 4686 785092 4488 789908
157600 4689 785586 4490 790414
157700 4693 786089 4492 790911
157800 4695 786461 4495 791539
157900 4696 787039 4496 791961
158000 4698 787630 4496 792370
158100 4701 788181 4498 792819
158200 4705 788821 4500 793179
158300 4707 789317 4502 793683
158400 4711 789778 4508 794222
158500 4715 790328 4517 794672
158600 4716 790822 4520 795178
158700 4716 791298 4521 795702
158800 4718 791712 4524 796288
158900 4718 792197 4526 796803
159000 4719 792617 4530 797383
159100 4720 793099 4531 797901
159200 4721 793636 4533 798364
159300 4724 794197 4533 798803
159400 4725 794754 4535 799246
159500 4727 795228 4540 799772
159600 4732 795703 4546 800297
159700 4735 796208 4548 800792
159800 4737 796568 4549 801432
159900 4739 796912 4555 802088
160000 4741 797356 4558 802644
160100 4742 797852 4564 803148
160200 4743 798303 4569 803697
160300 4744 798914 4570 804086
160400 4747 799471 4571 804529
160500 4748 799941 4571 805059
160600 4749 800496 4572 805504
160700 4750 800866 4576 806134
160800 4751 801249 4578 806751
160900 4753 801619 4579 807381
161000 4753 802088 4580 807912
161100 4757 802596 4583 808404
161200 4759 802998 4584 809002
161300 4762 803456 4587 809544
161400 4767 803849 4590 810151
161500 4770 804354 4590 810646
161600 4773 804817 4592 811183
161700 4776 805296 4593 811704
161800 4777 805712 4598 812288
161900 4778 806253 4600 812747
162000 4779 806808 4600 813192
162100 4783 807143 4605 813857
162200 4785 807605 4607 814395
162300 4791 808115 4610 814885
162400 4793 808583 4610 815417
162500 4795 809167 4611 815833
162600 4799 809760 4614 816240
162700 4799 810318 4615 816682
162800 4804 811042 4619 816958
162900 4806 811557 4621 817443
163000 4807 812038 4622 817962
163100 4808 812513 4622 818487
163200 4812 813075 4622 818925
163300 4813 813565 4623 819435
163400 4818 814048 4624 819952
163500 4823 814531 4628 820469
163600 4826 814905 4630 821095
163700 4826 815233 4631 821767
163800 4829 815777 4634 822223
163900 4833 816180 4635 822820
164000 4835 816616 4640 823384
164100 4836 817125 4641 823875
164200 4838 817701 4643 824299
164300 4841 818193 4646 824807
164400 4842 818708 4647 825292
164500 4843 819245 4649 825755
164600 4845 819764 4655 826236
164700 4849 820344 4657 826656
164800 4851 820906 4659 827094
164900 4852 821513 4662 827487
165000 4853 822093 4664 827907
165100 4855 822706 4665 828294
165200 4858 823238 4666 828762
165300 4860 823741 4668 829259
165400 4861 824238 4671 829762
165500 4862 824806 4673 830194
165600 4863 825297 4676 830703
165700 4867 825794 4679 831206
165800 4867 826317 4679 831683
165900 4867 826835 4681 832165
166000 4870 827344 4684 832656
166100 4872 827816 4684 833184
166200 4872 828381 4688 833619
166300 4874 828824 4692 834176
166400 4879 829234 4697 834766
166500 4880 829799 4698 835201
166600 4884 830191 4701 835809
166700 4887 830701 4704 836299
166800 4889 831281 4705 836719
166900 4891 831759 4707 837241
167000 4892 832283 4708 837717
167100 4894 832743 4711 838257
167200 4900 833262 4713 838738
167300 4903 833783 4716 839217
167400 4907 834378 4719 839622
167500 4910 834977 4723 840023
167600 4912 835495 4725 840505
167700 4914 836085 4729 840915
167800 4917 836623 4731 841377
167900 4920 837111 4732 841889
168000 4922 837677 4735 842323
168100 4925 838061 4740 842939
168200 4927 838542 4744 843458
168300 4931 838872 4745 844128
168400 4936 839319 4748 844681
168500 4936 839872 4752 845128
168600 4938 840334 4753 845666
168700 4940 840590 4758 846410
168800 4946 841076 4765 846924
168900 4949 841661 4766 847339
169000 4952 842255 4769 847745
169100 4954 842873 4771 848127
169200 4956 843366 4774 848634
169300 4956 843889 4775 849111
169400 4956 844310 4777 849690
169500 4956 844674 4778 850326
169600 4957 845192 4780 850808
169700 4957 845647 4782 851353
169800 4959 846114 4787 851886
169900 4960 846575 4788 852425
170000 4960 847034 4789 852966
170100 4968 847477 4793 853523
170200 4972 847932 4793 854068
170300 4975 848384 4793 854616
170400 4982 848975 4794 855025
170500 4985 849582 4795 855418
170600 4987 850019 4796 855981
170700 4992 850547 4803 856453
170800 4994 851065 4804 856935
170900 4998 851558 4806 857442
171000 4998 851972 4809 858028
171100 5001 852442 4814 858558
171200 5007 852875 4818 859125
171300 5009 853367 4822 859633
171400 5013 853949 4822 860051
171500 5016 854540 4822 860460
171600 5018 855105 4824 860895
171700 5020 855566 4828 861434
171800 5020 856038 4829 861962
171900 5022 856466 4833 862534
172000 5025 857036 4837 862964
172100 5027 857541 4838 863459
172200 5028 858075 4840 863925
172300 5031 858537 4843 864463
172400 5034 859038 4849 864962
172500 5036 859553 4850 865447
172600 5038 859950 4853 866050
172700 5040 860455 4855 866545
172800 5041 860913 4856 867087
172900 5044 861425 4859 867575
173000 5048 861906 4859 868094
173100 5049 862362 4860 868638
173200 5050 862863 4861 869137
173300 5052 863228 4862 869772
173400 5054 863670 4863 870330
173500 5055 864171 4868 870829
173600 5059 864731 4871 871269
173700 5061 865229 4874 871771
173800 5062 865662 4878 872338
173900 5067 866150 4879 872850
174000 5072 866622 4883 873378
174100 5074 866989 4885 874011
174200 5074 867452 4885 874548
174300 5080 868046 4888 874954
174400 5084 868620 4893 875380
174500 5085 869113 4893 875887
174600 5091 869582 4895 876418
174700 5095 870128 4898 876872
174800 5096 870606 4902 877394
174900 5099 871033 4903 877967
175000 5100 871634 4905 878366
175100 5106 872185 4908 878815
175200 5107 872761 4910 879239
175300 5108 873168 4910 879832
175400 5111 873572 4913 880428
175500 5115 874042 4917 880958
175600 5116 874546 4917 881454
175700 5117 874982 4919 882018
175800 5118 875501 4922 882499
175900 5119 876053 4924 882947
176000 5122 876484 4926 883516
176100 5127 876971 4932 884029
176200 5130 877341 4933 884659
176300 5133 877916 4935 885084
176400 5134 878446 4936 885554
176500 5137 879016 4937 885984
176600 5139 879531 4939 886469
176700 5142 880040 4939 886960
176800 5147 880442 4941 887558
176900 5149 880850 4946 888150
177000 5152 881390 4949 888610
177100 5155 881857 4951 889143
177200 5161 882295 4952 889705
177300 5161 882825 4954 890175
177400 5161 883354 4956 890646
177500 5164 883952 4959 891048
177600 5165 884500 4961 891500
177700 5171 884979 4964 892021
177800 5178 885513 4966 892487
177900 5179 885999 4966 893001
178000 5183 886539 4969 893461
178100 5185 887075 4971 893925
178200 5185 887569 4974 894431
178300 5188 888060 4975 894940
178400 5189 888626 4978 895374
178500 5190 889249 4980 895751
178600 5194 889851 4980 896149
178700 5202 890419 4983 896581
178800 5207 890895 4985 897105
178900 5207 891327 4986 897673
179000 5207 891866 4987 898134
179100 5211 892354 4991 898646
179200 5218 892905 4993 899095
179300 5225 893432 4998 899568
179400 5226 893864 5000 900136
179500 5227 894411 5004 900589
179600 5231 894896 5005 901104
179700 5233 895327 5008 901673
179800 5236 895730 5012 902270
179900 5237 896357 5014 902643
180000 5240 896891 5019 903109
180100 5242 897296 5022 903704
180200 5248 897814 5024 904186
180300 5249 898340 5026 904660
180400 5250 898884 5030 905116
180500 5251 899360 5032 905640
180600 5254 899928 5033 906072
180700 5256 900408 5035 906592
180800 5256 900902 5037 907098
180900 5261 901311 5040 907689
181000 5264 901650 5042 908350
181100 5265 902134 5043 908866
181200 5266 902670 5046 909330
181300 5267 903026 5049 909974
181400 5270 903409 5054 910591
181500 5272 903867 5056 911133
181600 5277 904338 5063 911662
181700 5279 904963 5063 912037
181800 5281 905490 5067 912510
181900 5281 905970 5070 913030
182000 5284 906477 5071 913523
182100 5286 907019 5076 913981
182200 5289 907671 5079 914329
182300 5289 908145 5081 914855
182400 5293 908677 5083 915323
182500 5300 909044 5085 915956
182600 5308 909585 5089 916415
182700 5310 909993 5090 917007
182800 5311 910325 5091 917675
182900 5314 910714 5095 918286
183000 5315 911231 5097 918769
183100 5315 911825 5097 919175
183200 5317 912296 5101 919704
183300 5320 912867 5104 920133
183400 5322 913414 5106 920586
183500 5327 913984 5108 921016
183600 5328 914512 5110 921488
183700 5331 914934 5114 922066
183800 5334 915270 5121 922730
183900 5337 915881 5123 923119
184000 5343 916345 5125 923655
184100 5348 916789 5129 924211
184200 5350 917335 5131 924665
184300 5350 917884 5131 925116
184400 5351 918334 5131 925666
184500 5354 918838 5133 926162
184600 5359 919389 5137 926611
184700 5361 919896 5140 927104
184800 5363 920344 5141 927656
184900 5367 920788 5144 928212
185000 5371 921325 5149 928675
185100 5374 921889 5151 929111
185200 5379 922412 5153 929588
185300 5380 922771 5155 930229
185400 5380 923301 5158 930699
185500 5382 923609 5160 931391
185600 5385 924324 5162 931676
185700 5387 925035 5164 931965
185800 5389 925520 5168 932480
185900 5390 925904 5169 933096
186000 5394 926431 5169 933569
186100 5395 926938 5171 934062
186200 5399 927390 5172 934610
186300 5403 927889 5174 935111
186400 5409 928417 5177 935583
186500 5410 928803 5181 936197
186600 5411 929313 5188 936687
186700 5414 929780 5190 937220
186800 5416 930471 5193 937529
186900 5419 930918 5195 938082
187000 5420 931478 5195 938522
187100 5420 931943 5197 939057
187200 5421 932294 5201 939706
187300 5424 932627 5204 940373
187400 5425 933133 5206 940867
187500 5427 933682 5209 941318
187600 5428 934171 5210 941829
187700 5430 934747 5214 942253
187800 5434 935354 5215 942646
187900 5437 935812 5216 943188
188000 5440 936287 5221 943713
188100 5441 936764 5224 944236
188200 5442 937179 5228 944821
188300 5443 937626 5229 945374
188400 5447 938077 5229 945923
188500 5450 938527 5232 946473
188600 5450 938972 5234 947028
188700 5452 939473 5236 947527
188800 5458 940013 5242 947987
188900 5460 940454 5244 948546
189000 5466 940914 5246 949086
189100 5469 941437 5246 949563
189200 5473 941841 5246 950159
189300 5477 942416 5248 950584
189400 5480 942906 5249 951094
189500 5482 943350 5250 951650
189600 5485 943807 5254 952193
189700 5488 944352 5256 952648
189800 5492 944963 5259 953037
189900 5496 945427 5260 953573
190000 5498 945841 5260 954159
190100 5500 946356 5261 954644
190200 5507 946790 5265 955210
190300 5507 947299 5267 955701
190400 5511 947833 5271 956167
190500 5511 948406 5272 956594
190600 5511 948841 5273 957159
190700 5513 949264 5277 957736
190800 5518 949638 5286 958362
190900 5524 950067 5288 958933
191000 5527 950595 5292 959405
191100 5529 951179 5296 959821
191200 5529 951599 5297 960401
191300 5532 952083 5300 960917
191400 5535 952601 5301 961399
191500 5537 953206 5309 961794
191600 5539 953758 5311 962242
191700 5540 954303 5315 962697
191800 5542 954889 5315 963111
191900 5544 955358 5317 963642
192000 5548 955807 5318 964193
192100 5555 956231 5321 964769
192200 5556 956785 5324 965215
192300 5558 957295 5325 965705
192400 5559 957786 5326 966214
192500 5561 958325 5327 966675
192600 5564 958881 5332 967119
192700 5565 959301 5332 967699
192800 5565 959782 5332 968218
192900 5567 960350 5335 968650
193000 5570 960914 5339 969086
193100 5574 961465 5342 969535
193200 5580 962055 5346 969945
193300 5581 962609 5348 970391
193400 5582 962880 5350 971120
193500 5583 963420 5352 971580
193600 5586 963837 5355 972163
193700 5591 964264 5357 972736
193800 5594 964711 5357 973289
193900 5595 965214 5357 973786
194000 5597 965740 5358 974260
194100 5600 966262 5363 974738
194200 5603 966777 5366 975223
194300 5613 967355 5370 975645
194400 5617 967848 5372 976152
194500 5617 968369 5373 976631
194600 5617 968734 5376 977266
194700 5622 969222 5381 977778
194800 5630 969645 5382 978355
194900 5633 970096 5382 978904
195000 5637 970691 5387 979309
195100 5639 971269 5390 979731
195200 5639 971793 5393 980207
195300 5642 972374 5396 980626
195400 5645 972868 5399 981132
195500 5645 973303 5401 981697
195600 5647 973831 5404 982169
195700 5651 974340 5406 982660
195800 5653 974943 5406 983057
195900 5654 975463 5406 983537
196000 5655 975894 5408 984106
196100 5657 976380 5410 984620
196200 5658 976796 5411 985204
196300 5660 977238 5411 985762
196400 5660 977795 5413 986205
196500 5661 978464 5414 986536
196600 5662 978937 5418 987063
196700 5664 979407 5421 987593
196800 5666 979943 5424 988057
196900 5667 980427 5426 988573
197000 5672 980920 5430 989080
197100 5673 981357 5433 989643
197200 5678 981757 5437 990243
197300 5683 982144 5439 990856
197400 5684 982496 5443 991504
197500 5687 982831 5445 992169
197600 5690 983278 5447 992722
197700 5693 983704 5450 993296
197800 5694 984168 5451 993832
197900 5695 984605 5452 994395
198000 5698 984989 5458 995011
198100 5702 985388 5461 995612
198200 5704 985809 5463 996191
198300 5706 986278 5465 996722
198400 5708 986787 5467 997213
198500 5711 987090 5468 997910
198600 5712 987487 5469 998513
198700 5714 987897 5474 999103
198800 5715 988228 5478 999772
198900 5720 988603 5480 1000397
199000 5722 989252 5482 1000748
199100 5723 989771 5483 1001229
199200 5728 990193 5485 1001807
199300 5730 990555 5488 1002445
199400 5730 991139 5490 1002861
199500 5733 991799 5492 1003201
199600 5736 992345 5494 1003655
199700 5740 992707 5496 1004293
199800 5744 993184 5497 1004816
199900 5751 993682 5503 1005318
200000 5755 994065 5505 1005935
