#! FIELDS timestep dup_succ dup_attempts kill_succ kill_attempts
#! SET timestep 0.5
#! SET kernel_bandwidth [0.85 0.85]
#! SET kt 1.0
100 68 109 79 891
200 143 287 170 1713
300 221 544 272 2456
400 285 886 350 3114
500 326 1290 401 3710
600 352 1745 444 4255
700 372 2157 477 4843
800 396 2343 502 5657
900 428 2468 540 6532
1000 464 2581 574 7419
1100 518 2738 620 8262
1200 560 2937 678 9063
1300 602 3181 716 9819
1400 637 3460 765 10540
1500 678 3774 812 11226
1600 711 4125 856 11875
1700 736 4498 884 12502
1800 761 4826 908 13174
1900 788 5003 931 13997
2000 804 5205 945 14795
2100 815 5423 954 15577
2200 823 5877 958 16123
2300 832 6348 963 16652
2400 834 7052 967 16948
2500 834 7307 968 17693
2600 837 7689 968 18311
2700 839 8019 970 18981
2800 844 8263 973 19737
2900 846 8750 976 20250
3000 846 9279 978 20721
3100 848 9751 978 21249
3200 849 10053 980 21947
3300 849 10514 981 22486
3400 851 10919 983 23081
3500 851 11462 984 23538
3600 852 12018 986 23982
3700 852 12625 987 24375
3800 854 13246 990 24754
3900 854 13691 991 25309
4000 854 14222 993 25778
4100 854 14775 994 26225
4200 854 15207 994 26793
4300 854 15885 995 27115
4400 854 16429 995 27571
4500 854 16928 995 28072
4600 854 17554 997 28446
4700 854 18067 997 28933
4800 855 18603 998 29397
4900 855 19280 998 29720
5000 858 19965 1001 30035
5100 858 20461 1001 30539
5200 858 20902 1001 31098
5300 858 21463 1005 31537
5400 858 21785 1005 32215
5500 858 22410 1006 32590
5600 859 22944 1006 33056
5700 861 23444 1006 33556
5800 862 23931 1007 34069
5900 865 24341 1008 34659
6000 868 24800 1009 35200
6100 869 25387 1010 35613
6200 870 25804 1011 36196
6300 871 26333 1014 36667
6400 875 26901 1016 37099
6500 875 27450 1017 37550
6600 877 28052 1018 37948
6700 879 28680 1018 38320
6800 882 29191 1019 38809
6900 883 29681 1019 39319
7000 883 30313 1020 39687
7100 885 30566 1020 40434
7200 885 31042 1022 40958
7300 887 31785 1023 41215
7400 887 32115 1024 41885
7500 889 32689 1025 42311
7600 889 33303 1028 42697
7700 890 33657 1029 43343
7800 891 34083 1030 43917
7900 892 34732 1030 44268
8000 892 35223 1032 44777
8100 892 35730 1033 45270
8200 894 36419 1036 45581
8300 895 36934 1037 46066
8400 895 37433 1040 46567
8500 898 37909 1041 47091
8600 899 38508 1042 47492
8700 901 39049 1042 47951
8800 903 39646 1042 48354
8900 903 40222 1044 48778
9000 903 40742 1044 49258
9100 904 41015 1048 49985
9200 905 41524 1049 50476
9300 905 41997 1052 51003
9400 909 42499 1054 51501
9500 911 42953 1056 52047
9600 914 43453 1057 52547
9700 914 43997 1059 53003
9800 914 44473 1059 53527
9900 914 44898 1059 54102
10000 914 45398 1059 54602
10100 916 45936 1060 55064
10200 917 46299 1062 55701
10300 918 46815 1062 56185
10400 920 47117 1063 56883
10500 920 47664 1064 57336
10600 922 48173 1065 57827
10700 924 48814 1066 58186
10800 925 49319 1067 58681
10900 927 49844 1068 59156
11000 927 50440 1069 59560
11100 927 50821 1070 60179
11200 928 51295 1072 60705
11300 929 51677 1072 61323
11400 930 52226 1072 61774
11500 930 52740 1072 62260
11600 931 53162 1073 62838
11700 934 53882 1074 63118
11800 936 54484 1074 63516
11900 937 54965 1076 64035
12000 939 55486 1076 64514
12100 940 56040 1078 64960
12200 941 56465 1078 65535
12300 943 57072 1079 65928
12400 947 57616 1081 66384
12500 947 58058 1081 66942
12600 947 58563 1082 67437
12700 947 59128 1082 67872
12800 948 59717 1083 68283
12900 948 60300 1085 68700
13000 950 60855 1087 69145
13100 951 61423 1087 69577
13200 953 61926 1087 70074
13300 954 62486 1087 70514
13400 957 62899 1087 71101
13500 960 63386 1088 71614
13600 960 63646 1090 72354
13700 962 64103 1093 72897
13800 963 64618 1093 73382
13900 964 65074 1095 73926
14000 966 65567 1095 74433
14100 966 66193 1095 74807
14200 966 66884 1096 75116
14300 966 67389 1096 75611
14400 967 67931 1098 76069
14500 967 68363 1098 76637
14600 969 68919 1101 77081
14700 970 69417 1104 77583
14800 970 69941 1104 78059
14900 971 70381 1107 78619
15000 973 70906 1107 79094
15100 976 71472 1107 79528
15200 976 72033 1110 79967
15300 976 72455 1111 80545
15400 977 72981 1112 81019
15500 977 73283 1114 81717
15600 980 73695 1114 82305
15700 983 74169 1116 82831
15800 986 74632 1117 83368
15900 988 75113 1117 83887
16000 990 75769 1118 84231
16100 993 76342 1119 84658
16200 993 76880 1120 85120
16300 994 77352 1120 85648
16400 997 77770 1125 86230
16500 997 78153 1125 86847
16600 998 78844 1127 87156
16700 1000 79298 1130 87702
16800 1001 79692 1131 88308
16900 1003 80308 1132 88692
17000 1008 80798 1137 89202
17100 1010 81393 1140 89607
17200 1012 82095 1141 89905
17300 1012 82609 1141 90391
17400 1012 82866 1141 91134
17500 1014 83120 1144 91880
17600 1017 83788 1146 92212
17700 1019 84224 1149 92776
17800 1022 84587 1149 93413
17900 1022 85043 1149 93957
18000 1023 85583 1151 94417
18100 1023 86162 1151 94838
18200 1023 86639 1151 95361
18300 1024 87102 1151 95898
18400 1024 87604 1153 96396
18500 1024 88139 1155 96861
18600 1024 88681 1156 97319
18700 1024 89212 1156 97788
18800 1027 89900 1157 98100
18900 1029 90388 1159 98612
19000 1030 90829 1161 99171
19100 1030 91276 1162 99724
19200 1033 91862 1162 100138
19300 1036 92427 1162 100573
19400 1037 92911 1167 101089
19500 1042 93324 1171 101676
19600 1042 93802 1173 102198
19700 1042 94240 1173 102760
19800 1043 94546 1174 103454
19900 1045 95014 1176 103986
20000 1046 95624 1176 104376
20100 1046 96000 1176 105000
20200 1047 96383 1176 105617
20300 1047 96912 1177 106088
20400 1048 97365 1178 106635
20500 1050 97871 1179 107129
20600 1053 98435 1181 107565
20700 1055 98928 1184 108072
20800 1055 99487 1185 108513
20900 1057 99989 1188 109011
21000 1058 100505 1188 109495
21100 1060 100850 1188 110150
21200 1064 101324 1189 110676
21300 1065 101971 1189 111029
21400 1065 102440 1189 111560
21500 1065 102936 1192 112064
21600 1066 103438 1193 112562
21700 1066 103939 1193 113061
21800 1066 104467 1193 113533
21900 1066 105070 1195 113930
22000 1068 105754 1196 114246
22100 1069 106257 1197 114743
22200 1069 106788 1198 115212
22300 1070 107356 1198 115644
22400 1071 107744 1200 116256
22500 1074 108233 1200 116767
22600 1075 108732 1202 117268
22700 1075 109352 1203 117648
22800 1076 109792 1205 118208
22900 1076 110199 1205 118801
23000 1077 110478 1205 119522
23100 1077 110750 1206 120250
23200 1080 111303 1207 120697
23300 1080 111982 1210 121018
23400 1085 112516 1212 121484
23500 1086 112978 1212 122022
23600 1086 113635 1212 122365
23700 1087 114208 1213 122792
23800 1089 114719 1213 123281
23900 1090 115090 1214 123910
24000 1090 115523 1214 124477
24100 1092 116172 1216 124828
24200 1092 116570 1216 125430
24300 1093 116996 1217 126004
24400 1094 117457 1218 126543
24500 1096 117995 1219 127005
24600 1099 118509 1220 127491
24700 1099 118970 1221 128030
24800 1101 119498 1221 128502
24900 1103 119756 1221 129244
25000 1104 120153 1221 129847
25100 1105 120844 1221 130156
25200 1106 121552 1221 130448
25300 1108 121991 1222 131009
25400 1109 122434 1223 131566
25500 1111 123110 1224 131890
25600 1111 123687 1225 132313
25700 1111 124281 1225 132719
25800 1112 124884 1226 133116
25900 1113 125415 1226 133585
26000 1115 125932 1228 134068
26100 1115 126295 1228 134705
26200 1118 126811 1228 135189
26300 1120 127346 1230 135654
26400 1120 127907 1230 136093
26500 1121 128568 1232 136432
26600 1121 128881 1233 137119
26700 1122 129253 1234 137747
26800 1124 129696 1235 138304
26900 1124 130162 1237 138838
27000 1124 130717 1239 139283
27100 1126 131042 1240 139958
27200 1127 131487 1240 140513
27300 1127 131987 1242 141013
27400 1127 132392 1243 141608
27500 1128 132790 1243 142210
27600 1128 133496 1244 142504
27700 1128 133964 1248 143036
27800 1128 134272 1248 143728
27900 1130 134673 1248 144327
28000 1135 135185 1248 144815
28100 1136 135884 1250 145116
28200 1136 136403 1253 145597
28300 1138 136841 1256 146159
28400 1138 137264 1256 146736
28500 1138 137779 1256 147221
28600 1138 138296 1257 147704
28700 1138 138757 1257 148243
28800 1139 139327 1257 148673
28900 1140 139857 1259 149143
29000 1140 140390 1259 149610
29100 1140 140856 1259 150144
29200 1142 141327 1260 150673
29300 1142 141826 1262 151174
29400 1143 142432 1263 151568
29500 1144 142953 1263 152047
29600 1146 143559 1263 152441
29700 1147 144103 1267 152897
29800 1148 144671 1268 153329
29900 1149 145214 1269 153786
30000 1149 145719 1272 154281
30100 1153 146363 1272 154637
30200 1155 146878 1278 155122
30300 1157 147433 1279 155567
30400 1158 147931 1281 156069
30500 1158 148490 1282 156510
30600 1159 149074 1282 156926
30700 1159 149634 1283 157366
30800 1160 150125 1283 157875
30900 1162 150607 1285 158393
31000 1164 151061 1287 158939
31100 1165 151587 1289 159413
31200 1167 152090 1289 159910
31300 1168 152518 1289 160482
31400 1169 152992 1290 161008
31500 1169 153607 1291 161393
31600 1169 154030 1292 161970
31700 1171 154523 1293 162477
31800 1172 155021 1296 162979
31900 1173 155548 1296 163452
32000 1178 155942 1297 164058
32100 1180 156437 1298 164563
32200 1180 156907 1298 165093
32300 1181 157250 1299 165750
32400 1181 157747 1300 166253
32500 1181 158334 1302 166666
32600 1181 158724 1304 167276
32700 1182 159138 1305 167862
32800 1183 159790 1307 168210
32900 1184 160425 1307 168575
33000 1184 160882 1307 169118
33100 1187 161362 1308 169638
33200 1187 161988 1308 170012
33300 1190 162405 1308 170595
33400 1191 162730 1309 171270
33500 1192 163248 1309 171752
33600 1193 163579 1311 172421
33700 1194 164191 1311 172809
33800 1194 164645 1312 173355
33900 1194 165109 1313 173891
34000 1196 165746 1313 174254
34100 1198 166223 1315 174777
34200 1200 166752 1317 175248
34300 1201 167277 1317 175723
34400 1201 167743 1318 176257
34500 1202 168322 1320 176678
34600 1204 168750 1321 177250
34700 1204 169295 1322 177705
34800 1205 169633 1322 178367
34900 1207 170114 1328 178886
35000 1207 170662 1329 179338
35100 1208 171177 1330 179823
35200 1210 171692 1331 180308
35300 1214 172103 1332 180897
35400 1215 172583 1333 181417
35500 1216 173141 1333 181859
35600 1217 173829 1334 182171
35700 1220 174298 1335 182702
35800 1222 174756 1335 183244
35900 1223 175485 1337 183515
36000 1225 175991 1340 184009
36100 1226 176274 1342 184726
36200 1226 176781 1342 185219
36300 1226 177496 1342 185504
36400 1228 177856 1342 186144
36500 1228 178450 1343 186550
36600 1229 178949 1345 187051
36700 1230 179533 1346 187467
36800 1230 180122 1348 187878
36900 1230 180550 1348 188450
37000 1230 181067 1348 188933
37100 1231 181668 1348 189332
37200 1231 182144 1348 189856
37300 1231 182563 1348 190437
37400 1232 183068 1348 190932
37500 1233 183568 1349 191432
37600 1237 184058 1351 191942
37700 1240 184515 1352 192485
37800 1240 185014 1352 192986
37900 1240 185468 1352 193532
38000 1240 186000 1353 194000
38100 1241 186507 1355 194493
38200 1241 187008 1356 194992
38300 1241 187454 1359 195546
38400 1242 187930 1359 196070
38500 1243 188423 1362 196577
38600 1246 188948 1362 197052
38700 1246 189486 1364 197514
38800 1246 189768 1366 198232
38900 1246 190279 1368 198721
39000 1249 190887 1369 199113
39100 1251 191381 1369 199619
39200 1252 191823 1370 200177
39300 1253 192296 1371 200704
39400 1254 192975 1372 201025
39500 1256 193522 1373 201478
39600 1258 193851 1373 202149
39700 1258 194559 1373 202441
39800 1260 195005 1376 202995
39900 1262 195363 1377 203637
40000 1265 195858 1378 204142
40100 1266 196242 1380 204758
40200 1267 196606 1381 205394
40300 1267 197214 1383 205786
40400 1268 197717 1383 206283
40500 1270 198228 1385 206772
40600 1270 198581 1388 207419
40700 1270 198939 1390 208061
40800 1271 199486 1390 208514
40900 1273 199938 1391 209062
41000 1276 200562 1393 209438
41100 1279 201074 1396 209926
41200 1283 201368 1396 210632
41300 1284 201869 1396 211131
41400 1284 202351 1397 211649
41500 1286 203026 1400 211974
41600 1289 203534 1400 212466
41700 1290 204097 1401 212903
41800 1291 204600 1401 213400
41900 1292 205048 1401 213952
42000 1292 205521 1401 214479
42100 1292 205807 1402 215193
42200 1293 206258 1402 215742
42300 1294 206703 1405 216297
42400 1294 207173 1405 216827
42500 1294 207812 1406 217188
42600 1294 208311 1407 217689
42700 1295 208804 1409 218196
42800 1295 209301 1411 218699
42900 1296 209800 1413 219200
43000 1297 210327 1414 219673
43100 1300 211052 1415 219948
43200 1300 211491 1415 220509
43300 1300 212074 1415 220926
43400 1301 212542 1418 221458
43500 1301 213170 1418 221830
43600 1304 213670 1420 222330
43700 1306 214217 1421 222783
43800 1306 214688 1422 223312
43900 1306 215181 1425 223819
44000 1307 215759 1427 224241
44100 1307 216246 1427 224754
44200 1307 216662 1427 225338
44300 1309 217106 1430 225894
44400 1311 217575 1430 226425
44500 1312 218149 1433 226851
44600 1314 218652 1433 227348
44700 1314 219164 1434 227836
44800 1314 219657 1434 228343
44900 1314 220111 1434 228889
45000 1315 220648 1434 229352
45100 1315 221210 1435 229790
45200 1316 221696 1436 230304
45300 1319 222194 1440 230806
45400 1319 222463 1442 231537
45500 1319 222804 1445 232196
45600 1322 223280 1445 232720
45700 1325 223683 1445 233317
45800 1327 224139 1446 233861
45900 1329 224641 1446 234359
46000 1331 225140 1449 234860
46100 1333 225637 1451 235363
46200 1334 226093 1453 235907
46300 1335 226533 1453 236467
46400 1335 227178 1453 236822
46500 1335 227811 1454 237189
46600 1337 228390 1456 237610
46700 1340 228866 1457 238134
46800 1341 229355 1458 238645
46900 1344 229820 1458 239180
47000 1344 230316 1459 239684
47100 1347 230819 1460 240181
47200 1348 231273 1462 240727
47300 1348 231897 1463 241103
47400 1349 232573 1465 241427
47500 1353 233077 1465 241923
47600 1355 233648 1465 242352
47700 1357 234233 1467 242767
47800 1357 234738 1467 243262
47900 1357 235129 1467 243871
48000 1359 235719 1470 244281
48100 1360 236216 1471 244784
48200 1361 236635 1473 245365
48300 1364 237134 1476 245866
48400 1366 237666 1478 246334
48500 1367 238257 1479 246743
48600 1368 238729 1481 247271
48700 1369 239233 1481 247767
48800 1369 239682 1481 248318
48900 1369 240049 1481 248951
49000 1371 240474 1481 249526
49100 1372 240913 1481 250087
49200 1372 241415 1481 250585
49300 1372 241985 1485 251015
49400 1373 242595 1488 251405
49500 1376 243084 1490 251916
49600 1377 243571 1492 252429
49700 1378 244049 1494 252951
49800 1378 244553 1494 253447
49900 1380 244976 1494 254024
50000 1380 245292 1494 254708
50100 1382 246027 1495 254973
50200 1383 246728 1496 255272
50300 1383 247298 1497 255702
50400 1383 247880 1497 256120
50500 1383 248399 1499 256601
50600 1385 248961 1499 257039
50700 1386 249463 1500 257537
50800 1388 250036 1500 257964
50900 1388 250602 1501 258398
51000 1390 251021 1501 258979
51100 1391 251477 1502 259523
51200 1392 252077 1505 259923
51300 1394 252736 1506 260264
51400 1395 253131 1508 260869
51500 1395 253633 1509 261367
51600 1396 254185 1511 261815
51700 1396 254628 1511 262372
51800 1396 255123 1511 262877
51900 1398 255614 1511 263386
52000 1401 256344 1512 263656
52100 1401 256787 1513 264213
52200 1402 257159 1515 264841
52300 1402 257675 1515 265325
52400 1403 258172 1515 265828
52500 1405 258690 1518 266310
52600 1405 259214 1518 266786
52700 1405 259740 1519 267260
52800 1408 260248 1521 267752
52900 1411 260818 1523 268182
53000 1411 261166 1526 268834
53100 1412 261588 1527 269412
53200 1413 261962 1528 270038
53300 1414 262530 1528 270470
53400 1415 263033 1529 270967
53500 1416 263445 1532 271555
53600 1418 264115 1533 271885
53700 1418 264632 1534 272368
53800 1420 265171 1536 272829
53900 1420 265675 1537 273325
54000 1422 266215 1537 273785
54100 1423 266737 1538 274263
54200 1425 267260 1539 274740
54300 1428 267694 1541 275306
54400 1428 268171 1542 275829
54500 1429 268730 1542 276270
54600 1431 269252 1544 276748
54700 1431 269831 1546 277169
54800 1433 270250 1546 277750
54900 1434 270613 1547 278387
55000 1434 271172 1549 278828
55100 1436 271673 1549 279327
55200 1436 272037 1549 279963
55300 1436 272473 1549 280527
55400 1441 272746 1549 281254
55500 1443 273314 1553 281686
55600 1447 273813 1554 282187
55700 1448 274373 1555 282627
55800 1449 274880 1555 283120
55900 1449 275424 1557 283576
56000 1451 275689 1559 284311
56100 1451 276139 1560 284861
56200 1452 276618 1563 285382
56300 1452 277016 1563 285984
56400 1452 277454 1563 286546
56500 1455 277947 1567 287053
56600 1455 278456 1572 287544
56700 1455 278919 1573 288081
56800 1457 279345 1573 288655
56900 1457 279775 1575 289225
57000 1457 280447 1578 289553
57100 1457 280901 1579 290099
57200 1457 281376 1579 290624
57300 1457 281784 1580 291216
57400 1457 282466 1580 291534
57500 1458 282956 1580 292044
57600 1459 283348 1582 292652
57700 1460 283835 1583 293165
57800 1460 284438 1584 293562
57900 1461 285031 1585 293969
58000 1462 285515 1586 294485
58100 1463 285979 1586 295021
58200 1464 286429 1587 295571
58300 1466 286781 1588 296219
58400 1468 287269 1590 296731
58500 1471 287800 1592 297200
58600 1472 288401 1593 297599
58700 1472 288978 1595 298022
58800 1473 289480 1596 298520
58900 1474 290016 1597 298984
59000 1477 290622 1600 299378
59100 1479 291292 1600 299708
59200 1479 291960 1600 300040
59300 1479 292504 1601 300496
59400 1482 293010 1605 300990
59500 1484 293503 1606 301497
59600 1487 294008 1606 301992
59700 1487 294475 1606 302525
59800 1487 294983 1606 303017
59900 1491 295453 1607 303547
60000 1495 295945 1608 304055
60100 1495 296526 1608 304474
60200 1495 296919 1609 305081
60300 1495 297427 1612 305573
60400 1496 297955 1614 306045
60500 1496 298463 1616 306537
60600 1496 298985 1616 307015
60700 1499 299412 1617 307588
60800 1500 299844 1618 308156
60900 1502 300335 1618 308665
61000 1504 300778 1618 309222
61100 1506 301258 1618 309742
61200 1506 301874 1620 310126
61300 1506 302482 1620 310518
61400 1506 303006 1621 310994
61500 1506 303517 1621 311483
61600 1508 304125 1623 311875
61700 1509 304619 1625 312381
61800 1510 305051 1627 312949
61900 1511 305557 1627 313443
62000 1513 306111 1627 313889
62100 1515 306707 1629 314293
62200 1516 307020 1632 314980
62300 1519 307590 1634 315410
62400 1523 308098 1635 315902
62500 1524 308466 1636 316534
62600 1524 309023 1637 316977
62700 1528 309541 1638 317459
62800 1528 309995 1641 318005
62900 1530 310701 1642 318299
63000 1531 310970 1642 319030
63100 1533 311426 1642 319574
63200 1533 312110 1644 319890
63300 1534 312596 1644 320404
63400 1534 313199 1644 320801
63500 1536 313726 1647 321274
63600 1537 314187 1648 321813
63700 1537 314760 1648 322240
63800 1537 315126 1650 322874
63900 1538 315795 1650 323205
64000 1539 316242 1650 323758
64100 1540 316608 1652 324392
64200 1541 317091 1654 324909
64300 1542 317532 1656 325468
64400 1543 317865 1657 326135
64500 1545 318534 1657 326466
64600 1545 318999 1659 327001
64700 1547 319333 1661 327667
64800 1549 319732 1665 328268
64900 1549 320192 1666 328808
65000 1552 320503 1669 329497
65100 1552 320962 1670 330038
65200 1556 321466 1672 330534
65300 1557 322007 1674 330993
65400 1558 322703 1674 331297
65500 1559 323064 1674 331936
65600 1559 323520 1674 332480
65700 1561 324147 1675 332853
65800 1565 324571 1676 333429
65900 1566 325056 1677 333944
66000 1568 325471 1683 334529
66100 1568 326004 1684 334996
66200 1568 326506 1686 335494
66300 1569 326824 1686 336176
66400 1570 327251 1686 336749
66500 1570 327739 1687 337261
66600 1571 328339 1691 337661
66700 1573 328826 1693 338174
66800 1575 329277 1696 338723
66900 1575 329756 1696 339244
67000 1575 330218 1696 339782
67100 1576 330778 1696 340222
67200 1578 331302 1696 340698
67300 1578 331806 1698 341194
67400 1578 332278 1699 341722
67500 1581 332617 1699 342383
67600 1581 333136 1699 342864
67700 1581 333653 1700 343347
67800 1581 334002 1702 343998
67900 1581 334368 1702 344632
68000 1582 334838 1703 345162
68100 1582 335252 1703 345748
68200 1583 335591 1706 346409
68300 1585 336031 1710 346969
68400 1587 336375 1711 347625
68500 1590 336992 1716 348008
68600 1590 337464 1719 348536
68700 1590 337906 1719 349094
68800 1593 338420 1721 349580
68900 1598 338902 1722 350098
69000 1599 339479 1722 350521
69100 1602 340224 1722 350776
69200 1605 340758 1723 351242
69300 1605 341197 1724 351803
69400 1605 341683 1725 352317
69500 1606 342197 1725 352803
69600 1607 342611 1725 353389
69700 1608 343060 1730 353940
69800 1609 343568 1730 354432
69900 1610 344066 1732 354934
70000 1610 344543 1733 355457
70100 1612 345029 1734 355971
70200 1612 345513 1734 356487
70300 1614 346073 1735 356927
70400 1614 346552 1737 357448
70500 1615 347104 1738 357896
70600 1618 347385 1738 358615
70700 1619 347882 1743 359118
70800 1621 348376 1745 359624
70900 1624 348729 1750 360271
71000 1626 349287 1752 360713
71100 1627 349795 1754 361205
71200 1630 350231 1755 361769
71300 1632 350796 1757 362204
71400 1633 351284 1757 362716
71500 1633 351871 1758 363129
71600 1635 352318 1761 363682
71700 1635 353010 1762 363990
71800 1636 353475 1763 364525
71900 1636 353958 1763 365042
72000 1638 354489 1764 365511
72100 1638 355017 1765 365983
72200 1640 355543 1766 366457
72300 1640 356098 1768 366902
72400 1641 356520 1770 367480
72500 1643 356942 1772 368058
72600 1643 357574 1772 368426
72700 1644 358096 1775 368904
72800 1646 358613 1776 369387
72900 1647 359071 1777 369929
73000 1648 359675 1779 370325
73100 1649 360163 1783 370837
73200 1649 360658 1783 371342
73300 1650 361140 1784 371860
73400 1651 361635 1784 372365
73500 1653 362051 1786 372949
73600 1656 362406 1787 373594
73700 1656 362843 1787 374157
73800 1656 363412 1789 374588
73900 1657 364045 1790 374955
74000 1658 364473 1790 375527
74100 1659 364987 1791 376013
74200 1659 365453 1792 376547
74300 1659 365963 1792 377037
74400 1663 366477 1798 377523
74500 1664 366846 1799 378154
74600 1664 367175 1801 378825
74700 1666 367490 1804 379510
74800 1667 368163 1805 379837
74900 1668 368613 1805 380387
75000 1671 369239 1807 380761
75100 1671 369599 1807 381401
75200 1673 370147 1810 381853
75300 1675 370581 1810 382419
75400 1675 371079 1811 382921
75500 1676 371531 1812 383469
75600 1678 372144 1813 383856
75700 1681 372679 1815 384321
75800 1683 372956 1819 385044
75900 1683 373585 1820 385415
76000 1686 374084 1821 385916
76100 1689 374677 1823 386323
76200 1689 374935 1826 387065
76300 1690 375482 1827 387518
76400 1692 375980 1828 388020
76500 1693 376401 1830 388599
76600 1699 376914 1831 389086
76700 1700 377399 1832 389601
76800 1701 377768 1837 390232
76900 1702 378163 1837 390837
77000 1703 378724 1839 391276
77100 1704 379152 1839 391848
77200 1706 379677 1840 392323
77300 1706 380208 1840 392792
77400 1707 380876 1842 393124
77500 1709 381551 1845 393449
77600 1709 382234 1846 393766
77700 1710 382766 1847 394234
77800 1713 383208 1849 394792
77900 1715 383767 1852 395233
78000 1715 384179 1852 395821
78100 1716 384441 1852 396559
78200 1720 384884 1854 397116
78300 1720 385347 1855 397653
78400 1721 385891 1855 398109
78500 1722 386510 1855 398490
78600 1723 387054 1855 398946
78700 1726 387606 1857 399394
78800 1727 388155 1857 399845
78900 1727 388689 1858 400311
79000 1727 389224 1860 400776
79100 1731 389608 1862 401392
79200 1734 390278 1864 401722
79300 1735 390718 1866 402282
79400 1735 391331 1867 402669
79500 1737 392020 1870 402980
79600 1737 392520 1870 403480
79700 1741 393013 1872 403987
79800 1742 393610 1872 404390
79900 1742 394161 1873 404839
80000 1743 394700 1875 405300
80100 1743 395195 1878 405805
80200 1745 395784 1879 406216
80300 1745 396033 1881 406967
80400 1746 396479 1881 407521
80500 1750 396982 1884 408018
80600 1752 397557 1886 408443
80700 1752 398000 1886 409000
80800 1752 398493 1886 409507
80900 1752 399011 1886 409989
81000 1755 399463 1888 410537
81100 1755 399777 1891 411223
81200 1759 400255 1895 411745
81300 1761 400797 1896 412203
81400 1764 401322 1900 412678
81500 1766 401725 1902 413275
81600 1768 402159 1903 413841
81700 1770 402669 1908 414331
81800 1773 403263 1908 414737
81900 1775 403775 1909 415225
82000 1777 404316 1909 415684
82100 1778 404845 1913 416155
82200 1778 405362 1913 416638
82300 1778 405857 1914 417143
82400 1779 406417 1915 417583
82500 1779 406843 1916 418157
82600 1779 407358 1917 418642
82700 1780 408030 1918 418970
82800 1780 408353 1918 419647
82900 1781 408829 1920 420171
83000 1781 409458 1922 420542
83100 1782 409862 1923 421138
83200 1782 410536 1926 421464
83300 1783 411202 1926 421798
83400 1785 411622 1926 422378
83500 1786 412207 1926 422793
83600 1786 412742 1930 423258
83700 1788 413296 1930 423704
83800 1789 413762 1930 424238
83900 1792 414217 1932 424783
84000 1793 414711 1933 425289
84100 1795 415277 1933 425723
84200 1795 415815 1933 426185
84300 1795 416362 1935 426638
84400 1796 416871 1935 427129
84500 1796 417485 1938 427515
84600 1798 417927 1940 428073
84700 1800 418291 1943 428709
84800 1801 418832 1943 429168
84900 1801 419319 1945 429681
85000 1803 419760 1945 430240
85100 1803 420252 1945 430748
85200 1806 420846 1946 431154
85300 1806 421584 1946 431416
85400 1806 422272 1947 431728
85500 1808 422764 1950 432236
85600 1808 423182 1950 432818
85700 1808 423597 1951 433403
85800 1811 424117 1951 433883
85900 1812 424625 1951 434375
86000 1812 425084 1952 434916
86100 1812 425567 1952 435433
86200 1814 426062 1955 435938
86300 1814 426629 1956 436371
86400 1814 427093 1958 436907
86500 1816 427587 1960 437413
86600 1817 427862 1961 438138
86700 1821 428388 1962 438612
86800 1821 428938 1963 439062
86900 1822 429512 1963 439488
87000 1824 430075 1964 439925
87100 1824 430610 1965 440390
87200 1824 431297 1966 440703
87300 1824 431778 1966 441222
87400 1824 432200 1967 441800
87500 1826 432728 1970 442272
87600 1829 433254 1972 442746
87700 1832 433808 1974 443192
87800 1832 434354 1975 443646
87900 1832 434764 1976 444236
88000 1833 435236 1976 444764
88100 1836 435883 1977 445117
88200 1837 436232 1977 445768
88300 1840 436841 1978 446159
88400 1843 437348 1979 446652
88500 1844 437728 1979 447272
88600 1844 438249 1980 447751
88700 1845 438752 1980 448248
88800 1847 439183 1982 448817
88900 1847 439606 1982 449394
89000 1847 440170 1983 449830
89100 1848 440773 1984 450227
89200 1848 441306 1985 450694
89300 1850 441654 1987 451346
89400 1852 442081 1987 451919
89500 1853 442609 1988 452391
89600 1854 443202 1988 452798
89700 1854 443613 1988 453387
89800 1854 444111 1989 453889
89900 1855 444701 1989 454299
90000 1857 445137 1991 454863
90100 1858 445718 1993 455282
90200 1863 446214 1993 455786
90300 1863 446721 1995 456279
90400 1864 447299 1995 456701
90500 1864 447888 1995 457112
90600 1865 448357 1995 457643
90700 1867 448907 1995 458093
90800 1867 449514 1995 458486
90900 1869 450038 1996 458962
91000 1872 450573 2000 459427
91100 1875 451140 2000 459860
91200 1878 451680 2002 460320
91300 1881 452146 2002 460854
91400 1881 452775 2004 461225
91500 1882 453272 2005 461728
91600 1885 453558 2006 462442
91700 1886 454116 2008 462884
91800 1886 454611 2010 463389
91900 1887 455197 2012 463803
92000 1888 455739 2013 464261
92100 1889 456195 2015 464805
92200 1889 456658 2015 465342
92300 1889 457298 2015 465702
92400 1891 457908 2015 466092
92500 1891 458323 2016 466677
92600 1892 458618 2018 467382
92700 1894 458962 2019 468038
92800 1895 459644 2019 468356
92900 1895 460156 2020 468844
93000 1897 460674 2020 469326
93100 1897 461171 2020 469829
93200 1898 461625 2022 470375
93300 1898 461980 2023 471020
93400 1900 462494 2024 471506
93500 1900 463174 2024 471826
93600 1900 463699 2025 472301
93700 1900 464234 2026 472766
93800 1901 464708 2027 473292
93900 1901 465062 2027 473938
94000 1904 465512 2030 474488
94100 1904 465984 2035 475016
94200 1905 466585 2036 475415
94300 1906 467267 2037 475733
94400 1906 467865 2038 476135
94500 1907 468510 2039 476490
94600 1907 469083 2040 476917
94700 1907 469529 2041 477471
94800 1907 469971 2041 478029
94900 1909 470461 2042 478539
95000 1910 471066 2042 478934
95100 1911 471524 2044 479476
95200 1911 472022 2046 479978
95300 1912 472521 2046 480479
95400 1912 473045 2046 480955
95500 1912 473464 2047 481536
95600 1915 474012 2049 481988
95700 1916 474712 2051 482288
95800 1916 475136 2051 482864
95900 1916 475626 2051 483374
96000 1916 476187 2052 483813
96100 1916 476687 2052 484313
96200 1917 477180 2055 484820
96300 1918 477799 2055 485201
96400 1919 478207 2056 485793
96500 1919 478760 2057 486240
96600 1921 479261 2059 486739
96700 1921 479793 2059 487207
96800 1925 480222 2060 487778
96900 1926 480664 2060 488336
97000 1929 481162 2060 488838
97100 1931 481678 2060 489322
97200 1934 482230 2062 489770
97300 1935 482822 2062 490178
97400 1936 483346 2062 490654
97500 1937 483970 2062 491030
97600 1937 484438 2062 491562
97700 1940 484854 2065 492146
97800 1941 485279 2067 492721
97900 1942 485816 2068 493184
98000 1943 486296 2072 493704
98100 1944 486762 2075 494238
98200 1946 487175 2079 494825
98300 1948 487676 2081 495324
98400 1949 488202 2081 495798
98500 1950 488738 2082 496262
98600 1954 489266 2086 496734
98700 1956 489792 2087 497208
98800 1957 490417 2087 497583
98900 1957 491134 2087 497866
99000 1958 491631 2088 498369
99100 1959 492130 2090 498870
99200 1959 492446 2093 499554
99300 1961 493003 2094 499997
99400 1961 493436 2094 500564
99500 1963 493959 2100 501041
99600 1968 494433 2100 501567
99700 1970 495092 2100 501908
99800 1973 495836 2101 502164
99900 1973 496291 2105 502709
100000 1974 496752 2106 503248
100100 1975 497401 2107 503599
100200 1977 498140 2108 503860
100300 1978 498603 2109 504397
100400 1979 498975 2110 505025
100500 1979 499680 2110 505320
100600 1980 500162 2111 505838
100700 1981 500529 2112 506471
100800 1981 500902 2113 507098
100900 1981 501321 2113 507679
101000 1982 501741 2113 508259
101100 1984 502311 2114 508689
101200 1985 502932 2116 509068
101300 1985 503478 2117 509522
101400 1986 504004 2117 509996
101500 1988 504487 2117 510513
101600 1988 505002 2118 510998
101700 1990 505434 2118 511566
101800 1990 505952 2118 512048
101900 1992 506545 2118 512455
102000 1993 507012 2119 512988
102100 1993 507541 2120 513459
102200 1994 508116 2120 513884
102300 1995 508540 2122 514460
102400 1996 509045 2123 514955
102500 1998 509571 2124 515429
102600 1999 510108 2124 515892
102700 2001 510481 2125 516519
102800 2002 510979 2127 517021
102900 2002 511488 2128 517512
103000 2003 512059 2129 517941
103100 2004 512441 2131 518559
103200 2005 512810 2133 519190
103300 2005 513384 2134 519616
103400 2006 513858 2136 520142
103500 2007 514501 2136 520499
103600 2007 514927 2136 521073
103700 2008 515347 2136 521653
103800 2008 515784 2136 522216
103900 2010 516264 2137 522736
104000 2015 516814 2140 523186
104100 2016 517467 2141 523533
104200 2017 517952 2142 524048
104300 2017 518535 2142 524465
104400 2017 518985 2144 525015
104500 2017 519522 2146 525478
104600 2018 520009 2146 525991
104700 2018 520589 2147 526411
104800 2018 521144 2148 526856
104900 2022 521882 2148 527118
105000 2024 522380 2150 527620
105100 2024 522832 2151 528168
105200 2024 523327 2154 528673
105300 2027 523911 2155 529089
105400 2028 524330 2157 529670
105500 2028 524944 2158 530056
105600 2028 525537 2158 530463
105700 2029 526027 2159 530973
105800 2029 526602 2160 531398
105900 2029 527111 2160 531889
106000 2029 527530 2160 532470
106100 2031 528142 2160 532858
106200 2031 528657 2161 533343
106300 2032 529154 2162 533846
106400 2034 529601 2162 534399
106500 2034 530236 2162 534764
106600 2035 530805 2162 535195
106700 2036 531521 2165 535479
106800 2037 532004 2166 535996
106900 2037 532457 2166 536543
107000 2037 533061 2166 536939
107100 2038 533397 2167 537603
107200 2038 533910 2168 538090
107300 2041 534555 2170 538445
107400 2042 535100 2171 538900
107500 2044 535461 2172 539539
107600 2047 535952 2173 540048
107700 2048 536587 2173 540413
107800 2051 537054 2174 540946
107900 2051 537404 2174 541596
108000 2052 537998 2177 542002
108100 2052 538361 2178 542639
108200 2052 538742 2178 543258
108300 2053 539208 2178 543792
108400 2054 539600 2179 544400
108500 2055 540007 2182 544993
108600 2057 540522 2183 545478
108700 2057 540978 2184 546022
108800 2058 541458 2185 546542
108900 2058 541985 2185 547015
109000 2059 542517 2185 547483
109100 2060 543129 2186 547871
109200 2061 543426 2187 548574
109300 2065 543935 2187 549065
109400 2067 544407 2190 549593
109500 2068 544874 2191 550126
109600 2068 545391 2192 550609
109700 2068 546095 2193 550905
109800 2068 546593 2193 551407
109900 2068 547202 2194 551798
110000 2069 547733 2196 552267
110100 2071 548127 2197 552873
110200 2071 548595 2197 553405
110300 2072 549065 2199 553935
110400 2073 549431 2200 554569
110500 2074 549922 2202 555078
110600 2074 550468 2202 555532
110700 2077 551011 2204 555989
110800 2077 551560 2204 556440
110900 2077 552061 2205 556939
111000 2077 552576 2206 557424
111100 2077 553136 2207 557864
111200 2077 553704 2208 558296
111300 2078 554452 2211 558548
111400 2078 555010 2211 558990
111500 2080 555507 2212 559493
111600 2080 555996 2214 560004
111700 2081 556461 2214 560539
111800 2082 557052 2215 560948
111900 2085 557512 2218 561488
112000 2085 558030 2219 561970
112100 2085 558445 2220 562555
112200 2085 558850 2221 563150
112300 2085 559289 2221 563711
112400 2086 559681 2221 564319
112500 2088 560195 2222 564805
112600 2090 560703 2224 565297
112700 2091 561233 2224 565767
112800 2091 561968 2226 566032
112900 2093 562622 2231 566378
113000 2094 563272 2231 566728
113100 2095 563774 2235 567226
113200 2095 564379 2235 567621
113300 2095 564817 2236 568183
113400 2096 565369 2237 568631
113500 2097 565875 2239 569125
113600 2100 566391 2239 569609
113700 2100 566892 2240 570108
113800 2101 567370 2243 570630
113900 2104 567905 2244 571095
114000 2105 568497 2244 571503
114100 2108 568956 2244 572044
114200 2109 569504 2246 572496
114300 2111 570215 2249 572785
114400 2111 570786 2250 573214
114500 2112 571147 2250 573853
114600 2113 571580 2250 574420
114700 2114 571983 2251 575017
114800 2115 572698 2252 575302
114900 2115 573112 2252 575888
115000 2115 573548 2252 576452
115100 2120 574062 2253 576938
115200 2122 574647 2257 577353
115300 2123 575150 2257 577850
115400 2123 575650 2258 578350
115500 2125 576139 2260 578861
115600 2126 576531 2260 579469
115700 2128 577109 2261 579891
115800 2131 577588 2262 580412
115900 2132 578044 2262 580956
116000 2132 578565 2263 581435
116100 2132 578917 2266 582083
116200 2134 579399 2266 582601
116300 2134 579805 2266 583195
116400 2134 580253 2268 583747
116500 2136 580917 2269 584083
116600 2138 581460 2270 584540
116700 2139 582045 2270 584955
116800 2142 582617 2273 585383
116900 2142 583054 2276 585946
117000 2142 583635 2278 586365
117100 2145 584132 2279 586868
117200 2145 584627 2280 587373
117300 2145 585135 2281 587865
117400 2147 585648 2282 588352
117500 2148 586089 2284 588911
117600 2149 586711 2284 589289
117700 2150 587164 2287 589836
117800 2151 587898 2289 590102
117900 2153 588549 2291 590451
118000 2156 589241 2293 590759
118100 2161 589800 2294 591200
118200 2165 590204 2294 591796
118300 2166 590766 2295 592234
118400 2166 591147 2295 592853
118500 2167 591589 2295 593411
118600 2168 592082 2296 593918
118700 2169 592405 2296 594595
118800 2175 592951 2299 595049
118900 2175 593523 2299 595477
119000 2176 593925 2301 596075
119100 2177 594539 2301 596461
119200 2178 594874 2301 597126
119300 2178 595285 2301 597715
119400 2178 595782 2303 598218
119500 2179 596115 2304 598885
119600 2180 596634 2305 599366
119700 2181 597248 2305 599752
119800 2182 597979 2307 600021
119900 2182 598515 2308 600485
120000 2182 599016 2309 600984
120100 2182 599506 2312 601494
120200 2183 599942 2315 602058
120300 2183 600432 2315 602568
120400 2184 601045 2316 602955
120500 2185 601529 2317 603471
120600 2185 602011 2317 603989
120700 2185 602383 2317 604617
120800 2187 602890 2318 605110
120900 2188 603300 2321 605700
121000 2189 603810 2323 606190
121100 2196 604268 2323 606732
121200 2199 604793 2324 607207
121300 2199 605244 2324 607756
121400 2199 605775 2324 608225
121500 2200 606290 2325 608710
121600 2201 606772 2326 609228
121700 2204 607267 2326 609733
121800 2206 607644 2328 610356
121900 2206 608072 2329 610928
122000 2206 608619 2330 611381
122100 2207 609173 2330 611827
122200 2209 609634 2330 612366
122300 2209 610127 2333 612873
122400 2210 610609 2335 613391
122500 2210 610991 2336 614009
122600 2211 611663 2336 614337
122700 2212 612115 2336 614885
122800 2214 612683 2339 615317
122900 2215 613307 2339 615693
123000 2216 613749 2340 616251
123100 2218 614045 2343 616955
123200 2223 614482 2344 617518
123300 2224 615029 2344 617971
123400 2228 615545 2349 618455
123500 2230 616273 2351 618727
123600 2230 617011 2354 618989
123700 2230 617578 2357 619422
123800 2232 618047 2358 619953
123900 2233 618690 2361 620310
124000 2233 619211 2361 620789
124100 2234 619736 2361 621264
124200 2236 620231 2361 621769
124300 2238 620732 2361 622268
124400 2239 621174 2363 622826
124500 2240 621698 2364 623302
124600 2242 622191 2366 623809
124700 2242 622796 2366 624204
124800 2243 623327 2367 624673
124900 2243 623699 2370 625301
125000 2244 624350 2372 625650
125100 2245 624840 2373 626160
125200 2246 625167 2376 626833
125300 2246 625549 2376 627451
125400 2249 626099 2376 627901
125500 2250 626508 2376 628492
125600 2250 627089 2377 628911
125700 2251 627641 2379 629359
125800 2251 628167 2381 629833
125900 2254 628524 2383 630476
126000 2256 629024 2383 630976
126100 2257 629587 2385 631413
126200 2258 630158 2386 631842
126300 2259 630684 2387 632316
126400 2260 631179 2388 632821
126500 2261 631651 2389 633349
126600 2264 632168 2389 633832
126700 2264 632863 2390 634137
126800 2267 633413 2392 634587
126900 2268 633975 2392 635025
127000 2269 634489 2394 635511
127100 2269 634988 2394 636012
127200 2271 635588 2395 636412
127300 2272 636106 2396 636894
127400 2272 636775 2397 637225
127500 2272 637236 2399 637764
127600 2272 637760 2400 638240
127700 2273 638312 2400 638688
127800 2273 638590 2400 639410
127900 2276 639048 2402 639952
128000 2279 639340 2402 640660
128100 2279 639811 2402 641189
128200 2280 640285 2402 641715
128300 2282 640853 2404 642147
128400 2284 641475 2404 642525
128500 2285 641986 2407 643014
128600 2287 642480 2409 643520
128700 2287 643076 2410 643924
128800 2287 643568 2411 644432
128900 2288 644297 2411 644703
129000 2288 644779 2412 645221
129100 2291 645284 2415 645716
129200 2292 645729 2415 646271
129300 2295 646151 2417 646849
129400 2297 646655 2419 647345
129500 2297 647219 2419 647781
129600 2298 647756 2419 648244
129700 2299 648249 2419 648751
129800 2300 648816 2419 649184
129900 2301 649128 2421 649872
130000 2302 649658 2421 650342
130100 2302 650287 2421 650713
130200 2304 650820 2422 651180
130300 2307 651350 2422 651650
130400 2308 652003 2423 651997
130500 2310 652356 2427 652644
130600 2313 652736 2428 653264
130700 2315 653342 2429 653658
130800 2316 653776 2430 654224
130900 2316 654146 2431 654854
131000 2316 654655 2432 655345
131100 2318 655163 2433 655837
131200 2318 655536 2436 656464
131300 2318 656008 2438 656992
131400 2318 656703 2439 657297
131500 2319 657247 2440 657753
131600 2322 657708 2441 658292
131700 2322 658061 2441 658939
131800 2323 658616 2443 659384
131900 2324 659185 2444 659815
132000 2325 659708 2445 660292
132100 2326 660239 2445 660761
132200 2329 660681 2446 661319
132300 2330 661100 2447 661900
132400 2330 661385 2447 662615
132500 2331 661685 2450 663315
132600 2332 662175 2450 663825
132700 2332 662698 2450 664302
132800 2334 663170 2451 664830
132900 2334 663677 2451 665323
133000 2335 664163 2451 665837
133100 2335 664587 2452 666413
133200 2336 665219 2453 666781
133300 2336 665777 2454 667223
133400 2337 666290 2455 667710
133500 2339 666876 2455 668124
133600 2339 667342 2456 668658
133700 2341 667745 2457 669255
133800 2346 668248 2459 669752
133900 2346 668724 2459 670276
134000 2346 669013 2460 670987
134100 2346 669454 2460 671546
134200 2349 669833 2463 672167
134300 2350 670462 2466 672538
134400 2350 671050 2466 672950
134500 2352 671532 2466 673468
134600 2352 671827 2468 674173
134700 2354 672317 2470 674683
134800 2354 672890 2473 675110
134900 2354 673519 2478 675481
135000 2357 674014 2479 675986
135100 2357 674415 2480 676585
135200 2357 674935 2482 677065
135300 2359 675322 2485 677678
135400 2360 675819 2485 678181
135500 2360 676257 2485 678743
135600 2362 676725 2485 679275
135700 2363 677223 2488 679777
135800 2363 677637 2492 680363
135900 2364 678043 2494 680957
136000 2364 678472 2494 681528
136100 2368 678739 2495 682261
136200 2368 679199 2496 682801
136300 2369 679821 2499 683179
136400 2374 680277 2500 683723
136500 2374 680925 2500 684075
136600 2374 681338 2500 684662
136700 2376 682015 2501 684985
136800 2377 682449 2502 685551
136900 2378 682912 2502 686088
137000 2378 683498 2503 686502
137100 2381 684056 2503 686944
137200 2383 684529 2504 687471
137300 2383 684869 2504 688131
137400 2383 685395 2504 688605
137500 2384 685760 2505 689240
137600 2384 686236 2505 689764
137700 2384 686728 2507 690272
137800 2384 687212 2509 690788
137900 2385 687663 2510 691337
138000 2386 688212 2512 691788
138100 2388 688688 2513 692312
138200 2389 689253 2514 692747
138300 2390 689820 2514 693180
138400 2391 690256 2515 693744
138500 2391 690888 2519 694112
138600 2394 691313 2519 694687
138700 2394 692048 2520 694952
138800 2396 692558 2523 695442
138900 2397 693022 2527 695978
139000 2398 693571 2528 696429
139100 2399 693968 2530 697032
139200 2401 694478 2532 697522
139300 2405 695220 2534 697780
139400 2405 695696 2534 698304
139500 2409 696133 2535 698867
139600 2410 696589 2536 699411
139700 2412 697094 2538 699906
139800 2414 697637 2538 700363
139900 2414 698381 2540 700619
140000 2415 698978 2542 701022
140100 2417 699362 2542 701638
140200 2419 699767 2543 702233
140300 2419 700261 2545 702739
140400 2420 700713 2547 703287
140500 2421 701178 2547 703822
140600 2421 701679 2548 704321
140700 2422 702374 2549 704626
140800 2424 702899 2549 705101
140900 2425 703382 2550 705618
141000 2427 704034 2551 705966
141100 2427 704617 2553 706383
141200 2428 705123 2556 706877
141300 2429 705701 2556 707299
141400 2431 706217 2557 707783
141500 2433 706622 2557 708378
141600 2435 707154 2559 708846
141700 2436 707567 2561 709433
141800 2438 708025 2561 709975
141900 2440 708542 2562 710458
142000 2442 708906 2565 711094
142100 2442 709652 2566 711348
142200 2442 710236 2566 711764
142300 2443 710796 2568 712204
142400 2444 711339 2568 712661
142500 2447 711689 2571 713311
142600 2448 712385 2572 713615
142700 2448 712979 2572 714021
142800 2449 713516 2573 714484
142900 2450 713960 2573 715040
143000 2451 714407 2574 715593
143100 2453 714890 2575 716110
143200 2455 715216 2578 716784
143300 2456 715700 2580 717300
143400 2457 716433 2580 717567
143500 2460 717095 2584 717905
143600 2465 717580 2586 718420
143700 2465 718094 2586 718906
143800 2467 718545 2590 719455
143900 2469 719275 2591 719725
144000 2471 719970 2591 720030
144100 2472 720588 2596 720412
144200 2475 721077 2597 720923
144300 2475 721364 2599 721636
144400 2476 721866 2599 722134
144500 2477 722598 2600 722402
144600 2477 723155 2600 722845
144700 2477 723821 2601 723179
144800 2478 724381 2601 723619
144900 2478 724740 2602 724260
145000 2479 725300 2602 724700
145100 2479 725784 2602 725216
145200 2479 726363 2603 725637
145300 2480 726816 2605 726184
145400 2480 727201 2607 726799
145500 2481 727709 2610 727291
145600 2481 728121 2615 727879
145700 2482 728774 2616 728226
145800 2482 729409 2619 728591
145900 2482 729804 2624 729196
146000 2483 730274 2627 729726
146100 2483 730703 2627 730297
146200 2483 731201 2628 730799
146300 2484 731534 2629 731466
146400 2485 732017 2629 731983
146500 2487 732298 2633 732702
146600 2488 732805 2636 733195
146700 2489 733348 2637 733652
146800 2489 733816 2638 734184
146900 2489 734400 2639 734600
147000 2490 734898 2641 735102
147100 2492 735341 2643 735659
147200 2494 735747 2643 736253
147300 2495 736259 2645 736741
147400 2495 736873 2646 737127
147500 2498 737305 2647 737695
147600 2498 737706 2649 738294
147700 2498 738217 2649 738783
147800 2500 738825 2650 739175
147900 2501 739320 2650 739680
148000 2506 739825 2655 740175
148100 2512 740175 2656 740825
148200 2513 740623 2657 741377
148300 2513 741090 2657 741910
148400 2515 741620 2658 742380
148500 2515 742289 2660 742711
148600 2515 742707 2663 743293
148700 2515 743371 2663 743629
148800 2516 743828 2666 744172
148900 2517 744263 2666 744737
149000 2519 744762 2670 745238
149100 2521 745132 2674 745868
149200 2522 745661 2676 746339
149300 2522 746142 2676 746858
149400 2525 746550 2677 747450
149500 2526 747233 2678 747767
149600 2528 747808 2679 748192
149700 2530 748313 2680 748687
149800 2531 749003 2681 748997
149900 2532 749473 2683 749527
150000 2532 749939 2683 750061
150100 2536 750417 2686 750583
150200 2539 750666 2687 751334
150300 2540 751068 2687 751932
150400 2541 751594 2688 752406
150500 2546 752250 2688 752750
150600 2548 752700 2690 753300
150700 2549 753271 2690 753729
150800 2549 753918 2691 754082
150900 2550 754459 2692 754541
151000 2551 754917 2692 755083
151100 2552 755380 2693 755620
151200 2554 755808 2694 756192
151300 2554 756393 2695 756607
151400 2554 756954 2695 757046
151500 2555 757515 2695 757485
151600 2556 757855 2698 758145
151700 2557 758286 2699 758714
151800 2558 759037 2699 758963
151900 2559 759732 2699 759268
152000 2559 760214 2703 759786
152100 2561 760696 2703 760304
152200 2561 761200 2703 760800
152300 2561 761686 2705 761314
152400 2562 762247 2706 761753
152500 2564 762770 2708 762230
152600 2564 763445 2711 762555
152700 2565 763977 2711 763023
152800 2566 764521 2711 763479
152900 2567 765046 2712 763954
153000 2567 765567 2712 764433
153100 2568 766197 2712 764803
153200 2570 766729 2712 765271
153300 2570 767141 2712 765859
153400 2572 767670 2717 766330
153500 2574 768329 2720 766671
153600 2574 768808 2722 767192
153700 2577 769263 2724 767737
153800 2578 769758 2724 768242
153900 2578 770083 2724 768917
154000 2579 770535 2725 769465
154100 2579 771041 2728 769959
154200 2579 771580 2730 770420
154300 2580 772059 2730 770941
154400 2580 772540 2730 771460
154500 2582 772895 2730 772105
154600 2582 773403 2731 772597
154700 2583 774047 2731 772953
154800 2583 774546 2733 773454
154900 2584 774947 2733 774053
155000 2586 775517 2733 774483
155100 2586 776028 2735 774972
155200 2587 776647 2735 775353
155300 2589 777151 2735 775849
155400 2590 777643 2735 776357
155500 2592 778163 2736 776837
155600 2593 778719 2737 777281
155700 2594 779156 2737 777844
155800 2594 779716 2739 778284
155900 2594 780346 2739 778654
156000 2597 780857 2742 779143
156100 2599 781371 2742 779629
156200 2599 781978 2742 780022
156300 2600 782426 2743 780574
156400 2600 783001 2744 780999
156500 2601 783354 2745 781646
156600 2605 783973 2747 782027
156700 2605 784471 2747 782529
156800 2606 785064 2748 782936
156900 2606 785794 2752 783206
157000 2606 786217 2753 783783
157100 2608 786926 2756 784074
157200 2609 787431 2757 784569
157300 2612 787776 2757 785224
157400 2614 788335 2757 785665
157500 2615 788908 2757 786092
157600 2616 789506 2757 786494
157700 2617 790133 2757 786867
157800 2618 790625 2757 787375
157900 2619 791114 2760 787886
158000 2623 791461 2762 788539
158100 2623 791996 2763 789004
158200 2625 792431 2764 789569
158300 2627 792976 2765 790024
158400 2628 793617 2766 790383
158500 2630 794148 2768 790852
158600 2635 794667 2769 791333
158700 2637 795156 2771 791844
158800 2638 795739 2771 792261
158900 2640 796222 2772 792778
159000 2642 796726 2772 793274
159100 2642 797209 2772 793791
159200 2642 797638 2773 794362
159300 2643 798059 2773 794941
159400 2644 798503 2774 795497
159500 2645 799073 2774 795927
159600 2646 799650 2775 796350
159700 2646 800112 2776 796888
159800 2647 800616 2777 797384
159900 2649 801138 2779 797862
160000 2649 801776 2781 798224
160100 2650 802388 2782 798612
160200 2651 802864 2782 799136
160300 2652 803315 2785 799685
160400 2653 803857 2786 800143
160500 2653 804492 2786 800508
160600 2653 804975 2788 801025
160700 2654 805436 2789 801564
160800 2656 805985 2790 802015
160900 2656 806492 2790 802508
161000 2657 807211 2791 802789
161100 2658 807640 2793 803360
161200 2660 808171 2793 803829
161300 2660 808591 2793 804409
161400 2661 809174 2793 804826
161500 2661 809659 2793 805341
161600 2661 810041 2793 805959
161700 2662 810564 2793 806436
161800 2664 811095 2796 806905
161900 2664 811646 2797 807354
162000 2667 812228 2797 807772
162100 2667 812876 2797 808124
162200 2668 813185 2798 808815
162300 2668 813797 2799 809203
162400 2670 814143 2801 809857
162500 2671 814609 2803 810391
162600 2672 815079 2804 810921
162700 2674 815583 2807 811417
162800 2675 815904 2809 812096
162900 2676 816362 2810 812638
163000 2679 816801 2812 813199
163100 2679 817375 2813 813625
163200 2679 817909 2814 814091
163300 2679 818559 2815 814441
163400 2680 819173 2815 814827
163500 2681 819668 2815 815332
163600 2681 820195 2817 815805
163700 2681 820676 2817 816324
163800 2682 821148 2817 816852
163900 2683 821729 2819 817271
164000 2683 822233 2819 817767
164100 2685 822663 2819 818337
164200 2686 823127 2820 818873
164300 2686 823570 2821 819430
164400 2686 824112 2821 819888
164500 2690 824632 2823 820368
164600 2693 825205 2823 820795
164700 2694 825646 2825 821354
164800 2695 826053 2827 821947
164900 2695 826602 2828 822398
165000 2695 827106 2829 822894
165100 2700 827608 2831 823392
165200 2701 828158 2831 823842
165300 2701 828556 2832 824444
165400 2702 829171 2832 824829
165500 2704 829788 2832 825212
165600 2704 830294 2833 825706
165700 2706 830756 2834 826244
165800 2707 831160 2834 826840
165900 2707 831696 2835 827304
166000 2709 832046 2835 827954
166100 2710 832515 2836 828485
166200 2711 832963 2837 829037
166300 2711 833438 2837 829562
166400 2712 833911 2841 830089
166500 2713 834405 2845 830595
166600 2715 835006 2847 830994
166700 2719 835574 2848 831426
166800 2722 836060 2850 831940
166900 2725 836749 2850 832251
167000 2725 837370 2850 832630
167100 2725 837856 2850 833144
167200 2726 838221 2853 833779
167300 2727 838574 2853 834426
167400 2728 839067 2855 834933
167500 2729 839514 2857 835486
167600 2732 840232 2859 835768
167700 2736 840740 2859 836260
167800 2737 841258 2861 836742
167900 2740 841913 2861 837087
168000 2740 842532 2861 837468
168100 2742 843025 2864 837975
168200 2743 843488 2864 838512
168300 2744 843901 2865 839099
168400 2745 844396 2866 839604
168500 2746 844909 2867 840091
168600 2749 845436 2872 840564
168700 2750 845782 2872 841218
168800 2752 846400 2873 841600
168900 2753 846650 2875 842350
169000 2753 847091 2876 842909
169100 2755 847610 2878 843390
169200 2755 847924 2879 844076
169300 2757 848195 2882 844805
169400 2757 848857 2884 845143
169500 2757 849394 2884 845606
169600 2757 849855 2885 846145
169700 2758 850412 2886 846588
169800 2758 850953 2887 847047
169900 2759 851406 2887 847594
170000 2759 851867 2887 848133
170100 2759 852179 2890 848821
170200 2760 852672 2892 849328
170300 2761 853003 2895 849997
170400 2763 853444 2896 850556
170500 2764 853930 2897 851070
170600 2764 854510 2897 851490
170700 2765 854960 2897 852040
170800 2766 855448 2898 852552
170900 2766 855954 2899 853046
171000 2767 856609 2900 853391
171100 2768 857050 2900 853950
171200 2769 857592 2901 854408
171300 2770 858256 2901 854744
171400 2771 858712 2901 855288
171500 2773 859227 2901 855773
171600 2776 859647 2901 856353
171700 2776 860167 2903 856833
171800 2777 860752 2903 857248
171900 2778 861227 2904 857773
172000 2778 861710 2904 858290
172100 2780 862262 2904 858738
172200 2780 862785 2907 859215
172300 2780 863360 2908 859640
172400 2784 863744 2909 860256
172500 2784 864337 2909 860663
172600 2784 864833 2910 861167
172700 2789 865251 2912 861749
172800 2789 865843 2912 862157
172900 2791 866457 2914 862543
173000 2793 866886 2917 863114
173100 2794 867374 2918 863626
173200 2794 867809 2918 864191
173300 2795 868149 2920 864851
173400 2796 868769 2921 865231
173500 2796 869143 2921 865857
173600 2798 869652 2922 866348
173700 2798 870159 2922 866841
173800 2799 870566 2924 867434
173900 2800 871054 2925 867946
174000 2801 871512 2926 868488
174100 2803 872093 2932 868907
174200 2804 872575 2935 869425
174300 2805 873071 2938 869929
174400 2808 873768 2941 870232
174500 2809 874329 2942 870671
174600 2812 874942 2944 871058
174700 2813 875438 2944 871562
174800 2817 875690 2948 872310
174900 2817 876068 2949 872932
175000 2817 876629 2949 873371
175100 2819 877087 2951 873913
175200 2822 877505 2955 874495
175300 2824 878106 2955 874894
175400 2825 878699 2955 875301
175500 2826 879263 2955 875737
175600 2827 879870 2955 876130
175700 2827 880363 2956 876637
175800 2828 880880 2957 877120
175900 2828 881304 2959 877696
176000 2829 881801 2960 878199
176100 2829 882088 2961 878912
176200 2832 882430 2963 879570
176300 2833 882936 2965 880064
176400 2833 883432 2966 880568
176500 2834 883928 2967 881072
176600 2835 884583 2967 881417
176700 2836 885225 2967 881775
176800 2836 885717 2967 882283
176900 2839 886235 2969 882765
177000 2839 886690 2970 883310
177100 2840 887146 2972 883854
177200 2841 887610 2975 884390
177300 2842 888108 2976 884892
177400 2842 888725 2978 885275
177500 2844 889425 2978 885575
177600 2846 889890 2979 886110
177700 2846 890403 2979 886597
177800 2846 890877 2981 887123
177900 2846 891571 2982 887429
178000 2847 892077 2983 887923
178100 2847 892543 2985 888457
178200 2851 893059 2985 888941
178300 2853 893552 2985 889448
178400 2854 894041 2986 889959
178500 2854 894630 2987 890370
178600 2854 895244 2988 890756
178700 2855 895702 2988 891298
178800 2856 896102 2989 891898
178900 2857 896598 2990 892402
179000 2858 897332 2990 892668
179100 2861 898049 2991 892951
179200 2861 898509 2995 893491
179300 2863 898876 2996 894124
179400 2863 899285 2996 894715
179500 2864 899831 2996 895169
179600 2866 900384 2999 895616
179700 2867 900735 3001 896265
179800 2869 901267 3004 896733
179900 2870 901787 3004 897213
180000 2871 902310 3006 897690
180100 2874 902805 3007 898195
180200 2878 903212 3010 898788
180300 2878 903721 3012 899279
180400 2879 904200 3013 899800
180500 2882 904695 3013 900305
180600 2884 905103 3016 900897
180700 2886 905586 3016 901414
180800 2889 905963 3017 902037
180900 2889 906425 3020 902575
181000 2889 906857 3020 903143
181100 2890 907582 3021 903418
181200 2890 908018 3023 903982
181300 2890 908498 3023 904502
181400 2890 909130 3024 904870
181500 2890 909598 3024 905402
181600 2894 909976 3024 906024
181700 2894 910443 3028 906557
181800 2897 910931 3029 907069
181900 2899 911352 3030 907648
182000 2900 911808 3032 908192
182100 2904 912254 3033 908746
182200 2905 912743 3034 909257
182300 2905 913261 3035 909739
182400 2906 913746 3035 910254
182500 2908 914268 3037 910732
182600 2910 914684 3039 911316
182700 2911 915122 3040 911878
182800 2912 915597 3042 912403
182900 2912 916095 3045 912905
183000 2914 916505 3047 913495
183100 2915 916999 3049 914001
183200 2916 917351 3050 914649
183300 2917 917877 3051 915123
183400 2918 918440 3051 915560
183500 2918 919030 3051 915970
183600 2918 919484 3051 916516
183700 2919 920031 3052 916969
183800 2921 920557 3053 917443
183900 2924 921089 3053 917911
184000 2925 921638 3055 918362
184100 2925 921995 3056 919005
184200 2929 922491 3056 919509
184300 2932 923096 3057 919904
184400 2933 923539 3058 920461
184500 2933 923956 3059 921044
184600 2933 924394 3061 921606
184700 2933 924994 3064 922006
184800 2933 925503 3064 922497
184900 2934 926056 3066 922944
185000 2935 926437 3066 923563
185100 2935 926722 3069 924278
185200 2937 927241 3070 924759
185300 2939 927596 3071 925404
185400 2940 928310 3072 925690
185500 2941 928985 3073 926015
185600 2942 929452 3076 926548
185700 2944 929976 3076 927024
185800 2944 930269 3077 927731
185900 2947 930514 3079 928486
186000 2948 930821 3079 929179
186100 2948 931130 3080 929870
186200 2948 931670 3081 930330
186300 2949 932145 3081 930855
186400 2949 932543 3083 931457
186500 2950 933211 3085 931789
186600 2952 933622 3085 932378
186700 2953 934162 3085 932838
186800 2953 934594 3085 933406
186900 2954 935261 3086 933739
187000 2955 935759 3087 934241
187100 2958 936241 3087 934759
187200 2958 936710 3087 935290
187300 2960 937207 3087 935793
187400 2962 937692 3088 936308
187500 2963 938169 3089 936831
187600 2964 938659 3090 937341
187700 2965 939190 3091 937810
187800 2967 939647 3091 938353
187900 2967 940187 3093 938813
188000 2968 940661 3094 939339
188100 2969 941166 3094 939834
188200 2970 941636 3097 940364
188300 2973 942174 3097 940826
188400 2975 942697 3098 941303
188500 2977 943316 3099 941684
188600 2977 943812 3101 942188
188700 2978 944321 3103 942679
188800 2978 944645 3103 943355
188900 2981 945150 3103 943850
189000 2985 945657 3105 944343
189100 2986 946127 3105 944873
189200 2987 946606 3108 945394
189300 2990 946988 3111 946012
189400 2990 947501 3111 946499
189500 2991 948125 3111 946875
189600 2991 948659 3111 947341
189700 2991 949170 3111 947830
189800 2992 949643 3112 948357
189900 2993 950242 3113 948758
190000 2994 950742 3114 949258
190100 2995 951205 3115 949795
190200 2997 951875 3115 950125
190300 3000 952565 3118 950435
190400 3000 953075 3118 950925
190500 3000 953618 3118 951382
190600 3000 954088 3120 951912
190700 3001 954811 3121 952189
190800 3003 955351 3122 952649
190900 3006 955807 3124 953193
191000 3006 956304 3124 953696
191100 3007 956814 3125 954186
191200 3009 957417 3125 954583
191300 3011 957960 3130 955040
191400 3015 958481 3133 955519
191500 3016 958922 3135 956078
191600 3017 959564 3136 956436
191700 3017 960111 3136 956889
191800 3017 960571 3139 957429
191900 3019 961099 3139 957901
192000 3020 961560 3140 958440
192100 3021 962032 3141 958968
192200 3022 962529 3141 959471
192300 3023 962959 3142 960041
192400 3026 963543 3144 960457
192500 3028 964040 3146 960960
192600 3029 964342 3146 961658
192700 3030 964762 3146 962238
192800 3032 965362 3147 962638
192900 3032 965719 3148 963281
193000 3032 966051 3149 963949
193100 3032 966482 3149 964518
193200 3032 967098 3151 964902
193300 3032 967572 3151 965428
193400 3033 968096 3152 965904
193500 3033 968590 3152 966410
193600 3034 969070 3154 966930
193700 3036 969508 3155 967492
193800 3038 970104 3157 967896
193900 3040 970599 3158 968401
194000 3041 971125 3159 968875
194100 3041 971582 3159 969418
194200 3044 971982 3160 970018
194300 3044 972422 3161 970578
194400 3044 972928 3162 971072
194500 3044 973420 3162 971580
194600 3046 973912 3164 972088
194700 3047 974345 3167 972655
194800 3047 974918 3167 973082
194900 3047 975402 3167 973598
195000 3048 976022 3167 973978
195100 3050 976616 3167 974384
195200 3052 976976 3167 975024
195300 3053 977431 3169 975569
195400 3053 977740 3170 976260
195500 3054 978053 3170 976947
195600 3055 978630 3170 977370
195700 3057 978890 3170 978110
195800 3059 979348 3172 978652
195900 3060 980036 3174 978964
196000 3060 980542 3175 979458
196100 3060 980990 3178 980010
196200 3060 981555 3178 980445
196300 3060 982084 3179 980916
196400 3061 982625 3180 981375
196500 3061 983098 3180 981902
196600 3065 983620 3181 982380
196700 3065 983957 3181 983043
196800 3067 984530 3182 983470
196900 3068 985219 3183 983781
197000 3069 985674 3183 984326
197100 3073 986063 3183 984937
197200 3073 986612 3185 985388
197300 3075 986992 3185 986008
197400 3076 987318 3186 986682
197500 3077 987812 3187 987188
197600 3077 988345 3187 987655
197700 3078 988719 3187 988281
197800 3079 989161 3188 988839
197900 3079 989488 3190 989512
198000 3080 990113 3190 989887
198100 3081 990737 3190 990263
198200 3085 991222 3195 990778
198300 3086 991747 3197 991253
198400 3086 992312 3197 991688
198500 3088 992663 3197 992337
198600 3088 993072 3198 992928
198700 3088 993592 3202 993408
198800 3089 994212 3204 993788
198900 3090 994691 3206 994309
199000 3090 995225 3207 994775
199100 3090 995700 3207 995300
199200 3091 996246 3208 995754
199300 3091 996632 3210 996368
199400 3091 997049 3211 996951
199500 3095 997572 3213 997428
199600 3095 998023 3213 997977
199700 3096 998561 3213 998439
199800 3096 999081 3214 998919
199900 3097 999560 3216 999440
200000 3100 1000176 3216 999824
