#! FIELDS timestep dup_succ dup_attempts kill_succ kill_attempts
#! SET timestep 0.5
#! SET kernel_bandwidth [0.85 0.85]
#! SET kt 1.0
100 69 130 71 870
200 144 336 164 1664
300 230 615 266 2385
400 311 982 344 3018
500 360 1437 406 3563
600 405 1802 448 4198
700 441 2023 497 4977
800 488 2251 558 5749
900 546 2519 609 6481
1000 595 2831 654 7169
1100 628 3192 688 7808
1200 663 3582 729 8418
1300 681 4005 748 8995
1400 702 4453 768 9547
1500 711 4919 775 10081
1600 721 5399 786 10601
1700 723 5903 789 11097
1800 725 6230 793 11770
1900 725 6543 798 12457
2000 730 7077 800 12923
2100 735 7447 802 13553
2200 737 7973 805 14027
2300 740 8418 809 14582
2400 741 8943 810 15057
2500 742 9429 811 15571
2600 742 9864 813 16136
2700 743 10339 815 16661
2800 750 10741 816 17259
2900 755 11384 817 17616
3000 758 11744 818 18256
3100 758 12226 824 18774
3200 760 12828 829 19172
3300 761 13381 833 19619
3400 766 13806 837 20194
3500 766 14259 837 20741
3600 767 14749 838 21251
3700 769 15295 839 21705
3800 770 15735 840 22265
3900 772 16295 846 22705
4000 773 16859 848 23141
4100 776 17373 850 23627
4200 779 17895 851 24105
4300 779 18537 853 24463
4400 780 19048 855 24952
4500 782 19590 856 25410
4600 783 20191 859 25809
4700 783 20734 859 26266
4800 786 21387 861 26613
4900 786 21827 863 27173
5000 787 22209 864 27791
5100 788 22636 866 28364
5200 789 22992 866 29008
5300 792 23518 872 29482
5400 795 24022 873 29978
5500 796 24409 875 30591
5600 801 24786 876 31214
5700 802 25304 876 31696
5800 805 25804 877 32196
5900 805 26304 877 32696
6000 807 26736 880 33264
6100 809 27154 881 33846
6200 811 27685 881 34315
6300 811 28296 881 34704
6400 812 28766 884 35234
6500 812 29247 888 35753
6600 812 29759 888 36241
6700 814 30244 890 36756
6800 818 30791 893 37209
6900 818 31287 896 37713
7000 822 31775 897 38225
7100 823 32308 900 38692
7200 823 32863 900 39137
7300 827 33306 903 39694
7400 828 33810 903 40190
7500 830 34319 905 40681
7600 830 34893 908 41107
7700 832 35388 910 41612
7800 832 35833 914 42167
7900 838 36344 916 42656
8000 839 36798 917 43202
8100 842 37274 918 43726
8200 842 37733 920 44267
8300 844 38263 924 44737
8400 845 38813 925 45187
8500 846 39277 927 45723
8600 847 39800 927 46200
8700 847 40281 929 46719
8800 851 40715 929 47285
8900 855 41172 929 47828
9000 857 41625 930 48375
9100 859 42126 931 48874
9200 860 42615 931 49385
9300 864 43327 931 49673
9400 867 43817 933 50183
9500 869 44287 934 50713
9600 870 44771 936 51229
9700 871 45252 939 51748
9800 872 45722 940 52278
9900 873 46337 940 52663
10000 874 46852 940 53148
10100 875 47341 941 53659
10200 878 47855 942 54145
10300 879 48191 943 54809
10400 880 48729 945 55271
10500 880 49269 945 55731
10600 881 49729 948 56271
10700 881 50190 948 56810
10800 881 50869 950 57131
10900 883 51369 952 57631
11000 884 51889 953 58111
11100 885 52414 954 58586
11200 885 52896 956 59104
11300 887 53289 956 59711
11400 887 53848 957 60152
11500 887 54442 958 60558
11600 889 54851 959 61149
11700 892 55390 961 61610
11800 892 55986 961 62014
11900 893 56388 962 62612
12000 893 56835 963 63165
12100 893 57247 964 63753
12200 893 57774 965 64226
12300 897 58252 966 64748
12400 897 58818 969 65182
12500 898 59341 971 65659
12600 899 59940 971 66060
12700 899 60313 971 66687
12800 901 60695 973 67305
12900 902 61194 973 67806
13000 903 61644 974 68356
13100 906 62319 976 68681
13200 907 62977 977 69023
13300 908 63636 982 69364
13400 908 64097 987 69903
13500 912 64479 987 70521
13600 912 64966 989 71034
13700 913 65519 991 71481
13800 915 66161 993 71839
13900 916 66809 994 72191
14000 918 67334 997 72666
14100 921 67668 998 73332
14200 921 68001 999 73999
14300 923 68498 1002 74502
14400 926 69055 1007 74945
14500 928 69549 1011 75451
14600 929 70051 1014 75949
14700 931 70548 1014 76452
14800 932 71069 1015 76931
14900 933 71504 1019 77496
15000 933 71919 1021 78081
15100 934 72374 1024 78626
15200 936 72889 1025 79111
15300 936 73427 1025 79573
15400 937 74026 1026 79974
15500 939 74594 1027 80406
15600 940 75135 1030 80865
15700 944 75708 1030 81292
15800 947 76351 1032 81649
15900 948 76862 1033 82138
16000 948 77210 1036 82790
16100 951 77671 1042 83329
16200 953 77946 1045 84054
16300 954 78543 1048 84457
16400 958 78805 1051 85195
16500 960 79459 1052 85541
16600 963 79954 1055 86046
16700 968 80448 1058 86552
16800 969 80912 1059 87088
16900 969 81557 1059 87443
17000 973 82077 1061 87923
17100 976 82527 1065 88473
17200 977 83045 1065 88955
17300 979 83463 1066 89537
17400 981 83988 1066 90012
17500 983 84661 1069 90339
17600 984 85147 1073 90853
17700 987 85781 1074 91219
17800 990 86157 1074 91843
17900 990 86641 1076 92359
18000 992 87106 1077 92894
18100 993 87520 1080 93480
18200 993 87923 1085 94077
18300 994 88460 1090 94540
18400 997 89048 1093 94952
18500 999 89468 1094 95532
18600 1004 90041 1096 95959
18700 1005 90541 1098 96459
18800 1009 91241 1099 96759
18900 1015 91719 1100 97281
19000 1017 92349 1103 97651
19100 1018 92857 1106 98143
19200 1018 93416 1107 98584
19300 1020 93920 1108 99080
19400 1023 94414 1109 99586
19500 1029 94977 1114 100023
19600 1030 95466 1114 100534
19700 1031 95919 1114 101081
19800 1032 96375 1115 101625
19900 1032 96879 1119 102121
20000 1034 97301 1120 102699
20100 1034 97741 1120 103259
20200 1036 98165 1121 103835
20300 1039 98779 1126 104221
20400 1042 99266 1129 104734
20500 1044 99768 1132 105232
20600 1048 100272 1135 105728
20700 1050 100803 1138 106197
20800 1051 101327 1140 106673
20900 1053 101726 1146 107274
21000 1053 102046 1148 107954
21100 1058 102380 1150 108620
21200 1061 102853 1156 109147
21300 1061 103320 1156 109680
21400 1064 103860 1159 110140
21500 1067 104264 1160 110736
21600 1068 104690 1163 111310
21700 1069 105185 1166 111815
21800 1072 105580 1168 112420
21900 1076 106093 1170 112907
22000 1078 106655 1172 113345
22100 1078 107200 1173 113800
22200 1079 107705 1175 114295
22300 1080 108209 1175 114791
22400 1081 108697 1175 115303
22500 1082 109173 1175 115827
22600 1085 109514 1180 116486
22700 1088 109834 1180 117166
22800 1091 110355 1183 117645
22900 1091 110906 1185 118094
23000 1091 111345 1185 118655
23100 1093 111819 1186 119181
23200 1097 112257 1188 119743
23300 1099 112742 1191 120258
23400 1102 113348 1192 120652
23500 1103 113855 1193 121145
23600 1105 114214 1193 121786
23700 1110 114532 1195 122468
23800 1113 115040 1198 122960
23900 1116 115488 1202 123512
24000 1118 115881 1203 124119
24100 1121 116574 1207 124426
24200 1121 117018 1207 124982
24300 1121 117576 1208 125424
24400 1122 118095 1209 125905
24500 1126 118602 1211 126398
24600 1127 119101 1214 126899
24700 1127 119652 1215 127348
24800 1128 119958 1217 128042
24900 1128 120443 1220 128557
25000 1129 120948 1221 129052
25100 1129 121411 1222 129589
25200 1130 121999 1222 130001
25300 1131 122550 1226 130450
25400 1131 123077 1227 130923
25500 1132 123506 1230 131494
25600 1134 123945 1233 132055
25700 1135 124321 1233 132679
25800 1135 124679 1235 133321
25900 1136 125112 1238 133888
26000 1142 125642 1241 134358
26100 1142 126134 1242 134866
26200 1142 126635 1243 135365
26300 1145 127060 1248 135940
26400 1147 127483 1248 136517
26500 1149 128007 1248 136993
26600 1149 128473 1249 137527
26700 1149 128939 1251 138061
26800 1150 129497 1251 138503
26900 1152 130025 1252 138975
27000 1154 130573 1253 139427
27100 1157 131061 1256 139939
27200 1158 131746 1257 140254
27300 1159 132167 1257 140833
27400 1159 132805 1258 141195
27500 1162 133336 1260 141664
27600 1163 133852 1260 142148
27700 1164 134359 1262 142641
27800 1165 134858 1262 143142
27900 1167 135319 1263 143681
28000 1172 135742 1269 144258
28100 1173 136024 1271 144976
28200 1176 136498 1273 145502
28300 1183 136957 1276 146043
28400 1183 137454 1276 146546
28500 1183 137989 1276 147011
28600 1183 138584 1279 147416
28700 1184 139255 1279 147745
28800 1186 139891 1281 148109
28900 1187 140369 1282 148631
29000 1188 140830 1283 149170
29100 1189 141424 1283 149576
29200 1193 141854 1284 150146
29300 1195 142397 1287 150603
29400 1196 142925 1289 151075
29500 1197 143545 1290 151455
29600 1198 144051 1291 151949
29700 1202 144481 1293 152519
29800 1202 144908 1294 153092
29900 1206 145456 1297 153544
30000 1209 146160 1298 153840
30100 1213 146702 1299 154298
30200 1218 147424 1302 154576
30300 1219 147869 1305 155131
30400 1219 148401 1308 155599
30500 1219 148757 1309 156243
30600 1220 149296 1312 156704
30700 1221 149795 1313 157205
30800 1225 150318 1313 157682
30900 1226 150885 1314 158115
31000 1229 151239 1315 158761
31100 1230 151717 1316 159283
31200 1231 152208 1317 159792
31300 1234 152709 1320 160291
31400 1236 153158 1320 160842
31500 1237 153648 1320 161352
31600 1237 154107 1321 161893
31700 1240 154552 1323 162448
31800 1241 155133 1326 162867
31900 1242 155667 1327 163333
32000 1244 156227 1330 163773
32100 1244 156744 1330 164256
32200 1244 157251 1331 164749
32300 1248 157803 1332 165197
32400 1252 158168 1333 165832
32500 1254 158486 1333 166514
32600 1256 159005 1334 166995
32700 1258 159561 1334 167439
32800 1260 160033 1336 167967
32900 1262 160657 1337 168343
33000 1263 161125 1337 168875
33100 1265 161633 1339 169367
33200 1267 162111 1340 169889
33300 1268 162554 1342 170446
33400 1269 163140 1343 170860
33500 1271 163759 1345 171241
33600 1274 164405 1348 171595
33700 1277 164845 1350 172155
33800 1278 165326 1350 172674
33900 1278 165827 1353 173173
34000 1281 166319 1353 173681
34100 1282 166780 1355 174220
34200 1286 167257 1356 174743
34300 1287 167716 1357 175284
34400 1288 168325 1357 175675
34500 1291 168847 1359 176153
34600 1293 169342 1362 176658
34700 1293 169845 1363 177155
34800 1293 170420 1364 177580
34900 1294 170924 1367 178076
35000 1298 171477 1367 178523
35100 1301 172076 1370 178924
35200 1302 172572 1370 179428
35300 1304 173008 1370 179992
35400 1305 173634 1371 180366
35500 1306 174068 1372 180932
35600 1307 174560 1373 181440
35700 1311 175090 1375 181910
35800 1311 175594 1379 182406
35900 1314 176098 1383 182902
36000 1315 176535 1388 183465
36100 1315 176928 1392 184072
36200 1317 177249 1397 184751
36300 1319 177616 1398 185384
36400 1322 178083 1401 185917
36500 1324 178575 1402 186425
36600 1327 179099 1406 186901
36700 1328 179653 1407 187347
36800 1329 180152 1408 187848
36900 1329 180669 1412 188331
37000 1330 181177 1415 188823
37100 1331 181698 1417 189302
37200 1333 182032 1420 189968
37300 1334 182621 1421 190379
37400 1335 183260 1421 190740
37500 1336 183711 1421 191289
37600 1341 184223 1425 191777
37700 1342 184654 1426 192346
37800 1342 185124 1427 192876
37900 1342 185559 1429 193441
38000 1343 185929 1432 194071
38100 1345 186471 1433 194529
38200 1345 186926 1437 195074
38300 1347 187565 1439 195435
38400 1348 188130 1445 195870
38500 1352 188651 1448 196349
38600 1353 188928 1448 197072
38700 1355 189448 1450 197552
38800 1356 189991 1451 198009
38900 1357 190443 1451 198557
39000 1358 190940 1454 199060
39100 1360 191487 1459 199513
39200 1361 191961 1459 200039
39300 1362 192444 1460 200556
39400 1365 192905 1461 201095
39500 1365 193326 1465 201674
39600 1365 193832 1465 202168
39700 1365 194361 1467 202639
39800 1368 194824 1467 203176
39900 1369 195448 1468 203552
40000 1369 195997 1470 204003
40100 1370 196469 1472 204531
40200 1371 196870 1473 205130
40300 1371 197505 1474 205495
40400 1371 198012 1474 205988
40500 1372 198565 1475 206435
40600 1373 199089 1479 206911
40700 1375 199529 1482 207471
40800 1376 200065 1482 207935
40900 1380 200629 1484 208371
41000 1380 201144 1485 208856
41100 1381 201685 1487 209315
41200 1381 202287 1488 209713
41300 1383 202777 1488 210223
41400 1384 203463 1489 210537
41500 1388 204026 1495 210974
41600 1390 204339 1497 211661
41700 1392 204849 1498 212151
41800 1394 205261 1498 212739
41900 1394 205902 1499 213098
42000 1394 206516 1500 213484
42100 1395 206861 1501 214139
42200 1397 207278 1503 214722
42300 1399 207920 1504 215080
42400 1399 208468 1504 215532
42500 1400 208949 1508 216051
42600 1401 209489 1508 216511
42700 1405 209969 1509 217031
42800 1408 210464 1511 217536
42900 1409 211063 1511 217937
43000 1411 211557 1513 218443
43100 1412 212101 1513 218899
43200 1413 212462 1514 219538
43300 1414 212954 1517 220046
43400 1419 213382 1519 220618
43500 1420 213896 1521 221104
43600 1423 214330 1525 221670
43700 1424 214883 1529 222117
43800 1426 215354 1531 222646
43900 1429 215853 1533 223147
44000 1430 216240 1533 223760
44100 1436 216754 1535 224246
44200 1436 217283 1538 224717
44300 1438 217783 1540 225217
44400 1441 218317 1541 225683
44500 1443 218671 1542 226329
44600 1446 219123 1543 226877
44700 1447 219689 1545 227311
44800 1448 220188 1548 227812
44900 1448 220667 1548 228333
45000 1449 221098 1551 228902
45100 1449 221630 1552 229370
45200 1451 222126 1559 229874
45300 1454 222641 1562 230359
45400 1455 223045 1563 230955
45500 1460 223463 1566 231537
45600 1462 223770 1566 232230
45700 1465 224256 1568 232744
45800 1466 224744 1568 233256
45900 1471 225201 1568 233799
46000 1472 225666 1572 234334
46100 1473 226174 1574 234826
46200 1477 226676 1575 235324
46300 1478 227120 1575 235880
46400 1479 227635 1576 236365
46500 1481 228174 1578 236826
46600 1481 228769 1581 237231
46700 1483 229161 1583 237839
46800 1486 229607 1586 238393
46900 1487 230171 1589 238829
47000 1487 230682 1590 239318
47100 1490 231091 1593 239909
47200 1494 231401 1595 240599
47300 1496 231904 1595 241096
47400 1501 232407 1597 241593
47500 1501 232889 1597 242111
47600 1502 233443 1602 242557
47700 1506 233838 1605 243162
47800 1507 234367 1607 243633
47900 1510 234890 1610 244110
48000 1511 235350 1613 244650
48100 1513 235919 1615 245081
48200 1520 236385 1618 245615
48300 1520 236860 1620 246140
48400 1521 237289 1622 246711
48500 1522 237657 1624 247343
48600 1522 238158 1626 247842
48700 1525 238650 1626 248350
48800 1527 239010 1626 248990
48900 1528 239491 1627 249509
49000 1529 239996 1629 250004
49100 1530 240597 1630 250403
49200 1531 241150 1634 250850
49300 1533 241529 1635 251471
49400 1534 242110 1636 251890
49500 1538 242627 1637 252373
49600 1540 242992 1643 253008
49700 1540 243420 1646 253580
49800 1542 243767 1649 254233
49900 1542 244160 1650 254840
50000 1542 244674 1651 255326
50100 1543 245211 1652 255789
50200 1543 245757 1655 256243
50300 1543 246220 1656 256780
50400 1544 246678 1658 257322
50500 1546 247170 1660 257830
50600 1548 247664 1660 258336
50700 1549 248237 1662 258763
50800 1549 248837 1665 259163
50900 1550 249380 1665 259620
51000 1552 249970 1667 260030
51100 1553 250394 1669 260606
51200 1559 250929 1670 261071
51300 1561 251444 1673 261556
51400 1563 251926 1674 262074
51500 1563 252422 1676 262578
51600 1565 253011 1680 262989
51700 1566 253467 1681 263533
51800 1567 253977 1681 264023
51900 1568 254442 1686 264558
52000 1571 254953 1686 265047
52100 1574 255404 1690 265596
52200 1575 255850 1693 266150
52300 1576 256297 1695 266703
52400 1576 256761 1696 267239
52500 1578 257371 1696 267629
52600 1579 257921 1698 268079
52700 1580 258329 1699 268671
52800 1584 258823 1703 269177
52900 1588 259151 1706 269849
53000 1590 259549 1708 270451
53100 1592 260101 1709 270899
53200 1593 260633 1713 271367
53300 1595 261132 1714 271868
53400 1595 261649 1716 272351
53500 1597 262199 1720 272801
53600 1599 262636 1722 273364
53700 1599 263111 1722 273889
53800 1601 263599 1724 274401
53900 1601 264291 1725 274709
54000 1602 264724 1731 275276
54100 1602 265207 1731 275793
54200 1610 265769 1735 276231
54300 1612 266306 1736 276694
54400 1613 266847 1737 277153
54500 1615 267356 1740 277644
54600 1615 267791 1741 278209
54700 1618 268485 1744 278515
54800 1618 268873 1745 279127
54900 1618 269435 1745 279565
55000 1619 269965 1748 280035
55100 1621 270504 1749 280496
55200 1621 271085 1752 280915
55300 1623 271569 1753 281431
55400 1623 272234 1755 281766
55500 1626 272770 1757 282230
55600 1628 273297 1759 282703
55700 1628 273822 1761 283178
55800 1632 274402 1762 283598
55900 1633 274867 1765 284133
56000 1637 275332 1769 284668
56100 1637 275812 1770 285188
56200 1640 276220 1772 285780
56300 1641 276946 1772 286054
56400 1641 277460 1774 286540
56500 1647 277929 1775 287071
56600 1648 278445 1777 287555
56700 1649 279063 1777 287937
56800 1650 279614 1778 288386
56900 1652 280128 1780 288872
57000 1653 280507 1783 289493
57100 1654 280923 1783 290077
57200 1656 281282 1786 290718
57300 1658 281992 1788 291008
57400 1660 282659 1789 291341
57500 1662 283041 1795 291959
57600 1664 283537 1797 292463
57700 1664 284051 1799 292949
57800 1667 284499 1800 293501
57900 1669 285047 1800 293953
58000 1671 285593 1801 294407
58100 1676 286309 1802 294691
58200 1680 286991 1806 295009
58300 1681 287379 1809 295621
58400 1683 287859 1813 296141
58500 1684 288361 1815 296639
58600 1687 288888 1817 297112
58700 1691 289360 1818 297640
58800 1691 289936 1825 298064
58900 1695 290295 1830 298705
59000 1697 290728 1831 299272
59100 1697 291269 1832 299731
59200 1699 291770 1835 300230
59300 1706 292276 1838 300724
59400 1709 292596 1840 301404
59500 1709 293147 1840 301853
59600 1711 293640 1841 302360
59700 1717 294139 1843 302861
59800 1718 294712 1846 303288
59900 1721 295273 1848 303727
60000 1721 295897 1850 304103
60100 1722 296459 1850 304541
60200 1723 296923 1850 305077
60300 1726 297486 1852 305514
60400 1727 298072 1853 305928
60500 1727 298450 1854 306550
60600 1731 298974 1856 307026
60700 1731 299502 1858 307498
60800 1734 300075 1858 307925
60900 1738 300664 1862 308336
61000 1745 301209 1866 308791
61100 1746 301697 1869 309303
61200 1747 302184 1871 309816
61300 1748 302706 1871 310294
61400 1750 303180 1874 310820
61500 1751 303524 1876 311476
61600 1752 303959 1879 312041
61700 1754 304605 1881 312395
61800 1755 305138 1881 312862
61900 1756 305539 1884 313461
62000 1756 306016 1886 313984
62100 1756 306530 1892 314470
62200 1756 307030 1894 314970
62300 1758 307474 1896 315526
62400 1759 307961 1897 316039
62500 1760 308392 1899 316608
62600 1763 309033 1901 316967
62700 1768 309480 1902 317520
62800 1769 309985 1905 318015
62900 1772 310486 1906 318514
63000 1773 310993 1907 319007
63100 1773 311387 1907 319613
63200 1778 311793 1910 320207
63300 1778 312269 1911 320731
63400 1781 312716 1913 321284
63500 1784 313050 1916 321950
63600 1787 313440 1917 322560
63700 1790 313894 1917 323106
63800 1792 314340 1918 323660
63900 1792 314840 1919 324160
64000 1797 315355 1920 324645
64100 1798 315802 1921 325198
64200 1799 316395 1922 325605
64300 1799 317059 1923 325941
64400 1802 317649 1927 326351
64500 1803 318136 1929 326864
64600 1804 318555 1929 327445
64700 1808 319118 1932 327882
64800 1809 319668 1934 328332
64900 1810 320155 1936 328845
65000 1812 320704 1940 329296
65100 1814 321186 1941 329814
65200 1818 321760 1945 330240
65300 1819 322229 1946 330771
65400 1822 322652 1950 331348
65500 1823 323106 1952 331894
65600 1827 323550 1954 332450
65700 1830 323960 1954 333040
65800 1835 324445 1960 333555
65900 1838 324939 1965 334061
66000 1842 325473 1966 334527
66100 1844 325962 1968 335038
66200 1847 326490 1971 335510
66300 1847 326811 1974 336189
66400 1848 327224 1974 336776
66500 1854 327696 1980 337304
66600 1856 328189 1983 337811
66700 1858 328763 1984 338237
66800 1858 329171 1988 338829
66900 1860 329731 1991 339269
67000 1861 330240 1992 339760
67100 1861 330693 1992 340307
67200 1861 331185 1994 340815
67300 1862 331608 1994 341392
67400 1863 332116 1995 341884
67500 1865 332508 1996 342492
67600 1865 333036 1996 342964
67700 1865 333541 1997 343459
67800 1865 333972 1997 344028
67900 1867 334400 1998 344600
68000 1867 335093 1998 344907
68100 1869 335649 2001 345351
68200 1872 336220 2003 345780
68300 1872 336683 2008 346317
68400 1876 337164 2010 346836
68500 1880 337608 2011 347392
68600 1880 337989 2011 348011
68700 1881 338296 2012 348704
68800 1885 338772 2014 349228
68900 1888 339317 2014 349683
69000 1891 339818 2016 350182
69100 1892 340136 2017 350864
69200 1895 340573 2020 351427
69300 1897 341021 2020 351979
69400 1897 341526 2024 352474
69500 1901 342029 2028 352971
69600 1903 342448 2032 353552
69700 1904 342889 2034 354111
69800 1906 343546 2036 354454
69900 1908 344115 2039 354885
70000 1911 344645 2040 355355
70100 1912 345094 2040 355906
70200 1913 345558 2041 356442
70300 1913 345808 2042 357192
70400 1919 346252 2045 357748
70500 1920 346834 2045 358166
70600 1921 347359 2046 358641
70700 1925 347777 2048 359223
70800 1927 348282 2054 359718
70900 1929 348843 2054 360157
71000 1931 349425 2054 360575
71100 1933 349920 2058 361080
71200 1933 350399 2061 361601
71300 1936 351012 2062 361988
71400 1938 351543 2063 362457
71500 1942 352067 2067 362933
71600 1942 352587 2067 363413
71700 1942 353190 2067 363810
71800 1943 353701 2070 364299
71900 1944 354158 2071 364842
72000 1949 354519 2071 365481
72100 1949 354991 2071 366009
72200 1951 355436 2072 366564
72300 1952 356031 2074 366969
72400 1955 356493 2075 367507
72500 1957 356972 2077 368028
72600 1959 357601 2078 368399
72700 1963 358103 2079 368897
72800 1965 358628 2079 369372
72900 1968 359152 2082 369848
73000 1969 359573 2085 370427
73100 1972 360098 2085 370902
73200 1973 360527 2090 371473
73300 1974 361063 2092 371937
73400 1976 361573 2093 372427
73500 1979 362075 2093 372925
73600 1979 362531 2093 373469
73700 1979 363055 2094 373945
73800 1979 363515 2095 374485
73900 1979 363986 2097 375014
74000 1980 364422 2098 375578
74100 1981 365003 2098 375997
74200 1981 365461 2098 376539
74300 1984 365949 2101 377051
74400 1986 366418 2104 377582
74500 1989 366765 2107 378235
74600 1993 367332 2111 378668
74700 1995 367827 2112 379173
74800 1995 368285 2114 379715
74900 1998 368795 2115 380205
75000 1999 369392 2115 380608
75100 2001 369907 2118 381093
75200 2003 370359 2120 381641
75300 2003 370783 2120 382217
75400 2003 371254 2122 382746
75500 2003 371703 2126 383297
75600 2006 372166 2130 383834
75700 2010 372671 2131 384329
75800 2013 373190 2132 384810
75900 2015 373631 2134 385369
76000 2019 374181 2139 385819
76100 2020 374649 2139 386351
76200 2021 375312 2142 386688
76300 2022 375771 2142 387229
76400 2024 376194 2145 387806
76500 2027 376757 2149 388243
76600 2029 377238 2152 388762
76700 2031 377760 2153 389240
76800 2032 378182 2153 389818
76900 2033 378720 2154 390280
77000 2037 379306 2156 390694
77100 2038 379925 2157 391075
77200 2040 380328 2161 391672
77300 2044 380942 2161 392058
77400 2046 381433 2164 392567
77500 2047 381957 2164 393043
77600 2049 382448 2166 393552
77700 2050 383001 2169 393999
77800 2051 383634 2171 394366
77900 2051 384102 2174 394898
78000 2053 384520 2174 395480
78100 2058 385023 2175 395977
78200 2059 385551 2178 396449
78300 2062 386048 2179 396952
78400 2064 386324 2182 397676
78500 2066 386769 2183 398231
78600 2070 387202 2184 398798
78700 2072 387750 2184 399250
78800 2076 388212 2186 399788
78900 2078 388468 2188 400532
79000 2082 388953 2190 401047
79100 2082 389255 2191 401745
79200 2085 389737 2192 402263
79300 2091 390242 2196 402758
79400 2093 390693 2198 403307
79500 2093 391232 2198 403768
79600 2096 391784 2202 404216
79700 2097 392339 2204 404661
79800 2098 392753 2206 405247
79900 2100 393157 2208 405843
80000 2102 393640 2210 406360
80100 2103 394070 2211 406930
80200 2105 394635 2214 407365
80300 2106 395237 2216 407763
80400 2106 395889 2220 408111
80500 2110 396331 2222 408669
80600 2112 396949 2223 409051
80700 2113 397548 2225 409452
80800 2114 398009 2228 409991
80900 2116 398648 2231 410352
81000 2119 399170 2232 410830
81100 2126 399621 2233 411379
81200 2129 400277 2233 411723
81300 2134 400752 2235 412248
81400 2134 401158 2236 412842
81500 2135 401700 2236 413300
81600 2139 402246 2239 413754
81700 2139 402751 2243 414249
81800 2141 403236 2244 414764
81900 2141 403804 2246 415196
82000 2143 404378 2249 415622
82100 2146 404868 2252 416132
82200 2147 405303 2254 416697
82300 2150 405832 2256 417168
82400 2152 406401 2257 417599
82500 2154 406838 2257 418162
82600 2154 407343 2260 418657
82700 2158 407939 2263 419061
82800 2160 408310 2265 419690
82900 2161 408823 2266 420177
83000 2167 409243 2273 420757
83100 2172 409611 2274 421389
83200 2174 410068 2278 421932
83300 2174 410479 2279 422521
83400 2176 410830 2285 423170
83500 2179 411302 2286 423698
83600 2183 411934 2287 424066
83700 2186 412239 2288 424761
83800 2187 412712 2294 425288
83900 2190 413177 2297 425823
84000 2191 413629 2297 426371
84100 2193 414160 2299 426840
84200 2196 414685 2302 427315
84300 2197 415197 2304 427803
84400 2200 415746 2307 428254
84500 2202 416298 2307 428702
84600 2206 416811 2310 429189
84700 2207 417382 2314 429618
84800 2207 417795 2314 430205
84900 2207 418293 2315 430707
85000 2207 418681 2317 431319
85100 2210 419194 2322 431806
85200 2212 419768 2324 432232
85300 2212 420164 2325 432836
85400 2212 420668 2328 433332
85500 2212 421234 2328 433766
85600 2212 421650 2329 434350
85700 2213 422318 2329 434682
85800 2216 422866 2331 435134
85900 2217 423448 2332 435552
86000 2222 423949 2337 436051
86100 2226 424575 2341 436425
86200 2226 425001 2347 436999
86300 2229 425283 2349 437717
86400 2229 425646 2350 438354
86500 2232 426132 2354 438868
86600 2238 426644 2356 439356
86700 2240 427190 2357 439810
86800 2242 427744 2357 440256
86900 2243 428243 2358 440757
87000 2246 428700 2359 441300
87100 2247 429174 2360 441826
87200 2247 429688 2360 442312
87300 2248 430190 2362 442810
87400 2250 430710 2363 443290
87500 2250 431102 2367 443898
87600 2253 431641 2369 444359
87700 2254 432210 2371 444790
87800 2255 432582 2372 445418
87900 2255 433016 2376 445984
88000 2256 433639 2378 446361
88100 2260 434174 2378 446826
88200 2262 434685 2380 447315
88300 2263 435175 2385 447825
88400 2266 435625 2387 448375
88500 2269 436076 2388 448924
88600 2273 436669 2389 449331
88700 2273 437239 2391 449761
88800 2275 437821 2392 450179
88900 2277 438475 2393 450525
89000 2281 438912 2395 451088
89100 2287 439401 2397 451599
89200 2290 439741 2399 452259
89300 2291 440231 2401 452769
89400 2293 440600 2404 453400
89500 2297 440929 2405 454071
89600 2298 441439 2409 454561
89700 2303 441868 2413 455132
89800 2305 442328 2415 455672
89900 2306 442743 2421 456257
90000 2307 443012 2425 456988
90100 2309 443496 2429 457504
90200 2319 443915 2432 458085
90300 2320 444325 2434 458675
90400 2321 444792 2435 459208
90500 2323 445302 2435 459698
90600 2324 445836 2438 460164
90700 2324 446376 2438 460624
90800 2327 446970 2439 461030
90900 2330 447524 2443 461476
91000 2334 448050 2445 461950
91100 2338 448479 2448 462521
91200 2338 448969 2451 463031
91300 2339 449469 2452 463531
91400 2340 449977 2453 464023
91500 2341 450480 2454 464520
91600 2344 450995 2459 465005
91700 2350 451482 2463 465518
91800 2351 452142 2467 465858
91900 2354 452650 2468 466350
92000 2354 453090 2470 466910
92100 2356 453569 2471 467431
92200 2357 454048 2471 467952
92300 2359 454538 2471 468462
92400 2360 454998 2473 469002
92500 2360 455442 2475 469558
92600 2361 455976 2476 470024
92700 2361 456520 2479 470480
92800 2362 456896 2479 471104
92900 2367 457415 2482 471585
93000 2368 457912 2484 472088
93100 2371 458434 2488 472566
93200 2372 458779 2488 473221
93300 2372 459241 2489 473759
93400 2374 459733 2490 474267
93500 2377 460234 2490 474766
93600 2378 460850 2491 475150
93700 2378 461384 2493 475616
93800 2380 461972 2496 476028
93900 2385 462668 2500 476332
94000 2393 463122 2503 476878
94100 2395 463671 2503 477329
94200 2397 464153 2505 477847
94300 2399 464600 2508 478400
94400 2400 464971 2509 479029
94500 2404 465491 2509 479509
94600 2406 465943 2511 480057
94700 2406 466426 2511 480574
94800 2408 467027 2516 480973
94900 2408 467348 2519 481652
95000 2409 467819 2520 482181
95100 2411 468359 2522 482641
95200 2412 468916 2524 483084
95300 2414 469452 2525 483548
95400 2416 469958 2528 484042
95500 2419 470509 2531 484491
95600 2421 471068 2532 484932
95700 2424 471507 2535 485493
95800 2425 472140 2537 485860
95900 2426 472771 2538 486229
96000 2427 473466 2540 486534
96100 2432 473976 2542 487024
96200 2433 474397 2544 487603
96300 2434 474915 2544 488085
96400 2434 475406 2545 488594
96500 2437 476090 2546 488910
96600 2439 476527 2547 489473
96700 2441 477182 2551 489818
96800 2442 477632 2552 490368
96900 2445 478296 2555 490704
97000 2445 478672 2555 491328
97100 2448 479195 2559 491805
97200 2448 479622 2560 492378
97300 2448 480045 2561 492955
97400 2449 480409 2561 493591
97500 2452 480943 2561 494057
97600 2458 481396 2563 494604
97700 2462 482076 2563 494924
97800 2464 482585 2564 495415
97900 2465 483137 2565 495863
98000 2467 483588 2568 496412
98100 2469 484107 2571 496893
98200 2469 484620 2572 497380
98300 2471 485225 2575 497775
98400 2471 485717 2578 498283
98500 2471 486178 2579 498822
98600 2473 486610 2580 499390
98700 2474 487072 2585 499928
98800 2475 487594 2587 500406
98900 2477 487941 2589 501059
99000 2479 488369 2590 501631
99100 2480 488763 2593 502237
99200 2483 489112 2595 502888
99300 2486 489592 2595 503408
99400 2491 490103 2598 503897
99500 2492 490597 2599 504403
99600 2494 491084 2599 504916
99700 2498 491482 2600 505518
99800 2500 491970 2601 506030
99900 2504 492465 2604 506535
100000 2504 492918 2605 507082
100100 2510 493354 2606 507646
100200 2513 493765 2608 508235
100300 2514 494351 2611 508649
100400 2516 494906 2612 509094
100500 2522 495425 2614 509575
100600 2523 495901 2614 510099
100700 2526 496441 2614 510559
100800 2526 496937 2614 511063
100900 2529 497631 2618 511369
101000 2533 498122 2620 511878
101100 2535 498511 2623 512489
101200 2541 499008 2624 512992
101300 2544 499637 2627 513363
101400 2544 499997 2628 514003
101500 2545 500516 2634 514484
101600 2549 501098 2637 514902
101700 2550 501589 2639 515411
101800 2550 502071 2641 515929
101900 2555 502630 2643 516370
102000 2561 503034 2643 516966
102100 2563 503503 2645 517497
102200 2564 504012 2648 517988
102300 2565 504567 2651 518433
102400 2568 504919 2654 519081
102500 2570 505353 2657 519647
102600 2571 505795 2657 520205
102700 2573 506200 2659 520800
102800 2573 506695 2659 521305
102900 2573 507272 2660 521728
103000 2576 507839 2662 522161
103100 2577 508290 2663 522710
103200 2577 508806 2665 523194
103300 2581 509343 2668 523657
103400 2583 510055 2668 523945
103500 2585 510691 2668 524309
103600 2589 511220 2671 524780
103700 2592 511745 2672 525255
103800 2595 512200 2674 525800
103900 2599 512702 2679 526298
104000 2600 513200 2679 526800
104100 2600 513574 2680 527426
104200 2601 514086 2682 527914
104300 2602 514660 2683 528340
104400 2602 515306 2685 528694
104500 2604 515629 2685 529371
104600 2605 516287 2686 529713
104700 2606 516606 2686 530394
104800 2607 517091 2687 530909
104900 2611 517608 2688 531392
105000 2614 518154 2690 531846
105100 2615 518653 2691 532347
105200 2617 519045 2691 532955
105300 2618 519681 2691 533319
105400 2618 520099 2692 533901
105500 2620 520425 2692 534575
105600 2622 520792 2694 535208
105700 2622 521287 2695 535713
105800 2623 521777 2697 536223
105900 2625 522276 2698 536724
106000 2626 522758 2701 537242
106100 2627 523303 2702 537697
106200 2630 523853 2702 538147
106300 2637 524306 2704 538694
106400 2638 524781 2705 539219
106500 2640 525291 2707 539709
106600 2641 525780 2708 540220
106700 2641 526259 2709 540741
106800 2644 526676 2709 541324
106900 2645 527165 2713 541835
107000 2645 527733 2716 542267
107100 2647 528146 2719 542854
107200 2648 528655 2719 543345
107300 2650 529094 2721 543906
107400 2651 529616 2722 544384
107500 2653 530145 2724 544855
107600 2653 530602 2727 545398
107700 2655 531102 2727 545898
107800 2657 531638 2727 546362
107900 2659 532147 2731 546853
108000 2659 532721 2731 547279
108100 2659 533167 2733 547833
108200 2661 533603 2734 548397
108300 2663 534080 2736 548920
108400 2664 534683 2736 549317
108500 2667 535204 2738 549796
108600 2667 535781 2738 550219
108700 2667 536264 2739 550736
108800 2668 536783 2739 551217
108900 2670 537448 2740 551552
109000 2675 537899 2741 552101
109100 2675 538371 2743 552629
109200 2677 538891 2745 553109
109300 2679 539505 2748 553495
109400 2681 540003 2751 553997
109500 2685 540404 2752 554596
109600 2685 540793 2755 555207
109700 2687 541162 2757 555838
109800 2687 541720 2757 556280
109900 2687 542069 2759 556931
110000 2688 542606 2763 557394
110100 2689 543082 2763 557918
110200 2692 543570 2771 558430
110300 2694 544002 2775 558998
110400 2695 544456 2779 559544
110500 2696 545090 2783 559910
110600 2700 545616 2787 560384
110700 2702 545994 2787 561006
110800 2703 546524 2787 561476
110900 2704 547037 2788 561963
111000 2705 547544 2788 562456
111100 2705 547961 2788 563039
111200 2705 548515 2788 563485
111300 2709 548826 2791 564174
111400 2714 549259 2791 564741
111500 2716 549819 2797 565181
111600 2721 550340 2798 565660
111700 2722 550883 2800 566117
111800 2722 551331 2801 566669
111900 2722 551884 2803 567116
112000 2723 552403 2804 567597
112100 2724 553073 2806 567927
112200 2726 553347 2807 568653
112300 2726 553743 2807 569257
112400 2729 554298 2809 569702
112500 2730 554797 2810 570203
112600 2730 555393 2813 570607
112700 2730 555905 2815 571095
112800 2732 556392 2820 571608
112900 2737 556896 2825 572104
113000 2740 557211 2827 572789
113100 2740 557680 2827 573320
113200 2741 558185 2827 573815
113300 2741 558757 2827 574243
113400 2743 559300 2828 574700
113500 2746 559682 2830 575318
113600 2749 560201 2831 575799
113700 2750 560892 2834 576108
113800 2751 561353 2835 576647
113900 2752 561872 2835 577128
114000 2753 562438 2835 577562
114100 2755 562917 2836 578083
114200 2757 563418 2837 578582
114300 2758 564001 2837 578999
114400 2759 564598 2839 579402
114500 2760 565049 2839 579951
114600 2762 565413 2840 580587
114700 2763 565954 2843 581046
114800 2763 566543 2844 581457
114900 2763 567008 2845 581992
115000 2766 567550 2848 582450
115100 2768 568135 2850 582865
115200 2769 568547 2853 583453
115300 2769 569051 2853 583949
115400 2772 569539 2857 584461
115500 2772 570074 2858 584926
115600 2772 570798 2862 585202
115700 2773 571266 2862 585734
115800 2774 571852 2864 586148
115900 2774 572255 2865 586745
116000 2777 572619 2871 587381
116100 2779 573056 2873 587944
116200 2781 573485 2876 588515
116300 2786 573999 2883 589001
116400 2789 574583 2890 589417
116500 2791 575057 2893 589943
116600 2793 575644 2895 590356
116700 2797 576161 2899 590839
116800 2797 576614 2899 591386
116900 2798 577025 2901 591975
117000 2800 577469 2903 592531
117100 2803 577947 2903 593053
117200 2805 578326 2904 593674
117300 2808 578779 2904 594221
117400 2810 579246 2905 594754
117500 2813 579723 2908 595277
117600 2817 580113 2913 595887
117700 2822 580604 2915 596396
117800 2822 581105 2917 596895
117900 2826 581592 2920 597408
118000 2830 582023 2922 597977
118100 2834 582593 2924 598407
118200 2835 582997 2925 599003
118300 2835 583611 2931 599389
118400 2835 584188 2933 599812
118500 2839 584715 2934 600285
118600 2842 585195 2934 600805
118700 2842 585631 2938 601369
118800 2844 586160 2940 601840
118900 2846 586629 2942 602371
119000 2846 587084 2945 602916
119100 2847 587530 2945 603470
119200 2849 588071 2945 603929
119300 2850 588476 2947 604524
119400 2850 588891 2948 605109
119500 2850 589460 2950 605540
119600 2852 590078 2952 605922
119700 2853 590483 2953 606517
119800 2855 591177 2955 606823
119900 2855 591576 2955 607424
120000 2859 592098 2957 607902
120100 2861 592646 2959 608354
120200 2862 593168 2960 608832
120300 2864 593661 2963 609339
120400 2866 594342 2964 609658
120500 2866 594982 2964 610018
120600 2867 595511 2964 610489
120700 2873 596034 2967 610966
120800 2875 596581 2973 611419
120900 2878 597064 2977 611936
121000 2884 597753 2979 612247
121100 2885 598265 2980 612735
121200 2886 598740 2980 613260
121300 2886 599445 2982 613555
121400 2886 599923 2983 614077
121500 2889 600516 2987 614484
121600 2890 600984 2988 615016
121700 2892 601437 2990 615563
121800 2894 602077 2993 615923
121900 2894 602562 2994 616438
122000 2896 603088 2998 616912
122100 2900 603652 3002 617348
122200 2905 604078 3002 617922
122300 2909 604550 3004 618450
122400 2911 605094 3004 618906
122500 2914 605660 3006 619340
122600 2916 606186 3010 619814
122700 2919 606624 3011 620376
122800 2921 607069 3011 620931
122900 2924 607481 3014 621519
123000 2926 607997 3014 622003
123100 2928 608661 3017 622339
123200 2932 609037 3017 622963
123300 2933 609511 3020 623489
123400 2934 610044 3022 623956
123500 2937 610536 3022 624464
123600 2938 611018 3025 624982
123700 2940 611506 3029 625494
123800 2943 611905 3030 626095
123900 2944 612318 3033 626682
124000 2944 612733 3034 627267
124100 2946 613234 3036 627766
124200 2948 613710 3038 628290
124300 2949 614151 3040 628849
124400 2954 614635 3042 629365
124500 2955 614962 3045 630038
124600 2960 615254 3047 630746
124700 2962 615839 3050 631161
124800 2962 616311 3052 631689
124900 2965 616710 3055 632290
125000 2968 617212 3057 632788
125100 2969 617732 3060 633268
125200 2971 618170 3063 633830
125300 2972 618741 3065 634259
125400 2976 619328 3066 634672
125500 2978 619812 3069 635188
125600 2979 620303 3069 635697
125700 2979 620779 3070 636221
125800 2980 621224 3073 636776
125900 2981 621785 3075 637215
126000 2984 622309 3077 637691
126100 2984 622807 3078 638193
126200 2986 623289 3079 638711
126300 2989 623756 3081 639244
126400 2992 624192 3082 639808
126500 2992 624717 3083 640283
126600 2995 625196 3086 640804
126700 2997 625654 3089 641346
126800 2998 626149 3092 641851
126900 2998 626560 3092 642440
127000 3003 627067 3093 642933
127100 3006 627417 3099 643583
127200 3006 627856 3099 644144
127300 3007 628297 3101 644703
127400 3009 628730 3103 645270
127500 3011 629251 3105 645749
127600 3012 629793 3107 646207
127700 3017 630306 3108 646694
127800 3017 630845 3111 647155
127900 3019 631363 3118 647637
128000 3022 631780 3122 648220
128100 3025 632311 3123 648689
128200 3029 632816 3127 649184
128300 3029 633284 3127 649716
128400 3030 633844 3128 650156
128500 3032 634247 3130 650753
128600 3034 634528 3131 651472
128700 3034 635129 3137 651871
128800 3035 635644 3137 652356
128900 3035 636250 3138 652750
129000 3036 636542 3139 653458
129100 3038 637021 3142 653979
129200 3039 637569 3144 654431
129300 3043 638019 3146 654981
129400 3049 638499 3147 655501
129500 3054 638998 3149 656002
129600 3056 639510 3153 656490
129700 3057 640023 3154 656977
129800 3057 640424 3156 657576
129900 3059 640842 3156 658158
130000 3063 641325 3163 658675
130100 3066 641634 3166 659366
130200 3066 642258 3167 659742
130300 3068 642721 3172 660279
130400 3071 643226 3174 660774
130500 3076 643893 3175 661107
130600 3077 644436 3175 661564
130700 3078 644941 3178 662059
130800 3082 645673 3178 662327
130900 3085 646202 3178 662798
131000 3090 646722 3178 663278
131100 3090 647200 3178 663800
131200 3096 647716 3180 664284
131300 3102 648231 3183 664769
131400 3103 648603 3184 665397
131500 3106 649212 3188 665788
131600 3106 649749 3189 666251
131700 3106 650146 3190 666854
131800 3108 650626 3193 667374
131900 3109 651211 3194 667789
132000 3112 651743 3195 668257
132100 3114 652173 3198 668827
132200 3117 652796 3200 669204
132300 3122 653312 3206 669688
132400 3126 653818 3207 670182
132500 3126 654250 3209 670750
132600 3127 654718 3212 671282
132700 3131 655163 3215 671837
132800 3133 655633 3220 672367
132900 3136 656226 3226 672774
133000 3140 656719 3226 673281
133100 3144 657290 3227 673710
133200 3144 657837 3227 674163
133300 3146 658357 3232 674643
133400 3148 658774 3235 675226
133500 3152 659093 3237 675907
133600 3154 659662 3240 676338
133700 3157 660164 3240 676836
133800 3159 660793 3242 677207
133900 3160 661534 3242 677466
134000 3163 662011 3249 677989
134100 3167 662392 3252 678608
134200 3167 663055 3252 678945
134300 3168 663510 3253 679490
134400 3169 664028 3254 679972
134500 3170 664423 3255 680577
134600 3172 664836 3256 681164
134700 3174 665205 3259 681795
134800 3175 665738 3261 682262
134900 3179 666205 3266 682795
135000 3181 666515 3273 683485
135100 3183 666969 3275 684031
135200 3186 667396 3277 684604
135300 3186 667857 3278 685143
135400 3186 668274 3280 685726
135500 3187 668807 3282 686193
135600 3189 669312 3286 686688
135700 3189 669746 3287 687254
135800 3189 670160 3290 687840
135900 3192 670639 3291 688361
136000 3194 671113 3292 688887
136100 3195 671550 3294 689450
136200 3199 672103 3294 689897
136300 3200 672373 3296 690627
136400 3200 672837 3296 691163
136500 3201 673390 3299 691610
136600 3201 673841 3302 692159
136700 3201 674316 3302 692684
136800 3202 674764 3303 693236
136900 3207 675393 3307 693607
137000 3209 675956 3308 694044
137100 3209 676403 3309 694597
137200 3210 676959 3312 695041
137300 3214 677389 3312 695611
137400 3216 677730 3314 696270
137500 3217 678223 3315 696777
137600 3218 678759 3317 697241
137700 3221 679287 3318 697713
137800 3221 679743 3320 698257
137900 3222 680218 3321 698782
138000 3223 680735 3321 699265
138100 3226 681446 3325 699554
138200 3228 681922 3326 700078
138300 3232 682375 3327 700625
138400 3233 682940 3328 701060
138500 3233 683565 3329 701435
138600 3235 684111 3329 701889
138700 3237 684657 3330 702343
138800 3239 685141 3333 702859
138900 3242 685544 3338 703456
139000 3243 686082 3340 703918
139100 3248 686605 3345 704395
139200 3248 686943 3348 705057
139300 3252 687328 3351 705672
139400 3252 687891 3352 706109
139500 3253 688268 3353 706732
139600 3255 688777 3354 707223
139700 3255 689372 3355 707628
139800 3257 689986 3360 708014
139900 3262 690528 3360 708472
140000 3264 691156 3360 708844
140100 3267 691784 3361 709216
140200 3272 692304 3365 709696
140300 3276 692828 3366 710172
140400 3278 693478 3367 710522
140500 3280 694036 3371 710964
140600 3281 694476 3372 711524
140700 3284 694951 3372 712049
140800 3287 695595 3372 712405
140900 3291 696177 3375 712823
141000 3291 696590 3377 713410
141100 3296 697070 3379 713930
141200 3298 697592 3381 714408
141300 3302 698036 3383 714964
141400 3305 698533 3386 715467
141500 3307 698909 3387 716091
141600 3308 699470 3389 716530
141700 3310 699982 3389 717018
141800 3311 700512 3390 717488
141900 3312 701043 3390 717957
142000 3316 701649 3392 718351
142100 3317 702122 3392 718878
142200 3318 702553 3393 719447
142300 3322 703069 3394 719931
142400 3325 703681 3396 720319
142500 3326 704319 3398 720681
142600 3329 704675 3399 721325
142700 3330 705225 3400 721775
142800 3334 705642 3400 722358
142900 3340 706047 3402 722953
143000 3343 706570 3403 723430
143100 3343 707108 3405 723892
143200 3345 707614 3407 724386
143300 3346 708223 3408 724777
143400 3350 708718 3409 725282
143500 3350 709133 3410 725867
143600 3350 709506 3413 726494
143700 3352 709923 3415 727077
143800 3353 710418 3416 727582
143900 3358 710953 3420 728047
144000 3361 711586 3421 728414
144100 3364 711986 3423 729014
144200 3365 712425 3423 729575
144300 3365 712890 3424 730110
144400 3366 713410 3424 730590
144500 3369 713919 3425 731081
144600 3370 714562 3425 731438
144700 3372 715216 3425 731784
144800 3373 715700 3426 732300
144900 3374 716221 3426 732779
145000 3375 716685 3427 733315
145100 3380 717132 3431 733868
145200 3384 717560 3432 734440
145300 3385 718033 3437 734967
145400 3385 718477 3437 735523
145500 3387 719028 3437 735972
145600 3387 719539 3437 736461
145700 3388 720149 3438 736851
145800 3392 720753 3442 737247
145900 3395 721191 3444 737809
146000 3396 721659 3445 738341
146100 3398 722193 3448 738807
146200 3398 722578 3449 739422
146300 3400 722977 3453 740023
146400 3400 723474 3454 740526
146500 3401 723989 3456 741011
146600 3402 724543 3457 741457
146700 3403 725015 3458 741985
146800 3405 725460 3460 742540
146900 3408 725933 3465 743067
147000 3408 726407 3465 743593
147100 3410 727068 3468 743932
147200 3411 727611 3468 744389
147300 3414 728165 3470 744835
147400 3418 728533 3470 745467
147500 3418 728997 3471 746003
147600 3419 729473 3472 746527
147700 3419 730057 3473 746943
147800 3423 730452 3475 747548
147900 3427 731018 3479 747982
148000 3430 731503 3482 748497
148100 3434 731879 3484 749121
148200 3436 732522 3485 749478
148300 3437 733118 3486 749882
148400 3437 733833 3490 750167
148500 3439 734309 3493 750691
148600 3440 734711 3495 751289
148700 3441 735081 3495 751919
148800 3442 735484 3498 752516
148900 3445 735951 3498 753049
149000 3445 736457 3501 753543
149100 3445 737124 3502 753876
149200 3447 737594 3505 754406
149300 3449 738090 3506 754910
149400 3451 738559 3512 755441
149500 3455 739005 3513 755995
149600 3457 739723 3516 756277
149700 3460 740321 3517 756679
149800 3462 740834 3520 757166
149900 3464 741322 3522 757678
150000 3466 741802 3524 758198
150100 3472 742315 3527 758685
150200 3474 742755 3530 759245
150300 3475 743192 3535 759808
150400 3475 743801 3539 760199
150500 3476 744263 3543 760737
150600 3476 744679 3544 761321
150700 3477 745078 3544 761922
150800 3477 745543 3546 762457
150900 3477 746033 3552 762967
151000 3480 746665 3553 763335
151100 3483 747215 3556 763785
151200 3484 747930 3559 764070
151300 3484 748381 3560 764619
151400 3485 748896 3561 765104
151500 3489 749323 3564 765677
151600 3489 749844 3567 766156
151700 3490 750293 3567 766707
151800 3494 750753 3567 767247
151900 3496 751302 3569 767698
152000 3497 751738 3570 768262
152100 3500 752237 3572 768763
152200 3502 752675 3578 769325
152300 3506 753165 3582 769835
152400 3506 753655 3583 770345
152500 3508 754129 3583 770871
152600 3510 754436 3587 771564
152700 3515 754730 3591 772270
152800 3517 755177 3591 772823
152900 3518 755650 3591 773350
153000 3520 756148 3592 773852
153100 3521 756489 3594 774511
153200 3524 756827 3598 775173
153300 3526 757334 3599 775666
153400 3528 757840 3599 776160
153500 3531 758323 3602 776677
153600 3534 758746 3602 777254
153700 3534 759280 3605 777720
153800 3535 759691 3606 778309
153900 3537 760307 3606 778693
154000 3537 760827 3610 779173
154100 3539 761375 3611 779625
154200 3542 761841 3613 780159
154300 3544 762211 3614 780789
154400 3544 762670 3614 781330
154500 3546 763144 3614 781856
154600 3548 763595 3614 782405
154700 3548 764111 3615 782889
154800 3549 764531 3618 783469
154900 3551 765077 3618 783923
155000 3553 765570 3621 784430
155100 3557 766035 3622 784965
155200 3558 766587 3623 785413
155300 3559 767070 3625 785930
155400 3561 767561 3628 786439
155500 3562 768050 3629 786950
155600 3562 768550 3630 787450
155700 3564 769061 3634 787939
155800 3568 769492 3640 788508
155900 3569 769952 3642 789048
156000 3569 770446 3642 789554
156100 3571 770869 3644 790131
156200 3572 771430 3645 790570
156300 3575 772121 3648 790879
156400 3577 772649 3651 791351
156500 3577 773201 3652 791799
156600 3577 773715 3654 792285
156700 3579 774197 3659 792803
156800 3583 774766 3661 793234
156900 3584 775219 3666 793781
157000 3585 775583 3671 794417
157100 3590 775852 3674 795148
157200 3593 776341 3676 795659
157300 3594 776680 3676 796320
157400 3596 777236 3679 796764
157500 3598 777916 3680 797084
157600 3599 778351 3681 797649
157700 3604 778886 3682 798114
157800 3607 779450 3685 798550
157900 3607 780001 3689 798999
158000 3608 780578 3691 799422
158100 3612 781155 3695 799845
158200 3613 781822 3698 800178
158300 3617 782408 3699 800592
158400 3620 782956 3700 801044
158500 3620 783441 3700 801559
158600 3621 784023 3702 801977
158700 3625 784537 3704 802463
158800 3625 784983 3705 803017
158900 3625 785523 3705 803477
159000 3626 786072 3705 803928
159100 3627 786690 3709 804310
159200 3627 787241 3709 804759
159300 3628 787808 3710 805192
159400 3629 788223 3711 805777
159500 3629 788667 3711 806333
159600 3629 789169 3713 806831
159700 3631 789490 3716 807510
159800 3634 790006 3719 807994
159900 3635 790327 3719 808673
160000 3635 790808 3720 809192
160100 3636 791289 3722 809711
160200 3638 791615 3722 810385
160300 3641 792067 3724 810933
160400 3642 792539 3726 811461
160500 3643 793006 3726 811994
160600 3647 793458 3727 812542
160700 3648 794018 3727 812982
160800 3649 794519 3727 813481
160900 3652 794916 3729 814084
161000 3652 795553 3732 814447
161100 3652 796079 3732 814921
161200 3653 796567 3732 815433
161300 3655 797169 3736 815831
161400 3656 797649 3738 816351
161500 3657 797992 3740 817008
161600 3661 798378 3745 817622
161700 3662 798885 3747 818115
161800 3663 799395 3748 818605
161900 3664 799856 3748 819144
162000 3666 800399 3749 819601
162100 3669 800809 3753 820191
162200 3669 801159 3754 820841
162300 3669 801704 3758 821296
162400 3672 802339 3758 821661
162500 3673 802821 3761 822179
162600 3673 803216 3764 822784
162700 3673 803769 3766 823231
162800 3679 804257 3767 823743
162900 3680 804706 3767 824294
163000 3683 805108 3772 824892
163100 3684 805623 3773 825377
163200 3684 806044 3774 825956
163300 3684 806348 3775 826652
163400 3685 806809 3779 827191
163500 3686 807245 3780 827755
163600 3688 807925 3780 828075
163700 3691 808428 3782 828572
163800 3691 808946 3785 829054
163900 3694 809484 3786 829516
164000 3695 809957 3789 830043
164100 3698 810361 3789 830639
164200 3702 810888 3793 831112
164300 3703 811402 3796 831598
164400 3708 811881 3797 832119
164500 3710 812318 3801 832682
164600 3713 812805 3805 833195
164700 3715 813275 3805 833725
164800 3720 813700 3810 834300
164900 3722 814056 3816 834944
165000 3723 814326 3816 835674
165100 3723 814721 3819 836279
165200 3724 815197 3821 836803
165300 3724 815759 3822 837241
165400 3725 816251 3824 837749
165500 3726 816790 3825 838210
165600 3727 817308 3825 838692
165700 3727 817626 3825 839374
165800 3729 818049 3825 839951
165900 3733 818485 3825 840515
166000 3736 818899 3826 841101
166100 3736 819455 3826 841545
166200 3740 820005 3830 841995
166300 3743 820725 3830 842275
166400 3747 821188 3831 842812
166500 3750 821757 3831 843243
166600 3754 822161 3834 843839
166700 3756 822526 3838 844474
166800 3762 823008 3839 844992
166900 3768 823512 3844 845488
167000 3771 824042 3845 845958
167100 3772 824464 3846 846536
167200 3775 824897 3847 847103
167300 3775 825367 3850 847633
167400 3778 825823 3855 848177
167500 3778 826343 3856 848657
167600 3780 826721 3857 849279
167700 3780 827202 3864 849798
167800 3780 827754 3865 850246
167900 3785 828256 3869 850744
168000 3788 828785 3872 851215
168100 3793 829447 3875 851553
168200 3794 829917 3876 852083
168300 3795 830329 3879 852671
168400 3798 830898 3883 853102
168500 3798 831539 3887 853461
168600 3804 832046 3890 853954
168700 3804 832690 3893 854310
168800 3806 833241 3894 854759
168900 3808 833779 3897 855221
169000 3809 834151 3899 855849
169100 3810 834649 3901 856351
169200 3810 835098 3903 856902
169300 3810 835684 3906 857316
169400 3811 836047 3907 857953
169500 3811 836515 3907 858485
169600 3812 836940 3908 859060
169700 3813 837487 3908 859513
169800 3814 837888 3909 860112
169900 3815 838378 3911 860622
170000 3817 838825 3911 861175
170100 3818 839281 3915 861719
170200 3818 839868 3915 862132
170300 3819 840370 3917 862630
170400 3819 840863 3917 863137
170500 3820 841584 3917 863416
170600 3821 842125 3919 863875
170700 3821 842695 3920 864305
170800 3821 843185 3924 864815
170900 3824 843721 3928 865279
171000 3826 844245 3930 865755
171100 3826 844769 3934 866231
171200 3827 845301 3936 866699
171300 3832 845895 3937 867105
171400 3836 846311 3939 867689
171500 3838 846805 3943 868195
171600 3838 847380 3943 868620
171700 3839 847943 3944 869057
171800 3840 848437 3945 869563
171900 3841 848862 3948 870138
172000 3842 849356 3948 870644
172100 3844 849938 3949 871062
172200 3844 850486 3951 871514
172300 3845 851046 3952 871954
172400 3845 851460 3953 872540
172500 3850 851912 3956 873088
172600 3854 852368 3962 873632
172700 3855 852897 3964 874103
172800 3858 853407 3970 874593
172900 3860 853936 3977 875064
173000 3861 854415 3977 875585
173100 3863 854890 3978 876110
173200 3864 855504 3981 876496
173300 3864 856051 3981 876949
173400 3865 856631 3982 877369
173500 3866 857115 3984 877885
173600 3869 857604 3986 878396
173700 3871 858113 3988 878887
173800 3875 858530 3992 879470
173900 3876 858953 3997 880047
174000 3877 859443 3999 880557
174100 3879 859919 4000 881081
174200 3883 860454 4006 881546
174300 3884 860873 4007 882127
174400 3886 861330 4009 882670
174500 3888 861818 4011 883182
174600 3890 862245 4014 883755
174700 3892 862736 4019 884264
174800 3896 863249 4020 884751
174900 3898 863674 4024 885326
175000 3901 864145 4029 885855
175100 3904 864714 4030 886286
175200 3904 865211 4036 886789
175300 3907 865718 4038 887282
175400 3907 866213 4039 887787
175500 3907 866847 4039 888153
175600 3909 867428 4042 888572
175700 3911 867874 4043 889126
175800 3912 868371 4043 889629
175900 3913 868791 4044 890209
176000 3916 869174 4046 890826
176100 3917 869686 4047 891314
176200 3919 870241 4048 891759
176300 3922 870754 4056 892246
176400 3925 871280 4060 892720
176500 3928 872008 4060 892992
176600 3930 872531 4063 893469
176700 3930 873055 4066 893945
176800 3934 873404 4069 894596
176900 3935 873923 4070 895077
177000 3935 874407 4071 895593
177100 3939 874888 4074 896112
177200 3941 875333 4076 896667
177300 3942 875828 4078 897172
177400 3943 876292 4080 897708
177500 3944 876763 4082 898237
177600 3944 877282 4083 898718
177700 3946 877777 4084 899223
177800 3948 878312 4084 899688
177900 3949 878819 4084 900181
178000 3952 879298 4088 900702
178100 3956 879756 4088 901244
178200 3957 880190 4088 901810
178300 3957 880663 4088 902337
178400 3958 881215 4091 902785
178500 3959 881752 4092 903248
178600 3960 882205 4093 903795
178700 3960 882718 4093 904282
178800 3961 883114 4094 904886
178900 3965 883692 4096 905308
179000 3967 884278 4098 905722
179100 3971 884844 4099 906156
179200 3971 885347 4101 906653
179300 3971 885667 4103 907333
179400 3974 886023 4103 907977
179500 3975 886600 4105 908400
179600 3977 887091 4107 908909
179700 3979 887503 4108 909497
179800 3983 887970 4113 910030
179900 3986 888460 4115 910540
180000 3987 888840 4115 911160
180100 3987 889327 4115 911673
180200 3991 889752 4117 912248
180300 3994 890194 4118 912806
180400 3998 890640 4122 913360
180500 4000 891088 4122 913912
180600 4002 891640 4125 914360
180700 4004 892167 4126 914833
180800 4004 892618 4127 915382
180900 4006 893201 4127 915799
181000 4007 893702 4129 916298
181100 4007 894175 4131 916825
181200 4007 894663 4131 917337
181300 4008 895112 4131 917888
181400 4011 895679 4132 918321
181500 4013 896191 4133 918809
181600 4014 896589 4135 919411
181700 4015 897067 4137 919933
181800 4017 897598 4139 920402
181900 4019 898112 4139 920888
182000 4020 898630 4141 921370
182100 4020 899123 4141 921877
182200 4023 899703 4144 922297
182300 4027 900448 4147 922552
182400 4031 900963 4151 923037
182500 4032 901423 4152 923577
182600 4034 901978 4156 924022
182700 4035 902478 4157 924522
182800 4036 902983 4159 925017
182900 4038 903585 4162 925415
183000 4039 904146 4162 925854
183100 4043 904640 4163 926360
183200 4045 905221 4164 926779
183300 4045 905774 4165 927226
183400 4047 906198 4165 927802
183500 4047 906698 4168 928302
183600 4048 907304 4168 928696
183700 4052 907747 4169 929253
183800 4053 908279 4173 929721
183900 4055 908841 4174 930159
184000 4061 909361 4175 930639
184100 4063 909959 4176 931041
184200 4065 910590 4178 931410
184300 4066 911060 4181 931940
184400 4068 911472 4181 932528
184500 4070 911979 4183 933021
184600 4073 912508 4186 933492
184700 4079 913043 4190 933957
184800 4080 913491 4191 934509
184900 4080 913955 4194 935045
185000 4083 914490 4196 935510
185100 4083 915030 4197 935970
185200 4084 915522 4197 936478
185300 4087 915884 4199 937116
185400 4091 916521 4200 937479
185500 4093 917166 4201 937834
185600 4095 917737 4204 938263
185700 4096 918227 4208 938773
185800 4096 918816 4210 939184
185900 4096 919351 4210 939649
186000 4098 919887 4212 940113
186100 4098 920305 4214 940695
186200 4098 920774 4217 941226
186300 4099 921312 4219 941688
186400 4100 921836 4219 942164
186500 4101 922352 4220 942648
186600 4104 922876 4223 943124
186700 4105 923377 4225 943623
186800 4106 923749 4228 944251
186900 4108 924217 4233 944783
187000 4108 924690 4235 945310
187100 4108 925212 4236 945788
187200 4112 925694 4238 946306
187300 4113 926238 4239 946762
187400 4115 926718 4240 947282
187500 4117 927147 4244 947853
187600 4119 927680 4249 948320
187700 4123 928239 4253 948761
187800 4124 928730 4255 949270
187900 4126 929334 4256 949666
188000 4129 929730 4259 950270
188100 4130 930190 4260 950810
188200 4130 930654 4261 951346
188300 4134 931129 4264 951871
188400 4134 931687 4265 952313
188500 4135 932178 4266 952822
188600 4135 932670 4268 953330
188700 4136 933114 4270 953886
188800 4138 933453 4271 954547
188900 4139 933923 4275 955077
189000 4140 934467 4277 955533
189100 4141 934973 4279 956027
189200 4144 935440 4280 956560
189300 4144 935976 4282 957024
189400 4144 936678 4286 957322
189500 4147 937137 4286 957863
189600 4150 937698 4287 958302
189700 4150 938216 4287 958784
189800 4150 938633 4289 959367
189900 4155 939099 4292 959901
190000 4158 939660 4296 960340
190100 4160 940150 4298 960850
190200 4161 940533 4301 961467
190300 4161 940923 4303 962077
190400 4163 941306 4304 962694
190500 4165 941748 4308 963252
190600 4168 942156 4308 963844
190700 4169 942512 4308 964488
190800 4169 943010 4309 964990
190900 4173 943509 4311 965491
191000 4176 943954 4314 966046
191100 4177 944362 4317 966638
191200 4179 944846 4319 967154
191300 4183 945213 4320 967787
191400 4183 945664 4322 968336
191500 4185 945989 4323 969011
191600 4189 946540 4324 969460
191700 4191 946961 4325 970039
191800 4192 947581 4326 970419
191900 4195 948236 4328 970764
192000 4199 948779 4331 971221
192100 4204 949277 4334 971723
192200 4205 949912 4335 972088
192300 4209 950399 4338 972601
192400 4213 950864 4340 973136
192500 4217 951349 4342 973651
192600 4217 951846 4345 974154
192700 4218 952372 4346 974628
192800 4219 952816 4349 975184
192900 4222 953281 4350 975719
193000 4223 953793 4351 976207
193100 4224 954312 4355 976688
193200 4225 954875 4356 977125
193300 4227 955436 4356 977564
193400 4233 955920 4359 978080
193500 4236 956447 4361 978553
193600 4239 956946 4365 979054
193700 4240 957590 4365 979410
193800 4242 957956 4365 980044
193900 4244 958492 4367 980508
194000 4248 959051 4367 980949
194100 4249 959487 4367 981513
194200 4249 960016 4367 981984
194300 4250 960531 4368 982469
194400 4252 961082 4371 982918
194500 4256 961509 4373 983491
194600 4258 962068 4373 983932
194700 4260 962612 4373 984388
194800 4260 963119 4376 984881
194900 4262 963603 4378 985397
195000 4265 964152 4379 985848
195100 4265 964691 4381 986309
195200 4267 965171 4383 986829
195300 4268 965664 4385 987336
195400 4270 966153 4387 987847
195500 4271 966599 4389 988401
195600 4276 967175 4392 988825
195700 4276 967898 4394 989102
195800 4279 968400 4397 989600
195900 4281 968878 4400 990122
196000 4285 969558 4401 990442
196100 4287 970029 4404 990971
196200 4287 970569 4405 991431
196300 4289 971041 4405 991959
196400 4291 971479 4405 992521
196500 4294 971886 4405 993114
196600 4295 972187 4407 993813
196700 4295 972605 4409 994395
196800 4300 973073 4411 994927
196900 4302 973743 4412 995257
197000 4303 974241 4415 995759
197100 4308 974695 4420 996305
197200 4312 975112 4421 996888
197300 4312 975497 4424 997503
197400 4315 975971 4425 998029
197500 4316 976424 4426 998576
197600 4318 976799 4427 999201
197700 4319 977239 4428 999761
197800 4320 977747 4429 1000253
197900 4322 978227 4432 1000773
198000 4326 978695 4435 1001305
198100 4326 979180 4435 1001820
198200 4327 979764 4436 1002236
198300 4330 980345 4436 1002655
198400 4330 980713 4437 1003287
198500 4334 981123 4441 1003877
198600 4335 981583 4445 1004417
198700 4335 982009 4446 1004991
198800 4336 982521 4446 1005479
198900 4338 983047 4447 1005953
199000 4340 983518 4449 1006482
199100 4341 984016 4450 1006984
199200 4345 984440 4452 1007560
199300 4347 985100 4454 1007900
199400 4347 985669 4456 1008331
199500 4349 986247 4459 1008753
199600 4351 986724 4461 1009276
199700 4351 987200 4463 1009800
199800 4353 987725 4466 1010275
199900 4353 988293 4466 1010707
200000 4353 988757 4467 1011243
