#! FIELDS timestep dup_succ dup_attempts kill_succ kill_attempts
#! SET timestep 0.5
#! SET kernel_bandwidth [1. 1.]
#! SET kt 1.0
100 7 12 9 88
200 13 29 20 171
300 21 50 29 250
400 25 83 37 317
500 32 121 41 379
600 33 169 44 431
700 36 218 49 482
800 36 264 51 536
900 40 315 53 585
1000 40 359 53 641
1100 40 406 54 694
1200 40 458 55 742
1300 42 509 55 791
1400 45 552 57 848
1500 45 594 58 906
1600 45 635 58 965
1700 46 672 60 1028
1800 48 714 62 1086
1900 49 757 62 1143
2000 49 800 62 1200
2100 51 838 63 1262
2200 52 871 65 1329
2300 54 907 69 1393
2400 57 946 73 1454
2500 60 968 78 1532
2600 63 1011 82 1589
2700 67 1053 86 1647
2800 69 1086 87 1714
2900 70 1126 91 1774
3000 70 1165 91 1835
3100 72 1213 91 1887
3200 73 1254 93 1946
3300 74 1303 95 1997
3400 75 1356 96 2044
3500 75 1414 98 2086
3600 75 1467 100 2133
3700 76 1527 100 2173
3800 77 1580 100 2220
3900 77 1647 100 2253
4000 79 1711 101 2289
4100 84 1764 102 2336
4200 85 1806 104 2394
4300 85 1853 105 2447
4400 85 1910 106 2490
4500 85 1965 106 2535
4600 85 2026 106 2574
4700 85 2058 107 2642
4800 85 2110 107 2690
4900 85 2164 108 2736
5000 85 2222 108 2778
5100 86 2272 110 2828
5200 88 2324 110 2876
5300 88 2370 111 2930
5400 89 2425 114 2975
5500 89 2464 115 3036
5600 90 2506 116 3094
5700 90 2545 116 3155
5800 91 2600 116 3200
5900 93 2659 116 3241
6000 93 2725 116 3275
6100 94 2764 118 3336
6200 94 2797 118 3403
6300 95 2834 119 3466
6400 96 2857 119 3543
6500 96 2884 120 3616
6600 99 2909 120 3691
6700 100 2924 122 3776
6800 101 2959 127 3841
6900 103 2978 129 3922
7000 106 2989 130 4011
7100 110 3000 132 4100
7200 113 3020 133 4180
7300 115 3046 140 4254
7400 118 3089 142 4311
7500 118 3134 142 4366
7600 121 3179 142 4421
7700 123 3217 144 4483
7800 123 3265 144 4535
7900 124 3313 145 4587
8000 124 3347 145 4653
8100 124 3397 146 4703
8200 125 3446 147 4754
8300 125 3470 147 4830
8400 127 3496 148 4904
8500 127 3547 148 4953
8600 128 3595 148 5005
8700 129 3626 149 5074
8800 129 3678 150 5122
8900 130 3734 150 5166
9000 131 3757 151 5243
9100 131 3799 151 5301
9200 131 3845 151 5355
9300 131 3900 152 5400
9400 132 3966 152 5434
9500 132 4012 152 5488
9600 134 4061 153 5539
9700 135 4110 153 5590
9800 136 4158 154 5642
9900 136 4205 154 5695
10000 136 4265 154 5735
10100 136 4314 155 5786
10200 137 4340 155 5860
10300 137 4368 155 5932
10400 137 4417 158 5983
10500 138 4442 159 6058
10600 138 4499 161 6101
10700 138 4541 161 6159
10800 138 4576 161 6224
10900 138 4609 161 6291
11000 138 4655 161 6345
11100 138 4684 161 6416
11200 139 4731 161 6469
11300 139 4787 161 6513
11400 140 4846 161 6554
11500 140 4900 162 6600
11600 140 4963 162 6637
11700 140 4998 163 6702
11800 140 5057 163 6743
11900 140 5113 163 6787
12000 140 5171 163 6829
12100 140 5223 164 6877
12200 141 5284 165 6916
12300 142 5348 166 6952
12400 142 5421 168 6979
12500 142 5468 169 7032
12600 142 5501 170 7099
12700 143 5550 170 7150
12800 143 5607 170 7193
12900 143 5655 170 7245
13000 144 5706 170 7294
13100 144 5756 171 7344
13200 145 5820 171 7380
13300 146 5867 171 7433
13400 147 5921 171 7479
13500 148 5976 171 7524
13600 148 6028 171 7572
13700 149 6098 171 7602
13800 149 6132 171 7668
13900 149 6174 171 7726
14000 150 6198 171 7802
14100 150 6233 171 7867
14200 151 6259 172 7941
14300 151 6331 172 7969
14400 152 6380 173 8020
14500 153 6423 175 8077
14600 153 6472 176 8128
14700 153 6526 178 8174
14800 153 6577 178 8223
14900 153 6602 179 8298
15000 154 6635 180 8365
15100 154 6709 180 8391
15200 156 6767 180 8433
15300 157 6810 181 8490
15400 157 6859 182 8541
15500 157 6904 186 8596
15600 159 6951 186 8649
15700 159 6999 188 8701
15800 159 7031 188 8769
15900 159 7055 188 8845
16000 159 7102 188 8898
16100 159 7146 188 8954
16200 159 7203 188 8997
16300 159 7252 188 9048
16400 160 7305 189 9095
16500 160 7377 189 9123
16600 160 7431 191 9169
16700 162 7482 192 9218
16800 166 7534 192 9266
16900 166 7590 192 9310
17000 166 7639 192 9361
17100 166 7697 192 9403
17200 166 7743 193 9457
17300 166 7793 194 9507
17400 166 7844 194 9556
17500 166 7906 194 9594
17600 167 7968 194 9632
17700 167 8015 194 9685
17800 167 8041 195 9759
17900 167 8092 195 9808
18000 167 8130 195 9870
18100 167 8182 195 9918
18200 167 8231 195 9969
18300 168 8279 196 10021
18400 170 8330 197 10070
18500 172 8377 198 10123
18600 172 8399 198 10201
18700 173 8421 201 10279
18800 174 8471 202 10329
18900 174 8507 203 10393
19000 175 8580 203 10420
19100 175 8642 203 10458
19200 175 8700 203 10500
19300 175 8770 204 10530
19400 175 8833 204 10567
19500 176 8888 204 10612
19600 176 8935 204 10665
19700 176 8983 205 10717
19800 177 9030 205 10770
19900 178 9093 206 10807
20000 178 9131 206 10869
20100 178 9173 207 10927
20200 180 9228 207 10972
20300 180 9270 209 11030
20400 180 9317 210 11083
20500 180 9389 210 11111
20600 180 9461 211 11139
20700 181 9509 212 11191
20800 183 9559 213 11241
20900 183 9609 213 11291
21000 184 9680 213 11320
21100 185 9724 214 11376
21200 185 9772 214 11428
21300 186 9820 216 11480
21400 186 9892 216 11508
21500 187 9965 216 11535
21600 187 10014 217 11586
21700 188 10051 217 11649
21800 189 10105 218 11695
21900 191 10129 218 11771
22000 192 10160 218 11840
22100 192 10199 218 11901
22200 193 10247 218 11953
22300 193 10292 221 12008
22400 194 10340 222 12060
22500 194 10365 223 12135
22600 194 10408 223 12192
22700 195 10439 224 12261
22800 195 10498 226 12302
22900 195 10543 227 12357
23000 195 10585 227 12415
23100 196 10636 227 12464
23200 197 10684 227 12516
23300 197 10723 227 12577
23400 198 10763 229 12637
23500 199 10833 229 12667
23600 199 10891 229 12709
23700 199 10941 229 12759
23800 199 10986 229 12814
23900 199 11044 229 12856
24000 199 11093 229 12907
24100 199 11142 229 12958
24200 199 11194 229 13006
24300 199 11242 230 13058
24400 200 11278 230 13122
24500 201 11327 230 13173
24600 201 11376 230 13224
24700 201 11424 230 13276
24800 201 11467 230 13333
24900 201 11515 230 13385
25000 203 11546 230 13454
25100 203 11584 230 13516
25200 203 11633 230 13567
25300 203 11685 231 13615
25400 203 11745 231 13655
25500 204 11803 232 13697
25600 205 11850 232 13750
25700 206 11895 232 13805
25800 209 11928 233 13872
25900 210 11972 235 13928
26000 210 12021 235 13979
26100 210 12063 235 14037
26200 210 12104 235 14096
26300 210 12163 235 14137
26400 211 12227 237 14173
26500 211 12273 237 14227
26600 212 12317 237 14283
26700 212 12364 237 14336
26800 212 12414 237 14386
26900 213 12463 237 14437
27000 214 12517 238 14483
27100 215 12585 238 14515
27200 215 12638 241 14562
27300 217 12691 241 14609
27400 219 12740 241 14660
27500 220 12763 242 14737
27600 220 12811 243 14789
27700 220 12859 243 14841
27800 220 12907 243 14893
27900 220 12955 243 14945
28000 220 13003 244 14997
28100 220 13032 245 15068
28200 220 13078 245 15122
28300 222 13137 245 15163
28400 222 13177 245 15223
28500 222 13202 246 15298
28600 222 13229 246 15371
28700 223 13270 246 15430
28800 225 13308 247 15492
28900 226 13340 247 15560
29000 227 13389 248 15611
29100 229 13437 248 15663
29200 229 13477 248 15723
29300 229 13523 248 15777
29400 229 13552 248 15848
29500 229 13583 248 15917
29600 229 13636 250 15964
29700 229 13706 251 15994
29800 230 13750 251 16050
29900 230 13786 251 16114
30000 231 13840 252 16160
30100 231 13899 252 16201
30200 233 13957 252 16243
30300 234 14009 252 16291
30400 234 14040 252 16360
30500 235 14086 254 16414
30600 236 14119 254 16481
30700 236 14174 254 16526
30800 238 14222 254 16578
30900 238 14255 255 16645
31000 239 14294 256 16706
31100 240 14358 258 16742
31200 240 14425 260 16775
31300 241 14470 260 16830
31400 241 14532 260 16868
31500 241 14577 260 16923
31600 242 14626 260 16974
31700 243 14675 260 17025
31800 243 14730 260 17070
31900 244 14794 260 17106
32000 244 14841 261 17159
32100 244 14889 261 17211
32200 244 14937 262 17263
32300 244 14996 264 17304
32400 244 15044 264 17356
32500 246 15092 265 17408
32600 248 15140 265 17460
32700 248 15187 265 17513
32800 248 15235 265 17565
32900 248 15285 265 17615
33000 248 15333 265 17667
33100 249 15390 265 17710
33200 249 15434 265 17766
33300 249 15480 266 17820
33400 249 15537 266 17863
33500 249 15580 266 17920
33600 249 15630 266 17970
33700 249 15671 267 18029
33800 249 15719 267 18081
33900 249 15764 267 18136
34000 249 15812 267 18188
34100 249 15869 267 18231
34200 249 15905 267 18295
34300 249 15970 267 18330
34400 249 16019 267 18381
34500 249 16070 267 18430
34600 249 16123 267 18477
34700 249 16167 268 18533
34800 249 16212 269 18588
34900 249 16257 272 18643
35000 250 16305 273 18695
35100 251 16352 273 18748
35200 251 16393 273 18807
35300 251 16459 274 18841
35400 252 16507 275 18893
35500 253 16554 276 18946
35600 254 16601 276 18999
35700 254 16656 276 19044
35800 256 16722 277 19078
35900 256 16790 278 19110
36000 257 16844 278 19156
36100 257 16895 278 19205
36200 257 16963 279 19237
36300 258 17007 279 19293
36400 258 17038 280 19362
36500 258 17085 280 19415
36600 259 17131 280 19469
36700 259 17201 280 19499
36800 261 17265 280 19535
36900 262 17313 280 19587
37000 262 17351 280 19649
37100 262 17398 280 19702
37200 263 17448 281 19752
37300 263 17500 281 19800
37400 263 17549 282 19851
37500 264 17590 282 19910
37600 264 17639 282 19961
37700 265 17699 283 20001
37800 265 17745 283 20055
37900 267 17793 285 20107
38000 267 17857 286 20143
38100 267 17905 286 20195
38200 267 17954 286 20246
38300 267 18005 286 20295
38400 268 18054 286 20346
38500 268 18128 286 20372
38600 268 18172 286 20428
38700 268 18239 286 20461
38800 268 18303 286 20497
38900 269 18352 288 20548
39000 269 18418 290 20582
39100 270 18468 291 20632
39200 271 18516 291 20684
39300 271 18563 291 20737
39400 271 18613 292 20787
39500 272 18667 293 20833
39600 272 18739 293 20861
39700 273 18797 293 20903
39800 273 18840 293 20960
39900 274 18865 294 21035
40000 274 18917 296 21083
40100 274 18989 297 21111
40200 274 19038 297 21162
40300 275 19081 298 21219
40400 276 19130 298 21270
40500 277 19190 298 21310
40600 277 19238 298 21362
40700 279 19286 300 21414
40800 279 19339 302 21461
40900 280 19388 303 21512
41000 281 19422 303 21578
41100 282 19447 304 21653
41200 282 19496 304 21704
41300 282 19550 304 21750
41400 282 19620 304 21780
41500 282 19692 304 21808
41600 282 19738 306 21862
41700 283 19786 306 21914
41800 283 19851 306 21949
41900 284 19900 306 22000
42000 284 19948 306 22052
42100 284 20012 306 22088
42200 284 20063 309 22137
42300 284 20112 309 22188
42400 285 20164 310 22236
42500 285 20222 311 22278
42600 285 20271 311 22329
42700 287 20332 311 22368
42800 287 20401 311 22399
42900 289 20450 311 22450
43000 289 20490 311 22510
43100 289 20518 311 22582
43200 291 20567 312 22633
43300 291 20616 313 22684
43400 291 20665 315 22735
43500 291 20717 316 22783
43600 291 20761 316 22839
43700 292 20808 316 22892
43800 292 20862 316 22938
43900 292 20914 316 22986
44000 293 20961 316 23039
44100 293 21009 316 23091
44200 293 21055 317 23145
44300 294 21112 317 23188
44400 294 21152 317 23248
44500 294 21198 317 23302
44600 294 21247 317 23353
44700 294 21299 317 23401
44800 295 21346 317 23454
44900 295 21399 317 23501
45000 295 21455 317 23545
45100 295 21510 317 23590
45200 296 21562 317 23638
45300 296 21607 317 23693
45400 296 21640 319 23760
45500 296 21688 320 23812
45600 296 21737 321 23863
45700 298 21789 321 23911
45800 298 21840 321 23960
45900 299 21898 321 24002
46000 299 21947 321 24053
46100 299 21981 322 24119
46200 299 22023 322 24177
46300 299 22074 322 24226
46400 299 22114 323 24286
46500 299 22170 324 24330
46600 299 22218 325 24382
46700 299 22265 325 24435
46800 300 22295 326 24505
46900 301 22344 326 24556
47000 301 22411 327 24589
47100 301 22465 327 24635
47200 302 22514 328 24686
47300 303 22574 328 24726
47400 305 22640 329 24760
47500 305 22688 331 24812
47600 305 22735 331 24865
47700 306 22784 331 24916
47800 306 22838 331 24962
47900 306 22883 331 25017
48000 306 22932 331 25068
48100 306 22985 331 25115
48200 306 23023 331 25177
48300 306 23064 331 25236
48400 306 23114 331 25286
48500 306 23158 331 25342
48600 307 23220 331 25380
48700 307 23278 331 25422
48800 307 23324 333 25476
48900 307 23372 333 25528
49000 308 23424 334 25576
49100 308 23473 335 25627
49200 308 23523 335 25677
49300 309 23566 335 25734
49400 312 23608 335 25792
49500 313 23656 336 25844
49600 313 23705 337 25895
49700 313 23777 339 25923
49800 313 23829 339 25971
49900 313 23853 339 26047
50000 313 23902 339 26098
50100 313 23968 340 26132
50200 313 24024 340 26176
50300 313 24074 340 26226
50400 313 24131 340 26269
50500 313 24206 341 26294
50600 313 24264 341 26336
50700 313 24321 341 26379
50800 313 24377 342 26423
50900 315 24418 342 26482
51000 316 24441 344 26559
51100 317 24487 344 26613
51200 318 24534 344 26666
51300 318 24586 344 26714
51400 320 24637 344 26763
51500 321 24681 345 26819
51600 321 24709 346 26891
51700 321 24750 347 26950
51800 322 24800 348 27000
51900 322 24850 348 27050
52000 322 24894 349 27106
52100 322 24946 350 27154
52200 322 25013 350 27187
52300 322 25068 350 27232
52400 322 25119 350 27281
52500 323 25176 350 27324
52600 323 25239 350 27361
52700 323 25297 350 27403
52800 323 25339 350 27461
52900 323 25379 350 27521
53000 323 25446 350 27554
53100 323 25495 350 27605
53200 323 25553 350 27647
53300 323 25602 350 27698
53400 323 25649 350 27751
53500 324 25684 350 27816
53600 326 25740 350 27860
53700 328 25788 351 27912
53800 328 25852 352 27948
53900 329 25900 352 28000
54000 330 25951 354 28049
54100 332 25999 355 28101
54200 333 26047 355 28153
54300 333 26090 356 28210
54400 333 26139 356 28261
54500 333 26188 356 28312
54600 334 26256 357 28344
54700 335 26305 357 28395
54800 335 26355 357 28445
54900 336 26428 357 28472
55000 337 26479 357 28521
55100 337 26530 357 28570
55200 337 26572 357 28628
55300 337 26621 357 28679
55400 337 26693 358 28707
55500 337 26734 358 28766
55600 337 26783 359 28817
55700 337 26833 361 28867
55800 339 26877 361 28923
55900 339 26926 362 28974
56000 339 26985 363 29015
56100 340 27035 363 29065
56200 341 27088 363 29112
56300 342 27115 363 29185
56400 343 27185 364 29215
56500 344 27215 365 29285
56600 345 27264 366 29336
56700 346 27322 366 29378
56800 346 27370 370 29430
56900 346 27418 373 29482
57000 347 27468 374 29532
57100 347 27507 374 29593
57200 348 27532 377 29668
57300 349 27581 378 29719
57400 349 27653 378 29747
57500 349 27703 382 29797
57600 349 27727 382 29873
57700 349 27784 383 29916
57800 349 27832 383 29968
57900 350 27880 383 30020
58000 351 27928 384 30072
58100 351 28000 385 30100
58200 352 28044 385 30156
58300 353 28093 385 30207
58400 353 28141 385 30259
58500 353 28189 388 30311
58600 355 28238 388 30362
58700 355 28286 390 30414
58800 356 28332 390 30468
58900 356 28383 390 30517
59000 356 28437 390 30563
59100 356 28487 390 30613
59200 357 28531 390 30669
59300 357 28573 390 30727
59400 357 28624 390 30776
59500 357 28680 392 30820
59600 358 28728 393 30872
59700 359 28801 394 30899
59800 359 28850 394 30950
59900 359 28899 395 31001
60000 359 28941 395 31059
60100 359 28972 395 31128
60200 359 29020 396 31180
60300 359 29083 396 31217
60400 360 29134 396 31266
60500 363 29180 396 31320
60600 363 29242 396 31358
60700 363 29272 397 31428
60800 363 29322 397 31478
60900 365 29374 399 31526
61000 365 29447 400 31553
61100 365 29501 400 31599
61200 366 29550 402 31650
61300 366 29602 402 31698
61400 366 29626 402 31774
61500 366 29656 402 31844
61600 366 29708 402 31892
61700 367 29750 402 31950
61800 367 29794 404 32006
61900 368 29837 404 32063
62000 368 29906 404 32094
62100 369 29930 404 32170
62200 369 29965 404 32235
62300 369 30034 404 32266
62400 370 30078 407 32322
62500 371 30125 407 32375
62600 372 30169 407 32431
62700 372 30216 408 32484
62800 372 30279 411 32521
62900 372 30307 412 32593
63000 373 30357 412 32643
63100 373 30406 412 32694
63200 374 30451 414 32749
63300 375 30498 414 32802
63400 375 30562 414 32838
63500 376 30635 415 32865
63600 376 30686 417 32914
63700 376 30736 417 32964
63800 376 30770 417 33030
63900 376 30822 418 33078
64000 376 30870 418 33130
64100 376 30894 418 33206
64200 376 30941 418 33259
64300 376 31002 419 33298
64400 376 31049 419 33351
64500 378 31098 419 33402
64600 378 31133 419 33467
64700 379 31185 419 33515
64800 379 31245 419 33555
64900 379 31270 419 33630
65000 379 31319 419 33681
65100 379 31370 421 33730
65200 380 31426 422 33774
65300 380 31462 422 33838
65400 381 31499 422 33901
65500 383 31546 423 33954
65600 383 31592 424 34008
65700 383 31628 424 34072
65800 383 31665 425 34135
65900 383 31713 426 34187
66000 383 31761 427 34239
66100 384 31819 429 34281
66200 384 31844 429 34356
66300 385 31892 430 34408
66400 385 31964 430 34436
66500 385 32014 430 34486
66600 385 32063 430 34537
66700 385 32112 431 34588
66800 385 32173 432 34627
66900 386 32218 432 34682
67000 386 32276 432 34724
67100 387 32350 432 34750
67200 387 32395 433 34805
67300 388 32442 435 34858
67400 389 32500 436 34900
67500 389 32573 436 34927
67600 389 32628 437 34972
67700 390 32671 438 35029
67800 393 32702 440 35098
67900 393 32725 440 35175
68000 393 32790 440 35210
68100 395 32829 440 35271
68200 395 32877 442 35323
68300 395 32925 447 35375
68400 395 32985 447 35415
68500 396 33046 448 35454
68600 397 33120 449 35480
68700 398 33169 449 35531
68800 398 33224 450 35576
68900 398 33273 452 35627
69000 398 33347 452 35653
69100 400 33406 452 35694
69200 401 33441 452 35759
69300 401 33488 453 35812
69400 402 33551 454 35849
69500 402 33597 454 35903
69600 402 33642 454 35958
69700 402 33705 454 35995
69800 402 33755 454 36045
69900 402 33809 455 36091
70000 402 33849 455 36151
70100 402 33898 455 36202
70200 402 33929 455 36271
70300 402 33978 455 36322
70400 402 34041 455 36359
70500 402 34085 455 36415
70600 402 34141 456 36459
70700 402 34190 456 36510
70800 402 34239 458 36561
70900 403 34303 459 36597
71000 403 34348 459 36652
71100 403 34398 459 36702
71200 403 34458 460 36742
71300 403 34520 460 36780
71400 404 34588 460 36812
71500 404 34641 460 36859
71600 405 34711 461 36889
71700 405 34752 462 36948
71800 407 34823 462 36977
71900 407 34888 462 37012
72000 407 34956 462 37044
72100 407 35005 462 37095
72200 407 35035 463 37165
72300 407 35109 463 37191
72400 409 35157 463 37243
72500 409 35206 464 37294
72600 409 35256 464 37344
72700 409 35294 464 37406
72800 409 35343 464 37457
72900 409 35382 464 37518
73000 409 35451 464 37549
73100 409 35516 464 37584
73200 409 35569 464 37631
73300 409 35621 464 37679
73400 409 35685 464 37715
73500 410 35726 464 37774
73600 410 35776 466 37824
73700 412 35815 466 37885
73800 412 35842 467 37958
73900 412 35869 469 38031
74000 414 35916 469 38084
74100 416 35980 470 38120
74200 417 36028 471 38172
74300 417 36089 472 38211
74400 417 36138 472 38262
74500 418 36188 472 38312
74600 418 36239 473 38361
74700 419 36312 473 38388
74800 420 36346 473 38454
74900 420 36375 475 38525
75000 420 36410 476 38590
75100 421 36454 476 38646
75200 421 36494 476 38706
75300 421 36519 476 38781
75400 422 36551 476 38849
75500 422 36603 476 38897
75600 422 36661 476 38939
75700 423 36709 477 38991
75800 423 36771 478 39029
75900 424 36815 478 39085
76000 424 36889 478 39111
76100 424 36939 479 39161
76200 425 36993 479 39207
76300 427 37061 480 39239
76400 429 37109 481 39291
76500 429 37141 482 39359
76600 429 37189 482 39411
76700 431 37247 482 39453
76800 431 37317 482 39483
76900 431 37352 482 39548
77000 431 37394 482 39606
77100 431 37436 482 39664
77200 432 37482 483 39718
77300 432 37529 484 39771
77400 435 37593 485 39807
77500 435 37642 488 39858
77600 435 37697 489 39903
77700 436 37745 489 39955
77800 436 37794 489 40006
77900 436 37842 490 40058
78000 436 37910 490 40090
78100 436 37958 490 40142
78200 436 38023 490 40177
78300 436 38077 490 40223
78400 436 38139 491 40261
78500 438 38198 493 40302
78600 438 38261 493 40339
78700 441 38316 496 40384
78800 442 38377 496 40423
78900 444 38422 497 40478
79000 444 38471 498 40529
79100 446 38529 500 40571
79200 446 38571 500 40629
79300 446 38613 500 40687
79400 446 38662 501 40738
79500 447 38718 502 40782
79600 447 38758 502 40842
79700 447 38808 502 40892
79800 447 38852 504 40948
79900 447 38899 504 41001
80000 447 38946 504 41054
80100 448 38997 504 41103
80200 448 39045 506 41155
80300 449 39116 506 41184
80400 450 39163 506 41237
80500 451 39215 508 41285
80600 452 39248 508 41352
80700 452 39300 508 41400
80800 452 39347 508 41453
80900 452 39385 509 41515
81000 452 39433 509 41567
81100 452 39470 511 41630
81200 454 39530 511 41670
81300 454 39579 511 41721
81400 454 39627 513 41773
81500 454 39687 514 41813
81600 454 39732 514 41868
81700 454 39781 514 41919
81800 454 39836 514 41964
81900 454 39891 514 42009
82000 454 39934 514 42066
82100 454 39984 514 42116
82200 454 40035 514 42165
82300 454 40087 515 42213
82400 454 40137 515 42263
82500 454 40164 515 42336
82600 454 40229 516 42371
82700 454 40278 516 42422
82800 454 40328 517 42472
82900 454 40374 519 42526
83000 455 40422 519 42578
83100 455 40472 519 42628
83200 455 40510 519 42690
83300 455 40555 519 42745
83400 456 40586 520 42814
83500 456 40647 521 42853
83600 457 40695 525 42905
83700 457 40737 527 42963
83800 458 40759 527 43041
83900 459 40807 528 43093
84000 460 40852 530 43148
84100 461 40898 531 43202
84200 461 40942 531 43258
84300 461 40988 531 43312
84400 461 41047 531 43353
84500 461 41084 531 43416
84600 461 41130 532 43470
84700 461 41181 534 43519
84800 461 41254 534 43546
84900 462 41325 535 43575
85000 462 41368 535 43632
85100 462 41419 536 43681
85200 462 41456 536 43744
85300 463 41487 536 43813
85400 463 41537 536 43863
85500 463 41608 536 43892
85600 463 41666 536 43934
85700 463 41714 536 43986
85800 463 41762 537 44038
85900 464 41831 538 44069
86000 464 41904 538 44096
86100 466 41953 539 44147
86200 467 42002 541 44198
86300 468 42051 542 44249
86400 470 42112 542 44288
86500 471 42160 544 44340
86600 473 42206 544 44394
86700 474 42254 545 44446
86800 474 42277 546 44523
86900 474 42324 547 44576
87000 475 42364 549 44636
87100 475 42408 550 44692
87200 476 42463 550 44737
87300 478 42508 550 44792
87400 478 42560 550 44840
87500 478 42611 550 44889
87600 479 42672 552 44928
87700 479 42724 552 44976
87800 479 42756 552 45044
87900 479 42810 552 45090
88000 479 42866 552 45134
88100 479 42918 552 45182
88200 479 42977 552 45223
88300 480 43016 552 45284
88400 481 43056 552 45344
88500 481 43105 554 45395
88600 482 43158 555 45442
88700 482 43232 555 45468
88800 483 43295 555 45505
88900 483 43368 555 45532
89000 484 43421 556 45579
89100 484 43468 557 45632
89200 484 43514 559 45686
89300 485 43555 561 45745
89400 487 43607 564 45793
89500 487 43657 564 45843
89600 488 43707 564 45893
89700 488 43758 564 45942
89800 489 43804 565 45996
89900 489 43860 565 46040
90000 489 43910 566 46090
90100 490 43982 567 46118
90200 491 44022 568 46178
90300 493 44072 569 46228
90400 493 44118 570 46282
90500 493 44167 572 46333
90600 493 44215 572 46385
90700 493 44264 573 46436
90800 493 44312 573 46488
90900 493 44360 574 46540
91000 493 44387 575 46613
91100 493 44435 575 46665
91200 493 44483 576 46717
91300 495 44557 576 46743
91400 496 44580 577 46820
91500 497 44647 579 46853
91600 497 44690 581 46910
91700 498 44737 582 46963
91800 499 44783 582 47017
91900 499 44839 582 47061
92000 499 44900 582 47100
92100 499 44965 584 47135
92200 499 45003 585 47197
92300 499 45051 585 47249
92400 500 45101 585 47299
92500 500 45146 586 47354
92600 500 45197 586 47403
92700 500 45250 586 47450
92800 500 45311 586 47489
92900 501 45367 586 47533
93000 501 45390 587 47610
93100 501 45434 587 47666
93200 501 45468 587 47732
93300 502 45518 588 47782
93400 503 45576 588 47824
93500 505 45626 588 47874
93600 506 45674 588 47926
93700 508 45726 589 47974
93800 509 45800 589 48000
93900 509 45850 589 48050
94000 509 45901 589 48099
94100 509 45945 589 48155
94200 509 45998 589 48202
94300 509 46029 589 48271
94400 509 46092 589 48308
94500 511 46131 589 48369
94600 513 46179 589 48421
94700 513 46247 589 48453
94800 514 46312 589 48488
94900 514 46348 589 48552
95000 516 46393 589 48607
95100 518 46444 589 48656
95200 518 46492 589 48708
95300 519 46540 590 48760
95400 520 46578 590 48822
95500 520 46626 590 48874
95600 520 46670 592 48930
95700 521 46736 592 48964
95800 522 46784 592 49016
95900 523 46852 592 49048
96000 523 46900 593 49100
96100 523 46937 593 49163
96200 523 46988 593 49212
96300 524 47052 593 49248
96400 524 47107 594 49293
96500 524 47156 595 49344
96600 524 47211 595 49389
96700 524 47249 596 49451
96800 524 47296 596 49504
96900 524 47356 596 49544
97000 524 47405 596 49595
97100 524 47457 597 49643
97200 524 47527 597 49673
97300 526 47593 598 49707
97400 527 47640 598 49760
97500 528 47682 598 49818
97600 528 47751 600 49849
97700 528 47800 600 49900
97800 529 47848 600 49952
97900 529 47893 601 50007
98000 530 47943 601 50057
98100 531 47993 602 50107
98200 531 48040 602 50160
98300 531 48088 602 50212
98400 531 48140 603 50260
98500 533 48207 603 50293
98600 533 48253 604 50347
98700 533 48288 605 50412
98800 534 48356 606 50444
98900 534 48405 606 50495
99000 534 48448 608 50552
99100 535 48516 608 50584
99200 535 48565 608 50635
99300 535 48606 608 50694
99400 535 48661 608 50739
99500 535 48722 609 50778
99600 535 48783 609 50817
99700 535 48848 609 50852
99800 535 48903 609 50897
99900 535 48954 609 50946
100000 535 48994 609 51006
100100 535 49031 609 51069
100200 535 49087 609 51113
100300 535 49137 609 51163
100400 535 49190 609 51210
100500 535 49249 609 51251
100600 535 49297 610 51303
100700 535 49353 610 51347
100800 535 49403 610 51397
100900 535 49452 611 51448
101000 535 49497 611 51503
101100 535 49555 611 51545
101200 536 49603 611 51597
101300 537 49652 611 51648
101400 538 49675 611 51725
101500 538 49723 611 51777
101600 538 49769 611 51831
101700 538 49836 611 51864
101800 539 49908 613 51892
101900 539 49955 614 51945
102000 540 50003 615 51997
102100 540 50041 615 52059
102200 540 50084 615 52116
102300 540 50137 616 52163
102400 540 50190 616 52210
102500 540 50253 617 52247
102600 540 50298 617 52302
102700 540 50362 617 52338
102800 541 50412 617 52388
102900 541 50460 617 52440
103000 541 50509 617 52491
103100 541 50563 617 52537
103200 542 50626 618 52574
103300 542 50688 618 52612
103400 543 50712 619 52688
103500 543 50745 619 52755
103600 544 50805 620 52795
103700 545 50839 620 52861
103800 545 50913 620 52887
103900 547 50960 620 52940
104000 547 50991 620 53009
104100 547 51045 622 53055
104200 548 51103 622 53097
104300 550 51145 624 53155
104400 550 51193 624 53207
104500 551 51263 625 53237
104600 551 51313 625 53287
104700 551 51361 625 53339
104800 551 51412 625 53388
104900 551 51460 627 53440
105000 551 51511 627 53489
105100 552 51561 627 53539
105200 553 51626 627 53574
105300 553 51675 627 53625
105400 554 51723 628 53677
105500 554 51761 628 53739
105600 555 51810 629 53790
105700 556 51868 629 53832
105800 556 51919 629 53881
105900 556 51954 629 53946
106000 556 52003 629 53997
106100 556 52057 629 54043
106200 556 52107 630 54093
106300 556 52150 631 54150
106400 557 52207 631 54193
106500 557 52272 632 54228
106600 559 52341 632 54259
106700 561 52388 633 54312
106800 561 52411 634 54389
106900 561 52458 635 54442
107000 561 52522 635 54478
107100 561 52594 636 54506
107200 561 52666 637 54534
107300 561 52718 637 54582
107400 561 52766 637 54634
107500 561 52824 637 54676
107600 561 52873 637 54727
107700 562 52921 637 54779
107800 562 52983 639 54817
107900 562 53034 639 54866
108000 563 53058 640 54942
108100 564 53124 640 54976
108200 564 53168 641 55032
108300 564 53205 641 55095
108400 564 53268 641 55132
108500 564 53312 641 55188
108600 564 53352 641 55248
108700 564 53407 641 55293
108800 564 53470 642 55330
108900 564 53509 642 55391
109000 564 53557 642 55443
109100 565 53605 642 55495
109200 565 53655 643 55545
109300 565 53723 644 55577
109400 565 53772 644 55628
109500 565 53808 645 55692
109600 566 53865 647 55735
109700 567 53899 647 55801
109800 567 53952 647 55848
109900 567 54011 650 55889
110000 567 54076 651 55924
110100 568 54127 651 55973
110200 568 54175 653 56025
110300 568 54231 653 56069
110400 568 54288 654 56112
110500 568 54334 654 56166
110600 568 54405 654 56195
110700 568 54465 654 56235
110800 568 54514 654 56286
110900 568 54563 655 56337
111000 568 54591 656 56409
111100 569 54646 656 56454
111200 569 54708 656 56492
111300 570 54773 657 56527
111400 570 54843 657 56557
111500 570 54892 657 56608
111600 572 54950 658 56650
111700 572 54995 658 56705
111800 573 55043 659 56757
111900 573 55101 660 56799
112000 573 55153 660 56847
112100 573 55204 660 56896
112200 573 55248 660 56952
112300 573 55281 660 57019
112400 573 55331 660 57069
112500 573 55370 660 57130
112600 575 55417 663 57183
112700 575 55462 663 57238
112800 576 55514 664 57286
112900 578 55564 664 57336
113000 578 55626 664 57374
113100 578 55682 664 57418
113200 578 55728 664 57472
113300 578 55771 664 57529
113400 578 55827 666 57573
113500 579 55853 666 57647
113600 579 55902 666 57698
113700 580 55949 666 57751
113800 580 56009 666 57791
113900 580 56061 666 57839
114000 580 56107 666 57893
114100 581 56154 666 57946
114200 581 56203 667 57997
114300 582 56253 667 58047
114400 582 56309 668 58091
114500 583 56349 668 58151
114600 583 56372 668 58228
114700 584 56421 669 58279
114800 584 56470 669 58330
114900 584 56497 669 58403
115000 584 56544 669 58456
115100 584 56595 669 58505
115200 585 56644 670 58556
115300 585 56690 672 58610
115400 585 56721 672 58679
115500 586 56769 673 58731
115600 587 56818 673 58782
115700 587 56876 673 58824
115800 587 56917 673 58883
115900 588 56949 673 58951
116000 588 56996 673 59004
116100 588 57045 673 59055
116200 588 57095 673 59105
116300 589 57149 673 59151
116400 591 57204 673 59196
116500 591 57252 674 59248
116600 592 57323 676 59277
116700 592 57353 677 59347
116800 595 57402 678 59398
116900 595 57449 679 59451
117000 597 57497 680 59503
117100 597 57548 680 59552
117200 597 57589 680 59611
117300 598 57634 680 59666
117400 600 57682 680 59718
117500 600 57736 680 59764
117600 601 57807 680 59793
117700 601 57855 682 59845
117800 602 57884 682 59916
117900 603 57954 683 59946
118000 603 57991 683 60009
118100 606 58026 683 60074
118200 608 58074 684 60126
118300 608 58115 685 60185
118400 608 58163 685 60237
118500 608 58211 686 60289
118600 610 58241 686 60359
118700 610 58295 686 60405
118800 610 58343 686 60457
118900 610 58385 686 60515
119000 610 58432 686 60568
119100 610 58488 686 60612
119200 610 58538 687 60662
119300 611 58568 687 60732
119400 611 58632 687 60768
119500 612 58678 687 60822
119600 613 58724 687 60876
119700 614 58773 687 60927
119800 614 58825 688 60975
119900 614 58861 689 61039
120000 614 58899 689 61101
120100 614 58928 689 61172
120200 614 58965 689 61235
120300 614 59024 689 61276
120400 614 59068 689 61332
120500 614 59104 689 61396
120600 614 59162 689 61438
120700 614 59219 692 61481
120800 614 59266 692 61534
120900 615 59310 692 61590
121000 616 59358 693 61642
121100 617 59412 694 61688
121200 617 59460 695 61740
121300 617 59496 696 61804
121400 617 59521 697 61879
121500 618 59585 697 61915
121600 619 59609 697 61991
121700 620 59675 697 62025
121800 620 59726 697 62074
121900 621 59774 698 62126
122000 622 59823 700 62177
122100 626 59871 701 62229
122200 626 59919 702 62281
122300 626 59967 702 62333
122400 626 60012 702 62388
122500 627 60056 702 62444
122600 627 60117 703 62483
122700 627 60168 703 62532
122800 627 60217 703 62583
122900 627 60266 703 62634
123000 627 60294 703 62706
123100 627 60352 703 62748
123200 629 60387 703 62813
123300 629 60429 703 62871
123400 629 60475 704 62925
123500 629 60523 707 62977
123600 632 60570 710 63030
123700 632 60618 712 63082
123800 636 60666 714 63134
123900 636 60722 714 63178
124000 637 60791 716 63209
124100 639 60838 718 63262
124200 639 60882 718 63318
124300 639 60956 719 63344
124400 640 61001 719 63399
124500 640 61052 719 63448
124600 641 61106 720 63494
124700 641 61155 720 63545
124800 641 61179 721 63621
124900 643 61227 722 63673
125000 643 61273 723 63727
125100 645 61338 725 63762
125200 645 61410 725 63790
125300 648 61481 726 63819
125400 648 61529 727 63871
125500 649 61552 727 63948
125600 649 61601 727 63999
125700 649 61632 728 64068
125800 649 61658 728 64142
125900 649 61706 728 64194
126000 649 61750 728 64250
126100 649 61796 728 64304
126200 649 61820 728 64380
126300 649 61848 728 64452
126400 649 61898 729 64502
126500 649 61946 729 64554
126600 649 62017 729 64583
126700 650 62065 729 64635
126800 653 62088 730 64712
126900 653 62136 730 64764
127000 653 62184 732 64816
127100 653 62241 732 64859
127200 654 62306 734 64894
127300 654 62354 734 64946
127400 654 62416 734 64984
127500 656 62462 736 65038
127600 656 62530 736 65070
127700 658 62602 736 65098
127800 658 62674 737 65126
127900 658 62722 737 65178
128000 658 62770 740 65230
128100 659 62794 740 65306
128200 659 62839 740 65361
128300 660 62869 740 65431
128400 661 62932 740 65468
128500 661 62978 741 65522
128600 662 63021 742 65579
128700 663 63069 744 65631
128800 665 63098 744 65702
128900 667 63146 746 65754
129000 668 63219 746 65781
129100 668 63269 746 65831
129200 669 63318 747 65882
129300 669 63378 747 65922
129400 670 63426 747 65974
129500 671 63475 747 66025
129600 671 63527 748 66073
129700 672 63600 748 66100
129800 675 63672 750 66128
129900 675 63714 751 66186
130000 675 63777 752 66223
130100 675 63823 752 66277
130200 675 63877 752 66323
130300 675 63951 753 66349
130400 676 64003 754 66397
130500 676 64053 754 66447
130600 677 64101 756 66499
130700 677 64149 756 66551
130800 677 64197 756 66603
130900 679 64245 756 66655
131000 681 64293 756 66707
131100 682 64316 758 66784
131200 682 64364 759 66836
131300 682 64413 761 66887
131400 682 64463 761 66937
131500 683 64489 761 67011
131600 683 64527 763 67073
131700 683 64584 764 67116
131800 683 64629 764 67171
131900 683 64699 765 67201
132000 685 64745 765 67255
132100 685 64793 766 67307
132200 685 64859 766 67341
132300 685 64907 766 67393
132400 685 64956 767 67444
132500 685 65004 767 67496
132600 685 65059 767 67541
132700 685 65095 767 67605
132800 688 65121 768 67679
132900 689 65169 770 67731
133000 689 65192 771 67808
133100 689 65215 772 67885
133200 689 65238 774 67962
133300 690 65272 775 68028
133400 690 65295 777 68105
133500 690 65344 777 68156
133600 690 65392 778 68208
133700 692 65430 778 68270
133800 692 65487 778 68313
133900 693 65521 778 68379
134000 694 65579 778 68421
134100 695 65628 778 68472
134200 696 65686 778 68514
134300 697 65743 779 68557
134400 697 65792 780 68608
134500 697 65841 782 68659
134600 697 65882 783 68718
134700 697 65932 785 68768
134800 697 65980 787 68820
134900 697 66026 787 68874
135000 698 66084 788 68916
135100 698 66152 788 68948
135200 698 66202 790 68998
135300 698 66249 790 69051
135400 699 66322 792 69078
135500 699 66358 792 69142
135600 700 66410 792 69190
135700 701 66470 792 69230
135800 701 66504 792 69296
135900 701 66528 794 69372
136000 704 66560 797 69440
136100 704 66609 798 69491
136200 704 66679 798 69521
136300 705 66748 799 69552
136400 705 66821 799 69579
136500 705 66879 801 69621
136600 705 66929 801 69671
136700 706 66977 803 69723
136800 707 67043 804 69757
136900 708 67096 806 69804
137000 708 67148 809 69852
137100 709 67196 809 69904
137200 710 67244 810 69956
137300 710 67287 812 70013
137400 710 67328 812 70072
137500 710 67375 812 70125
137600 710 67425 812 70175
137700 710 67478 812 70222
137800 711 67544 813 70256
137900 711 67593 813 70307
138000 711 67641 814 70359
138100 711 67692 815 70408
138200 714 67739 816 70461
138300 715 67763 816 70537
138400 715 67810 817 70590
138500 715 67883 818 70617
138600 716 67955 820 70645
138700 717 68000 820 70700
138800 717 68064 820 70736
138900 718 68110 820 70790
139000 718 68159 820 70841
139100 719 68208 820 70892
139200 719 68256 821 70944
139300 720 68303 821 70997
139400 720 68357 822 71043
139500 720 68408 822 71092
139600 721 68457 823 71143
139700 723 68519 824 71181
139800 723 68578 824 71222
139900 723 68632 824 71268
140000 723 68696 824 71304
140100 723 68743 824 71357
140200 723 68791 824 71409
140300 725 68843 825 71457
140400 725 68891 825 71509
140500 726 68939 825 71561
140600 727 68982 825 71618
140700 728 69030 825 71670
140800 731 69065 826 71735
140900 734 69101 827 71799
141000 735 69161 829 71839
141100 735 69219 830 71881
141200 737 69285 831 71915
141300 738 69333 832 71967
141400 739 69378 834 72022
141500 739 69451 835 72049
141600 741 69498 835 72102
141700 741 69547 835 72153
141800 742 69595 835 72205
141900 742 69643 835 72257
142000 744 69690 835 72310
142100 745 69743 835 72357
142200 745 69792 835 72408
142300 745 69856 835 72444
142400 747 69884 835 72516
142500 747 69932 836 72568
142600 747 69978 836 72622
142700 748 70016 837 72684
142800 748 70087 839 72713
142900 748 70136 841 72764
143000 748 70207 841 72793
143100 749 70272 841 72828
143200 749 70333 842 72867
143300 749 70398 844 72902
143400 749 70446 844 72954
143500 749 70494 844 73006
143600 749 70542 844 73058
143700 751 70590 847 73110
143800 751 70661 849 73139
143900 751 70711 849 73189
144000 751 70770 849 73230
144100 751 70826 850 73274
144200 752 70885 850 73315
144300 752 70909 854 73391
144400 752 70958 855 73442
144500 754 71017 855 73483
144600 754 71041 855 73559
144700 754 71090 857 73610
144800 754 71134 857 73666
144900 755 71183 857 73717
145000 755 71215 857 73785
145100 756 71242 859 73858
145200 756 71292 860 73908
145300 757 71344 861 73956
145400 758 71375 861 74025
145500 758 71433 862 74067
145600 758 71491 862 74109
145700 758 71537 862 74163
145800 759 71578 862 74222
145900 759 71628 864 74272
146000 759 71682 866 74318
146100 760 71741 867 74359
146200 760 71792 867 74408
146300 760 71852 867 74448
146400 760 71880 870 74520
146500 760 71937 871 74563
146600 760 71986 871 74614
146700 760 72059 871 74641
146800 760 72112 874 74688
146900 760 72176 874 74724
147000 761 72219 874 74781
147100 762 72256 877 74844
147200 762 72304 878 74896
147300 762 72329 878 74971
147400 762 72359 878 75041
147500 762 72405 878 75095
147600 763 72450 879 75150
147700 763 72513 879 75187
147800 764 72578 879 75222
147900 764 72629 879 75271
148000 765 72696 880 75304
148100 765 72748 880 75352
148200 766 72801 880 75399
148300 767 72848 881 75452
148400 768 72885 881 75515
148500 768 72951 882 75549
148600 770 73000 882 75600
148700 770 73064 882 75636
148800 770 73112 882 75688
148900 770 73165 882 75735
149000 770 73211 882 75789
149100 771 73261 882 75839
149200 773 73323 882 75877
149300 775 73374 883 75926
149400 775 73423 884 75977
149500 775 73472 885 76028
149600 775 73540 885 76060
149700 776 73587 886 76113
149800 776 73640 886 76160
149900 776 73690 887 76210
150000 777 73739 888 76261
150100 777 73771 888 76329
150200 778 73814 888 76386
150300 778 73862 889 76438
150400 779 73914 890 76486
150500 780 73958 890 76542
150600 780 74000 890 76600
150700 780 74046 891 76654
150800 780 74087 891 76713
150900 780 74136 893 76764
151000 780 74195 893 76805
151100 781 74259 893 76841
151200 783 74308 893 76892
151300 783 74357 893 76943
151400 784 74404 894 76996
151500 786 74452 894 77048
151600 786 74475 895 77125
151700 786 74498 895 77202
151800 786 74543 895 77257
151900 787 74585 896 77315
152000 787 74632 898 77368
152100 787 74704 899 77396
152200 787 74752 902 77448
152300 788 74795 903 77505
152400 788 74837 905 77563
152500 788 74872 905 77628
152600 788 74939 905 77661
152700 789 74988 905 77712
152800 789 75020 906 77780
152900 789 75089 906 77811
153000 789 75159 906 77841
153100 789 75232 908 77868
153200 790 75300 909 77900
153300 790 75348 909 77952
153400 791 75376 910 78024
153500 791 75448 910 78052
153600 793 75498 910 78102
153700 794 75550 910 78150
153800 795 75621 911 78179
153900 795 75674 911 78226
154000 795 75739 911 78261
154100 795 75792 911 78308
154200 795 75838 911 78362
154300 795 75898 911 78402
154400 795 75957 911 78443
154500 795 75998 911 78502
154600 795 76054 911 78546
154700 795 76117 911 78583
154800 795 76163 911 78637
154900 795 76207 911 78693
155000 795 76246 911 78754
155100 795 76298 911 78802
155200 795 76348 911 78852
155300 795 76391 911 78909
155400 796 76442 912 78958
155500 796 76490 913 79010
155600 797 76530 913 79070
155700 797 76594 913 79106
155800 798 76619 914 79181
155900 798 76664 914 79236
156000 798 76693 914 79307
156100 798 76729 915 79371
156200 798 76782 916 79418
156300 798 76815 916 79485
156400 799 76847 916 79553
156500 799 76900 916 79600
156600 799 76948 916 79652
156700 799 76995 916 79705
156800 799 77047 916 79753
156900 799 77089 916 79811
157000 799 77142 916 79858
157100 799 77191 916 79909
157200 799 77256 916 79944
157300 799 77308 917 79992
157400 799 77355 917 80045
157500 799 77401 917 80099
157600 799 77455 918 80145
157700 799 77513 920 80187
157800 800 77561 921 80239
157900 800 77625 921 80275
158000 800 77695 921 80305
158100 800 77769 921 80331
158200 800 77843 921 80357
158300 800 77900 921 80400
158400 801 77961 921 80439
158500 801 78010 921 80490
158600 803 78036 921 80564
158700 803 78063 921 80637
158800 804 78112 923 80688
158900 804 78160 923 80740
159000 805 78206 924 80794
159100 805 78260 924 80840
159200 805 78325 924 80875
159300 805 78388 924 80912
159400 806 78440 924 80960
159500 807 78502 925 80998
159600 808 78551 925 81049
159700 808 78621 925 81079
159800 809 78672 926 81128
159900 810 78715 926 81185
160000 811 78772 926 81228
160100 812 78812 926 81288
160200 812 78861 926 81339
160300 813 78888 926 81412
160400 814 78938 926 81462
160500 815 78989 927 81511
160600 815 79037 927 81563
160700 815 79110 927 81590
160800 815 79166 927 81634
160900 815 79215 928 81685
161000 815 79288 928 81712
161100 817 79359 928 81741
161200 818 79430 928 81770
161300 820 79479 928 81821
161400 821 79527 928 81873
161500 821 79596 928 81904
161600 821 79669 929 81931
161700 821 79715 934 81985
161800 821 79763 935 82037
161900 823 79809 935 82091
162000 823 79846 937 82154
162100 823 79893 939 82207
162200 823 79942 940 82258
162300 823 80012 940 82288
162400 823 80062 940 82338
162500 823 80111 940 82389
162600 823 80160 940 82440
162700 823 80209 940 82491
162800 823 80268 942 82532
162900 823 80309 943 82591
163000 823 80358 943 82642
163100 826 80411 943 82689
163200 826 80473 943 82727
163300 826 80541 943 82759
163400 827 80582 944 82818
163500 829 80645 946 82855
163600 831 80715 948 82885
163700 831 80777 948 82923
163800 832 80850 948 82950
163900 832 80914 948 82986
164000 833 80988 949 83012
164100 833 81037 950 83063
164200 833 81107 950 83093
164300 833 81181 951 83119
164400 833 81243 951 83157
164500 834 81283 951 83217
164600 834 81332 952 83268
164700 834 81395 952 83305
164800 836 81446 952 83354
164900 838 81489 952 83411
165000 838 81534 952 83466
165100 838 81575 953 83525
165200 839 81612 953 83588
165300 839 81655 953 83645
165400 841 81700 954 83700
165500 842 81735 955 83765
165600 842 81786 955 83814
165700 842 81811 955 83889
165800 842 81837 955 83963
165900 842 81886 956 84014
166000 842 81941 956 84059
166100 844 81990 956 84110
166200 845 82024 957 84176
166300 846 82067 958 84233
166400 847 82093 959 84307
166500 848 82138 961 84362
166600 848 82190 962 84410
166700 851 82237 964 84463
166800 852 82286 966 84514
166900 852 82325 967 84575
167000 853 82398 968 84602
167100 854 82445 970 84655
167200 857 82492 971 84708
167300 857 82551 971 84749
167400 857 82606 972 84794
167500 857 82662 972 84838
167600 857 82717 973 84883
167700 857 82785 973 84915
167800 858 82854 975 84946
167900 859 82901 975 84999
168000 859 82942 976 85058
168100 860 82966 976 85134
168200 860 82997 976 85203
168300 860 83056 978 85244
168400 860 83107 979 85293
168500 860 83151 979 85349
168600 860 83200 979 85400
168700 860 83259 979 85441
168800 861 83305 979 85495
168900 863 83368 979 85532
169000 864 83412 979 85588
169100 864 83460 980 85640
169200 864 83501 980 85699
169300 864 83550 981 85750
169400 865 83588 981 85812
169500 866 83632 981 85868
169600 867 83684 981 85916
169700 867 83736 981 85964
169800 870 83808 981 85992
169900 871 83875 981 86025
170000 871 83912 981 86088
170100 871 83962 981 86138
170200 871 83996 981 86204
170300 871 84054 981 86246
170400 871 84105 982 86295
170500 873 84151 982 86349
170600 873 84187 982 86413
170700 873 84210 984 86490
170800 873 84254 986 86546
170900 873 84314 986 86586
171000 873 84370 986 86630
171100 873 84402 987 86698
171200 874 84472 988 86728
171300 874 84520 988 86780
171400 874 84568 989 86832
171500 874 84615 989 86885
171600 875 84662 991 86938
171700 876 84687 991 87013
171800 876 84717 991 87083
171900 876 84783 992 87117
172000 876 84846 992 87154
172100 876 84884 992 87216
172200 877 84935 992 87265
172300 877 84973 992 87327
172400 878 85020 992 87380
172500 878 85046 992 87454
172600 879 85115 993 87485
172700 879 85151 993 87549
172800 879 85186 993 87614
172900 879 85230 993 87670
173000 879 85257 993 87743
173100 879 85317 993 87783
173200 880 85366 993 87834
173300 882 85417 994 87883
173400 882 85462 996 87938
173500 882 85516 997 87984
173600 882 85563 997 88037
173700 882 85613 997 88087
173800 882 85670 997 88130
173900 883 85715 997 88185
174000 884 85766 997 88234
174100 884 85810 997 88290
174200 884 85836 997 88364
174300 884 85877 997 88423
174400 885 85924 998 88476
174500 885 85976 998 88524
174600 885 86020 998 88580
174700 885 86083 998 88617
174800 885 86143 998 88657
174900 887 86171 998 88729
175000 888 86224 998 88776
175100 888 86263 999 88837
175200 888 86292 999 88908
175300 890 86321 999 88979
175400 891 86382 999 89018
175500 892 86450 999 89050
175600 894 86498 1001 89102
175700 894 86558 1001 89142
175800 895 86604 1001 89196
175900 895 86652 1001 89248
176000 896 86721 1001 89279
176100 896 86791 1002 89309
176200 897 86817 1002 89383
176300 898 86861 1003 89439
176400 901 86932 1003 89468
176500 901 86981 1004 89519
176600 901 87029 1005 89571
176700 901 87077 1005 89623
176800 901 87117 1006 89683
176900 901 87167 1006 89733
177000 902 87216 1007 89784
177100 902 87264 1008 89836
177200 903 87313 1011 89887
177300 903 87363 1012 89937
177400 905 87409 1012 89991
177500 906 87457 1015 90043
177600 906 87486 1017 90114
177700 906 87556 1018 90144
177800 906 87604 1018 90196
177900 906 87654 1018 90246
178000 909 87703 1018 90297
178100 910 87766 1019 90334
178200 911 87820 1020 90380
178300 912 87863 1021 90437
178400 912 87918 1021 90482
178500 912 87973 1021 90527
178600 912 88034 1021 90566
178700 913 88086 1022 90614
178800 913 88132 1022 90668
178900 913 88177 1022 90723
179000 914 88208 1023 90792
179100 914 88233 1023 90867
179200 914 88300 1024 90900
179300 915 88366 1024 90934
179400 917 88439 1024 90961
179500 917 88494 1024 91006
179600 917 88540 1024 91060
179700 917 88586 1025 91114
179800 917 88641 1025 91159
179900 919 88711 1026 91189
180000 921 88760 1026 91240
180100 922 88831 1026 91269
180200 922 88892 1027 91308
180300 923 88946 1027 91354
180400 924 89018 1027 91382
180500 924 89065 1027 91435
180600 924 89112 1027 91488
180700 925 89160 1029 91540
180800 925 89222 1030 91578
180900 926 89289 1031 91611
181000 926 89336 1032 91664
181100 926 89380 1032 91720
181200 926 89427 1032 91773
181300 926 89469 1032 91831
181400 926 89511 1032 91889
181500 926 89546 1033 91954
181600 926 89594 1033 92006
181700 928 89641 1034 92059
181800 929 89690 1034 92110
181900 930 89717 1034 92183
182000 930 89752 1034 92248
182100 930 89801 1036 92299
182200 930 89872 1037 92328
182300 930 89900 1037 92400
182400 930 89940 1037 92460
182500 930 89970 1037 92530
182600 932 90020 1038 92580
182700 933 90093 1038 92607
182800 933 90158 1039 92642
182900 933 90229 1039 92671
183000 933 90283 1039 92717
183100 935 90339 1040 92761
183200 937 90403 1040 92797
183300 937 90466 1040 92834
183400 937 90509 1040 92891
183500 938 90558 1040 92942
183600 938 90605 1041 92995
183700 938 90653 1042 93047
183800 938 90725 1044 93075
183900 938 90767 1045 93133
184000 938 90823 1045 93177
184100 939 90871 1046 93229
184200 939 90921 1046 93279
184300 940 90970 1046 93330
184400 940 91027 1046 93373
184500 941 91089 1046 93411
184600 941 91120 1047 93480
184700 941 91144 1047 93556
184800 942 91177 1048 93623
184900 943 91249 1048 93651
185000 943 91308 1048 93692
185100 943 91366 1048 93734
185200 943 91428 1048 93772
185300 944 91488 1049 93812
185400 946 91553 1049 93847
185500 946 91579 1049 93921
185600 947 91641 1050 93959
185700 947 91691 1051 94009
185800 947 91744 1051 94056
185900 947 91796 1051 94104
186000 947 91861 1051 94139
186100 948 91933 1053 94167
186200 949 91992 1055 94208
186300 949 92054 1055 94246
186400 950 92106 1056 94294
186500 950 92155 1057 94345
186600 951 92217 1058 94383
186700 951 92266 1059 94434
186800 951 92336 1059 94464
186900 952 92409 1060 94491
187000 953 92454 1060 94546
187100 953 92502 1060 94598
187200 953 92550 1060 94650
187300 955 92589 1061 94711
187400 955 92651 1062 94749
187500 955 92699 1062 94801
187600 955 92749 1063 94851
187700 956 92793 1063 94907
187800 957 92835 1063 94965
187900 957 92900 1063 95000
188000 957 92970 1063 95030
188100 957 93037 1063 95063
188200 957 93108 1063 95092
188300 958 93166 1064 95134
188400 959 93213 1064 95187
188500 959 93260 1064 95240
188600 959 93299 1065 95301
188700 960 93348 1066 95352
188800 961 93396 1066 95404
188900 962 93445 1069 95455
189000 963 93493 1071 95507
189100 963 93527 1073 95573
189200 964 93583 1073 95617
189300 964 93630 1073 95670
189400 964 93681 1073 95719
189500 966 93739 1073 95761
189600 966 93788 1074 95812
189700 967 93861 1074 95839
189800 967 93911 1074 95889
189900 967 93963 1077 95937
190000 967 94012 1079 95988
190100 967 94074 1079 96026
190200 968 94122 1080 96078
190300 969 94170 1080 96130
190400 969 94219 1081 96181
190500 969 94268 1082 96232
190600 971 94329 1083 96271
190700 971 94380 1083 96320
190800 972 94452 1084 96348
190900 972 94524 1085 96376
191000 972 94581 1087 96419
191100 972 94641 1087 96459
191200 972 94698 1087 96502
191300 972 94764 1089 96536
191400 972 94811 1090 96589
191500 973 94864 1090 96636
191600 973 94913 1090 96687
191700 974 94962 1091 96738
191800 976 95021 1091 96779
191900 976 95069 1091 96831
192000 976 95125 1091 96875
192100 976 95181 1091 96919
192200 976 95244 1091 96956
192300 977 95297 1091 97003
192400 977 95324 1091 97076
192500 977 95367 1092 97133
192600 977 95419 1092 97181
192700 978 95468 1092 97232
192800 979 95540 1092 97260
192900 979 95587 1092 97313
193000 979 95616 1092 97384
193100 979 95640 1094 97460
193200 979 95711 1094 97489
193300 982 95780 1095 97520
193400 982 95818 1096 97582
193500 982 95866 1097 97634
193600 982 95912 1098 97688
193700 982 95962 1098 97738
193800 982 95986 1098 97814
193900 982 96010 1099 97890
194000 983 96058 1099 97942
194100 983 96107 1099 97993
194200 984 96155 1100 98045
194300 985 96204 1100 98096
194400 985 96246 1100 98154
194500 986 96295 1100 98205
194600 986 96343 1101 98257
194700 986 96368 1102 98332
194800 986 96418 1103 98382
194900 986 96455 1103 98445
195000 986 96517 1103 98483
195100 987 96559 1103 98541
195200 989 96588 1103 98612
195300 990 96654 1103 98646
195400 990 96703 1104 98697
195500 991 96759 1104 98741
195600 991 96807 1104 98793
195700 992 96855 1105 98845
195800 993 96915 1106 98885
195900 993 96988 1108 98912
196000 993 97034 1108 98966
196100 993 97083 1108 99017
196200 993 97134 1109 99066
196300 993 97181 1110 99119
196400 994 97227 1110 99173
196500 996 97292 1110 99208
196600 996 97351 1111 99249
196700 996 97403 1111 99297
196800 996 97439 1111 99361
196900 997 97484 1111 99416
197000 998 97531 1111 99469
197100 998 97573 1112 99527
197200 999 97622 1113 99578
197300 999 97690 1113 99610
197400 999 97739 1113 99661
197500 999 97783 1113 99717
197600 999 97842 1113 99758
197700 999 97908 1113 99792
197800 999 97957 1114 99843
197900 999 98006 1115 99894
198000 999 98055 1115 99945
198100 1000 98099 1116 100001
198200 1000 98156 1116 100044
198300 1000 98205 1116 100095
198400 1001 98278 1116 100122
198500 1002 98334 1117 100166
198600 1004 98383 1119 100217
198700 1004 98455 1119 100245
198800 1004 98510 1121 100290
198900 1005 98558 1121 100342
199000 1005 98598 1121 100402
199100 1005 98647 1122 100453
199200 1005 98720 1123 100480
199300 1005 98792 1123 100508
199400 1006 98862 1123 100538
199500 1007 98933 1124 100567
199600 1008 98972 1127 100628
199700 1008 98996 1127 100704
199800 1008 99038 1127 100762
199900 1008 99097 1128 100803
200000 1008 99143 1129 100857
