#! FIELDS timestep dup_succ dup_attempts kill_succ kill_attempts
#! SET timestep 0.5
#! SET kernel_bandwidth [0.45 0.45]
#! SET kt 1.0
100 67 101 77 899
200 143 267 170 1733
300 230 503 272 2497
400 307 831 355 3169
500 348 1242 410 3758
600 376 1705 455 4295
700 418 1764 514 5236
800 479 1869 592 6131
900 548 2039 670 6961
1000 620 2281 750 7719
1100 684 2596 821 8404
1200 742 2971 870 9029
1300 770 3197 897 9803
1400 785 3559 923 10441
1500 804 3786 935 11214
1600 804 4161 939 11839
1700 807 4586 946 12414
1800 811 5070 950 12930
1900 815 5638 951 13362
2000 818 6099 956 13901
2100 821 6628 958 14372
2200 826 7097 960 14903
2300 829 7615 963 15385
2400 833 8102 968 15898
2500 836 8751 969 16249
2600 838 9435 973 16565
2700 842 9927 978 17073
2800 846 10451 980 17549
2900 854 10935 983 18065
3000 858 11535 986 18465
3100 859 12010 991 18990
3200 864 12487 993 19513
3300 872 12996 994 20004
3400 874 13412 996 20588
3500 879 13840 998 21160
3600 880 14350 999 21650
3700 881 14761 1000 22239
3800 883 15356 1003 22644
3900 885 15860 1004 23140
4000 888 16364 1004 23636
4100 892 16921 1006 24079
4200 895 17416 1009 24584
4300 897 17899 1012 25101
4400 899 18438 1016 25562
4500 899 18953 1018 26047
4600 901 19383 1021 26617
4700 902 19762 1022 27238
4800 907 20229 1026 27771
4900 910 20756 1029 28244
5000 912 21291 1031 28709
5100 913 21840 1032 29160
5200 917 22352 1034 29648
5300 921 22808 1035 30192
5400 924 23265 1036 30735
5500 928 23728 1040 31272
5600 932 24231 1048 31769
5700 935 24781 1053 32219
5800 939 25278 1057 32722
5900 941 25734 1059 33266
6000 945 26220 1062 33780
6100 948 26688 1066 34312
6200 951 27132 1069 34868
6300 952 27773 1073 35227
6400 959 28283 1078 35717
6500 961 28800 1081 36200
6600 965 29448 1086 36552
6700 968 29960 1088 37040
6800 972 30465 1094 37535
6900 972 30968 1097 38032
7000 974 31439 1100 38561
7100 975 31844 1101 39156
7200 978 32299 1103 39701
7300 978 32859 1108 40141
7400 980 33386 1109 40614
7500 982 33945 1113 41055
7600 982 34470 1115 41530
7700 985 34951 1118 42049
7800 989 35459 1122 42541
7900 991 36023 1123 42977
8000 993 36500 1126 43500
8100 996 36994 1127 44006
8200 998 37522 1131 44478
8300 1000 38092 1136 44908
8400 1001 38693 1138 45307
8500 1009 39144 1142 45856
8600 1012 39569 1147 46431
8700 1014 40000 1149 47000
8800 1015 40560 1155 47440
8900 1019 41092 1157 47908
9000 1021 41588 1159 48412
9100 1021 42044 1162 48956
9200 1023 42493 1167 49507
9300 1026 42971 1172 50029
9400 1031 43518 1172 50482
9500 1033 44023 1178 50977
9600 1036 44583 1178 51417
9700 1041 45078 1180 51922
9800 1042 45583 1182 52417
9900 1043 46125 1183 52875
10000 1044 46586 1185 53414
10100 1047 46985 1188 54015
10200 1050 47419 1191 54581
10300 1052 47921 1193 55079
10400 1054 48342 1194 55658
10500 1056 48830 1196 56170
10600 1056 49196 1198 56804
10700 1059 49622 1199 57378
10800 1060 50029 1200 57971
10900 1061 50570 1202 58430
11000 1065 51016 1202 58984
11100 1066 51485 1202 59515
11200 1069 51906 1206 60094
11300 1070 52382 1207 60618
11400 1071 52940 1213 61060
11500 1075 53324 1213 61676
11600 1077 53883 1215 62117
11700 1079 54358 1220 62642
11800 1081 54935 1222 63065
11900 1082 55368 1223 63632
12000 1083 55833 1226 64167
12100 1085 56482 1227 64518
12200 1087 57051 1230 64949
12300 1090 57534 1237 65466
12400 1092 57992 1241 66008
12500 1093 58533 1243 66467
12600 1093 59091 1243 66909
12700 1097 59627 1245 67373
12800 1099 60124 1250 67876
12900 1100 60752 1251 68248
13000 1101 61159 1255 68841
13100 1102 61538 1255 69462
13200 1104 62052 1256 69948
13300 1111 62580 1257 70420
13400 1115 63187 1260 70813
13500 1115 63690 1260 71310
13600 1119 64220 1264 71780
13700 1120 64752 1267 72248
13800 1121 65116 1270 72884
13900 1126 65583 1272 73417
14000 1128 66122 1275 73878
14100 1129 66747 1276 74253
14200 1131 67275 1278 74725
14300 1139 67758 1287 75242
14400 1141 68264 1288 75736
14500 1143 68734 1290 76266
14600 1146 69241 1290 76759
14700 1146 69580 1292 77420
14800 1147 69988 1294 78012
14900 1151 70465 1296 78535
15000 1153 70980 1297 79020
15100 1156 71493 1299 79507
15200 1157 71984 1300 80016
15300 1157 72444 1300 80556
15400 1160 72944 1302 81056
15500 1161 73497 1305 81503
15600 1164 73961 1308 82039
15700 1166 74490 1314 82510
15800 1169 75052 1317 82948
15900 1172 75539 1319 83461
16000 1173 76002 1320 83998
16100 1176 76515 1327 84485
16200 1177 77013 1328 84987
16300 1178 77503 1331 85497
16400 1184 77987 1333 86013
16500 1188 78465 1337 86535
16600 1191 78849 1343 87151
16700 1196 79324 1345 87676
16800 1196 79909 1348 88091
16900 1202 80501 1349 88499
17000 1205 81001 1358 88999
17100 1206 81503 1361 89497
17200 1210 81922 1364 90078
17300 1215 82340 1366 90660
17400 1216 82659 1370 91341
17500 1218 83152 1375 91848
17600 1221 83688 1380 92312
17700 1223 84262 1382 92738
17800 1225 84725 1388 93275
17900 1228 85186 1392 93814
18000 1229 85687 1393 94313
18100 1233 86205 1394 94795
18200 1234 86586 1399 95414
18300 1234 87253 1401 95747
18400 1237 87767 1405 96233
18500 1241 88279 1405 96721
18600 1245 88675 1406 97325
18700 1249 89158 1408 97842
18800 1257 89624 1413 98376
18900 1262 90022 1416 98978
19000 1262 90560 1420 99440
19100 1262 91040 1423 99960
19200 1263 91398 1425 100602
19300 1265 91898 1428 101102
19400 1270 92497 1432 101503
19500 1274 93062 1434 101938
19600 1274 93525 1436 102475
19700 1275 94006 1441 102994
19800 1277 94455 1443 103545
19900 1279 95095 1444 103905
20000 1281 95542 1447 104458
20100 1287 96044 1450 104956
20200 1290 96578 1456 105422
20300 1293 97154 1457 105846
20400 1294 97792 1460 106208
20500 1297 98236 1465 106764
20600 1300 98711 1467 107289
20700 1305 99214 1471 107786
20800 1308 99786 1474 108214
20900 1311 100337 1478 108663
21000 1319 100865 1480 109135
21100 1323 101411 1484 109589
21200 1324 101938 1484 110062
21300 1326 102435 1487 110565
21400 1330 102927 1489 111073
21500 1334 103480 1490 111520
21600 1337 103942 1495 112058
21700 1341 104401 1497 112599
21800 1346 104865 1498 113135
21900 1350 105416 1500 113584
22000 1355 105909 1501 114091
22100 1358 106316 1502 114684
22200 1359 106961 1502 115039
22300 1362 107445 1503 115555
22400 1363 107830 1504 116170
22500 1371 108310 1508 116690
22600 1371 108801 1510 117199
22700 1373 109300 1516 117700
22800 1374 109734 1517 118266
22900 1377 110252 1520 118748
23000 1380 110758 1523 119242
23100 1381 111346 1525 119654
23200 1382 111899 1527 120101
23300 1386 112484 1529 120516
23400 1391 112932 1529 121068
23500 1393 113497 1529 121503
23600 1393 114051 1531 121949
23700 1396 114446 1532 122554
23800 1400 115070 1536 122930
23900 1401 115577 1537 123423
24000 1405 116068 1538 123932
24100 1411 116604 1542 124396
24200 1413 117040 1547 124960
24300 1415 117483 1554 125517
24400 1417 117954 1559 126046
24500 1419 118510 1562 126490
24600 1421 119013 1563 126987
24700 1425 119605 1569 127395
24800 1425 120126 1574 127874
24900 1426 120705 1574 128295
25000 1426 121176 1575 128824
25100 1429 121631 1576 129369
25200 1430 122073 1578 129927
25300 1432 122548 1587 130452
25400 1436 123091 1588 130909
25500 1438 123495 1589 131505
25600 1442 123993 1593 132007
25700 1443 124533 1595 132467
25800 1447 125040 1597 132960
25900 1447 125487 1602 133513
26000 1447 126103 1608 133897
26100 1449 126691 1611 134309
26200 1455 127230 1616 134770
26300 1457 127916 1620 135084
26400 1462 128353 1623 135647
26500 1468 128904 1627 136096
26600 1470 129319 1630 136681
26700 1472 129886 1637 137114
26800 1476 130372 1638 137628
26900 1479 130910 1639 138090
27000 1482 131453 1644 138547
27100 1485 131860 1645 139140
27200 1485 132374 1647 139626
27300 1487 132791 1647 140209
27400 1489 133270 1650 140730
27500 1490 133819 1652 141181
27600 1492 134279 1653 141721
27700 1493 134775 1654 142225
27800 1497 135334 1654 142666
27900 1499 135961 1656 143039
28000 1500 136408 1657 143592
28100 1501 136841 1660 144159
28200 1506 137375 1664 144625
28300 1509 137843 1667 145157
28400 1510 138448 1670 145552
28500 1513 138954 1670 146046
28600 1515 139461 1672 146539
28700 1517 139903 1672 147097
28800 1522 140306 1680 147694
28900 1523 140798 1680 148202
29000 1525 141306 1684 148694
29100 1536 141768 1689 149232
29200 1538 142133 1691 149867
29300 1539 142572 1696 150428
29400 1540 142977 1697 151023
29500 1541 143430 1699 151570
29600 1547 143932 1702 152068
29700 1550 144469 1705 152531
29800 1553 144926 1707 153074
29900 1555 145451 1708 153549
30000 1559 145957 1710 154043
30100 1561 146313 1713 154687
30200 1563 146869 1715 155131
30300 1566 147498 1719 155502
30400 1567 148002 1721 155998
30500 1569 148441 1724 156559
30600 1571 148908 1725 157092
30700 1571 149457 1725 157543
30800 1574 150001 1726 157999
30900 1580 150447 1728 158553
31000 1583 150971 1730 159029
31100 1586 151550 1735 159450
31200 1587 152017 1735 159983
31300 1591 152584 1737 160416
31400 1593 153174 1737 160826
31500 1596 153724 1742 161276
31600 1600 154210 1746 161790
31700 1608 154690 1749 162310
31800 1610 155132 1750 162868
31900 1611 155622 1753 163378
32000 1616 156081 1755 163919
32100 1616 156552 1757 164448
32200 1622 157008 1761 164992
32300 1625 157655 1763 165345
32400 1630 158112 1765 165888
32500 1631 158640 1767 166360
32600 1633 159113 1770 166887
32700 1634 159687 1772 167313
32800 1636 160180 1773 167820
32900 1637 160746 1776 168254
33000 1638 161282 1779 168718
33100 1641 161837 1782 169163
33200 1643 162430 1784 169570
33300 1645 162948 1785 170052
33400 1647 163483 1787 170517
33500 1653 163977 1790 171023
33600 1656 164463 1794 171537
33700 1661 165003 1796 171997
33800 1663 165590 1798 172410
33900 1663 166085 1802 172915
34000 1665 166535 1804 173465
34100 1667 167005 1807 173995
34200 1669 167508 1809 174492
34300 1671 167874 1809 175126
34400 1676 168450 1813 175550
34500 1681 168975 1818 176025
34600 1683 169482 1819 176518
34700 1683 170004 1819 176996
34800 1687 170490 1822 177510
34900 1690 170895 1826 178105
35000 1694 171469 1832 178531
35100 1695 171857 1833 179143
35200 1697 172384 1835 179616
35300 1698 172929 1838 180071
35400 1698 173410 1841 180590
35500 1703 173925 1842 181075
35600 1705 174437 1846 181563
35700 1706 175101 1849 181899
35800 1708 175513 1852 182487
35900 1710 176047 1856 182953
36000 1713 176467 1857 183533
36100 1715 176926 1860 184074
36200 1715 177486 1864 184514
36300 1717 177889 1870 185111
36400 1718 178339 1875 185661
36500 1721 178871 1876 186129
36600 1722 179262 1877 186738
36700 1723 179949 1879 187051
36800 1726 180484 1882 187516
36900 1727 180880 1884 188120
37000 1728 181382 1886 188618
37100 1733 181793 1890 189207
37200 1735 182290 1892 189710
37300 1736 182833 1895 190167
37400 1739 183361 1895 190639
37500 1746 183891 1897 191109
37600 1747 184459 1901 191541
37700 1748 184885 1902 192115
37800 1751 185457 1902 192543
37900 1752 185962 1906 193038
38000 1755 186505 1907 193495
38100 1755 186994 1907 194006
38200 1758 187547 1909 194453
38300 1760 187968 1910 195032
38400 1767 188454 1912 195546
38500 1771 188936 1914 196064
38600 1773 189479 1915 196521
38700 1779 190013 1917 196987
38800 1780 190523 1917 197477
38900 1783 191017 1921 197983
39000 1788 191542 1925 198458
39100 1788 192037 1927 198963
39200 1788 192628 1930 199372
39300 1789 193133 1936 199867
39400 1789 193525 1938 200475
39500 1791 194084 1938 200916
39600 1793 194541 1941 201459
39700 1796 195029 1944 201971
39800 1798 195560 1946 202440
39900 1802 196036 1952 202964
40000 1804 196536 1954 203464
40100 1806 197052 1954 203948
40200 1811 197499 1954 204501
40300 1814 198054 1955 204946
40400 1818 198520 1961 205480
40500 1821 199073 1965 205927
40600 1823 199728 1968 206272
40700 1823 200240 1968 206760
40800 1829 200758 1969 207242
40900 1832 201347 1971 207653
41000 1834 201825 1974 208175
41100 1835 202388 1976 208612
41200 1836 202908 1981 209092
41300 1838 203399 1981 209601
41400 1841 203870 1985 210130
41500 1846 204380 1988 210620
41600 1849 204986 1992 211014
41700 1852 205465 1993 211535
41800 1856 206011 1996 211989
41900 1859 206488 1998 212512
42000 1861 206982 2001 213018
42100 1866 207568 2002 213432
42200 1867 208018 2008 213982
42300 1868 208552 2008 214448
42400 1870 208983 2009 215017
42500 1873 209489 2011 215511
42600 1876 210023 2014 215977
42700 1879 210601 2018 216399
42800 1881 211017 2021 216983
42900 1884 211493 2024 217507
43000 1885 211943 2025 218057
43100 1886 212470 2026 218530
43200 1888 212996 2030 219004
43300 1891 213505 2031 219495
43400 1893 213935 2032 220065
43500 1895 214487 2037 220513
43600 1898 215030 2042 220970
43700 1901 215496 2047 221504
43800 1904 215927 2051 222073
43900 1906 216328 2051 222672
44000 1907 216810 2052 223190
44100 1912 217152 2055 223848
44200 1914 217793 2058 224207
44300 1918 218246 2064 224754
44400 1920 218728 2067 225272
44500 1922 219218 2069 225782
44600 1924 219756 2070 226244
44700 1926 220282 2070 226718
44800 1928 220844 2071 227156
44900 1930 221280 2076 227720
45000 1932 221832 2078 228168
45100 1934 222410 2082 228590
45200 1936 222834 2087 229166
45300 1936 223262 2088 229738
45400 1938 223713 2094 230287
45500 1940 224258 2094 230742
45600 1945 224781 2097 231219
45700 1947 225343 2099 231657
45800 1950 225858 2100 232142
45900 1954 226466 2103 232534
46000 1958 226846 2108 233154
46100 1963 227331 2112 233669
46200 1964 227904 2115 234096
46300 1965 228539 2119 234461
46400 1967 229088 2120 234912
46500 1971 229517 2122 235483
46600 1976 230086 2124 235914
46700 1980 230553 2126 236447
46800 1983 231040 2133 236960
46900 1983 231542 2134 237458
47000 1985 232072 2139 237928
47100 1989 232540 2142 238460
47200 1992 232965 2143 239035
47300 1995 233429 2149 239571
47400 1997 233929 2150 240071
47500 2002 234405 2152 240595
47600 2005 234915 2157 241085
47700 2006 235393 2158 241607
47800 2010 235831 2163 242169
47900 2010 236346 2167 242654
48000 2013 236902 2170 243098
48100 2018 237415 2172 243585
48200 2018 237824 2176 244176
48300 2020 238264 2181 244736
48400 2027 238746 2182 245254
48500 2034 239196 2187 245804
48600 2038 239697 2189 246303
48700 2039 240082 2195 246918
48800 2043 240440 2199 247560
48900 2045 241042 2206 247958
49000 2045 241588 2208 248412
49100 2047 242254 2212 248746
49200 2050 242787 2219 249213
49300 2053 243188 2222 249812
49400 2055 243729 2223 250271
49500 2057 244265 2229 250735
49600 2059 244700 2231 251300
49700 2064 245201 2235 251799
49800 2066 245707 2238 252293
49900 2069 246220 2243 252780
50000 2070 246633 2245 253367
50100 2070 247155 2248 253845
50200 2071 247566 2254 254434
50300 2075 247894 2257 255106
50400 2079 248397 2259 255603
50500 2083 248938 2261 256062
50600 2091 249405 2264 256595
50700 2094 249874 2268 257126
50800 2096 250420 2269 257580
50900 2098 250900 2276 258100
51000 2102 251375 2278 258625
51100 2103 251985 2282 259015
51200 2108 252445 2291 259555
51300 2111 252960 2295 260040
51400 2114 253370 2295 260630
51500 2116 253923 2298 261077
51600 2117 254489 2299 261511
51700 2120 254909 2300 262091
51800 2121 255374 2304 262626
51900 2121 255816 2305 263184
52000 2123 256332 2310 263668
52100 2125 256980 2315 264020
52200 2128 257473 2319 264527
52300 2130 257893 2324 265107
52400 2130 258284 2326 265716
52500 2130 258831 2328 266169
52600 2131 259370 2329 266630
52700 2136 259940 2333 267060
52800 2137 260485 2340 267515
52900 2142 260967 2343 268033
53000 2142 261563 2346 268437
53100 2142 262092 2349 268908
53200 2145 262615 2349 269385
53300 2147 262999 2350 270001
53400 2152 263499 2351 270501
53500 2154 263941 2351 271059
53600 2157 264499 2351 271501
53700 2162 265089 2353 271911
53800 2164 265571 2354 272429
53900 2172 266104 2355 272896
54000 2174 266583 2356 273417
54100 2179 267219 2359 273781
54200 2182 267770 2362 274230
54300 2183 268248 2364 274752
54400 2184 268754 2367 275246
54500 2186 269281 2373 275719
54600 2189 269837 2378 276163
54700 2192 270348 2381 276652
54800 2195 270778 2384 277222
54900 2198 271305 2389 277695
55000 2202 271752 2391 278248
55100 2204 272271 2394 278729
55200 2205 272677 2397 279323
55300 2208 273228 2401 279772
55400 2209 273764 2407 280236
55500 2210 274239 2410 280761
55600 2214 274752 2413 281248
55700 2217 275153 2414 281847
55800 2218 275814 2419 282186
55900 2220 276276 2419 282724
56000 2223 276747 2421 283253
56100 2223 277224 2422 283776
56200 2224 277743 2425 284257
56300 2228 278204 2428 284796
56400 2231 278679 2431 285321
56500 2231 279177 2432 285823
56600 2234 279740 2435 286260
56700 2235 280253 2436 286747
56800 2236 280654 2438 287346
56900 2238 281176 2440 287824
57000 2239 281754 2442 288246
57100 2242 282361 2443 288639
57200 2247 283010 2448 288990
57300 2248 283461 2450 289539
57400 2251 283971 2455 290029
57500 2251 284411 2456 290589
57600 2253 284808 2461 291192
57700 2258 285336 2463 291664
57800 2262 285878 2464 292122
57900 2265 286393 2465 292607
58000 2268 286748 2470 293252
58100 2277 287224 2471 293776
58200 2277 287634 2476 294366
58300 2280 288121 2482 294879
58400 2285 288725 2486 295275
58500 2286 289276 2490 295724
58600 2287 289862 2491 296138
58700 2290 290357 2493 296643
58800 2296 290907 2494 297093
58900 2296 291378 2497 297622
59000 2296 291956 2499 298044
59100 2297 292463 2505 298537
59200 2302 292933 2507 299067
59300 2304 293446 2507 299554
59400 2306 294006 2509 299994
59500 2310 294540 2511 300460
59600 2314 295084 2513 300916
59700 2317 295616 2519 301384
59800 2325 296015 2523 301985
59900 2326 296525 2524 302475
60000 2330 297098 2525 302902
60100 2333 297507 2529 303493
60200 2339 298063 2532 303937
60300 2342 298573 2534 304427
60400 2344 299070 2536 304930
60500 2344 299622 2539 305378
60600 2345 300270 2542 305730
60700 2345 300686 2546 306314
60800 2348 301226 2548 306774
60900 2350 301765 2551 307235
61000 2355 302244 2553 307756
61100 2356 302771 2555 308229
61200 2358 303257 2558 308743
61300 2360 303693 2560 309307
61400 2361 304204 2563 309796
61500 2365 304670 2567 310330
61600 2369 305297 2568 310703
61700 2370 305832 2569 311168
61800 2372 306302 2573 311698
61900 2376 306773 2576 312227
62000 2379 307216 2580 312784
62100 2383 307762 2582 313238
62200 2385 308269 2585 313731
62300 2388 308776 2588 314224
62400 2390 309321 2590 314679
62500 2390 309887 2596 315113
62600 2392 310365 2598 315635
62700 2393 310881 2602 316119
62800 2397 311421 2604 316579
62900 2400 311986 2605 317014
63000 2406 312516 2608 317484
63100 2411 313026 2610 317974
63200 2414 313632 2612 318368
63300 2416 313962 2617 319038
63400 2419 314450 2619 319550
63500 2421 315006 2622 319994
63600 2424 315467 2624 320533
63700 2425 315902 2624 321098
63800 2426 316518 2625 321482
63900 2430 317058 2631 321942
64000 2432 317579 2632 322421
64100 2434 318023 2634 322977
64200 2439 318518 2635 323482
64300 2443 318891 2637 324109
64400 2444 319315 2641 324685
64500 2449 319935 2643 325065
64600 2455 320512 2648 325488
64700 2456 321128 2649 325872
64800 2458 321618 2652 326382
64900 2462 322094 2656 326906
65000 2465 322541 2658 327459
65100 2468 323138 2658 327862
65200 2471 323556 2660 328444
65300 2472 324093 2664 328907
65400 2474 324439 2665 329561
65500 2475 324960 2669 330040
65600 2483 325374 2675 330626
65700 2487 325953 2679 331047
65800 2488 326427 2683 331573
65900 2492 327003 2685 331997
66000 2492 327536 2687 332464
66100 2495 328139 2689 332861
66200 2498 328624 2691 333376
66300 2501 328969 2695 334031
66400 2505 329354 2700 334646
66500 2512 329817 2704 335183
66600 2513 330370 2707 335630
66700 2516 330893 2709 336107
66800 2518 331404 2713 336596
66900 2520 332007 2714 336993
67000 2523 332522 2715 337478
67100 2528 333198 2720 337802
67200 2529 333751 2721 338249
67300 2531 334215 2722 338785
67400 2532 334697 2722 339303
67500 2533 335192 2725 339808
67600 2534 335742 2726 340258
67700 2534 336231 2730 340769
67800 2534 336737 2730 341263
67900 2535 337246 2731 341754
68000 2538 337744 2736 342256
68100 2543 338145 2738 342855
68200 2546 338714 2743 343286
68300 2549 339122 2745 343878
68400 2554 339585 2746 344415
68500 2556 340027 2751 344973
68600 2557 340574 2754 345426
68700 2562 341216 2758 345784
68800 2567 341773 2763 346227
68900 2568 342265 2765 346735
69000 2573 342750 2766 347250
69100 2575 343225 2768 347775
69200 2577 343809 2768 348191
69300 2578 344307 2774 348693
69400 2584 344823 2775 349177
69500 2588 345265 2777 349735
69600 2591 345793 2780 350207
69700 2593 346311 2782 350689
69800 2594 346932 2785 351068
69900 2596 347502 2787 351498
70000 2598 348090 2788 351910
70100 2598 348647 2788 352353
70200 2603 349133 2795 352867
70300 2606 349715 2796 353285
70400 2608 350236 2799 353764
70500 2612 350851 2804 354149
70600 2616 351365 2807 354635
70700 2621 351900 2810 355100
70800 2625 352425 2815 355575
70900 2633 352895 2824 356105
71000 2637 353347 2830 356653
71100 2640 353866 2831 357134
71200 2643 354370 2832 357630
71300 2647 355001 2835 357999
71400 2649 355612 2838 358388
71500 2650 356063 2839 358937
71600 2652 356515 2841 359485
71700 2655 357023 2843 359977
71800 2656 357478 2844 360522
71900 2658 357970 2846 361030
72000 2661 358467 2846 361533
72100 2662 358855 2849 362145
72200 2663 359423 2853 362577
72300 2666 360035 2858 362965
72400 2669 360462 2860 363538
72500 2673 361088 2863 363912
72600 2675 361675 2865 364325
72700 2678 362209 2867 364791
72800 2681 362643 2868 365357
72900 2686 363087 2868 365913
73000 2687 363542 2874 366458
73100 2691 364006 2877 366994
73200 2692 364506 2879 367494
73300 2693 365003 2882 367997
73400 2695 365506 2883 368494
73500 2695 365996 2885 369004
73600 2698 366531 2888 369469
73700 2701 366976 2890 370024
73800 2704 367459 2891 370541
73900 2706 367939 2893 371061
74000 2708 368459 2896 371541
74100 2709 368905 2898 372095
74200 2717 369442 2900 372558
74300 2721 369955 2901 373045
74400 2725 370332 2902 373668
74500 2730 370726 2910 374274
74600 2733 371142 2917 374858
74700 2733 371702 2924 375298
74800 2736 372220 2925 375780
74900 2739 372709 2927 376291
75000 2739 373153 2931 376847
75100 2741 373547 2934 377453
75200 2746 374027 2934 377973
75300 2748 374526 2940 378474
75400 2750 375000 2945 379000
75500 2754 375482 2946 379518
75600 2755 375937 2951 380063
75700 2759 376488 2956 380512
75800 2762 376990 2960 381010
75900 2763 377513 2963 381487
76000 2765 378085 2966 381915
76100 2765 378718 2967 382282
76200 2768 379244 2968 382756
76300 2774 379689 2972 383311
76400 2781 380300 2975 383700
76500 2786 380730 2979 384270
76600 2792 381158 2980 384842
76700 2794 381634 2984 385366
76800 2797 382121 2986 385879
76900 2798 382643 2988 386357
77000 2802 383140 2990 386860
77100 2803 383629 2992 387371
77200 2806 384152 2996 387848
77300 2808 384600 2998 388400
77400 2813 385085 3001 388915
77500 2815 385564 3001 389436
77600 2819 386038 3010 389962
77700 2822 386469 3015 390531
77800 2824 386812 3015 391188
77900 2827 387215 3018 391785
78000 2834 387657 3023 392343
78100 2835 388165 3027 392835
78200 2835 388746 3029 393254
78300 2839 389258 3030 393742
78400 2841 389800 3031 394200
78500 2845 390282 3034 394718
78600 2847 390633 3036 395367
78700 2851 391239 3039 395761
78800 2856 391858 3043 396142
78900 2859 392289 3046 396711
79000 2860 392786 3046 397214
79100 2861 393296 3050 397704
79200 2864 393838 3051 398162
79300 2866 394330 3054 398670
79400 2868 394827 3056 399173
79500 2870 395312 3061 399688
79600 2872 395776 3063 400224
79700 2874 396283 3067 400717
79800 2875 396772 3072 401228
79900 2877 397271 3077 401729
80000 2879 397731 3077 402269
80100 2882 398296 3081 402704
80200 2886 398828 3083 403172
80300 2889 399238 3086 403762
80400 2891 399704 3087 404296
80500 2893 400202 3087 404798
80600 2895 400671 3089 405329
80700 2898 401218 3094 405782
80800 2902 401748 3098 406252
80900 2908 402247 3100 406753
81000 2910 402725 3100 407275
81100 2912 403257 3105 407743
81200 2919 403710 3105 408290
81300 2920 404192 3105 408808
81400 2926 404799 3108 409201
81500 2929 405243 3113 409757
81600 2931 405776 3116 410224
81700 2933 406229 3120 410771
81800 2934 406714 3125 411286
81900 2938 407129 3128 411871
82000 2942 407587 3131 412413
82100 2946 408132 3134 412868
82200 2948 408648 3137 413352
82300 2949 409201 3138 413799
82400 2949 409694 3139 414306
82500 2954 410215 3140 414785
82600 2958 410678 3143 415322
82700 2958 411228 3143 415772
82800 2960 411695 3150 416305
82900 2965 412203 3151 416797
83000 2968 412778 3152 417222
83100 2971 413273 3155 417727
83200 2972 413767 3160 418233
83300 2974 414225 3162 418775
83400 2978 414751 3163 419249
83500 2979 415200 3163 419800
83600 2980 415682 3167 420318
83700 2988 416178 3176 420822
83800 2990 416768 3178 421232
83900 2991 417245 3179 421755
84000 2995 417648 3180 422352
84100 3000 418043 3184 422957
84200 3004 418429 3188 423571
84300 3007 418916 3190 424084
84400 3008 419466 3192 424534
84500 3010 420015 3193 424985
84600 3015 420619 3196 425381
84700 3020 421115 3196 425885
84800 3022 421566 3198 426434
84900 3024 421982 3198 427018
85000 3027 422604 3201 427396
85100 3028 423169 3202 427831
85200 3030 423754 3204 428246
85300 3030 424342 3205 428658
85400 3031 424717 3207 429283
85500 3033 425215 3209 429785
85600 3038 425637 3211 430363
85700 3039 426074 3215 430926
85800 3043 426721 3219 431279
85900 3044 427240 3223 431760
86000 3051 427705 3226 432295
86100 3053 428388 3230 432612
86200 3055 428758 3233 433242
86300 3061 429411 3236 433589
86400 3068 429909 3239 434091
86500 3069 430385 3240 434615
86600 3072 430770 3242 435230
86700 3074 431270 3244 435730
86800 3074 431858 3249 436142
86900 3077 432398 3254 436602
87000 3079 432961 3254 437039
87100 3080 433357 3257 437643
87200 3082 433911 3260 438089
87300 3085 434370 3264 438630
87400 3085 434887 3270 439113
87500 3085 435384 3272 439616
87600 3086 435839 3272 440161
87700 3090 436393 3275 440607
87800 3092 436909 3278 441091
87900 3094 437379 3279 441621
88000 3096 437898 3282 442102
88100 3100 438429 3284 442571
88200 3101 438859 3288 443141
88300 3103 439260 3289 443740
88400 3105 439766 3291 444234
88500 3109 440304 3292 444696
88600 3112 440829 3297 445171
88700 3112 441309 3298 445691
88800 3116 441774 3304 446226
88900 3118 442338 3305 446662
89000 3120 442849 3310 447151
89100 3123 443316 3313 447684
89200 3127 443837 3321 448163
89300 3130 444233 3324 448767
89400 3131 444649 3327 449351
89500 3137 445186 3328 449814
89600 3137 445697 3329 450303
89700 3141 446260 3332 450740
89800 3146 446731 3335 451269
89900 3147 447170 3337 451830
90000 3149 447671 3341 452329
90100 3152 448238 3342 452762
90200 3154 448720 3345 453280
90300 3157 449211 3346 453789
90400 3159 449703 3348 454297
90500 3160 450166 3350 454834
90600 3161 450666 3351 455334
90700 3168 451185 3353 455815
90800 3170 451645 3355 456355
90900 3179 452131 3357 456869
91000 3183 452602 3362 457398
91100 3183 453100 3365 457900
91200 3183 453557 3367 458443
91300 3187 454055 3367 458945
91400 3188 454577 3372 459423
91500 3189 455072 3376 459928
91600 3192 455566 3381 460434
91700 3196 456057 3383 460943
91800 3201 456453 3383 461547
91900 3203 456931 3386 462069
92000 3203 457486 3389 462514
92100 3204 458019 3392 462981
92200 3208 458605 3396 463395
92300 3211 459125 3397 463875
92400 3214 459678 3401 464322
92500 3216 460125 3404 464875
92600 3220 460539 3407 465461
92700 3220 461016 3412 465984
92800 3222 461537 3412 466463
92900 3223 461999 3417 467001
93000 3223 462467 3417 467533
93100 3224 462955 3419 468045
93200 3225 463483 3420 468517
93300 3226 463836 3423 469164
93400 3226 464333 3428 469667
93500 3227 464916 3429 470084
93600 3227 465433 3429 470567
93700 3233 465996 3431 471004
93800 3237 466602 3437 471398
93900 3240 467092 3440 471908
94000 3245 467511 3443 472489
94100 3247 467974 3446 473026
94200 3250 468593 3448 473407
94300 3252 469088 3449 473912
94400 3257 469591 3451 474409
94500 3262 470068 3453 474932
94600 3265 470674 3458 475326
94700 3270 471139 3460 475861
94800 3273 471723 3465 476277
94900 3277 472277 3466 476723
95000 3279 472719 3468 477281
95100 3283 473149 3468 477851
95200 3286 473695 3468 478305
95300 3288 474189 3472 478811
95400 3289 474555 3473 479445
95500 3290 475035 3477 479965
95600 3291 475517 3478 480483
95700 3292 475961 3480 481039
95800 3293 476487 3485 481513
95900 3294 476933 3493 482067
96000 3297 477309 3495 482691
96100 3298 477780 3499 483220
96200 3302 478211 3502 483789
96300 3305 478716 3505 484284
96400 3309 479230 3506 484770
96500 3314 479711 3509 485289
96600 3319 480133 3511 485867
96700 3321 480631 3514 486369
96800 3323 481032 3514 486968
96900 3329 481555 3516 487445
97000 3332 482103 3516 487897
97100 3333 482599 3518 488401
97200 3337 483068 3518 488932
97300 3338 483644 3520 489356
97400 3342 484145 3523 489855
97500 3344 484659 3526 490341
97600 3347 485202 3529 490798
97700 3349 485718 3532 491282
97800 3350 486180 3537 491820
97900 3353 486705 3540 492295
98000 3354 487093 3542 492907
98100 3356 487590 3548 493410
98200 3359 488084 3548 493916
98300 3364 488571 3553 494429
98400 3370 488972 3558 495028
98500 3373 489598 3564 495402
98600 3376 490134 3564 495866
98700 3380 490684 3567 496316
98800 3384 491148 3568 496852
98900 3387 491647 3572 497353
99000 3396 492120 3572 497880
99100 3399 492664 3574 498336
99200 3404 493189 3582 498811
99300 3408 493702 3584 499298
99400 3408 494226 3586 499774
99500 3411 494766 3588 500234
99600 3414 495202 3593 500798
99700 3417 495816 3593 501184
99800 3420 496297 3596 501703
99900 3424 496788 3600 502212
100000 3427 497265 3602 502735
100100 3431 497755 3605 503245
100200 3433 498219 3606 503781
100300 3438 498651 3608 504349
100400 3444 499104 3610 504896
100500 3446 499616 3611 505384
100600 3448 500205 3614 505795
100700 3452 500721 3618 506279
100800 3456 501203 3619 506797
100900 3458 501670 3622 507330
101000 3461 502177 3627 507823
101100 3465 502725 3630 508275
101200 3467 503137 3634 508863
101300 3469 503517 3640 509483
101400 3472 504030 3644 509970
101500 3475 504588 3648 510412
101600 3479 505153 3654 510847
101700 3485 505648 3657 511352
101800 3485 506103 3661 511897
101900 3486 506632 3662 512368
102000 3487 507048 3667 512952
102100 3489 507620 3668 513380
102200 3491 508108 3669 513892
102300 3493 508505 3674 514495
102400 3496 508922 3680 515078
102500 3499 509363 3682 515637
102600 3500 509868 3683 516132
102700 3502 510353 3685 516647
102800 3503 510837 3690 517163
102900 3505 511395 3691 517605
103000 3507 511937 3697 518063
103100 3510 512441 3699 518559
103200 3513 512995 3700 519005
103300 3517 513418 3703 519582
103400 3520 513757 3703 520243
103500 3524 514117 3705 520883
103600 3526 514675 3710 521325
103700 3531 515209 3710 521791
103800 3534 515677 3715 522323
103900 3536 516173 3716 522827
104000 3540 516648 3718 523352
104100 3542 517168 3720 523832
104200 3546 517695 3721 524305
104300 3550 518205 3723 524795
104400 3550 518764 3725 525236
104500 3552 519256 3729 525744
104600 3553 519759 3733 526241
104700 3556 520047 3734 526953
104800 3558 520471 3735 527529
104900 3561 521029 3736 527971
105000 3561 521453 3743 528547
105100 3562 521959 3744 529041
105200 3568 522431 3745 529569
105300 3572 523035 3746 529965
105400 3573 523457 3747 530543
105500 3574 523977 3748 531023
105600 3576 524482 3751 531518
105700 3578 524836 3753 532164
105800 3582 525285 3753 532715
105900 3583 525862 3754 533138
106000 3583 526296 3755 533704
106100 3587 526751 3757 534249
106200 3592 527280 3758 534720
106300 3594 527733 3761 535267
106400 3600 528230 3764 535770
106500 3603 528807 3766 536193
106600 3608 529319 3767 536681
106700 3609 529814 3770 537186
106800 3613 530323 3771 537677
106900 3618 530763 3774 538237
107000 3619 531281 3777 538719
107100 3620 531757 3779 539243
107200 3624 532267 3783 539733
107300 3625 532861 3784 540139
107400 3628 533438 3786 540562
107500 3630 533905 3787 541095
107600 3634 534413 3788 541587
107700 3637 534943 3791 542057
107800 3637 535557 3792 542443
107900 3641 536073 3794 542927
108000 3642 536570 3796 543430
108100 3644 537020 3800 543980
108200 3648 537570 3802 544430
108300 3649 537985 3804 545015
108400 3649 538525 3805 545475
108500 3650 538995 3808 546005
108600 3654 539592 3810 546408
108700 3660 540119 3817 546881
108800 3666 540730 3821 547270
108900 3669 541288 3822 547712
109000 3674 541709 3826 548291
109100 3678 542284 3829 548716
109200 3681 542774 3830 549226
109300 3685 543416 3835 549584
109400 3688 543885 3837 550115
109500 3692 544383 3837 550617
109600 3698 544899 3842 551101
109700 3699 545352 3844 551648
109800 3701 545842 3846 552158
109900 3702 546349 3849 552651
110000 3705 546779 3851 553221
110100 3712 547358 3855 553642
110200 3712 547907 3856 554093
110300 3714 548508 3862 554492
110400 3717 549049 3866 554951
110500 3720 549616 3866 555384
110600 3721 550147 3867 555853
110700 3725 550685 3868 556315
110800 3726 551158 3871 556842
110900 3726 551734 3874 557266
111000 3727 552216 3875 557784
111100 3732 552783 3878 558217
111200 3735 553252 3885 558748
111300 3743 553778 3886 559222
111400 3744 554330 3890 559670
111500 3746 554864 3892 560136
111600 3749 555357 3894 560643
111700 3750 555797 3897 561203
111800 3753 556298 3898 561702
111900 3754 556872 3899 562128
112000 3756 557360 3899 562640
112100 3759 557840 3900 563160
112200 3764 558328 3903 563672
112300 3764 558936 3905 564064
112400 3765 559455 3908 564545
112500 3769 559917 3910 565083
112600 3771 560448 3912 565552
112700 3774 560915 3915 566085
112800 3778 561394 3917 566606
112900 3783 561833 3919 567167
113000 3787 562398 3921 567602
113100 3788 562880 3925 568120
113200 3790 563359 3928 568641
113300 3793 563868 3932 569132
113400 3795 564333 3935 569667
113500 3798 564825 3939 570175
113600 3800 565299 3940 570701
113700 3803 565765 3944 571235
113800 3810 566195 3948 571805
113900 3810 566535 3949 572465
114000 3810 567084 3950 572916
114100 3813 567539 3953 573461
114200 3818 568042 3955 573958
114300 3820 568681 3961 574319
114400 3820 568996 3963 575004
114500 3821 569577 3964 575423
114600 3824 570114 3967 575886
114700 3826 570604 3971 576396
114800 3829 571246 3975 576754
114900 3832 571731 3976 577269
115000 3832 572210 3976 577790
115100 3834 572668 3977 578332
115200 3838 573261 3981 578739
115300 3840 573833 3981 579167
115400 3842 574377 3983 579623
115500 3844 574873 3984 580127
115600 3847 575391 3987 580609
115700 3849 575805 3991 581195
115800 3849 576331 3994 581669
115900 3851 576841 3995 582159
116000 3852 577361 3997 582639
116100 3857 577809 4008 583191
116200 3861 578331 4011 583669
116300 3863 578977 4014 584023
116400 3869 579544 4019 584456
116500 3871 579992 4021 585008
116600 3873 580416 4023 585584
116700 3876 580885 4025 586115
116800 3877 581485 4028 586515
116900 3878 581999 4031 587001
117000 3879 582627 4033 587373
117100 3880 583143 4036 587857
117200 3882 583611 4038 588389
117300 3887 584076 4042 588924
117400 3890 584583 4044 589417
117500 3899 585156 4049 589844
117600 3905 585627 4053 590373
117700 3910 586170 4065 590830
117800 3914 586728 4066 591272
117900 3917 587282 4070 591718
118000 3919 587760 4071 592240
118100 3921 588135 4073 592865
118200 3921 588628 4076 593372
118300 3922 589159 4076 593841
118400 3928 589816 4080 594184
118500 3929 590468 4081 594532
118600 3932 591064 4084 594936
118700 3936 591566 4088 595434
118800 3937 592147 4091 595853
118900 3939 592533 4092 596467
119000 3941 592974 4098 597026
119100 3942 593473 4102 597527
119200 3944 594012 4105 597988
119300 3948 594428 4109 598572
119400 3950 594953 4110 599047
119500 3951 595382 4113 599618
119600 3951 595944 4114 600056
119700 3955 596418 4115 600582
119800 3959 596919 4122 601081
119900 3960 597259 4122 601741
120000 3963 597828 4124 602172
120100 3965 598358 4126 602642
120200 3965 598903 4126 603097
120300 3967 599470 4126 603530
120400 3970 600013 4128 603987
120500 3973 600470 4131 604530
120600 3977 601069 4135 604931
120700 3982 601558 4137 605442
120800 3986 602060 4139 605940
120900 3990 602589 4139 606411
121000 3994 603146 4143 606854
121100 4000 603654 4144 607346
121200 4002 604164 4145 607836
121300 4005 604833 4152 608167
121400 4007 605324 4157 608676
121500 4010 605972 4159 609028
121600 4014 606525 4160 609475
121700 4016 606985 4163 610015
121800 4017 607543 4166 610457
121900 4021 608055 4167 610945
122000 4025 608584 4170 611416
122100 4029 609136 4172 611864
122200 4032 609733 4175 612267
122300 4033 610276 4178 612724
122400 4035 610782 4181 613218
122500 4038 611181 4184 613819
122600 4040 611651 4185 614349
122700 4045 612094 4188 614906
122800 4050 612608 4191 615392
122900 4056 613036 4195 615964
123000 4066 613570 4201 616430
123100 4067 614057 4206 616943
123200 4068 614489 4207 617511
123300 4069 614994 4212 618006
123400 4072 615554 4217 618446
123500 4078 616076 4221 618924
123600 4083 616643 4224 619357
123700 4087 617186 4228 619814
123800 4091 617737 4231 620263
123900 4094 618296 4233 620704
124000 4098 618705 4235 621295
124100 4102 619149 4239 621851
124200 4105 619533 4242 622467
124300 4105 620010 4245 622990
124400 4106 620550 4248 623450
124500 4107 621243 4249 623757
124600 4110 621736 4253 624264
124700 4113 622194 4255 624806
124800 4116 622732 4257 625268
124900 4120 623230 4262 625770
125000 4124 623810 4268 626190
125100 4126 624298 4272 626702
125200 4134 624833 4275 627167
125300 4138 625326 4279 627674
125400 4138 625870 4281 628130
125500 4140 626426 4284 628574
125600 4143 626964 4286 629036
125700 4145 627445 4287 629555
125800 4147 627885 4290 630115
125900 4151 628230 4291 630770
126000 4153 628678 4295 631322
126100 4153 629181 4301 631819
126200 4155 629894 4304 632106
126300 4157 630345 4304 632655
126400 4159 630876 4306 633124
126500 4161 631371 4311 633629
126600 4162 631913 4311 634087
126700 4164 632457 4312 634543
126800 4167 632997 4317 635003
126900 4169 633551 4321 635449
127000 4171 634018 4322 635982
127100 4176 634520 4322 636480
127200 4179 634940 4324 637060
127300 4181 635464 4324 637536
127400 4182 635886 4327 638114
127500 4187 636372 4329 638628
127600 4188 637059 4331 638941
127700 4190 637410 4336 639590
127800 4190 637833 4339 640167
127900 4193 638321 4346 640679
128000 4196 638785 4347 641215
128100 4199 639321 4349 641679
128200 4201 639799 4353 642201
128300 4201 640374 4356 642626
128400 4206 640836 4362 643164
128500 4206 641341 4363 643659
128600 4207 641861 4366 644139
128700 4210 642421 4369 644579
128800 4213 642797 4374 645203
128900 4217 643307 4377 645693
129000 4218 643801 4380 646199
129100 4220 644303 4382 646697
129200 4221 644860 4385 647140
129300 4225 645325 4387 647675
129400 4225 645873 4390 648127
129500 4226 646328 4392 648672
129600 4226 646774 4394 649226
129700 4229 647287 4400 649713
129800 4230 647895 4402 650105
129900 4232 648431 4405 650569
130000 4240 648847 4416 651153
130100 4245 649387 4418 651613
130200 4246 649865 4422 652135
130300 4246 650286 4425 652714
130400 4248 650893 4430 653107
130500 4249 651350 4435 653650
130600 4252 651853 4436 654147
130700 4258 652328 4438 654672
130800 4259 652853 4439 655147
130900 4264 653335 4440 655665
131000 4268 653681 4444 656319
131100 4270 654152 4446 656848
131200 4272 654681 4449 657319
131300 4273 655198 4452 657802
131400 4275 655684 4454 658316
131500 4280 656179 4455 658821
131600 4282 656765 4457 659235
131700 4285 657368 4461 659632
131800 4286 657826 4466 660174
131900 4287 658254 4470 660746
132000 4290 658709 4475 661291
132100 4298 659321 4479 661679
132200 4301 659732 4480 662268
132300 4301 660203 4481 662797
132400 4306 660646 4484 663354
132500 4307 661162 4487 663838
132600 4309 661681 4490 664319
132700 4312 662228 4492 664772
132800 4313 662809 4496 665191
132900 4318 663243 4499 665757
133000 4322 663861 4502 666139
133100 4324 664388 4505 666612
133200 4330 664924 4505 667076
133300 4333 665331 4508 667669
133400 4336 665827 4509 668173
133500 4338 666221 4510 668779
133600 4338 666672 4511 669328
133700 4341 667324 4520 669676
133800 4347 667804 4526 670196
133900 4349 668348 4528 670652
134000 4350 668831 4529 671169
134100 4353 669359 4533 671641
134200 4356 669776 4539 672224
134300 4357 670237 4540 672763
134400 4359 670714 4543 673286
134500 4361 671196 4547 673804
134600 4367 671687 4552 674313
134700 4374 672291 4555 674709
134800 4381 672718 4557 675282
134900 4384 673334 4557 675666
135000 4384 673869 4557 676131
135100 4384 674428 4560 676572
135200 4386 674878 4562 677122
135300 4392 675544 4563 677456
135400 4395 676092 4568 677908
135500 4399 676576 4569 678424
135600 4400 676995 4569 679005
135700 4406 677545 4572 679455
135800 4409 678058 4574 679942
135900 4412 678589 4578 680411
136000 4415 679141 4580 680859
136100 4420 679665 4582 681335
136200 4422 680089 4585 681911
136300 4426 680593 4586 682407
136400 4427 681036 4589 682964
136500 4428 681515 4590 683485
136600 4431 681945 4592 684055
136700 4434 682429 4594 684571
136800 4437 682966 4595 685034
136900 4439 683583 4599 685417
137000 4441 684038 4600 685962
137100 4444 684539 4603 686461
137200 4446 685092 4606 686908
137300 4448 685651 4608 687349
137400 4452 686148 4611 687852
137500 4453 686662 4613 688338
137600 4455 687111 4617 688889
137700 4457 687547 4618 689453
137800 4457 688034 4623 689966
137900 4459 688562 4624 690438
138000 4464 688999 4626 691001
138100 4466 689438 4630 691562
138200 4467 689976 4632 692024
138300 4470 690532 4635 692468
138400 4475 691108 4640 692892
138500 4478 691650 4641 693350
138600 4482 692255 4642 693745
138700 4486 692824 4644 694176
138800 4490 693255 4649 694745
138900 4493 693818 4650 695182
139000 4494 694368 4654 695632
139100 4496 694856 4658 696144
139200 4500 695405 4659 696595
139300 4500 695860 4662 697140
139400 4501 696273 4664 697727
139500 4503 696809 4666 698191
139600 4506 697377 4666 698623
139700 4506 697947 4667 699053
139800 4509 698374 4671 699626
139900 4516 698993 4675 700007
140000 4517 699398 4676 700602
140100 4521 699819 4676 701181
140200 4523 700252 4676 701748
140300 4525 700741 4680 702259
140400 4528 701195 4680 702805
140500 4530 701687 4683 703313
140600 4532 702166 4688 703834
140700 4536 702663 4689 704337
140800 4540 703169 4693 704831
140900 4544 703907 4696 705093
141000 4550 704430 4699 705570
141100 4554 704966 4702 706034
141200 4555 705426 4702 706574
141300 4556 705826 4706 707174
141400 4558 706284 4706 707716
141500 4561 706728 4708 708272
141600 4565 707230 4714 708770
141700 4570 707654 4716 709346
141800 4572 708197 4720 709803
141900 4574 708750 4725 710250
142000 4579 709238 4735 710762
142100 4583 709730 4738 711270
142200 4584 710224 4742 711776
142300 4586 710789 4746 712211
142400 4588 711291 4750 712709
142500 4588 711754 4751 713246
142600 4590 712238 4754 713762
142700 4591 712720 4757 714280
142800 4592 713221 4759 714779
142900 4594 713772 4765 715228
143000 4599 714227 4767 715773
143100 4600 714557 4771 716443
143200 4601 715099 4772 716901
143300 4603 715726 4775 717274
143400 4605 716124 4777 717876
143500 4606 716622 4780 718378
143600 4612 717156 4790 718844
143700 4616 717643 4794 719357
143800 4618 718172 4797 719828
143900 4620 718718 4801 720282
144000 4620 719317 4803 720683
144100 4621 719819 4803 721181
144200 4623 720221 4804 721779
144300 4623 720642 4808 722358
144400 4626 721187 4811 722813
144500 4628 721793 4814 723207
144600 4629 722334 4815 723666
144700 4631 722845 4816 724155
144800 4634 723367 4818 724633
144900 4636 723809 4818 725191
145000 4642 724378 4824 725622
145100 4644 724884 4828 726116
145200 4645 725471 4829 726529
145300 4650 725930 4833 727070
145400 4651 726442 4838 727558
145500 4655 726973 4842 728027
145600 4657 727414 4846 728586
145700 4661 727789 4846 729211
145800 4667 728389 4848 729611
145900 4668 728816 4851 730184
146000 4670 729232 4855 730768
146100 4675 729729 4857 731271
146200 4679 730403 4863 731597
146300 4680 730833 4865 732167
146400 4681 731373 4865 732627
146500 4683 731884 4865 733116
146600 4690 732345 4866 733655
146700 4691 732916 4866 734084
146800 4695 733453 4869 734547
146900 4697 733911 4872 735089
147000 4701 734376 4875 735624
147100 4704 734910 4880 736090
147200 4706 735482 4880 736518
147300 4712 735918 4880 737082
147400 4715 736425 4882 737575
147500 4721 736977 4886 738023
147600 4722 737625 4887 738375
147700 4724 738215 4889 738785
147800 4726 738757 4889 739243
147900 4728 739422 4892 739578
148000 4730 739917 4894 740083
148100 4732 740456 4897 740544
148200 4734 741049 4899 740951
148300 4739 741619 4902 741381
148400 4742 742056 4905 741944
148500 4749 742558 4911 742442
148600 4755 743007 4912 742993
148700 4761 743620 4914 743380
148800 4761 744194 4915 743806
148900 4764 744775 4916 744225
149000 4764 745276 4917 744724
149100 4768 745789 4919 745211
149200 4769 746297 4921 745703
149300 4772 746856 4923 746144
149400 4775 747433 4926 746567
149500 4777 748056 4928 746944
149600 4780 748581 4936 747419
149700 4783 749087 4938 747913
149800 4784 749609 4938 748391
149900 4786 750043 4939 748957
150000 4790 750559 4943 749441
150100 4793 750847 4947 750153
150200 4796 751300 4951 750700
150300 4797 751843 4952 751157
150400 4799 752364 4953 751636
150500 4801 752767 4955 752233
150600 4803 753329 4958 752671
150700 4807 753841 4960 753159
150800 4812 754393 4963 753607
150900 4812 754952 4965 754048
151000 4812 755446 4965 754554
151100 4815 756001 4967 754999
151200 4821 756376 4970 755624
151300 4823 756900 4971 756100
151400 4824 757336 4971 756664
151500 4825 757783 4978 757217
151600 4828 758355 4979 757645
151700 4829 758846 4980 758154
151800 4837 759293 4981 758707
151900 4839 759860 4987 759140
152000 4844 760269 4989 759731
152100 4848 760653 4992 760347
152200 4849 761035 4992 760965
152300 4850 761619 4993 761381
152400 4854 762149 4995 761851
152500 4855 762721 4997 762279
152600 4855 763261 5001 762739
152700 4859 763747 5003 763253
152800 4861 764204 5003 763796
152900 4864 764646 5005 764354
153000 4867 765166 5008 764834
153100 4869 765684 5008 765316
153200 4877 766178 5011 765822
153300 4881 766695 5012 766305
153400 4882 767195 5014 766805
153500 4885 767616 5016 767384
153600 4887 768044 5020 767956
153700 4891 768622 5021 768378
153800 4893 769101 5023 768899
153900 4895 769429 5028 769571
154000 4899 769923 5034 770077
154100 4903 770342 5037 770658
154200 4907 770855 5038 771145
154300 4908 771273 5039 771727
154400 4913 771720 5042 772280
154500 4919 772285 5046 772715
154600 4921 772783 5047 773217
154700 4922 773392 5051 773608
154800 4928 773855 5054 774145
154900 4931 774454 5062 774546
155000 4933 774969 5065 775031
155100 4933 775466 5066 775534
155200 4934 775925 5067 776075
155300 4937 776330 5067 776670
155400 4939 776837 5069 777163
155500 4941 777442 5078 777558
155600 4945 777996 5080 778004
155700 4948 778591 5084 778409
155800 4949 779118 5086 778882
155900 4950 779656 5088 779344
156000 4953 780185 5090 779815
156100 4955 780678 5090 780322
156200 4956 781177 5092 780823
156300 4961 781633 5093 781367
156400 4962 782076 5095 781924
156500 4963 782545 5098 782455
156600 4964 783009 5102 782991
156700 4964 783530 5104 783470
156800 4971 783930 5113 784070
156900 4973 784392 5114 784608
157000 4974 784960 5115 785040
157100 4977 785295 5118 785705
157200 4978 785750 5120 786250
157300 4980 786181 5122 786819
157400 4982 786607 5125 787393
157500 4985 787048 5127 787952
157600 4986 787493 5131 788507
157700 4991 788063 5134 788937
157800 4995 788567 5137 789433
157900 4997 789123 5141 789877
158000 4997 789634 5144 790366
158100 5003 790048 5149 790952
158200 5004 790559 5154 791441
158300 5008 791082 5156 791918
158400 5013 791533 5159 792467
158500 5015 791997 5162 793003
158600 5015 792591 5163 793409
158700 5016 793096 5163 793904
158800 5020 793523 5167 794477
158900 5020 793992 5168 795008
159000 5021 794519 5168 795481
159100 5021 795118 5171 795882
159200 5023 795556 5175 796444
159300 5025 796106 5177 796894
159400 5027 796633 5178 797367
159500 5027 797112 5178 797888
159600 5027 797627 5179 798373
159700 5031 798157 5180 798843
159800 5031 798585 5185 799415
159900 5032 799109 5185 799891
160000 5034 799549 5191 800451
160100 5036 800037 5194 800963
160200 5039 800484 5197 801516
160300 5042 801045 5198 801955
160400 5043 801434 5199 802566
160500 5046 801886 5201 803114
160600 5049 802359 5203 803641
160700 5054 802830 5206 804170
160800 5056 803237 5207 804763
160900 5057 803758 5208 805242
161000 5058 804275 5209 805725
161100 5061 804721 5209 806279
161200 5065 805152 5210 806848
161300 5067 805665 5212 807335
161400 5069 806220 5217 807780
161500 5073 806758 5218 808242
161600 5073 807265 5222 808735
161700 5075 807758 5228 809242
161800 5078 808168 5228 809832
161900 5080 808712 5234 810288
162000 5082 809226 5237 810774
162100 5084 809705 5239 811295
162200 5086 810202 5242 811798
162300 5087 810707 5246 812293
162400 5091 811120 5253 812880
162500 5094 811628 5254 813372
162600 5097 812128 5255 813872
162700 5099 812603 5263 814397
162800 5101 813094 5264 814906
162900 5102 813524 5267 815476
163000 5103 813974 5269 816026
163100 5105 814451 5272 816549
163200 5109 814992 5273 817008
163300 5112 815514 5275 817486
163400 5114 815983 5277 818017
163500 5116 816466 5282 818534
163600 5119 816958 5283 819042
163700 5122 817467 5288 819533
163800 5123 818047 5289 819953
163900 5125 818561 5294 820439
164000 5125 819081 5296 820919
164100 5126 819570 5298 821430
164200 5131 820270 5300 821730
164300 5133 820834 5302 822166
164400 5135 821348 5303 822652
164500 5142 821880 5307 823120
164600 5143 822391 5309 823609
164700 5145 823007 5309 823993
164800 5147 823579 5312 824421
164900 5150 824139 5313 824861
165000 5153 824640 5317 825360
165100 5156 825085 5321 825915
165200 5158 825653 5322 826347
165300 5160 826191 5323 826809
165400 5161 826681 5329 827319
165500 5172 827164 5334 827836
165600 5174 827563 5336 828437
165700 5174 828049 5338 828951
165800 5179 828504 5338 829496
165900 5182 828864 5342 830136
166000 5183 829328 5344 830672
166100 5186 829780 5346 831220
166200 5188 830177 5347 831823
166300 5193 830604 5349 832396
166400 5196 831170 5350 832830
166500 5198 831749 5354 833251
166600 5200 832326 5357 833674
166700 5201 832714 5359 834286
166800 5204 833133 5362 834867
166900 5208 833616 5363 835384
167000 5214 834147 5364 835853
167100 5216 834617 5365 836383
167200 5219 835183 5366 836817
167300 5220 835760 5370 837240
167400 5222 836323 5371 837677
167500 5227 836877 5375 838123
167600 5230 837439 5380 838561
167700 5233 837991 5383 839009
167800 5238 838539 5390 839461
167900 5240 839023 5390 839977
168000 5247 839494 5395 840506
168100 5254 839959 5404 841041
168200 5260 840475 5412 841525
168300 5267 841025 5417 841975
168400 5270 841508 5418 842492
168500 5271 842001 5421 842999
168600 5274 842487 5423 843513
168700 5276 842943 5427 844057
168800 5277 843508 5432 844492
168900 5278 844130 5434 844870
169000 5278 844667 5436 845333
169100 5281 845122 5439 845878
169200 5285 845645 5441 846355
169300 5286 846158 5442 846842
169400 5288 846549 5445 847451
169500 5292 847087 5446 847913
169600 5293 847501 5447 848499
169700 5296 847979 5452 849021
169800 5301 848405 5452 849595
169900 5302 848776 5460 850224
170000 5306 849098 5464 850902
170100 5309 849726 5468 851274
170200 5310 850306 5469 851694
170300 5311 850753 5473 852247
170400 5314 851114 5474 852886
170500 5323 851594 5475 853406
170600 5330 852166 5479 853834
170700 5332 852710 5481 854290
170800 5334 853256 5485 854744
170900 5335 853725 5488 855275
171000 5337 854244 5490 855756
171100 5339 854849 5493 856151
171200 5343 855318 5494 856682
171300 5348 855920 5496 857080
171400 5348 856460 5497 857540
171500 5351 856877 5499 858123
171600 5352 857318 5502 858682
171700 5354 857948 5502 859052
171800 5359 858373 5505 859627
171900 5364 858800 5506 860200
172000 5365 859372 5509 860628
172100 5368 859910 5514 861090
172200 5370 860513 5515 861487
172300 5377 861027 5518 861973
172400 5379 861495 5522 862505
172500 5380 862071 5526 862929
172600 5383 862481 5531 863519
172700 5384 862978 5532 864022
172800 5391 863566 5534 864434
172900 5396 864049 5537 864951
173000 5399 864526 5538 865474
173100 5402 864995 5543 866005
173200 5403 865543 5545 866457
173300 5405 866066 5551 866934
173400 5407 866588 5552 867412
173500 5412 867052 5560 867948
173600 5413 867585 5563 868415
173700 5415 868028 5568 868972
173800 5418 868752 5569 869248
173900 5419 869242 5574 869758
174000 5424 869769 5578 870231
174100 5428 870364 5580 870636
174200 5432 870842 5585 871158
174300 5434 871302 5587 871698
174400 5434 871919 5591 872081
174500 5436 872425 5593 872575
174600 5445 872786 5596 873214
174700 5451 873517 5601 873483
174800 5453 873998 5602 874002
174900 5455 874491 5603 874509
175000 5455 875024 5606 874976
175100 5456 875487 5608 875513
175200 5458 876088 5610 875912
175300 5461 876609 5611 876391
175400 5463 877097 5617 876903
175500 5463 877608 5618 877392
175600 5468 878135 5622 877865
175700 5471 878636 5623 878364
175800 5476 879060 5624 878940
175900 5477 879596 5630 879404
176000 5481 880024 5637 879976
176100 5483 880599 5638 880401
176200 5485 881134 5642 880866
176300 5489 881683 5646 881317
176400 5491 882100 5650 881900
176500 5493 882511 5653 882489
176600 5497 882986 5653 883014
176700 5500 883469 5654 883531
176800 5508 883913 5659 884087
176900 5510 884503 5661 884497
177000 5513 885024 5663 884976
177100 5513 885457 5665 885543
177200 5516 885949 5666 886051
177300 5517 886450 5669 886550
177400 5520 886851 5671 887149
177500 5521 887334 5675 887666
177600 5528 887848 5679 888152
177700 5530 888358 5682 888642
177800 5531 888865 5682 889135
177900 5537 889294 5682 889706
178000 5540 889783 5683 890217
178100 5543 890259 5685 890741
178200 5545 890847 5688 891153
178300 5549 891286 5688 891714
178400 5552 891632 5691 892368
178500 5555 892155 5694 892845
178600 5558 892627 5697 893373
178700 5558 893071 5700 893929
178800 5559 893654 5702 894346
178900 5560 894172 5705 894828
179000 5562 894607 5711 895393
179100 5567 895080 5716 895920
179200 5571 895528 5721 896472
179300 5572 896006 5722 896994
179400 5576 896414 5725 897586
179500 5578 896934 5727 898066
179600 5583 897512 5732 898488
179700 5586 897907 5736 899093
179800 5587 898399 5739 899601
179900 5591 898878 5744 900122
180000 5594 899455 5749 900545
180100 5601 899957 5752 901043
180200 5602 900522 5752 901478
180300 5605 900948 5754 902052
180400 5606 901560 5755 902440
180500 5608 902048 5757 902952
180600 5610 902451 5762 903549
180700 5613 902937 5765 904063
180800 5615 903381 5769 904619
180900 5616 903867 5769 905133
181000 5618 904357 5775 905643
181100 5624 904918 5776 906082
181200 5626 905356 5782 906644
181300 5626 905764 5785 907236
181400 5626 906303 5786 907697
181500 5631 906937 5788 908063
181600 5634 907477 5788 908523
181700 5635 908060 5790 908940
181800 5640 908541 5795 909459
181900 5642 908988 5798 910012
182000 5643 909461 5799 910539
182100 5646 909855 5801 911145
182200 5650 910477 5804 911523
182300 5651 911047 5806 911953
182400 5656 911481 5809 912519
182500 5660 912017 5813 912983
182600 5661 912564 5815 913436
182700 5663 913107 5820 913893
182800 5666 913593 5823 914407
182900 5667 914024 5824 914976
183000 5670 914485 5824 915515
183100 5671 915114 5829 915886
183200 5674 915601 5831 916399
183300 5676 916042 5835 916958
183400 5679 916540 5838 917460
183500 5682 917124 5838 917876
183600 5686 917637 5839 918363
183700 5694 918055 5841 918945
183800 5698 918556 5841 919444
183900 5699 918976 5844 920024
184000 5704 919557 5845 920443
184100 5708 920044 5848 920956
184200 5712 920522 5852 921478
184300 5715 921036 5853 921964
184400 5715 921570 5855 922430
184500 5721 921938 5858 923062
184600 5723 922354 5860 923646
184700 5728 922932 5866 924068
184800 5729 923540 5866 924460
184900 5731 924032 5868 924968
185000 5732 924531 5872 925469
185100 5733 925011 5873 925989
185200 5734 925577 5877 926423
185300 5737 926000 5879 927000
185400 5737 926533 5882 927467
185500 5739 927021 5883 927979
185600 5739 927553 5884 928447
185700 5742 928019 5886 928981
185800 5742 928462 5889 929538
185900 5745 928949 5892 930051
186000 5745 929381 5893 930619
186100 5749 929865 5894 931135
186200 5751 930423 5896 931577
186300 5753 930955 5897 932045
186400 5754 931314 5900 932686
186500 5755 931825 5904 933175
186600 5758 932335 5908 933665
186700 5762 932909 5910 934091
186800 5764 933416 5914 934584
186900 5767 933906 5915 935094
187000 5768 934349 5918 935651
187100 5769 934837 5921 936163
187200 5776 935280 5924 936720
187300 5782 935853 5927 937147
187400 5783 936394 5928 937606
187500 5787 936907 5930 938093
187600 5796 937373 5934 938627
187700 5798 937830 5936 939170
187800 5802 938215 5940 939785
187900 5804 938666 5944 940334
188000 5806 939210 5944 940790
188100 5807 939780 5950 941220
188200 5809 940239 5951 941761
188300 5811 940780 5953 942220
188400 5812 941340 5956 942660
188500 5816 941776 5959 943224
188600 5818 942326 5961 943674
188700 5821 942865 5965 944135
188800 5823 943398 5967 944602
188900 5825 944033 5968 944967
189000 5827 944424 5969 945576
189100 5832 944922 5970 946078
189200 5838 945491 5972 946509
189300 5839 946032 5973 946968
189400 5840 946631 5975 947369
189500 5840 947130 5980 947870
189600 5842 947698 5985 948302
189700 5844 948165 5989 948835
189800 5845 948685 5992 949315
189900 5847 949244 5994 949756
190000 5850 949728 5994 950272
190100 5855 950311 5996 950689
190200 5860 950769 5999 951231
190300 5860 951337 6002 951663
190400 5862 951900 6002 952100
190500 5864 952452 6005 952548
190600 5868 952971 6007 953029
190700 5876 953628 6013 953372
190800 5880 954141 6013 953859
190900 5884 954756 6018 954244
191000 5884 955251 6021 954749
191100 5885 955662 6021 955338
191200 5889 956125 6024 955875
191300 5890 956617 6025 956383
191400 5890 957057 6026 956943
191500 5893 957552 6029 957448
191600 5894 958006 6033 957994
191700 5899 958536 6034 958464
191800 5901 959081 6034 958919
191900 5902 959500 6040 959500
192000 5907 960034 6043 959966
192100 5911 960383 6044 960617
192200 5913 960989 6046 961011
192300 5915 961527 6046 961473
192400 5920 962026 6048 961974
192500 5925 962560 6049 962440
192600 5929 963010 6052 962990
192700 5931 963526 6056 963474
192800 5932 963953 6059 964047
192900 5932 964394 6060 964606
193000 5935 964812 6064 965188
193100 5937 965314 6069 965686
193200 5940 965822 6072 966178
193300 5943 966344 6073 966656
193400 5949 966746 6077 967254
193500 5952 967247 6078 967753
193600 5957 967750 6079 968250
193700 5958 968342 6079 968658
193800 5959 968770 6080 969230
193900 5960 969232 6081 969768
194000 5965 969675 6085 970325
194100 5968 970153 6086 970847
194200 5969 970609 6090 971391
194300 5970 971050 6096 971950
194400 5973 971593 6099 972407
194500 5975 971950 6102 973050
194600 5979 972455 6106 973545
194700 5982 972946 6112 974054
194800 5983 973529 6112 974471
194900 5986 973976 6113 975024
195000 5989 974387 6114 975613
195100 5992 974915 6116 976085
195200 5995 975421 6119 976579
195300 5998 975986 6119 977014
195400 5999 976507 6120 977493
195500 6002 976913 6120 978087
195600 6008 977418 6125 978582
195700 6013 977918 6127 979082
195800 6015 978470 6128 979530
195900 6017 978911 6131 980089
196000 6020 979334 6131 980666
196100 6022 979839 6133 981161
196200 6024 980331 6134 981669
196300 6026 980770 6137 982230
196400 6031 981248 6142 982752
196500 6036 981696 6145 983304
196600 6039 982273 6145 983727
196700 6044 982787 6152 984213
196800 6049 983228 6156 984772
196900 6051 983680 6161 985320
197000 6051 984179 6163 985821
197100 6056 984702 6168 986298
197200 6056 985153 6170 986847
197300 6058 985666 6171 987334
197400 6060 986234 6173 987766
197500 6062 986702 6176 988298
197600 6065 987098 6180 988902
197700 6065 987711 6181 989289
197800 6066 988210 6186 989790
197900 6069 988684 6188 990316
198000 6070 989222 6190 990778
198100 6071 989736 6201 991264
198200 6073 990089 6203 991911
198300 6074 990492 6206 992508
198400 6075 990993 6207 993007
198500 6078 991483 6212 993517
198600 6080 992079 6215 993921
198700 6084 992547 6216 994453
198800 6089 993095 6219 994905
198900 6093 993687 6221 995313
199000 6095 994241 6223 995759
199100 6096 994770 6224 996230
199200 6099 995261 6229 996739
199300 6100 995710 6231 997290
199400 6101 996194 6235 997806
199500 6106 996690 6241 998310
199600 6108 997178 6242 998822
199700 6109 997745 6245 999255
199800 6109 998182 6249 999818
199900 6114 998717 6251 1000283
200000 6118 999173 6254 1000827
