#! FIELDS timestep dup_succ dup_attempts kill_succ kill_attempts
#! SET timestep 0.5
#! SET kernel_bandwidth [0.45 0.45]
#! SET kt 1.0
100 84 282 88 718
200 167 533 197 1467
300 262 845 318 2155
400 351 1286 435 2714
500 420 1647 511 3353
600 468 2028 584 3972
700 505 2442 617 4558
800 526 2903 645 5097
900 539 3339 660 5661
1000 548 3837 667 6163
1100 557 4344 676 6656
1200 567 4727 689 7273
1300 570 5190 696 7810
1400 576 5622 702 8378
1500 582 6078 705 8922
1600 598 6657 710 9343
1700 606 7117 718 9883
1800 618 7638 728 10362
1900 625 8163 736 10837
2000 631 8659 744 11341
2100 635 9252 749 11748
2200 644 9723 755 12277
2300 650 10225 763 12775
2400 666 10720 770 13280
2500 674 11291 785 13709
2600 686 11806 791 14194
2700 692 12368 794 14632
2800 708 12915 810 15085
2900 721 13423 816 15577
3000 737 13918 827 16082
3100 743 14407 829 16593
3200 750 14885 833 17115
3300 757 15351 837 17649
3400 769 15885 845 18115
3500 773 16357 850 18643
3600 774 16873 855 19127
3700 780 17304 859 19696
3800 789 17809 864 20191
3900 794 18364 870 20636
4000 800 18834 877 21166
4100 805 19367 883 21633
4200 809 19849 890 22151
4300 811 20387 893 22613
4400 815 20895 897 23105
4500 822 21344 903 23656
4600 829 21868 911 24132
4700 832 22342 915 24658
4800 842 22892 933 25108
4900 847 23452 939 25548
5000 856 24059 945 25941
5100 858 24495 954 26505
5200 865 24981 960 27019
5300 875 25511 966 27489
5400 881 26014 972 27986
5500 894 26524 980 28476
5600 900 26982 984 29018
5700 905 27557 988 29443
5800 910 28064 993 29936
5900 916 28615 997 30385
6000 929 29175 1007 30825
6100 935 29719 1014 31281
6200 939 30195 1020 31805
6300 946 30724 1023 32276
6400 953 31159 1028 32841
6500 960 31711 1038 33289
6600 965 32361 1045 33639
6700 973 32854 1051 34146
6800 982 33324 1060 34676
6900 991 33724 1067 35276
7000 1000 34190 1075 35810
7100 1008 34724 1079 36276
7200 1017 35192 1086 36808
7300 1026 35795 1092 37205
7400 1031 36256 1095 37744
7500 1038 36760 1101 38240
7600 1043 37185 1113 38815
7700 1055 37593 1119 39407
7800 1058 38053 1128 39947
7900 1060 38612 1135 40388
8000 1069 39179 1144 40821
8100 1075 39680 1147 41320
8200 1081 40242 1158 41758
8300 1088 40714 1165 42286
8400 1092 41194 1168 42806
8500 1100 41668 1182 43332
8600 1105 42035 1183 43965
8700 1114 42584 1186 44416
8800 1121 43064 1194 44936
8900 1126 43534 1197 45466
9000 1135 44046 1206 45954
9100 1142 44577 1207 46423
9200 1152 45011 1215 46989
9300 1161 45579 1224 47421
9400 1171 46054 1229 47946
9500 1179 46567 1239 48433
9600 1187 47049 1249 48951
9700 1190 47424 1255 49576
9800 1195 47864 1262 50136
9900 1200 48369 1266 50631
10000 1208 48997 1270 51003
10100 1215 49567 1274 51433
10200 1222 50086 1279 51914
10300 1227 50496 1289 52504
10400 1235 51059 1290 52941
10500 1243 51602 1292 53398
10600 1247 52086 1294 53914
10700 1259 52611 1297 54389
10800 1264 52965 1303 55035
10900 1276 53389 1307 55611
11000 1280 53879 1313 56121
11100 1285 54332 1322 56668
11200 1290 54789 1329 57211
11300 1297 55322 1336 57678
11400 1300 55802 1344 58198
11500 1305 56294 1351 58706
11600 1313 56791 1359 59209
11700 1317 57261 1368 59739
11800 1325 57727 1371 60273
11900 1331 58346 1374 60654
12000 1343 58884 1380 61116
12100 1351 59271 1385 61729
12200 1359 59758 1402 62242
12300 1368 60287 1409 62713
12400 1372 60759 1412 63241
12500 1376 61290 1417 63710
12600 1382 61800 1423 64200
12700 1387 62283 1439 64717
12800 1391 62700 1442 65300
12900 1396 63126 1447 65874
13000 1401 63638 1451 66362
13100 1406 64143 1455 66857
13200 1409 64584 1459 67416
13300 1420 65014 1470 67986
13400 1425 65435 1480 68565
13500 1436 65917 1485 69083
13600 1444 66387 1495 69613
13700 1448 66988 1503 70012
13800 1458 67483 1509 70517
13900 1467 68003 1517 70997
14000 1482 68536 1529 71464
14100 1489 69008 1537 71992
14200 1493 69536 1545 72464
14300 1498 70006 1555 72994
14400 1504 70547 1559 73453
14500 1512 71056 1564 73944
14600 1521 71592 1572 74408
14700 1530 72117 1583 74883
14800 1535 72592 1592 75408
14900 1542 73201 1600 75799
15000 1553 73734 1607 76266
15100 1558 74311 1614 76689
15200 1563 74797 1615 77203
15300 1578 75314 1623 77686
15400 1586 75755 1628 78245
15500 1592 76145 1635 78855
15600 1598 76585 1639 79415
15700 1610 77064 1654 79936
15800 1619 77661 1663 80339
15900 1622 78161 1669 80839
16000 1633 78676 1679 81324
16100 1639 79212 1683 81788
16200 1643 79770 1689 82230
16300 1654 80270 1698 82730
16400 1661 80730 1709 83270
16500 1665 81220 1713 83780
16600 1676 81723 1718 84277
16700 1682 82216 1726 84784
16800 1686 82667 1732 85333
16900 1694 83178 1741 85822
17000 1700 83747 1746 86253
17100 1708 84253 1754 86747
17200 1711 84707 1757 87293
17300 1714 85273 1768 87727
17400 1718 85764 1779 88236
17500 1723 86182 1789 88818
17600 1732 86729 1795 89271
17700 1736 87225 1805 89775
17800 1743 87692 1817 90308
17900 1748 88251 1823 90749
18000 1766 88744 1832 91256
18100 1771 89325 1837 91675
18200 1780 89840 1840 92160
18300 1784 90351 1848 92649
18400 1793 90843 1856 93157
18500 1801 91382 1861 93618
18600 1807 91827 1868 94173
18700 1811 92286 1879 94714
18800 1824 92861 1886 95139
18900 1830 93330 1893 95670
19000 1839 93825 1902 96175
19100 1846 94355 1906 96645
19200 1851 94827 1911 97173
19300 1859 95292 1925 97708
19400 1865 95756 1934 98244
19500 1872 96290 1938 98710
19600 1883 96841 1944 99159
19700 1893 97285 1957 99715
19800 1899 97750 1964 100250
19900 1901 98320 1971 100680
20000 1911 98783 1981 101217
20100 1926 99357 1988 101643
20200 1939 99859 1996 102141
20300 1945 100291 2002 102709
20400 1957 100767 2006 103233
20500 1967 101215 2012 103785
20600 1972 101727 2016 104273
20700 1980 102253 2019 104747
20800 1985 102804 2027 105196
20900 2000 103327 2034 105673
21000 2004 103776 2038 106224
21100 2012 104232 2046 106768
21200 2017 104730 2049 107270
21300 2022 105234 2056 107766
21400 2023 105762 2062 108238
21500 2032 106372 2065 108628
21600 2036 106867 2075 109133
21700 2045 107304 2085 109696
21800 2052 107881 2089 110119
21900 2057 108448 2091 110552
22000 2062 108861 2093 111139
22100 2067 109415 2100 111585
22200 2074 109860 2105 112140
22300 2081 110395 2115 112605
22400 2091 110926 2120 113074
22500 2097 111490 2127 113510
22600 2103 111968 2132 114032
22700 2104 112476 2135 114524
22800 2110 112998 2143 115002
22900 2114 113544 2146 115456
23000 2118 114074 2159 115926
23100 2126 114446 2164 116554
23200 2129 114961 2171 117039
23300 2137 115490 2179 117510
23400 2141 116003 2180 117997
23500 2147 116482 2188 118518
23600 2148 116951 2199 119049
23700 2151 117475 2203 119525
23800 2157 118034 2213 119966
23900 2162 118520 2220 120480
24000 2165 119028 2229 120972
24100 2181 119434 2243 121566
24200 2192 119889 2256 122111
24300 2200 120421 2264 122579
24400 2205 120953 2272 123047
24500 2214 121477 2278 123523
24600 2220 122034 2281 123966
24700 2224 122510 2285 124490
24800 2226 122998 2287 125002
24900 2235 123545 2291 125455
25000 2242 124029 2298 125971
25100 2249 124403 2307 126597
25200 2260 124925 2317 127075
25300 2270 125386 2321 127614
25400 2283 125803 2333 128197
25500 2289 126336 2339 128664
25600 2303 126834 2350 129166
25700 2310 127360 2353 129640
25800 2315 127812 2362 130188
25900 2319 128266 2364 130734
26000 2326 128836 2373 131164
26100 2331 129335 2378 131665
26200 2339 129894 2386 132106
26300 2342 130356 2393 132644
26400 2345 130818 2400 133182
26500 2347 131394 2401 133606
26600 2354 131913 2411 134087
26700 2363 132348 2417 134652
26800 2373 132878 2428 135122
26900 2383 133445 2431 135555
27000 2393 133891 2437 136109
27100 2400 134465 2448 136535
27200 2403 135052 2456 136948
27300 2411 135557 2466 137443
27400 2420 136145 2474 137855
27500 2426 136768 2479 138232
27600 2431 137371 2483 138629
27700 2435 137915 2491 139085
27800 2439 138351 2498 139649
27900 2445 138900 2503 140100
28000 2449 139390 2509 140610
28100 2453 139957 2518 141043
28200 2457 140508 2523 141492
28300 2464 140910 2531 142090
28400 2466 141445 2536 142555
28500 2474 141927 2540 143073
28600 2484 142331 2546 143669
28700 2488 142793 2550 144207
28800 2491 143268 2555 144732
28900 2506 143845 2560 145155
29000 2514 144356 2562 145644
29100 2524 144838 2569 146162
29200 2532 145271 2576 146729
29300 2536 145725 2584 147275
29400 2546 146194 2589 147806
29500 2553 146653 2598 148347
29600 2559 147190 2605 148810
29700 2563 147720 2606 149280
29800 2569 148226 2619 149774
29900 2577 148705 2629 150295
30000 2585 149235 2640 150765
30100 2599 149755 2649 151245
30200 2606 150191 2654 151809
30300 2610 150727 2659 152273
30400 2614 151295 2665 152705
30500 2620 151727 2673 153273
30600 2628 152115 2681 153885
30700 2634 152536 2690 154464
30800 2642 153024 2697 154976
30900 2648 153586 2705 155414
31000 2654 154040 2711 155960
31100 2661 154480 2717 156520
31200 2667 155033 2723 156967
31300 2678 155521 2730 157479
31400 2690 156017 2737 157983
31500 2700 156525 2746 158475
31600 2706 157046 2754 158954
31700 2712 157503 2761 159497
31800 2720 158009 2771 159991
31900 2722 158437 2779 160563
32000 2727 158937 2787 161063
32100 2740 159437 2800 161563
32200 2745 159893 2806 162107
32300 2749 160377 2809 162623
32400 2753 160922 2810 163078
32500 2756 161392 2816 163608
32600 2765 161889 2825 164111
32700 2770 162428 2833 164572
32800 2776 162872 2838 165128
32900 2783 163396 2843 165604
33000 2788 163861 2847 166139
33100 2792 164356 2853 166644
33200 2800 164795 2857 167205
33300 2807 165198 2866 167802
33400 2815 165653 2870 168347
33500 2819 166152 2873 168848
33600 2825 166628 2877 169372
33700 2828 167152 2889 169848
33800 2840 167675 2896 170325
33900 2848 168211 2909 170789
34000 2856 168712 2912 171288
34100 2860 169255 2925 171745
34200 2864 169643 2941 172357
34300 2870 170110 2947 172890
34400 2876 170719 2952 173281
34500 2884 171212 2963 173788
34600 2891 171735 2970 174265
34700 2896 172205 2983 174795
34800 2901 172739 2989 175261
34900 2910 173147 2999 175853
35000 2916 173683 3007 176317
35100 2922 174188 3016 176812
35200 2926 174756 3018 177244
35300 2936 175168 3023 177832
35400 2938 175699 3026 178301
35500 2941 176185 3034 178815
35600 2946 176663 3044 179337
35700 2952 177139 3049 179861
35800 2962 177569 3058 180431
35900 2971 178138 3066 180862
36000 2981 178554 3075 181446
36100 2989 179063 3083 181937
36200 2995 179534 3085 182466
36300 3000 180045 3092 182955
36400 3006 180525 3097 183475
36500 3010 180990 3099 184010
36600 3014 181572 3103 184428
36700 3020 182078 3108 184922
36800 3028 182605 3117 185395
36900 3030 183111 3120 185889
37000 3031 183577 3128 186423
37100 3038 183986 3138 187014
37200 3044 184493 3146 187507
37300 3053 184891 3154 188109
37400 3057 185410 3160 188590
37500 3060 185946 3161 189054
37600 3068 186502 3166 189498
37700 3075 186939 3172 190061
37800 3083 187371 3177 190629
37900 3096 187858 3182 191142
38000 3100 188315 3194 191685
38100 3108 188822 3204 192178
38200 3117 189380 3208 192620
38300 3129 189846 3213 193154
38400 3135 190307 3220 193693
38500 3142 190748 3229 194252
38600 3148 191237 3237 194763
38700 3151 191617 3246 195383
38800 3164 192091 3248 195909
38900 3167 192566 3252 196434
39000 3173 193149 3256 196851
39100 3176 193641 3262 197359
39200 3180 194128 3264 197872
39300 3184 194581 3269 198419
39400 3193 195146 3276 198854
39500 3204 195694 3282 199306
39600 3206 196176 3289 199824
39700 3212 196647 3297 200353
39800 3217 197076 3301 200924
39900 3226 197552 3306 201448
40000 3232 198087 3311 201913
40100 3239 198635 3317 202365
40200 3247 199125 3323 202875
40300 3255 199549 3328 203451
40400 3259 200101 3336 203899
40500 3265 200623 3346 204377
40600 3269 201107 3352 204893
40700 3275 201637 3355 205363
40800 3280 202067 3362 205933
40900 3286 202548 3365 206452
41000 3293 202936 3369 207064
41100 3304 203409 3381 207591
41200 3313 203939 3389 208061
41300 3323 204439 3396 208561
41400 3326 204921 3409 209079
41500 3328 205446 3415 209554
41600 3335 205945 3424 210055
41700 3340 206279 3432 210721
41800 3352 206786 3444 211214
41900 3357 207251 3453 211749
42000 3363 207857 3458 212143
42100 3368 208326 3465 212674
42200 3378 208768 3472 213232
42300 3385 209275 3477 213725
42400 3390 209798 3485 214202
42500 3393 210251 3486 214749
42600 3398 210750 3495 215250
42700 3400 211283 3498 215717
42800 3409 211738 3506 216262
42900 3417 212161 3513 216839
43000 3420 212672 3521 217328
43100 3430 213191 3534 217809
43200 3441 213653 3542 218347
43300 3447 214165 3551 218835
43400 3454 214699 3554 219301
43500 3456 215170 3555 219830
43600 3461 215735 3560 220265
43700 3463 216219 3564 220781
43800 3467 216616 3569 221384
43900 3478 217040 3573 221960
44000 3482 217603 3584 222397
44100 3493 218139 3592 222861
44200 3501 218571 3601 223429
44300 3504 219022 3605 223978
44400 3505 219551 3611 224449
44500 3512 220112 3613 224888
44600 3516 220601 3614 225399
44700 3524 221082 3620 225918
44800 3532 221566 3628 226434
44900 3535 222111 3636 226889
45000 3538 222615 3637 227385
45100 3548 223065 3641 227935
45200 3554 223493 3656 228507
45300 3558 224016 3666 228984
45400 3565 224507 3675 229493
45500 3569 224896 3682 230104
45600 3578 225439 3689 230561
45700 3587 225814 3695 231186
45800 3588 226283 3699 231717
45900 3593 226801 3705 232199
46000 3600 227313 3710 232687
46100 3606 227803 3714 233197
46200 3616 228362 3725 233638
46300 3624 228778 3729 234222
46400 3631 229332 3735 234668
46500 3640 229785 3738 235215
46600 3656 230283 3746 235717
46700 3664 230736 3756 236264
46800 3669 231286 3762 236714
46900 3679 231776 3771 237224
47000 3683 232269 3772 237731
47100 3689 232753 3780 238247
47200 3699 233248 3791 238752
47300 3704 233742 3794 239258
47400 3711 234236 3801 239764
47500 3717 234768 3815 240232
47600 3722 235277 3820 240723
47700 3733 235733 3826 241267
47800 3741 236239 3839 241761
47900 3747 236757 3848 242243
48000 3756 237343 3855 242657
48100 3764 237932 3868 243068
48200 3770 238416 3879 243584
48300 3775 238894 3886 244106
48400 3785 239358 3893 244642
48500 3791 239799 3897 245201
48600 3793 240367 3900 245633
48700 3798 241036 3903 245964
48800 3810 241576 3911 246424
48900 3818 242110 3913 246890
49000 3829 242536 3919 247464
49100 3837 243070 3922 247930
49200 3847 243518 3927 248482
49300 3854 243995 3940 249005
49400 3863 244464 3947 249536
49500 3868 245063 3952 249937
49600 3872 245596 3955 250404
49700 3878 246092 3964 250908
49800 3892 246600 3978 251400
49900 3901 247226 3986 251774
50000 3907 247693 3992 252307
50100 3913 248239 3998 252761
50200 3922 248698 4007 253302
50300 3927 249188 4011 253812
50400 3935 249634 4015 254366
50500 3941 250196 4025 254804
50600 3955 250699 4029 255301
50700 3960 251153 4038 255847
50800 3971 251583 4048 256417
50900 3981 252045 4056 256955
51000 3992 252545 4064 257455
51100 3999 253092 4069 257908
51200 4003 253721 4075 258279
51300 4008 254226 4082 258774
51400 4016 254741 4085 259259
51500 4029 255221 4087 259779
51600 4035 255751 4091 260249
51700 4045 256259 4099 260741
51800 4053 256742 4107 261258
51900 4058 257271 4111 261729
52000 4062 257762 4117 262238
52100 4065 258335 4122 262665
52200 4071 258861 4128 263139
52300 4076 259361 4136 263639
52400 4078 259819 4141 264181
52500 4087 260355 4147 264645
52600 4093 260813 4154 265187
52700 4099 261297 4158 265703
52800 4102 261779 4162 266221
52900 4110 262234 4166 266766
53000 4115 262663 4171 267337
53100 4120 263137 4179 267863
53200 4126 263656 4183 268344
53300 4127 264118 4189 268882
53400 4135 264533 4199 269467
53500 4142 264949 4212 270051
53600 4155 265431 4221 270569
53700 4160 265926 4226 271074
53800 4167 266406 4229 271594
53900 4177 266947 4234 272053
54000 4185 267507 4241 272493
54100 4191 268086 4245 272914
54200 4203 268615 4251 273385
54300 4205 269144 4253 273856
54400 4214 269582 4260 274418
54500 4222 270119 4266 274881
54600 4229 270576 4273 275424
54700 4237 271138 4276 275862
54800 4245 271534 4286 276466
54900 4255 271968 4295 277032
55000 4262 272448 4299 277552
55100 4273 272955 4308 278045
55200 4279 273507 4313 278493
55300 4282 274080 4317 278920
55400 4291 274683 4325 279317
55500 4296 275179 4332 279821
55600 4308 275754 4338 280246
55700 4308 276199 4340 280801
55800 4319 276650 4342 281350
55900 4323 277140 4350 281860
56000 4326 277661 4355 282339
56100 4332 278188 4359 282812
56200 4338 278623 4369 283377
56300 4342 279122 4378 283878
56400 4350 279568 4379 284432
56500 4360 280064 4388 284936
56600 4363 280534 4391 285466
56700 4377 281033 4397 285967
56800 4378 281694 4400 286306
56900 4389 282158 4405 286842
57000 4392 282649 4408 287351
57100 4402 283182 4418 287818
57200 4409 283519 4423 288481
57300 4411 284037 4428 288963
57400 4413 284528 4430 289472
57500 4416 285024 4439 289976
57600 4428 285435 4448 290565
57700 4438 285860 4456 291140
57800 4446 286489 4461 291511
57900 4456 287032 4468 291968
58000 4468 287573 4477 292427
58100 4478 288130 4482 292870
58200 4486 288585 4486 293415
58300 4497 289044 4494 293956
58400 4503 289554 4498 294446
58500 4507 290077 4503 294923
58600 4513 290570 4508 295430
58700 4518 291035 4516 295965
58800 4526 291532 4521 296468
58900 4534 292009 4527 296991
59000 4540 292490 4534 297510
59100 4552 293040 4539 297960
59200 4560 293544 4553 298456
59300 4572 294043 4567 298957
59400 4576 294538 4571 299462
59500 4586 295088 4580 299912
59600 4589 295522 4587 300478
59700 4593 295965 4597 301035
59800 4603 296471 4607 301529
59900 4609 296942 4609 302058
60000 4615 297425 4615 302575
60100 4621 297862 4621 303138
60200 4632 298332 4625 303668
60300 4644 298940 4631 304060
60400 4650 299408 4638 304592
60500 4656 299911 4640 305089
60600 4665 300526 4641 305474
60700 4672 301032 4646 305968
60800 4676 301552 4656 306448
60900 4686 302124 4665 306876
61000 4695 302605 4675 307395
61100 4704 303084 4684 307916
61200 4712 303530 4686 308470
61300 4724 304060 4696 308940
61400 4731 304541 4701 309459
61500 4738 305040 4710 309960
61600 4748 305498 4722 310502
61700 4756 305975 4730 311025
61800 4759 306412 4744 311588
61900 4762 306816 4751 312184
62000 4775 307399 4761 312601
62100 4781 307793 4765 313207
62200 4785 308343 4774 313657
62300 4787 308873 4781 314127
62400 4792 309432 4785 314568
62500 4805 310026 4795 314974
62600 4810 310530 4805 315470
62700 4816 311032 4814 315968
62800 4824 311586 4821 316414
62900 4827 312089 4834 316911
63000 4831 312524 4836 317476
63100 4835 313064 4840 317936
63200 4841 313586 4844 318414
63300 4848 314029 4857 318971
63400 4857 314489 4867 319511
63500 4864 314969 4872 320031
63600 4871 315458 4874 320542
63700 4883 315891 4881 321109
63800 4889 316412 4889 321588
63900 4895 316892 4895 322108
64000 4903 317516 4900 322484
64100 4907 317989 4906 323011
64200 4914 318467 4914 323533
64300 4925 318949 4923 324051
64400 4932 319505 4933 324495
64500 4939 320017 4939 324983
64600 4940 320585 4946 325415
64700 4944 321145 4953 325855
64800 4949 321660 4957 326340
64900 4957 322143 4969 326857
65000 4967 322612 4977 327388
65100 4977 323065 4988 327935
65200 4981 323595 4997 328405
65300 4988 324159 5003 328841
65400 4994 324548 5012 329452
65500 5002 325137 5022 329863
65600 5013 325678 5030 330322
65700 5017 326124 5039 330876
65800 5020 326618 5044 331382
65900 5030 327146 5052 331854
66000 5034 327615 5060 332385
66100 5044 328143 5066 332857
66200 5048 328672 5070 333328
66300 5052 329293 5077 333707
66400 5055 329838 5082 334162
66500 5061 330353 5091 334647
66600 5066 330835 5096 335165
66700 5072 331279 5098 335721
66800 5075 331699 5104 336301
66900 5084 332219 5106 336781
67000 5090 332679 5112 337321
67100 5096 333136 5117 337864
67200 5100 333586 5124 338414
67300 5108 334057 5130 338943
67400 5112 334543 5141 339457
67500 5120 335100 5153 339900
67600 5126 335548 5159 340452
67700 5132 336028 5162 340972
67800 5136 336442 5168 341558
67900 5143 336927 5174 342073
68000 5147 337510 5178 342490
68100 5154 338118 5185 342882
68200 5157 338723 5190 343277
68300 5160 339237 5194 343763
68400 5167 339820 5204 344180
68500 5170 340317 5211 344683
68600 5173 340718 5212 345282
68700 5177 341315 5218 345685
68800 5184 341790 5228 346210
68900 5192 342380 5235 346620
69000 5201 342840 5244 347160
69100 5205 343196 5250 347804
69200 5207 343667 5255 348333
69300 5217 344123 5263 348877
69400 5224 344608 5268 349392
69500 5228 345123 5276 349877
69600 5235 345616 5279 350384
69700 5238 346206 5285 350794
69800 5244 346785 5290 351215
69900 5249 347285 5298 351715
70000 5258 347826 5308 352174
70100 5267 348321 5319 352679
70200 5279 348856 5325 353144
70300 5282 349308 5331 353692
70400 5290 349744 5338 354256
70500 5296 350202 5346 354798
70600 5303 350646 5351 355354
70700 5305 351132 5358 355868
70800 5313 351600 5366 356400
70900 5317 352082 5372 356918
71000 5324 352575 5383 357425
71100 5332 353013 5393 357987
71200 5336 353530 5396 358470
71300 5346 353952 5399 359048
71400 5351 354405 5408 359595
71500 5362 354858 5419 360142
71600 5374 355334 5427 360666
71700 5382 355860 5431 361140
71800 5387 356361 5434 361639
71900 5395 356902 5441 362098
72000 5403 357436 5449 362564
72100 5411 357867 5455 363133
72200 5416 358340 5463 363660
72300 5417 358874 5471 364126
72400 5423 359424 5481 364576
72500 5433 359813 5486 365187
72600 5438 360391 5490 365609
72700 5446 360839 5498 366161
72800 5452 361349 5503 366651
72900 5456 361817 5510 367183
73000 5463 362300 5519 367700
73100 5471 362831 5521 368169
73200 5477 363357 5530 368643
73300 5481 363768 5534 369232
73400 5483 364304 5540 369696
73500 5499 364811 5548 370189
73600 5507 365322 5554 370678
73700 5515 365793 5563 371207
73800 5524 366312 5577 371688
73900 5535 366810 5581 372190
74000 5543 367306 5589 372694
74100 5548 367860 5595 373140
74200 5550 368353 5601 373647
74300 5555 368837 5612 374163
74400 5561 369324 5622 374676
74500 5566 369780 5629 375220
74600 5572 370284 5635 375716
74700 5580 370795 5643 376205
74800 5589 371297 5650 376703
74900 5593 371804 5658 377196
75000 5597 372228 5662 377772
75100 5602 372700 5668 378300
75200 5611 373110 5674 378890
75300 5616 373605 5681 379395
75400 5623 374050 5688 379950
75500 5632 374387 5695 380613
75600 5638 374893 5703 381107
75700 5647 375312 5711 381688
75800 5654 375767 5715 382233
75900 5666 376220 5723 382780
76000 5676 376747 5730 383253
76100 5686 377209 5737 383791
76200 5693 377781 5742 384219
76300 5700 378259 5745 384741
76400 5704 378711 5751 385289
76500 5707 379198 5761 385802
76600 5714 379717 5772 386283
76700 5724 380192 5775 386808
76800 5727 380631 5786 387369
76900 5738 381200 5800 387800
77000 5751 381670 5811 388330
77100 5760 382124 5815 388876
77200 5767 382560 5823 389440
77300 5779 383043 5828 389957
77400 5785 383617 5835 390383
77500 5794 384151 5841 390849
77600 5798 384676 5848 391324
77700 5806 385092 5852 391908
77800 5812 385535 5861 392465
77900 5821 386169 5863 392831
78000 5825 386742 5873 393258
78100 5837 387217 5887 393783
78200 5848 387645 5893 394355
78300 5854 387975 5899 395025
78400 5869 388478 5907 395522
78500 5879 388987 5921 396013
78600 5883 389536 5925 396464
78700 5888 390039 5931 396961
78800 5903 390473 5938 397527
78900 5915 390870 5943 398130
79000 5929 391330 5954 398670
79100 5938 391894 5964 399106
79200 5946 392345 5974 399655
79300 5951 392754 5975 400246
79400 5956 393260 5980 400740
79500 5971 393688 5988 401312
79600 5978 394160 5994 401840
79700 5984 394704 5999 402296
79800 5990 395149 6002 402851
79900 5993 395593 6009 403407
80000 6000 396065 6016 403935
80100 6009 396587 6024 404413
80200 6018 397043 6030 404957
80300 6025 397526 6032 405474
80400 6035 398035 6043 405965
80500 6041 398518 6054 406482
80600 6052 398956 6062 407044
80700 6058 399458 6068 407542
80800 6060 399865 6070 408135
80900 6068 400347 6077 408653
81000 6071 400886 6084 409114
81100 6080 401436 6088 409564
81200 6085 401978 6098 410022
81300 6091 402488 6107 410512
81400 6100 403005 6114 410995
81500 6106 403555 6126 411445
81600 6112 404086 6128 411914
81700 6115 404593 6143 412407
81800 6118 405093 6151 412907
81900 6126 405658 6159 413342
82000 6131 406209 6164 413791
82100 6141 406732 6169 414268
82200 6147 407248 6176 414752
82300 6154 407698 6183 415302
82400 6165 408150 6186 415850
82500 6175 408629 6194 416371
82600 6180 409079 6199 416921
82700 6183 409575 6206 417425
82800 6185 410065 6209 417935
82900 6195 410686 6216 418314
83000 6201 411236 6225 418764
83100 6206 411753 6233 419247
83200 6207 412285 6238 419715
83300 6208 412749 6242 420251
83400 6211 413261 6255 420739
83500 6215 413744 6258 421256
83600 6224 414245 6262 421755
83700 6238 414712 6268 422288
83800 6244 415135 6276 422865
83900 6248 415647 6284 423353
84000 6250 416163 6286 423837
84100 6257 416624 6291 424376
84200 6265 417158 6296 424842
84300 6266 417799 6298 425201
84400 6274 418371 6302 425629
84500 6277 418846 6305 426154
84600 6284 419278 6314 426722
84700 6291 419753 6318 427247
84800 6296 420300 6327 427700
84900 6299 420820 6332 428180
85000 6311 421323 6343 428677
85100 6317 421890 6352 429110
85200 6324 422344 6365 429656
85300 6331 422899 6375 430101
85400 6338 423333 6377 430667
85500 6348 423697 6380 431303
85600 6355 424241 6389 431759
85700 6362 424720 6396 432280
85800 6364 425181 6401 432819
85900 6372 425660 6406 433340
86000 6375 426253 6412 433747
86100 6379 426745 6422 434255
86200 6382 427240 6426 434760
86300 6390 427823 6432 435177
86400 6396 428392 6443 435608
86500 6407 428817 6452 436183
86600 6417 429371 6461 436629
86700 6425 429912 6468 437088
86800 6430 430404 6475 437596
86900 6433 430891 6481 438109
87000 6439 431365 6483 438635
87100 6449 431812 6490 439188
87200 6455 432290 6492 439710
87300 6459 432887 6497 440113
87400 6469 433405 6505 440595
87500 6479 433840 6508 441160
87600 6486 434320 6514 441680
87700 6493 434836 6520 442164
87800 6504 435301 6525 442699
87900 6509 435788 6529 443212
88000 6515 436263 6535 443737
88100 6519 436798 6537 444202
88200 6530 437278 6549 444722
88300 6535 437768 6560 445232
88400 6542 438319 6569 445681
88500 6548 438850 6573 446150
88600 6554 439527 6577 446473
88700 6562 440032 6583 446968
88800 6566 440567 6588 447433
88900 6574 441015 6590 447985
89000 6575 441400 6598 448600
89100 6584 441832 6604 449168
89200 6593 442285 6615 449715
89300 6597 442801 6620 450199
89400 6598 443335 6626 450665
89500 6604 443754 6629 451246
89600 6607 444303 6631 451697
89700 6620 444790 6634 452210
89800 6623 445318 6638 452682
89900 6631 445832 6646 453168
90000 6639 446317 6655 453683
90100 6653 446859 6665 454141
90200 6655 447292 6671 454708
90300 6658 447776 6674 455224
90400 6662 448281 6685 455719
90500 6665 448840 6691 456160
90600 6673 449405 6698 456595
90700 6683 449930 6700 457070
90800 6687 450411 6713 457589
90900 6693 450848 6717 458152
91000 6701 451421 6724 458579
91100 6707 451945 6729 459055
91200 6712 452450 6733 459550
91300 6716 452915 6739 460085
91400 6724 453340 6745 460660
91500 6728 453869 6751 461131
91600 6732 454381 6758 461619
91700 6738 454876 6766 462124
91800 6744 455333 6769 462667
91900 6749 455882 6778 463118
92000 6755 456406 6779 463594
92100 6761 456916 6785 464084
92200 6765 457470 6788 464530
92300 6767 458038 6796 464962
92400 6774 458574 6807 465426
92500 6776 459138 6811 465862
92600 6779 459690 6813 466310
92700 6779 460147 6818 466853
92800 6782 460613 6822 467387
92900 6790 461097 6830 467903
93000 6800 461595 6835 468405
93100 6805 462083 6843 468917
93200 6814 462614 6853 469386
93300 6821 463112 6859 469888
93400 6831 463579 6866 470421
93500 6844 464011 6874 470989
93600 6853 464400 6884 471600
93700 6865 464932 6893 472068
93800 6872 465401 6900 472599
93900 6876 465817 6905 473183
94000 6881 466348 6910 473652
94100 6886 466856 6914 474144
94200 6891 467429 6919 474571
94300 6895 467902 6923 475098
94400 6901 468464 6931 475536
94500 6913 468950 6937 476050
94600 6917 469351 6943 476649
94700 6918 469878 6949 477122
94800 6924 470358 6958 477642
94900 6927 470828 6963 478172
95000 6934 471297 6968 478703
95100 6940 471700 6971 479300
95200 6944 472192 6975 479808
95300 6956 472701 6982 480299
95400 6962 473150 6991 480850
95500 6966 473619 7001 481381
95600 6975 474209 7008 481791
95700 6984 474752 7022 482248
95800 6990 475244 7026 482756
95900 6996 475741 7031 483259
96000 7000 476230 7034 483770
96100 7012 476742 7043 484258
96200 7018 477230 7049 484770
96300 7022 477618 7058 485382
96400 7033 478113 7059 485887
96500 7040 478621 7066 486379
96600 7046 479141 7076 486859
96700 7052 479674 7082 487326
96800 7059 480230 7085 487770
96900 7063 480773 7093 488227
97000 7075 481214 7098 488786
97100 7088 481667 7108 489333
97200 7096 482157 7115 489843
97300 7100 482675 7120 490325
97400 7111 483141 7127 490859
97500 7114 483616 7133 491384
97600 7122 484098 7140 491902
97700 7125 484587 7146 492413
97800 7131 485092 7155 492908
97900 7134 485562 7163 493438
98000 7142 486029 7175 493971
98100 7148 486457 7189 494543
98200 7154 486956 7193 495044
98300 7165 487423 7210 495577
98400 7179 487899 7215 496101
98500 7182 488476 7223 496524
98600 7193 489015 7228 496985
98700 7204 489582 7237 497418
98800 7209 490185 7245 497815
98900 7211 490657 7249 498343
99000 7221 491186 7253 498814
99100 7225 491681 7258 499319
99200 7230 492171 7265 499829
99300 7231 492610 7269 500390
99400 7236 493158 7277 500842
99500 7245 493626 7285 501374
99600 7255 494105 7292 501895
99700 7257 494613 7294 502387
99800 7259 495109 7303 502891
99900 7264 495642 7312 503358
100000 7278 496199 7318 503801
100100 7291 496718 7332 504282
100200 7299 497219 7339 504781
100300 7307 497670 7348 505330
100400 7316 498254 7358 505746
100500 7322 498746 7369 506254
100600 7330 499153 7374 506847
100700 7331 499623 7377 507377
100800 7335 500085 7382 507915
100900 7343 500505 7386 508495
101000 7347 500950 7393 509050
101100 7355 501435 7401 509565
101200 7361 501915 7404 510085
101300 7367 502352 7414 510648
101400 7380 502753 7425 511247
101500 7389 503276 7434 511724
101600 7394 503782 7439 512218
101700 7399 504253 7444 512747
101800 7405 504672 7449 513328
101900 7412 505162 7456 513838
102000 7422 505580 7469 514420
102100 7430 506025 7477 514975
102200 7434 506507 7483 515493
102300 7442 507064 7488 515936
102400 7456 507456 7496 516544
102500 7462 507987 7500 517013
102600 7470 508501 7505 517499
102700 7476 508976 7510 518024
102800 7485 509439 7520 518561
102900 7495 509922 7527 519078
103000 7499 510401 7533 519599
103100 7504 510893 7542 520107
103200 7508 511372 7549 520628
103300 7514 511761 7555 521239
103400 7518 512192 7560 521808
103500 7523 512658 7563 522342
103600 7526 513116 7568 522884
103700 7539 513635 7575 523365
103800 7547 514156 7583 523844
103900 7554 514672 7589 524328
104000 7561 515159 7596 524841
104100 7567 515611 7599 525389
104200 7571 516097 7606 525903
104300 7576 516543 7608 526457
104400 7582 517024 7617 526976
104500 7589 517532 7621 527468
104600 7598 518063 7631 527937
104700 7601 518521 7639 528479
104800 7606 518971 7644 529029
104900 7610 519580 7651 529420
105000 7613 520077 7654 529923
105100 7619 520562 7664 530438
105200 7630 521126 7676 530874
105300 7637 521678 7684 531322
105400 7650 522152 7692 531848
105500 7656 522675 7700 532325
105600 7664 523147 7703 532853
105700 7674 523621 7708 533379
105800 7685 524162 7715 533838
105900 7693 524713 7720 534287
106000 7702 525257 7732 534743
106100 7707 525803 7738 535197
106200 7715 526262 7744 535738
106300 7724 526786 7757 536214
106400 7728 527291 7763 536709
106500 7734 527746 7767 537254
106600 7738 528285 7773 537715
106700 7746 528839 7780 538161
106800 7750 529323 7788 538677
106900 7754 529783 7795 539217
107000 7767 530222 7800 539778
107100 7772 530809 7806 540191
107200 7781 531273 7813 540727
107300 7786 531848 7821 541152
107400 7795 532288 7823 541712
107500 7803 532724 7830 542276
107600 7806 533161 7834 542839
107700 7808 533583 7841 543417
107800 7818 534126 7847 543874
107900 7823 534653 7851 544347
108000 7824 535176 7860 544824
108100 7830 535720 7866 545280
108200 7842 536258 7870 545742
108300 7848 536752 7879 546248
108400 7851 537264 7883 546736
108500 7857 537834 7893 547166
108600 7864 538336 7896 547664
108700 7869 538847 7901 548153
108800 7879 539318 7906 548682
108900 7881 539897 7910 549103
109000 7889 540391 7921 549609
109100 7893 540999 7924 550001
109200 7902 541528 7933 550472
109300 7910 541995 7935 551005
109400 7913 542471 7941 551529
109500 7919 543060 7957 551940
109600 7928 543550 7961 552450
109700 7929 544115 7967 552885
109800 7932 544618 7973 553382
109900 7941 545094 7977 553906
110000 7950 545517 7992 554483
110100 7957 545900 8001 555100
110200 7967 546341 8010 555659
110300 7978 546853 8022 556147
110400 7986 547280 8026 556720
110500 7990 547802 8032 557198
110600 8000 548277 8043 557723
110700 8005 548785 8054 558215
110800 8015 549288 8056 558712
110900 8027 549705 8065 559295
111000 8033 550184 8066 559816
111100 8040 550673 8069 560327
111200 8048 551195 8074 560805
111300 8054 551775 8079 561225
111400 8058 552279 8083 561721
111500 8063 552792 8092 562208
111600 8066 553343 8098 562657
111700 8084 553934 8110 563066
111800 8090 554440 8115 563560
111900 8094 554978 8120 564022
112000 8106 555507 8129 564493
112100 8115 555973 8137 565027
112200 8121 556469 8145 565531
112300 8128 557028 8154 565972
112400 8134 557522 8166 566478
112500 8140 557994 8171 567006
112600 8144 558496 8175 567504
112700 8149 559017 8182 567983
112800 8157 559576 8192 568424
112900 8163 560041 8194 568959
113000 8170 560465 8205 569535
113100 8173 560917 8212 570083
113200 8180 561415 8220 570585
113300 8188 561893 8230 571107
113400 8195 562371 8239 571629
113500 8201 562857 8244 572143
113600 8206 563267 8252 572733
113700 8212 563730 8258 573270
113800 8224 564209 8264 573791
113900 8229 564639 8271 574361
114000 8236 565099 8278 574901
114100 8243 565574 8287 575426
114200 8251 566090 8293 575910
114300 8263 566473 8302 576527
114400 8268 567001 8304 576999
114500 8274 567537 8312 577463
114600 8277 568017 8316 577983
114700 8286 568577 8322 578423
114800 8292 569089 8325 578911
114900 8294 569607 8327 579393
115000 8301 570086 8333 579914
115100 8309 570599 8342 580401
115200 8314 571094 8351 580906
115300 8322 571520 8362 581480
115400 8332 571973 8368 582027
115500 8338 572396 8375 582604
115600 8343 572849 8378 583151
115700 8350 573342 8388 583658
115800 8356 573901 8396 584099
115900 8367 574439 8402 584561
116000 8376 575001 8406 584999
116100 8384 575482 8412 585518
116200 8387 576007 8416 585993
116300 8399 576490 8421 586510
116400 8403 576910 8435 587090
116500 8409 577333 8442 587667
116600 8419 577814 8453 588186
116700 8430 578232 8465 588768
116800 8441 578682 8476 589318
116900 8452 579213 8485 589787
117000 8462 579647 8494 590353
117100 8470 580120 8497 590880
117200 8474 580525 8508 591475
117300 8482 581090 8515 591910
117400 8488 581598 8527 592402
117500 8494 582142 8529 592858
117600 8506 582626 8533 593374
117700 8508 583108 8541 593892
117800 8518 583630 8547 594370
117900 8524 584042 8551 594958
118000 8535 584512 8559 595488
118100 8541 585007 8565 595993
118200 8546 585489 8570 596511
118300 8555 586140 8577 596860
118400 8563 586691 8584 597309
118500 8569 587210 8589 597790
118600 8575 587706 8592 598294
118700 8581 588179 8606 598821
118800 8590 588648 8609 599352
118900 8596 589153 8610 599847
119000 8602 589660 8613 600340
119100 8603 590136 8615 600864
119200 8609 590604 8619 601396
119300 8617 591139 8624 601861
119400 8620 591639 8631 602361
119500 8625 592100 8645 602900
119600 8641 592579 8655 603421
119700 8645 593142 8661 603858
119800 8647 593592 8669 604408
119900 8651 594022 8679 604978
120000 8655 594580 8684 605420
120100 8661 595061 8687 605939
120200 8666 595532 8689 606468
120300 8669 596013 8692 606987
120400 8672 596455 8698 607545
120500 8682 596989 8702 608011
120600 8687 597464 8707 608536
120700 8693 597946 8712 609054
120800 8697 598401 8722 609599
120900 8711 598967 8733 610033
121000 8716 599534 8743 610466
121100 8720 600064 8748 610936
121200 8726 600501 8753 611499
121300 8737 600996 8764 612004
121400 8743 601448 8768 612552
121500 8750 601962 8776 613038
121600 8759 602457 8787 613543
121700 8770 603042 8798 613958
121800 8777 603495 8808 614505
121900 8787 603974 8818 615026
122000 8794 604380 8828 615620
122100 8806 604835 8831 616165
122200 8812 605384 8837 616616
122300 8819 605734 8846 617266
122400 8824 606119 8854 617881
122500 8832 606553 8861 618447
122600 8838 607038 8869 618962
122700 8845 607491 8880 619509
122800 8850 608031 8887 619969
122900 8867 608521 8892 620479
123000 8882 609026 8906 620974
123100 8894 609574 8917 621426
123200 8897 610169 8927 621831
123300 8903 610614 8938 622386
123400 8910 611032 8946 622968
123500 8920 611519 8950 623481
123600 8925 612017 8956 623983
123700 8934 612504 8962 624496
123800 8940 612983 8970 625017
123900 8945 613521 8976 625479
124000 8952 614050 8982 625950
124100 8959 614534 8988 626466
124200 8965 615026 8997 626974
124300 8970 615472 9005 627528
124400 8973 615857 9015 628143
124500 8977 616396 9017 628604
124600 8982 616880 9023 629120
124700 8989 617385 9029 629615
124800 8997 617872 9033 630128
124900 9007 618434 9045 630566
125000 9009 618956 9047 631044
125100 9014 619357 9051 631643
125200 9024 619833 9058 632167
125300 9029 620227 9064 632773
125400 9036 620743 9072 633257
125500 9038 621315 9078 633685
125600 9043 621796 9086 634204
125700 9051 622305 9096 634695
125800 9054 622794 9100 635206
125900 9055 623260 9105 635740
126000 9065 623787 9107 636213
126100 9069 624357 9113 636643
126200 9072 624773 9124 637227
126300 9079 625270 9134 637730
126400 9086 625742 9141 638258
126500 9090 626248 9148 638752
126600 9095 626630 9154 639370
126700 9109 627190 9160 639810
126800 9115 627683 9166 640317
126900 9125 628142 9171 640858
127000 9131 628548 9181 641452
127100 9140 629127 9190 641873
127200 9150 629619 9200 642381
127300 9153 630175 9203 642825
127400 9156 630762 9207 643238
127500 9160 631313 9213 643687
127600 9164 631806 9219 644194
127700 9175 632274 9227 644726
127800 9177 632730 9233 645270
127900 9187 633214 9243 645786
128000 9195 633684 9246 646316
128100 9203 634161 9254 646839
128200 9208 634602 9258 647398
128300 9213 635093 9264 647907
128400 9214 635567 9268 648433
128500 9221 636036 9274 648964
128600 9231 636573 9286 649427
128700 9235 637109 9296 649891
128800 9239 637544 9305 650456
128900 9248 637902 9314 651098
129000 9256 638466 9320 651534
129100 9258 639023 9328 651977
129200 9261 639475 9332 652525
129300 9274 639890 9346 653110
129400 9282 640383 9350 653617
129500 9286 640929 9358 654071
129600 9291 641499 9369 654501
129700 9296 641986 9373 655014
129800 9309 642492 9384 655508
129900 9313 643022 9386 655978
130000 9324 643506 9396 656494
130100 9331 644033 9404 656967
130200 9336 644507 9409 657493
130300 9341 645097 9412 657903
130400 9352 645622 9420 658378
130500 9357 646170 9427 658830
130600 9368 646695 9432 659305
130700 9374 647184 9439 659816
130800 9383 647649 9446 660351
130900 9396 648222 9454 660778
131000 9400 648691 9461 661309
131100 9403 649211 9464 661789
131200 9409 649734 9470 662266
131300 9421 650296 9476 662704
131400 9427 650715 9479 663285
131500 9435 651233 9486 663767
131600 9443 651779 9492 664221
131700 9447 652280 9497 664720
131800 9450 652776 9503 665224
131900 9455 653320 9512 665680
132000 9460 653797 9521 666203
132100 9470 654266 9534 666734
132200 9475 654799 9539 667201
132300 9485 655328 9551 667672
132400 9488 655947 9556 668053
132500 9499 656423 9565 668577
132600 9508 656861 9569 669139
132700 9512 657428 9575 669572
132800 9514 658012 9580 669988
132900 9517 658465 9584 670535
133000 9522 658963 9591 671037
133100 9527 659531 9596 671469
133200 9538 660067 9604 671933
133300 9545 660522 9605 672478
133400 9559 661101 9613 672899
133500 9566 661572 9621 673428
133600 9576 661984 9624 674016
133700 9582 662443 9627 674557
133800 9584 662937 9630 675063
133900 9588 663513 9639 675487
134000 9599 664011 9650 675989
134100 9606 664494 9660 676506
134200 9612 664977 9665 677023
134300 9622 665505 9671 677495
134400 9628 665922 9675 678078
134500 9642 666448 9684 678552
134600 9652 666975 9687 679025
134700 9660 667487 9700 679513
134800 9667 668029 9707 679971
134900 9677 668474 9718 680526
135000 9684 668967 9722 681033
135100 9694 669447 9728 681553
135200 9694 669931 9736 682069
135300 9699 670401 9745 682599
135400 9705 670888 9749 683112
135500 9714 671444 9754 683556
135600 9717 671971 9759 684029
135700 9724 672428 9761 684572
135800 9732 672974 9767 685026
135900 9737 673499 9770 685501
136000 9744 674012 9779 685988
136100 9747 674466 9790 686534
136200 9756 675013 9792 686987
136300 9765 675543 9801 687457
136400 9767 676075 9809 687925
136500 9772 676470 9811 688530
136600 9780 676972 9820 689028
136700 9788 677365 9825 689635
136800 9793 677934 9829 690066
136900 9799 678423 9831 690577
137000 9801 678847 9835 691153
137100 9808 679324 9846 691676
137200 9816 679832 9850 692168
137300 9820 680424 9855 692576
137400 9828 680911 9860 693089
137500 9833 681452 9866 693548
137600 9849 681996 9879 694004
137700 9857 682528 9888 694472
137800 9866 682974 9891 695026
137900 9870 683488 9897 695512
138000 9883 683957 9905 696043
138100 9891 684436 9911 696564
138200 9897 684931 9919 697069
138300 9905 685424 9926 697576
138400 9910 685845 9932 698155
138500 9915 686389 9938 698611
138600 9923 686943 9947 699057
138700 9933 687450 9958 699550
138800 9937 687906 9962 700094
138900 9946 688340 9968 700660
139000 9953 688808 9975 701192
139100 9959 689353 9983 701647
139200 9969 689840 9990 702160
139300 9978 690337 9995 702663
139400 9980 690874 10002 703126
139500 9988 691381 10008 703619
139600 9995 691827 10011 704173
139700 10002 692311 10018 704689
139800 10013 692757 10030 705243
139900 10017 693224 10036 705776
140000 10023 693721 10042 706279
140100 10025 694217 10043 706783
140200 10030 694668 10054 707332
140300 10038 695170 10058 707830
140400 10043 695640 10068 708360
140500 10054 696072 10073 708928
140600 10063 696499 10085 709501
140700 10077 697033 10094 709967
140800 10085 697553 10104 710447
140900 10091 698059 10108 710941
141000 10102 698628 10115 711372
141100 10111 699150 10125 711850
141200 10117 699600 10128 712400
141300 10125 700123 10133 712877
141400 10134 700545 10142 713455
141500 10138 701058 10145 713942
141600 10143 701589 10160 714411
141700 10155 702086 10168 714914
141800 10165 702566 10176 715434
141900 10167 703015 10180 715985
142000 10171 703485 10182 716515
142100 10178 704026 10186 716974
142200 10183 704516 10191 717484
142300 10199 704984 10206 718016
142400 10203 705424 10214 718576
142500 10209 705985 10222 719015
142600 10215 706417 10227 719583
142700 10221 706856 10231 720144
142800 10225 707321 10236 720679
142900 10230 707824 10242 721176
143000 10235 708345 10256 721655
143100 10245 708808 10262 722192
143200 10248 709250 10265 722750
143300 10255 709763 10275 723237
143400 10258 710211 10277 723789
143500 10269 710708 10288 724292
143600 10276 711129 10292 724871
143700 10288 711604 10299 725396
143800 10292 712063 10302 725937
143900 10303 712627 10312 726373
144000 10307 713025 10317 726975
144100 10308 713432 10321 727568
144200 10314 713974 10328 728026
144300 10323 714525 10331 728475
144400 10326 714967 10335 729033
144500 10331 715392 10343 729608
144600 10333 715840 10350 730160
144700 10339 716353 10363 730647
144800 10343 716910 10370 731090
144900 10352 717439 10381 731561
145000 10358 717902 10387 732098
145100 10359 718427 10392 732573
145200 10367 718940 10402 733060
145300 10372 719545 10407 733455
145400 10378 720075 10408 733925
145500 10382 720654 10418 734346
145600 10385 721167 10427 734833
145700 10388 721716 10434 735284
145800 10395 722202 10438 735798
145900 10399 722634 10445 736366
146000 10404 723100 10455 736900
146100 10408 723658 10462 737342
146200 10417 724141 10467 737859
146300 10427 724596 10474 738404
146400 10432 725160 10475 738840
146500 10440 725659 10479 739341
146600 10444 726269 10487 739731
146700 10450 726726 10490 740274
146800 10458 727268 10502 740732
146900 10463 727708 10505 741292
147000 10467 728150 10511 741850
147100 10475 728602 10529 742398
147200 10482 729151 10530 742849
147300 10493 729654 10541 743346
147400 10501 729975 10545 744025
147500 10509 730421 10551 744579
147600 10511 731017 10558 744983
147700 10513 731594 10563 745406
147800 10521 732029 10572 745971
147900 10525 732439 10580 746561
148000 10530 732933 10589 747067
148100 10542 733383 10599 747617
148200 10552 733835 10606 748165
148300 10560 734313 10617 748687
148400 10566 734791 10623 749209
148500 10574 735313 10628 749687
148600 10577 735820 10633 750180
148700 10585 736309 10642 750691
148800 10595 736822 10651 751178
148900 10600 737340 10654 751660
149000 10606 737829 10660 752171
149100 10611 738338 10667 752662
149200 10617 738888 10671 753112
149300 10622 739267 10683 753733
149400 10628 739826 10689 754174
149500 10632 740289 10694 754711
149600 10642 740788 10698 755212
149700 10651 741392 10705 755608
149800 10659 742016 10716 755984
149900 10664 742639 10724 756361
150000 10666 743090 10727 756910
150100 10674 743597 10734 757403
150200 10689 744194 10739 757806
150300 10700 744692 10743 758308
150400 10710 745223 10754 758777
150500 10718 745680 10765 759320
150600 10726 746236 10773 759764
150700 10732 746757 10779 760243
150800 10743 747181 10786 760819
150900 10751 747701 10795 761299
151000 10762 748309 10806 761691
151100 10770 748812 10811 762188
151200 10777 749357 10818 762643
151300 10784 749857 10827 763143
151400 10790 750309 10833 763691
151500 10797 750813 10841 764187
151600 10806 751317 10847 764683
151700 10812 751809 10856 765191
151800 10824 752248 10864 765752
151900 10828 752762 10873 766238
152000 10832 753267 10879 766733
152100 10839 753769 10886 767231
152200 10846 754240 10893 767760
152300 10850 754700 10895 768300
152400 10856 755140 10899 768860
152500 10860 755630 10907 769370
152600 10868 756004 10913 769996
152700 10872 756502 10918 770498
152800 10880 756980 10926 771020
152900 10891 757592 10933 771408
153000 10899 758106 10937 771894
153100 10911 758568 10946 772432
153200 10915 759085 10947 772915
153300 10920 759531 10959 773469
153400 10923 760080 10964 773920
153500 10929 760530 10970 774470
153600 10938 761070 10981 774930
153700 10944 761503 10986 775497
153800 10952 762033 10990 775967
153900 10957 762620 10998 776380
154000 10966 763193 11005 776807
154100 10971 763591 11019 777409
154200 10974 764058 11031 777942
154300 10983 764544 11035 778456
154400 10989 765027 11044 778973
154500 10993 765594 11050 779406
154600 11002 766062 11062 779938
154700 11012 766613 11072 780387
154800 11016 767154 11081 780846
154900 11024 767697 11089 781303
155000 11027 768164 11092 781836
155100 11035 768774 11094 782226
155200 11044 769306 11102 782694
155300 11048 769740 11110 783260
155400 11056 770230 11118 783770
155500 11061 770779 11119 784221
155600 11068 771375 11124 784625
155700 11073 771878 11132 785122
155800 11078 772362 11138 785638
155900 11085 772807 11147 786193
156000 11098 773314 11153 786686
156100 11112 773785 11155 787215
156200 11120 774322 11161 787678
156300 11131 774935 11172 788065
156400 11136 775358 11176 788642
156500 11145 775808 11186 789192
156600 11149 776298 11190 789702
156700 11159 776835 11195 790165
156800 11173 777359 11201 790641
156900 11176 777836 11211 791164
157000 11192 778355 11216 791645
157100 11198 778770 11220 792230
157200 11200 779217 11222 792783
157300 11204 779702 11225 793298
157400 11213 780278 11232 793722
157500 11221 780719 11233 794281
157600 11226 781252 11238 794748
157700 11233 781736 11246 795264
157800 11243 782170 11253 795830
157900 11254 782612 11258 796388
158000 11263 783093 11267 796907
158100 11277 783500 11276 797500
158200 11286 784037 11287 797963
158300 11293 784544 11294 798456
158400 11302 784919 11301 799081
158500 11312 785316 11306 799684
158600 11318 785852 11310 800148
158700 11322 786347 11320 800653
158800 11328 786794 11323 801206
158900 11338 787224 11330 801776
159000 11343 787702 11337 802298
159100 11353 788183 11345 802817
159200 11362 788740 11355 803260
159300 11373 789161 11361 803839
159400 11383 789619 11369 804381
159500 11401 790081 11380 804919
159600 11404 790570 11384 805430
159700 11412 791027 11390 805973
159800 11418 791567 11395 806433
159900 11428 791969 11402 807031
160000 11434 792463 11407 807537
160100 11437 792973 11412 808027
160200 11445 793501 11417 808499
160300 11451 794027 11422 808973
160400 11456 794491 11428 809509
160500 11463 794921 11433 810079
160600 11470 795390 11435 810610
160700 11479 795915 11443 811085
160800 11483 796310 11450 811690
160900 11498 796861 11458 812139
161000 11508 797438 11465 812562
161100 11511 798003 11472 812997
161200 11519 798505 11485 813495
161300 11524 798991 11487 814009
161400 11532 799484 11492 814516
161500 11535 800048 11497 814952
161600 11542 800527 11504 815473
161700 11548 801029 11510 815971
161800 11556 801564 11519 816436
161900 11563 802047 11524 816953
162000 11577 802696 11534 817304
162100 11583 803199 11541 817801
162200 11590 803712 11554 818288
162300 11593 804135 11561 818865
162400 11603 804617 11567 819383
162500 11608 805071 11572 819929
162600 11619 805555 11576 820445
162700 11625 806027 11578 820973
162800 11629 806603 11581 821397
162900 11635 807176 11587 821824
163000 11652 807671 11593 822329
163100 11662 808147 11598 822853
163200 11668 808606 11603 823394
163300 11674 809086 11607 823914
163400 11675 809503 11614 824497
163500 11681 810017 11620 824983
163600 11688 810517 11624 825483
163700 11690 811016 11629 825984
163800 11697 811438 11639 826562
163900 11703 811966 11656 827034
164000 11712 812469 11664 827531
164100 11714 813004 11674 827996
164200 11715 813505 11677 828495
164300 11723 813983 11694 829017
164400 11726 814444 11698 829556
164500 11733 814962 11707 830038
164600 11743 815457 11712 830543
164700 11751 815823 11720 831177
164800 11756 816303 11728 831697
164900 11768 816755 11735 832245
165000 11774 817248 11743 832752
165100 11785 817758 11751 833242
165200 11792 818232 11751 833768
165300 11794 818672 11761 834328
165400 11799 819187 11768 834813
165500 11815 819744 11778 835256
165600 11823 820174 11789 835826
165700 11829 820672 11795 836328
165800 11841 821163 11799 836837
165900 11846 821604 11804 837396
166000 11854 822049 11812 837951
166100 11858 822537 11815 838463
166200 11865 822991 11825 839009
166300 11872 823500 11834 839500
166400 11880 823980 11840 840020
166500 11887 824505 11852 840495
166600 11896 824992 11861 841008
166700 11904 825502 11864 841498
166800 11904 826040 11872 841960
166900 11909 826443 11876 842557
167000 11918 827015 11884 842985
167100 11923 827471 11894 843529
167200 11930 828142 11900 843858
167300 11935 828692 11904 844308
167400 11939 829220 11909 844780
167500 11944 829747 11918 845253
167600 11948 830282 11924 845718
167700 11958 830716 11927 846284
167800 11961 831145 11936 846855
167900 11973 831636 11938 847364
168000 11982 832146 11946 847854
168100 11990 832687 11955 848313
168200 11996 833188 11957 848812
168300 11999 833800 11962 849200
168400 12006 834356 11967 849644
168500 12014 834763 11974 850237
168600 12019 835256 11976 850744
168700 12028 835706 11979 851294
168800 12032 836316 11985 851684
168900 12035 836931 11996 852069
169000 12040 837438 12009 852562
169100 12049 837971 12010 853029
169200 12053 838484 12017 853516
169300 12059 838933 12021 854067
169400 12069 839460 12031 854540
169500 12075 839989 12039 855011
169600 12082 840556 12042 855444
169700 12086 841100 12045 855900
169800 12089 841660 12053 856340
169900 12093 842123 12057 856877
170000 12103 842633 12059 857367
170100 12109 843139 12063 857861
170200 12115 843613 12070 858387
170300 12125 844189 12083 858811
170400 12131 844724 12085 859276
170500 12134 845212 12091 859788
170600 12139 845789 12092 860211
170700 12144 846277 12096 860723
170800 12147 846803 12099 861197
170900 12154 847156 12103 861844
171000 12163 847618 12109 862382
171100 12167 848120 12113 862880
171200 12175 848568 12115 863432
171300 12180 849123 12125 863877
171400 12187 849683 12130 864317
171500 12195 850198 12137 864802
171600 12205 850708 12142 865292
171700 12209 851233 12150 865767
171800 12220 851771 12154 866229
171900 12227 852333 12161 866667
172000 12237 852884 12169 867116
172100 12244 853393 12179 867607
172200 12255 853881 12191 868119
172300 12261 854326 12199 868674
172400 12267 854930 12206 869070
172500 12275 855523 12213 869477
172600 12284 856114 12219 869886
172700 12290 856558 12226 870442
172800 12296 857014 12235 870986
172900 12302 857438 12241 871562
173000 12316 857895 12254 872105
173100 12324 858436 12260 872564
173200 12329 858935 12263 873065
173300 12337 859377 12271 873623
173400 12344 859828 12277 874172
173500 12347 860247 12289 874753
173600 12353 860798 12297 875202
173700 12358 861202 12304 875798
173800 12364 861576 12311 876424
173900 12365 862100 12316 876900
174000 12368 862681 12319 877319
174100 12379 863176 12326 877824
174200 12392 863621 12344 878379
174300 12400 864121 12352 878879
174400 12409 864626 12356 879374
174500 12416 865168 12366 879832
174600 12427 865653 12376 880347
174700 12430 866112 12383 880888
174800 12438 866701 12387 881299
174900 12445 867191 12393 881809
175000 12449 867611 12398 882389
175100 12457 868138 12403 882862
175200 12464 868523 12415 883477
175300 12470 869025 12421 883975
175400 12478 869497 12424 884503
175500 12479 869952 12428 885048
175600 12485 870480 12434 885520
175700 12487 870989 12439 886011
175800 12497 871537 12450 886463
175900 12508 871926 12462 887074
176000 12516 872433 12466 887567
176100 12519 872921 12471 888079
176200 12524 873385 12479 888615
176300 12538 873867 12484 889133
176400 12541 874428 12491 889572
176500 12546 874865 12492 890135
176600 12555 875376 12502 890624
176700 12559 875895 12507 891105
176800 12573 876336 12512 891664
176900 12580 876843 12523 892157
177000 12586 877397 12530 892603
177100 12592 877868 12534 893132
177200 12601 878311 12539 893689
177300 12607 878821 12542 894179
177400 12612 879319 12550 894681
177500 12624 879813 12560 895187
177600 12631 880266 12568 895734
177700 12636 880713 12576 896287
177800 12644 881196 12580 896804
177900 12651 881713 12591 897287
178000 12659 882153 12597 897847
178100 12671 882588 12603 898412
178200 12677 883062 12612 898938
178300 12687 883472 12621 899528
178400 12693 883990 12631 900010
178500 12701 884483 12638 900517
178600 12709 884947 12644 901053
178700 12716 885464 12653 901536
178800 12724 885933 12657 902067
178900 12729 886436 12664 902564
179000 12734 886984 12667 903016
179100 12744 887472 12675 903528
179200 12749 887939 12684 904061
179300 12755 888439 12689 904561
179400 12763 888834 12701 905166
179500 12771 889385 12706 905615
179600 12776 889973 12707 906027
179700 12781 890413 12711 906587
179800 12791 890826 12721 907174
179900 12796 891372 12724 907628
180000 12800 891915 12735 908085
180100 12805 892410 12738 908590
180200 12811 892943 12749 909057
180300 12817 893531 12757 909469
180400 12819 893986 12764 910014
180500 12828 894426 12771 910574
180600 12833 894922 12780 911078
180700 12844 895468 12789 911532
180800 12859 895933 12805 912067
180900 12866 896365 12809 912635
181000 12871 896899 12819 913101
181100 12876 897358 12824 913642
181200 12884 897958 12834 914042
181300 12886 898531 12842 914469
181400 12899 899019 12853 914981
181500 12905 899562 12860 915438
181600 12909 900172 12866 915828
181700 12916 900698 12873 916302
181800 12920 901159 12876 916841
181900 12927 901593 12883 917407
182000 12932 901999 12891 918001
182100 12939 902504 12898 918496
182200 12949 903022 12904 918978
182300 12956 903587 12914 919413
182400 12964 904107 12923 919893
182500 12966 904662 12929 920338
182600 12971 905220 12931 920780
182700 12978 905739 12939 921261
182800 12983 906092 12951 921908
182900 12986 906551 12957 922449
183000 12992 906968 12967 923032
183100 12997 907432 12974 923568
183200 13002 907955 12980 924045
183300 13006 908444 12987 924556
183400 13010 908924 12997 925076
183500 13014 909492 13003 925508
183600 13018 910048 13004 925952
183700 13026 910571 13009 926429
183800 13028 910944 13014 927056
183900 13032 911402 13018 927598
184000 13036 911918 13022 928082
184100 13041 912463 13031 928537
184200 13054 912959 13036 929041
184300 13058 913427 13041 929573
184400 13062 913940 13050 930060
184500 13065 914369 13061 930631
184600 13071 914870 13067 931130
184700 13084 915379 13078 931621
184800 13092 915839 13087 932161
184900 13098 916262 13094 932738
185000 13107 916746 13103 933254
185100 13114 917122 13114 933878
185200 13120 917608 13121 934392
185300 13124 918081 13126 934919
185400 13135 918512 13131 935488
185500 13138 918949 13138 936051
185600 13144 919405 13146 936595
185700 13146 919901 13149 937099
185800 13149 920365 13156 937635
185900 13155 920923 13161 938077
186000 13158 921384 13167 938616
186100 13163 921917 13172 939083
186200 13173 922485 13179 939515
186300 13178 923052 13189 939948
186400 13183 923546 13197 940454
186500 13186 924140 13208 940860
186600 13195 924654 13216 941346
186700 13199 925060 13218 941940
186800 13201 925595 13222 942405
186900 13205 926157 13227 942843
187000 13210 926712 13232 943288
187100 13214 927187 13241 943813
187200 13219 927625 13243 944375
187300 13226 928015 13250 944985
187400 13231 928457 13257 945543
187500 13237 928922 13259 946078
187600 13239 929343 13261 946657
187700 13251 929848 13268 947152
187800 13258 930260 13278 947740
187900 13267 930728 13291 948272
188000 13272 931301 13296 948699
188100 13275 931849 13300 949151
188200 13284 932397 13308 949603
188300 13292 932955 13319 950045
188400 13299 933409 13326 950591
188500 13310 933929 13330 951071
188600 13314 934413 13339 951587
188700 13318 934807 13343 952193
188800 13325 935257 13351 952743
188900 13333 935804 13359 953196
189000 13341 936329 13363 953671
189100 13348 936757 13370 954243
189200 13354 937249 13375 954751
189300 13356 937758 13382 955242
189400 13369 938234 13390 955766
189500 13375 938750 13392 956250
189600 13384 939100 13397 956900
189700 13388 939527 13398 957473
189800 13395 939983 13403 958017
189900 13399 940447 13414 958553
190000 13404 940997 13427 959003
190100 13410 941512 13430 959488
190200 13422 942003 13438 959997
190300 13432 942530 13443 960470
190400 13440 943013 13451 960987
190500 13444 943522 13457 961478
190600 13447 943919 13462 962081
190700 13457 944417 13472 962583
190800 13461 944880 13481 963120
190900 13474 945388 13489 963612
191000 13483 945872 13498 964128
191100 13488 946402 13506 964598
191200 13495 946933 13511 965067
191300 13506 947475 13515 965525
191400 13511 948027 13517 965973
191500 13516 948518 13530 966482
191600 13533 948982 13540 967018
191700 13545 949476 13549 967524
191800 13554 949946 13557 968054
191900 13561 950414 13566 968586
192000 13568 950881 13572 969119
192100 13569 951389 13577 969611
192200 13576 951870 13579 970130
192300 13584 952408 13587 970592
192400 13592 952954 13597 971046
192500 13598 953434 13605 971566
192600 13609 953877 13613 972123
192700 13614 954466 13616 972534
192800 13625 954948 13619 973052
192900 13630 955358 13626 973642
193000 13634 955835 13629 974165
193100 13639 956238 13635 974762
193200 13643 956761 13644 975239
193300 13648 957235 13645 975765
193400 13654 957745 13650 976255
193500 13665 958161 13657 976839
193600 13669 958643 13661 977357
193700 13678 959051 13671 977949
193800 13688 959519 13675 978481
193900 13692 959995 13676 979005
194000 13700 960459 13679 979541
194100 13706 960993 13686 980007
194200 13712 961463 13697 980537
194300 13720 961880 13701 981120
194400 13727 962336 13707 981664
194500 13732 962853 13716 982147
194600 13741 963361 13721 982639
194700 13749 963803 13735 983197
194800 13755 964327 13737 983673
194900 13759 964741 13742 984259
195000 13766 965272 13746 984728
195100 13773 965777 13748 985223
195200 13782 966265 13749 985735
195300 13786 966734 13754 986266
195400 13793 967272 13761 986728
195500 13800 967817 13768 987183
195600 13804 968348 13777 987652
195700 13813 968775 13784 988225
195800 13821 969310 13790 988690
195900 13824 969710 13793 989290
196000 13834 970203 13798 989797
196100 13843 970705 13808 990295
196200 13848 971160 13811 990840
196300 13856 971703 13821 991297
196400 13863 972169 13831 991831
196500 13869 972606 13838 992394
196600 13878 973094 13850 992906
196700 13885 973557 13858 993443
196800 13886 974082 13864 993918
196900 13891 974599 13866 994401
197000 13898 975128 13875 994872
197100 13904 975624 13881 995376
197200 13906 976202 13888 995798
197300 13920 976626 13891 996374
197400 13925 977073 13894 996927
197500 13930 977580 13899 997420
197600 13936 978161 13910 997839
197700 13944 978720 13917 998280
197800 13951 979235 13922 998765
197900 13958 979688 13927 999312
198000 13970 980104 13943 999896
198100 13981 980644 13949 1000356
198200 13988 981093 13960 1000907
198300 13995 981523 13968 1001477
198400 14003 982040 13976 1001960
198500 14019 982478 13981 1002522
198600 14024 982961 13988 1003039
198700 14031 983538 13993 1003462
198800 14039 984033 13998 1003967
198900 14046 984611 14010 1004389
199000 14052 985042 14018 1004958
199100 14065 985551 14029 1005449
199200 14077 985974 14039 1006026
199300 14084 986348 14044 1006652
199400 14096 986914 14052 1007086
199500 14105 987478 14059 1007522
199600 14114 987981 14065 1008019
199700 14126 988483 14069 1008517
199800 14133 988994 14074 1009006
199900 14143 989542 14078 1009458
200000 14156 990080 14088 1009920
