#! FIELDS timestep dup_succ dup_attempts kill_succ kill_attempts
#! SET timestep 0.5
#! SET kernel_bandwidth [0.45 0.45]
#! SET kt 1.0
100 79 273 85 727
200 158 470 196 1530
300 248 756 315 2244
400 326 1144 426 2856
500 397 1329 514 3671
600 466 1544 593 4456
700 542 1833 661 5167
800 596 2199 719 5801
900 635 2617 748 6383
1000 658 3066 775 6934
1100 673 3540 787 7460
1200 681 4033 796 7967
1300 684 4481 804 8519
1400 694 5007 811 8993
1500 699 5475 812 9525
1600 702 6132 820 9868
1700 703 6538 823 10462
1800 706 6960 824 11040
1900 707 7502 826 11498
2000 712 8088 827 11912
2100 720 8758 831 12242
2200 727 9235 837 12765
2300 736 9793 845 13207
2400 742 10350 851 13650
2500 744 10761 854 14239
2600 751 11373 860 14627
2700 753 11850 861 15150
2800 759 12226 867 15774
2900 766 12735 875 16265
3000 772 13267 880 16733
3100 773 13782 886 17218
3200 778 14280 886 17720
3300 780 14823 886 18177
3400 790 15293 893 18707
3500 795 15742 900 19258
3600 799 16167 904 19833
3700 801 16698 911 20302
3800 804 17242 913 20758
3900 807 17753 915 21247
4000 811 18225 917 21775
4100 813 18750 918 22250
4200 815 19201 923 22799
4300 816 19766 927 23234
4400 819 20255 934 23745
4500 821 20837 943 24163
4600 828 21290 946 24710
4700 829 21784 946 25216
4800 835 22263 946 25737
4900 838 22740 946 26260
5000 842 23263 951 26737
5100 843 23790 957 27210
5200 845 24258 957 27742
5300 851 24679 968 28321
5400 852 25215 969 28785
5500 858 25725 976 29275
5600 860 26206 984 29794
5700 864 26655 987 30345
5800 867 27206 989 30794
5900 870 27652 996 31348
6000 874 28220 999 31780
6100 880 28583 1002 32417
6200 883 28953 1006 33047
6300 888 29504 1007 33496
6400 892 30003 1009 33997
6500 895 30454 1011 34546
6600 899 30873 1020 35127
6700 901 31362 1027 35638
6800 907 31830 1032 36170
6900 911 32336 1034 36664
7000 915 32982 1040 37018
7100 919 33594 1042 37406
7200 921 34087 1047 37913
7300 926 34547 1057 38453
7400 930 35112 1062 38888
7500 934 35609 1067 39391
7600 943 36094 1073 39906
7700 950 36590 1074 40410
7800 955 37209 1082 40791
7900 958 37758 1086 41242
8000 961 38150 1093 41850
8100 966 38588 1101 42412
8200 974 39140 1107 42860
8300 977 39712 1114 43288
8400 981 40154 1117 43846
8500 988 40729 1123 44271
8600 992 41251 1129 44749
8700 998 41686 1136 45314
8800 1001 42185 1141 45815
8900 1005 42730 1145 46270
9000 1009 43229 1151 46771
9100 1017 43659 1162 47341
9200 1018 44106 1166 47894
9300 1023 44593 1169 48407
9400 1030 45178 1172 48822
9500 1040 45588 1180 49412
9600 1043 46056 1188 49944
9700 1048 46532 1191 50468
9800 1050 47024 1197 50976
9900 1053 47549 1202 51451
10000 1057 48159 1206 51841
10100 1061 48612 1215 52388
10200 1072 49067 1217 52933
10300 1076 49527 1219 53473
10400 1082 49950 1220 54050
10500 1086 50362 1229 54638
10600 1090 50819 1232 55181
10700 1094 51274 1236 55726
10800 1096 51656 1240 56344
10900 1098 52248 1241 56752
11000 1103 52798 1250 57202
11100 1105 53341 1255 57659
11200 1108 53828 1260 58172
11300 1109 54323 1264 58677
11400 1117 54855 1271 59145
11500 1123 55406 1274 59594
11600 1126 55886 1277 60114
11700 1127 56352 1282 60648
11800 1128 56772 1286 61228
11900 1130 57113 1292 61887
12000 1135 57591 1297 62409
12100 1136 58083 1306 62917
12200 1140 58563 1309 63437
12300 1146 59089 1314 63911
12400 1149 59615 1316 64385
12500 1152 60179 1318 64821
12600 1155 60659 1320 65341
12700 1159 61177 1323 65823
12800 1161 61687 1329 66313
12900 1162 62036 1331 66964
13000 1170 62726 1339 67274
13100 1173 63162 1341 67838
13200 1178 63580 1345 68420
13300 1183 64040 1354 68960
13400 1194 64428 1364 69572
13500 1196 65063 1366 69937
13600 1202 65493 1371 70507
13700 1205 65906 1372 71094
13800 1206 66441 1374 71559
13900 1212 66969 1378 72031
14000 1215 67541 1381 72459
14100 1222 67976 1392 73024
14200 1228 68470 1404 73530
14300 1230 68902 1410 74098
14400 1233 69268 1414 74732
14500 1233 69712 1416 75288
14600 1237 70333 1418 75667
14700 1242 70810 1423 76190
14800 1249 71342 1430 76658
14900 1252 72003 1438 76997
15000 1255 72532 1444 77468
15100 1260 73065 1448 77935
15200 1266 73501 1450 78499
15300 1270 74056 1450 78944
15400 1275 74563 1454 79437
15500 1281 75136 1455 79864
15600 1288 75614 1458 80386
15700 1289 76080 1462 80920
15800 1292 76527 1473 81473
15900 1295 77006 1479 81994
16000 1300 77348 1491 82652
16100 1302 77638 1497 83362
16200 1304 78173 1501 83827
16300 1309 78615 1507 84385
16400 1310 79065 1511 84935
16500 1316 79507 1519 85493
16600 1324 79973 1526 86027
16700 1329 80467 1528 86533
16800 1336 81016 1531 86984
16900 1345 81520 1539 87480
17000 1351 81918 1546 88082
17100 1354 82335 1550 88665
17200 1358 82885 1557 89115
17300 1361 83408 1558 89592
17400 1366 83893 1561 90107
17500 1370 84453 1562 90547
17600 1375 84950 1564 91050
17700 1378 85470 1570 91530
17800 1381 85937 1575 92063
17900 1386 86544 1580 92456
18000 1389 86982 1580 93018
18100 1393 87532 1585 93468
18200 1400 87964 1592 94036
18300 1406 88600 1594 94400
18400 1411 89189 1598 94811
18500 1418 89712 1605 95288
18600 1425 90133 1607 95867
18700 1430 90646 1615 96354
18800 1435 91133 1624 96867
18900 1441 91510 1631 97490
19000 1445 91966 1635 98034
19100 1453 92395 1640 98605
19200 1457 93029 1642 98971
19300 1461 93485 1647 99515
19400 1464 93987 1651 100013
19500 1466 94523 1655 100477
19600 1468 95009 1656 100991
19700 1475 95467 1660 101533
19800 1479 95939 1668 102061
19900 1486 96456 1673 102544
20000 1489 97018 1673 102982
20100 1492 97563 1684 103437
20200 1497 98130 1692 103870
20300 1501 98709 1697 104291
20400 1507 99249 1705 104751
20500 1510 99736 1708 105264
20600 1516 100424 1716 105576
20700 1523 100934 1717 106066
20800 1527 101432 1725 106568
20900 1531 102002 1728 106998
21000 1537 102541 1733 107459
21100 1542 103057 1737 107943
21200 1548 103548 1745 108452
21300 1557 104068 1754 108932
21400 1560 104762 1755 109238
21500 1572 105279 1761 109721
21600 1575 105722 1764 110278
21700 1577 106262 1766 110738
21800 1582 106708 1776 111292
21900 1589 107178 1780 111822
22000 1593 107649 1784 112351
22100 1595 108256 1788 112744
22200 1598 108742 1791 113258
22300 1604 109181 1793 113819
22400 1610 109580 1798 114420
22500 1613 110039 1806 114961
22600 1620 110588 1809 115412
22700 1625 111053 1812 115947
22800 1627 111465 1814 116535
22900 1631 112036 1822 116964
23000 1631 112504 1822 117496
23100 1637 112945 1829 118055
23200 1645 113446 1831 118554
23300 1651 113979 1833 119021
23400 1657 114440 1836 119560
23500 1660 114791 1836 120209
23600 1665 115383 1841 120617
23700 1669 115851 1844 121149
23800 1671 116399 1851 121601
23900 1677 116918 1854 122082
24000 1682 117387 1859 122613
24100 1684 117902 1861 123098
24200 1686 118345 1863 123655
24300 1690 118814 1867 124186
24400 1694 119289 1870 124711
24500 1697 119661 1875 125339
24600 1703 120163 1882 125837
24700 1705 120564 1885 126436
24800 1706 121022 1889 126978
24900 1708 121481 1894 127519
25000 1710 121985 1901 128015
25100 1712 122556 1903 128444
25200 1721 123090 1905 128910
25300 1724 123572 1911 129428
25400 1728 124061 1918 129939
25500 1732 124615 1923 130385
25600 1736 125062 1929 130938
25700 1744 125509 1935 131491
25800 1749 126079 1941 131921
25900 1751 126546 1945 132454
26000 1754 127039 1948 132961
26100 1761 127571 1953 133429
26200 1765 128104 1958 133896
26300 1768 128587 1963 134413
26400 1772 129163 1966 134837
26500 1774 129696 1973 135304
26600 1774 130178 1974 135822
26700 1782 130603 1978 136397
26800 1792 131098 1979 136902
26900 1797 131605 1983 137395
27000 1797 132133 1987 137867
27100 1802 132698 1991 138302
27200 1808 133118 1993 138882
27300 1810 133591 1997 139409
27400 1813 134066 2004 139934
27500 1815 134587 2012 140413
27600 1820 135029 2014 140971
27700 1820 135564 2015 141436
27800 1826 135955 2024 142045
27900 1831 136415 2031 142585
28000 1836 136952 2036 143048
28100 1839 137520 2040 143480
28200 1842 138064 2041 143936
28300 1843 138619 2044 144381
28400 1846 139238 2049 144762
28500 1849 139838 2051 145162
28600 1852 140382 2056 145618
28700 1861 140894 2065 146106
28800 1863 141398 2066 146602
28900 1870 141958 2068 147042
29000 1878 142499 2077 147501
29100 1887 143025 2084 147975
29200 1892 143543 2092 148457
29300 1895 143969 2094 149031
29400 1897 144469 2100 149531
29500 1905 144971 2102 150029
29600 1910 145509 2111 150491
29700 1913 146042 2116 150958
29800 1917 146532 2117 151468
29900 1921 147121 2121 151879
30000 1924 147712 2126 152288
30100 1931 148215 2134 152785
30200 1934 148773 2139 153227
30300 1939 149396 2144 153604
30400 1943 149981 2148 154019
30500 1944 150503 2149 154497
30600 1946 151090 2154 154910
30700 1950 151617 2156 155383
30800 1958 152129 2161 155871
30900 1964 152643 2170 156357
31000 1970 153222 2174 156778
31100 1977 153706 2177 157294
31200 1980 154267 2178 157733
31300 1987 154794 2183 158206
31400 1991 155305 2185 158695
31500 2000 155791 2190 159209
31600 2003 156215 2196 159785
31700 2005 156721 2198 160279
31800 2015 157165 2202 160835
31900 2017 157648 2206 161352
32000 2018 158176 2211 161824
32100 2022 158721 2213 162279
32200 2026 159143 2215 162857
32300 2035 159577 2222 163423
32400 2037 160034 2228 163966
32500 2041 160539 2235 164461
32600 2048 161153 2244 164847
32700 2049 161701 2252 165299
32800 2051 162161 2255 165839
32900 2053 162705 2259 166295
33000 2055 163137 2264 166863
33100 2058 163538 2266 167462
33200 2059 163955 2271 168045
33300 2061 164387 2275 168613
33400 2066 164808 2280 169192
33500 2070 165196 2286 169804
33600 2072 165710 2289 170290
33700 2075 166098 2291 170902
33800 2081 166610 2297 171390
33900 2091 167159 2304 171841
34000 2101 167680 2313 172320
34100 2109 168241 2318 172759
34200 2113 168734 2323 173266
34300 2118 169163 2328 173837
34400 2127 169640 2334 174360
34500 2130 170076 2338 174924
34600 2134 170527 2342 175473
34700 2140 170965 2348 176035
34800 2143 171412 2352 176588
34900 2146 171911 2359 177089
35000 2156 172423 2360 177577
35100 2158 173019 2366 177981
35200 2159 173525 2370 178475
35300 2162 173994 2373 179006
35400 2166 174501 2378 179499
35500 2176 175048 2387 179952
35600 2178 175482 2389 180518
35700 2183 176065 2391 180935
35800 2189 176624 2396 181376
35900 2190 177102 2399 181898
36000 2193 177524 2399 182476
36100 2198 178060 2400 182940
36200 2203 178572 2404 183428
36300 2205 179079 2406 183921
36400 2207 179638 2410 184362
36500 2212 180002 2414 184998
36600 2217 180419 2419 185581
36700 2222 180974 2423 186026
36800 2222 181506 2426 186494
36900 2227 181980 2427 187020
37000 2232 182420 2436 187580
37100 2240 182864 2440 188136
37200 2241 183355 2442 188645
37300 2243 183854 2444 189146
37400 2245 184348 2454 189652
37500 2249 184857 2458 190143
37600 2251 185355 2461 190645
37700 2254 185855 2463 191145
37800 2259 186257 2471 191743
37900 2267 186848 2476 192152
38000 2269 187313 2478 192687
38100 2271 187792 2486 193208
38200 2280 188278 2488 193722
38300 2288 188730 2495 194270
38400 2290 189234 2504 194766
38500 2297 189726 2512 195274
38600 2302 190230 2520 195770
38700 2309 190701 2525 196299
38800 2314 191189 2530 196811
38900 2319 191742 2532 197258
39000 2321 192221 2536 197779
39100 2323 192814 2540 198186
39200 2329 193252 2544 198748
39300 2331 193790 2547 199210
39400 2335 194262 2550 199738
39500 2341 194670 2551 200330
39600 2346 195204 2560 200796
39700 2349 195542 2566 201458
39800 2354 196026 2568 201974
39900 2356 196449 2574 202551
40000 2358 196933 2575 203067
40100 2363 197452 2578 203548
40200 2368 197887 2580 204113
40300 2372 198373 2584 204627
40400 2376 198843 2588 205157
40500 2379 199279 2591 205721
40600 2383 199799 2593 206201
40700 2389 200196 2603 206804
40800 2392 200731 2607 207269
40900 2395 201329 2613 207671
41000 2402 201784 2617 208216
41100 2404 202237 2622 208763
41200 2406 202643 2625 209357
41300 2418 203265 2634 209735
41400 2422 203793 2643 210207
41500 2423 204341 2645 210659
41600 2425 204965 2650 211035
41700 2429 205420 2652 211580
41800 2434 205896 2654 212104
41900 2438 206496 2657 212504
42000 2443 206973 2664 213027
42100 2445 207484 2666 213516
42200 2450 207942 2668 214058
42300 2455 208372 2671 214628
42400 2457 208870 2673 215130
42500 2462 209391 2676 215609
42600 2468 209906 2681 216094
42700 2469 210477 2683 216523
42800 2470 211003 2685 216997
42900 2471 211482 2686 217518
43000 2475 212039 2690 217961
43100 2479 212635 2695 218365
43200 2482 213138 2700 218862
43300 2485 213674 2707 219326
43400 2490 214215 2709 219785
43500 2499 214712 2713 220288
43600 2506 215130 2718 220870
43700 2508 215602 2720 221398
43800 2513 216084 2725 221916
43900 2514 216538 2727 222462
44000 2516 217067 2734 222933
44100 2522 217623 2739 223377
44200 2527 218119 2747 223881
44300 2529 218645 2755 224355
44400 2531 219100 2758 224900
44500 2535 219476 2759 225524
44600 2546 220046 2765 225954
44700 2547 220579 2768 226421
44800 2549 220982 2778 227018
44900 2554 221556 2783 227444
45000 2560 221956 2790 228044
45100 2563 222467 2794 228533
45200 2570 223112 2797 228888
45300 2574 223486 2799 229514
45400 2580 223877 2802 230123
45500 2585 224406 2804 230594
45600 2591 224931 2809 231069
45700 2595 225463 2814 231537
45800 2603 225966 2817 232034
45900 2607 226534 2821 232466
46000 2610 226994 2825 233006
46100 2613 227450 2828 233550
46200 2615 227906 2832 234094
46300 2618 228418 2839 234582
46400 2620 228856 2843 235144
46500 2627 229368 2847 235632
46600 2633 229869 2848 236131
46700 2635 230435 2852 236565
46800 2635 230809 2859 237191
46900 2641 231235 2864 237765
47000 2643 231828 2869 238172
47100 2650 232323 2872 238677
47200 2653 232802 2878 239198
47300 2659 233249 2882 239751
47400 2667 233617 2891 240383
47500 2671 234137 2897 240863
47600 2678 234643 2901 241357
47700 2684 235228 2907 241772
47800 2692 235839 2914 242161
47900 2700 236261 2919 242739
48000 2706 236791 2924 243209
48100 2711 237229 2931 243771
48200 2715 237686 2937 244314
48300 2720 238175 2941 244825
48400 2727 238705 2944 245295
48500 2732 239154 2947 245846
48600 2737 239520 2950 246480
48700 2739 240069 2959 246931
48800 2739 240557 2964 247443
48900 2741 241038 2970 247962
49000 2747 241480 2973 248520
49100 2756 241992 2977 249008
49200 2760 242525 2978 249475
49300 2765 242956 2980 250044
49400 2769 243461 2981 250539
49500 2777 243917 2988 251083
49600 2779 244290 2994 251710
49700 2784 244728 2996 252272
49800 2788 245242 2999 252758
49900 2791 245691 3005 253309
50000 2796 246245 3011 253755
50100 2797 246695 3014 254305
50200 2808 247240 3019 254760
50300 2810 247755 3024 255245
50400 2813 248253 3029 255747
50500 2816 248772 3034 256228
50600 2822 249327 3041 256673
50700 2834 249821 3051 257179
50800 2842 250338 3055 257662
50900 2846 250873 3060 258127
51000 2851 251389 3066 258611
51100 2855 251851 3069 259149
51200 2860 252409 3080 259591
51300 2866 252848 3084 260152
51400 2868 253505 3086 260495
51500 2870 253932 3088 261068
51600 2875 254487 3091 261513
51700 2879 254885 3092 262115
51800 2882 255365 3097 262635
51900 2885 255848 3098 263152
52000 2889 256329 3100 263671
52100 2893 256772 3103 264228
52200 2896 257194 3107 264806
52300 2899 257744 3108 265256
52400 2899 258342 3110 265658
52500 2902 258938 3113 266062
52600 2907 259566 3118 266434
52700 2910 260033 3125 266967
52800 2913 260520 3126 267480
52900 2919 260982 3128 268018
53000 2924 261340 3133 268660
53100 2928 261753 3135 269247
53200 2931 262181 3141 269819
53300 2935 262736 3144 270264
53400 2939 263162 3148 270838
53500 2942 263732 3153 271268
53600 2944 264299 3157 271701
53700 2951 264840 3162 272160
53800 2954 265440 3165 272560
53900 2962 266007 3170 272993
54000 2965 266507 3172 273493
54100 2969 266911 3175 274089
54200 2972 267341 3181 274659
54300 2974 267809 3183 275191
54400 2980 268255 3186 275745
54500 2987 268809 3192 276191
54600 2988 269335 3193 276665
54700 2996 269817 3197 277183
54800 3002 270382 3202 277618
54900 3003 270900 3205 278100
55000 3007 271301 3208 278699
55100 3015 271918 3215 279082
55200 3021 272399 3218 279601
55300 3024 272923 3219 280077
55400 3027 273385 3226 280615
55500 3033 273846 3230 281154
55600 3041 274343 3232 281657
55700 3042 274872 3234 282128
55800 3046 275315 3239 282685
55900 3050 275703 3243 283297
56000 3054 276081 3244 283919
56100 3058 276568 3246 284432
56200 3066 277070 3251 284930
56300 3068 277556 3253 285444
56400 3072 277978 3255 286022
56500 3077 278479 3258 286521
56600 3086 278837 3261 287163
56700 3090 279287 3266 287713
56800 3097 279808 3268 288192
56900 3099 280340 3273 288660
57000 3102 280805 3279 289195
57100 3102 281295 3280 289705
57200 3110 281746 3288 290254
57300 3111 282271 3291 290729
57400 3114 282721 3299 291279
57500 3120 283178 3302 291822
57600 3125 283740 3306 292260
57700 3129 284320 3307 292680
57800 3129 284866 3310 293134
57900 3135 285321 3316 293679
58000 3139 285772 3317 294228
58100 3143 286337 3320 294663
58200 3150 286853 3324 295147
58300 3154 287287 3327 295713
58400 3160 287785 3332 296215
58500 3165 288288 3335 296712
58600 3168 288755 3339 297245
58700 3168 289424 3344 297576
58800 3174 289902 3346 298098
58900 3177 290383 3352 298617
59000 3190 290878 3361 299122
59100 3194 291343 3363 299657
59200 3202 291848 3367 300152
59300 3210 292354 3374 300646
59400 3220 292827 3380 301173
59500 3226 293392 3386 301608
59600 3234 294009 3392 301991
59700 3236 294541 3393 302459
59800 3237 295156 3395 302844
59900 3240 295568 3399 303432
60000 3246 296027 3401 303973
60100 3248 296513 3406 304487
60200 3250 297137 3411 304863
60300 3256 297577 3414 305423
60400 3258 297993 3418 306007
60500 3263 298541 3421 306459
60600 3270 299034 3425 306966
60700 3272 299570 3430 307430
60800 3279 300067 3439 307933
60900 3282 300643 3447 308357
61000 3284 300994 3449 309006
61100 3286 301521 3453 309479
61200 3291 302048 3458 309952
61300 3294 302566 3468 310434
61400 3299 303003 3469 310997
61500 3302 303478 3470 311522
61600 3307 303943 3473 312057
61700 3311 304407 3478 312593
61800 3317 304983 3480 313017
61900 3323 305503 3486 313497
62000 3328 306050 3489 313950
62100 3333 306462 3496 314538
62200 3335 306915 3500 315085
62300 3339 307447 3506 315553
62400 3346 307903 3514 316097
62500 3349 308466 3521 316534
62600 3351 308938 3524 317062
62700 3354 309411 3526 317589
62800 3358 310007 3528 317993
62900 3361 310504 3531 318496
63000 3365 310960 3535 319040
63100 3370 311395 3541 319605
63200 3376 311904 3548 320096
63300 3378 312444 3550 320556
63400 3385 312942 3550 321058
63500 3387 313475 3553 321525
63600 3393 314061 3556 321939
63700 3398 314581 3562 322419
63800 3401 315038 3567 322962
63900 3402 315583 3568 323417
64000 3405 316071 3573 323929
64100 3409 316639 3577 324361
64200 3415 316997 3580 325003
64300 3420 317523 3586 325477
64400 3424 317989 3591 326011
64500 3427 318526 3601 326474
64600 3431 318942 3606 327058
64700 3436 319472 3612 327528
64800 3440 319943 3614 328057
64900 3443 320487 3618 328513
65000 3447 320986 3620 329014
65100 3447 321466 3624 329534
65200 3452 321994 3630 330006
65300 3456 322428 3633 330572
65400 3464 322990 3635 331010
65500 3469 323485 3637 331515
65600 3473 323909 3639 332091
65700 3475 324393 3648 332607
65800 3480 324883 3652 333117
65900 3484 325349 3655 333651
66000 3488 325885 3660 334115
66100 3494 326331 3662 334669
66200 3502 326890 3671 335110
66300 3506 327361 3680 335639
66400 3509 327868 3683 336132
66500 3514 328539 3686 336461
66600 3519 329051 3694 336949
66700 3520 329605 3694 337395
66800 3524 330129 3698 337871
66900 3531 330722 3698 338278
67000 3531 331316 3703 338684
67100 3533 331788 3706 339212
67200 3537 332325 3710 339675
67300 3538 332790 3712 340210
67400 3539 333269 3714 340731
67500 3541 333777 3719 341223
67600 3543 334345 3726 341655
67700 3546 334892 3729 342108
67800 3548 335352 3733 342648
67900 3551 335820 3741 343180
68000 3555 336374 3745 343626
68100 3558 336799 3749 344201
68200 3563 337331 3750 344669
68300 3566 337861 3753 345139
68400 3569 338301 3761 345699
68500 3574 338857 3765 346143
68600 3580 339331 3768 346669
68700 3581 339958 3771 347042
68800 3585 340487 3773 347513
68900 3590 340949 3775 348051
69000 3593 341421 3777 348579
69100 3599 341832 3783 349168
69200 3600 342255 3788 349745
69300 3607 342750 3791 350250
69400 3610 343180 3798 350820
69500 3613 343667 3802 351333
69600 3614 344136 3809 351864
69700 3614 344716 3812 352284
69800 3619 345263 3816 352737
69900 3625 345721 3819 353279
70000 3627 346204 3822 353796
70100 3631 346752 3825 354248
70200 3635 347291 3828 354709
70300 3638 347893 3832 355107
70400 3643 348397 3838 355603
70500 3650 348763 3844 356237
70600 3656 349200 3847 356800
70700 3662 349619 3857 357381
70800 3663 350114 3860 357886
70900 3669 350600 3864 358400
71000 3677 351113 3871 358887
71100 3683 351591 3875 359409
71200 3687 352140 3884 359860
71300 3690 352533 3886 360467
71400 3695 353052 3889 360948
71500 3699 353611 3890 361389
71600 3704 354184 3893 361816
71700 3708 354747 3897 362253
71800 3714 355308 3903 362692
71900 3723 355847 3907 363153
72000 3731 356361 3913 363639
72100 3732 356876 3917 364124
72200 3736 357397 3921 364603
72300 3741 357787 3924 365213
72400 3746 358285 3928 365715
72500 3748 358882 3932 366118
72600 3750 359347 3941 366653
72700 3755 359722 3945 367278
72800 3760 360312 3950 367688
72900 3768 360827 3958 368173
73000 3770 361322 3964 368678
73100 3774 361804 3969 369196
73200 3775 362360 3969 369640
73300 3775 362867 3976 370133
73400 3779 363291 3982 370709
73500 3784 363807 3986 371193
73600 3789 364306 3988 371694
73700 3794 364753 3993 372247
73800 3794 365254 3998 372746
73900 3796 365679 4007 373321
74000 3798 366157 4009 373843
74100 3802 366634 4010 374366
74200 3809 367179 4020 374821
74300 3814 367622 4027 375378
74400 3816 368189 4030 375811
74500 3818 368725 4035 376275
74600 3821 369263 4041 376737
74700 3827 369662 4046 377338
74800 3830 370064 4048 377936
74900 3832 370646 4052 378354
75000 3835 371166 4055 378834
75100 3839 371615 4059 379385
75200 3845 372073 4066 379927
75300 3853 372450 4074 380550
75400 3858 372948 4078 381052
75500 3860 373391 4083 381609
75600 3865 373967 4087 382033
75700 3870 374508 4093 382492
75800 3873 374988 4095 383012
75900 3877 375473 4099 383527
76000 3882 376003 4103 383997
76100 3890 376412 4108 384588
76200 3897 376960 4110 385040
76300 3901 377483 4114 385517
76400 3904 377914 4115 386086
76500 3908 378323 4121 386677
76600 3914 378900 4124 387100
76700 3915 379419 4129 387581
76800 3917 379933 4131 388067
76900 3922 380462 4136 388538
77000 3928 380870 4140 389130
77100 3930 381394 4141 389606
77200 3936 381881 4148 390119
77300 3940 382461 4150 390539
77400 3943 382831 4162 391169
77500 3946 383314 4164 391686
77600 3951 383946 4167 392054
77700 3956 384517 4179 392483
77800 3959 385034 4184 392966
77900 3965 385534 4195 393466
78000 3970 386123 4196 393877
78100 3974 386690 4197 394310
78200 3977 387110 4203 394890
78300 3989 387616 4208 395384
78400 3994 388124 4212 395876
78500 4000 388666 4217 396334
78600 4003 389242 4222 396758
78700 4004 389782 4225 397218
78800 4009 390321 4231 397679
78900 4009 390788 4235 398212
79000 4012 391208 4240 398792
79100 4016 391723 4240 399277
79200 4019 392238 4246 399762
79300 4022 392707 4251 400293
79400 4026 393203 4252 400797
79500 4031 393731 4258 401269
79600 4033 394174 4263 401826
79700 4037 394608 4269 402392
79800 4039 395001 4273 402999
79900 4049 395560 4278 403440
80000 4053 395969 4283 404031
80100 4058 396439 4288 404561
80200 4061 396878 4290 405122
80300 4063 397394 4292 405606
80400 4067 397994 4296 406006
80500 4075 398520 4298 406480
80600 4081 398971 4306 407029
80700 4086 399434 4310 407566
80800 4092 399887 4314 408113
80900 4096 400263 4320 408737
81000 4100 400741 4322 409259
81100 4105 401231 4328 409769
81200 4109 401727 4334 410273
81300 4114 402240 4337 410760
81400 4119 402654 4340 411346
81500 4121 402956 4344 412044
81600 4129 403412 4352 412588
81700 4132 403891 4358 413109
81800 4135 404369 4363 413631
81900 4140 404792 4366 414208
82000 4141 405188 4371 414812
82100 4143 405602 4375 415398
82200 4146 406113 4383 415887
82300 4154 406587 4385 416413
82400 4156 407150 4389 416850
82500 4160 407599 4393 417401
82600 4160 407997 4398 418003
82700 4164 408463 4400 418537
82800 4167 408947 4407 419053
82900 4174 409420 4412 419580
83000 4180 410086 4420 419914
83100 4182 410531 4426 420469
83200 4189 411092 4427 420908
83300 4190 411540 4430 421460
83400 4195 412047 4439 421953
83500 4199 412599 4446 422401
83600 4206 413204 4454 422796
83700 4208 413711 4456 423289
83800 4213 414311 4461 423689
83900 4215 414733 4467 424267
84000 4221 415120 4471 424880
84100 4227 415608 4481 425392
84200 4234 416118 4487 425882
84300 4240 416589 4494 426411
84400 4242 417085 4497 426915
84500 4247 417538 4499 427462
84600 4251 417957 4503 428043
84700 4256 418491 4508 428509
84800 4259 418947 4508 429053
84900 4264 419510 4511 429490
85000 4264 420035 4513 429965
85100 4266 420581 4516 430419
85200 4269 421011 4516 430989
85300 4270 421578 4521 431422
85400 4277 422073 4524 431927
85500 4282 422609 4531 432391
85600 4291 423040 4541 432960
85700 4301 423571 4543 433429
85800 4304 424060 4549 433940
85900 4309 424610 4551 434390
86000 4315 424956 4556 435044
86100 4318 425424 4561 435576
86200 4321 425859 4562 436141
86300 4323 426395 4566 436605
86400 4329 426909 4570 437091
86500 4332 427501 4578 437499
86600 4334 427965 4586 438035
86700 4337 428409 4586 438591
86800 4337 428995 4589 439005
86900 4341 429519 4591 439481
87000 4346 430003 4596 439997
87100 4347 430574 4599 440426
87200 4350 431052 4606 440948
87300 4351 431585 4608 441415
87400 4357 432190 4609 441810
87500 4361 432512 4611 442488
87600 4363 433000 4615 443000
87700 4365 433485 4619 443515
87800 4369 434045 4623 443955
87900 4371 434570 4625 444430
88000 4374 435034 4630 444966
88100 4380 435505 4636 445495
88200 4388 436029 4645 445971
88300 4395 436544 4649 446456
88400 4397 436957 4650 447043
88500 4399 437412 4653 447588
88600 4402 437869 4657 448131
88700 4409 438397 4665 448603
88800 4412 438825 4671 449175
88900 4415 439366 4679 449634
89000 4420 439986 4682 450014
89100 4426 440462 4685 450538
89200 4429 441012 4691 450988
89300 4433 441438 4693 451562
89400 4437 441905 4699 452095
89500 4440 442417 4703 452583
89600 4448 442944 4708 453056
89700 4452 443474 4710 453526
89800 4457 443960 4713 454040
89900 4461 444569 4716 454431
90000 4466 445074 4723 454926
90100 4471 445692 4727 455308
90200 4473 446230 4729 455770
90300 4476 446765 4731 456235
90400 4482 447298 4737 456702
90500 4485 447693 4741 457307
90600 4490 448193 4745 457807
90700 4495 448709 4751 458291
90800 4497 449240 4757 458760
90900 4499 449678 4763 459322
91000 4501 450166 4768 459834
91100 4506 450653 4771 460347
91200 4512 451181 4775 460819
91300 4522 451714 4779 461286
91400 4528 452133 4783 461867
91500 4531 452681 4788 462319
91600 4534 453174 4790 462826
91700 4536 453706 4792 463294
91800 4541 454277 4797 463723
91900 4545 454817 4800 464183
92000 4548 455325 4805 464675
92100 4552 455819 4812 465181
92200 4559 456347 4818 465653
92300 4563 456841 4819 466159
92400 4563 457324 4823 466676
92500 4566 457878 4827 467122
92600 4570 458458 4828 467542
92700 4571 458913 4833 468087
92800 4574 459441 4836 468559
92900 4578 459912 4842 469088
93000 4580 460404 4843 469596
93100 4582 460884 4843 470116
93200 4584 461519 4846 470481
93300 4587 461980 4846 471020
93400 4594 462545 4851 471455
93500 4598 463013 4853 471987
93600 4600 463549 4855 472451
93700 4604 464050 4860 472950
93800 4608 464624 4867 473376
93900 4615 465061 4871 473939
94000 4625 465496 4877 474504
94100 4630 466019 4882 474981
94200 4637 466455 4885 475545
94300 4642 466893 4888 476107
94400 4647 467462 4894 476538
94500 4651 467944 4901 477056
94600 4658 468386 4906 477614
94700 4661 468885 4907 478115
94800 4665 469438 4909 478562
94900 4668 469911 4909 479089
95000 4672 470458 4916 479542
95100 4678 470966 4920 480034
95200 4687 471487 4924 480513
95300 4693 471994 4930 481006
95400 4694 472481 4935 481519
95500 4702 473005 4940 481995
95600 4707 473429 4945 482571
95700 4711 473889 4947 483111
95800 4717 474388 4949 483612
95900 4725 474819 4954 484181
96000 4727 475295 4955 484705
96100 4733 475738 4965 485262
96200 4738 476263 4969 485737
96300 4744 476876 4978 486124
96400 4751 477388 4986 486612
96500 4753 477916 4994 487084
96600 4759 478366 5001 487634
96700 4765 478847 5004 488153
96800 4771 479382 5010 488618
96900 4774 479870 5014 489130
97000 4778 480460 5017 489540
97100 4785 480979 5023 490021
97200 4789 481434 5026 490566
97300 4793 481900 5029 491100
97400 4800 482406 5037 491594
97500 4805 482980 5044 492020
97600 4811 483410 5052 492590
97700 4812 483927 5056 493073
97800 4816 484378 5061 493622
97900 4818 484879 5069 494121
98000 4823 485327 5078 494673
98100 4828 485827 5080 495173
98200 4831 486343 5084 495657
98300 4835 486794 5087 496206
98400 4838 487223 5089 496777
98500 4843 487766 5095 497234
98600 4847 488285 5098 497715
98700 4850 488767 5100 498233
98800 4859 489353 5106 498647
98900 4865 489861 5114 499139
99000 4869 490310 5118 499690
99100 4875 490815 5124 500185
99200 4877 491305 5125 500695
99300 4884 491758 5131 501242
99400 4886 492263 5134 501737
99500 4893 492710 5140 502290
99600 4895 493141 5144 502859
99700 4897 493704 5146 503296
99800 4898 494217 5148 503783
99900 4904 494583 5154 504417
100000 4914 495098 5158 504902
100100 4919 495546 5163 505454
100200 4920 496089 5166 505911
100300 4928 496568 5169 506432
100400 4928 497060 5175 506940
100500 4934 497625 5183 507375
100600 4937 498103 5188 507897
100700 4940 498632 5193 508368
100800 4943 499055 5196 508945
100900 4952 499627 5198 509373
101000 4957 500102 5203 509898
101100 4961 500483 5207 510517
101200 4970 500945 5212 511055
101300 4971 501338 5220 511662
101400 4977 501847 5223 512153
101500 4986 502315 5228 512685
101600 4989 502831 5231 513169
101700 4996 503352 5237 513648
101800 5000 503861 5242 514139
101900 5003 504298 5245 514702
102000 5015 504707 5253 515293
102100 5022 505138 5260 515862
102200 5024 505603 5264 516397
102300 5033 506168 5268 516832
102400 5040 506779 5270 517221
102500 5042 507245 5276 517755
102600 5049 507760 5283 518240
102700 5056 508232 5287 518768
102800 5062 508725 5289 519275
102900 5063 509156 5293 519844
103000 5065 509674 5297 520326
103100 5067 510158 5300 520842
103200 5072 510622 5303 521378
103300 5080 511177 5306 521823
103400 5082 511702 5309 522298
103500 5085 512249 5310 522751
103600 5089 512737 5314 523263
103700 5093 513192 5319 523808
103800 5096 513685 5325 524315
103900 5099 514168 5330 524832
104000 5100 514619 5335 525381
104100 5109 515159 5340 525841
104200 5121 515589 5347 526411
104300 5125 515892 5351 527108
104400 5127 516422 5354 527578
104500 5129 516853 5362 528147
104600 5139 517307 5367 528693
104700 5142 517785 5369 529215
104800 5142 518220 5372 529780
104900 5145 518683 5374 530317
105000 5149 519152 5376 530848
105100 5152 519650 5377 531350
105200 5156 520044 5381 531956
105300 5158 520467 5383 532533
105400 5163 520925 5387 533075
105500 5167 521357 5390 533643
105600 5170 521859 5392 534141
105700 5173 522373 5395 534627
105800 5175 522932 5396 535068
105900 5180 523333 5402 535667
106000 5186 523811 5404 536189
106100 5188 524270 5407 536730
106200 5193 524750 5415 537250
106300 5194 525303 5420 537697
106400 5194 525813 5424 538187
106500 5202 526349 5431 538651
106600 5203 526894 5434 539106
106700 5210 527418 5438 539582
106800 5218 527940 5445 540060
106900 5221 528513 5449 540487
107000 5222 529028 5449 540972
107100 5224 529513 5450 541487
107200 5226 529875 5450 542125
107300 5229 530375 5452 542625
107400 5230 530981 5456 543019
107500 5234 531530 5460 543470
107600 5240 532112 5463 543888
107700 5246 532698 5467 544302
107800 5249 533210 5471 544790
107900 5253 533839 5478 545161
108000 5255 534415 5480 545585
108100 5258 534912 5484 546088
108200 5262 535382 5486 546618
108300 5269 535778 5492 547222
108400 5272 536241 5497 547759
108500 5279 536857 5502 548143
108600 5282 537269 5506 548731
108700 5285 537756 5509 549244
108800 5287 538251 5513 549749
108900 5290 538833 5516 550167
109000 5294 539356 5522 550644
109100 5298 539904 5523 551096
109200 5306 540386 5529 551614
109300 5308 540907 5533 552093
109400 5316 541316 5541 552684
109500 5321 541784 5547 553216
109600 5330 542261 5554 553739
109700 5339 542747 5558 554253
109800 5342 543338 5561 554662
109900 5348 543824 5566 555176
110000 5351 544374 5572 555626
110100 5357 544791 5576 556209
110200 5364 545306 5583 556694
110300 5371 545957 5586 557043
110400 5373 546499 5587 557501
110500 5379 546997 5590 558003
110600 5387 547509 5599 558491
110700 5393 547945 5605 559055
110800 5400 548426 5608 559574
110900 5405 548883 5617 560117
111000 5406 549276 5621 560724
111100 5411 549719 5629 561281
111200 5419 550224 5637 561776
111300 5424 550670 5640 562330
111400 5424 551068 5640 562932
111500 5427 551646 5644 563354
111600 5428 552065 5648 563935
111700 5429 552537 5654 564463
111800 5435 553073 5661 564927
111900 5440 553549 5668 565451
112000 5440 554038 5670 565962
112100 5446 554609 5671 566391
112200 5449 555029 5675 566971
112300 5456 555532 5678 567468
112400 5461 556018 5680 567982
112500 5465 556506 5686 568494
112600 5470 557113 5692 568887
112700 5478 557695 5695 569305
112800 5482 558216 5696 569784
112900 5487 558680 5697 570320
113000 5492 559154 5700 570846
113100 5499 559678 5706 571322
113200 5501 560142 5710 571858
113300 5506 560592 5714 572408
113400 5511 561024 5717 572976
113500 5516 561520 5724 573480
113600 5517 562069 5728 573931
113700 5520 562495 5732 574505
113800 5520 562934 5734 575066
113900 5526 563510 5739 575490
114000 5531 564004 5744 575996
114100 5536 564544 5750 576456
114200 5537 565035 5755 576965
114300 5543 565508 5760 577492
114400 5547 566028 5763 577972
114500 5550 566521 5767 578479
114600 5554 566979 5773 579021
114700 5555 567535 5778 579465
114800 5561 568030 5781 579970
114900 5564 568484 5784 580516
115000 5565 569006 5787 580994
115100 5566 569474 5791 581526
115200 5572 569993 5794 582007
115300 5577 570527 5796 582473
115400 5577 570945 5799 583055
115500 5582 571475 5805 583525
115600 5585 572034 5812 583966
115700 5592 572554 5817 584446
115800 5595 572916 5818 585084
115900 5599 573418 5821 585582
116000 5603 573920 5826 586080
116100 5605 574415 5835 586585
116200 5606 574878 5839 587122
116300 5611 575445 5845 587555
116400 5619 576015 5849 587985
116500 5625 576541 5851 588459
116600 5630 576949 5854 589051
116700 5637 577415 5863 589585
116800 5639 577881 5867 590119
116900 5644 578321 5872 590679
117000 5647 578845 5879 591155
117100 5657 579271 5888 591729
117200 5666 579688 5893 592312
117300 5675 580226 5897 592774
117400 5681 580767 5899 593233
117500 5689 581244 5901 593756
117600 5696 581755 5902 594245
117700 5705 582325 5910 594675
117800 5710 582804 5917 595196
117900 5713 583274 5922 595726
118000 5724 583779 5933 596221
118100 5724 584382 5935 596618
118200 5726 584874 5938 597126
118300 5730 585374 5942 597626
118400 5731 585721 5943 598279
118500 5732 586263 5946 598737
118600 5736 586817 5950 599183
118700 5741 587324 5955 599676
118800 5743 587868 5957 600132
118900 5748 588403 5959 600597
119000 5752 588959 5960 601041
119100 5760 589391 5966 601609
119200 5763 589841 5971 602159
119300 5772 590385 5979 602615
119400 5777 590862 5982 603138
119500 5778 591329 5983 603671
119600 5782 591888 5990 604112
119700 5783 592403 5993 604597
119800 5785 592914 5994 605086
119900 5785 593439 5997 605561
120000 5790 593923 6001 606077
120100 5792 594471 6005 606529
120200 5793 594992 6011 607008
120300 5802 595567 6016 607433
120400 5804 596050 6020 607950
120500 5807 596507 6024 608493
120600 5807 597042 6026 608958
120700 5811 597598 6030 609402
120800 5815 598095 6040 609905
120900 5822 598596 6042 610404
121000 5826 599080 6047 610920
121100 5832 599587 6048 611413
121200 5834 600082 6053 611918
121300 5838 600575 6057 612425
121400 5848 601011 6061 612989
121500 5851 601574 6061 613426
121600 5859 602055 6070 613945
121700 5863 602492 6074 614508
121800 5867 602983 6079 615017
121900 5870 603411 6086 615589
122000 5874 603868 6091 616132
122100 5877 604341 6095 616659
122200 5884 604848 6100 617152
122300 5889 605394 6106 617606
122400 5894 605933 6109 618067
122500 5899 606377 6113 618623
122600 5905 606907 6120 619093
122700 5907 607426 6122 619574
122800 5911 608020 6125 619980
122900 5915 608554 6130 620446
123000 5919 609161 6140 620839
123100 5924 609796 6143 621204
123200 5932 610269 6148 621731
123300 5935 610783 6151 622217
123400 5938 611265 6161 622735
123500 5943 611713 6163 623287
123600 5946 612182 6163 623818
123700 5956 612714 6166 624286
123800 5960 613128 6169 624872
123900 5965 613719 6172 625281
124000 5974 614164 6180 625836
124100 5975 614633 6185 626367
124200 5982 615120 6188 626880
124300 5986 615624 6193 627376
124400 5993 616278 6203 627722
124500 5995 616861 6212 628139
124600 6000 617335 6216 628665
124700 6003 617860 6221 629140
124800 6010 618340 6225 629660
124900 6014 618796 6227 630204
125000 6016 619239 6231 630761
125100 6021 619736 6233 631264
125200 6028 620208 6237 631792
125300 6031 620801 6237 632199
125400 6034 621436 6243 632564
125500 6036 622008 6245 632992
125600 6039 622533 6251 633467
125700 6043 623070 6253 633930
125800 6047 623592 6257 634408
125900 6053 624181 6260 634819
126000 6056 624642 6261 635358
126100 6061 625130 6264 635870
126200 6069 625605 6267 636395
126300 6073 626093 6269 636907
126400 6076 626456 6276 637544
126500 6081 626994 6280 638006
126600 6084 627482 6281 638518
126700 6090 628007 6282 638993
126800 6093 628525 6287 639475
126900 6096 629051 6288 639949
127000 6098 629480 6295 640520
127100 6101 629929 6299 641071
127200 6103 630444 6303 641556
127300 6104 631036 6306 641964
127400 6108 631564 6309 642436
127500 6109 632080 6313 642920
127600 6114 632560 6317 643440
127700 6124 633103 6321 643897
127800 6129 633643 6323 644357
127900 6136 634139 6326 644861
128000 6139 634481 6333 645519
128100 6139 635090 6335 645910
128200 6146 635677 6338 646323
128300 6152 636126 6344 646874
128400 6153 636660 6348 647340
128500 6155 637177 6353 647823
128600 6160 637747 6361 648253
128700 6164 638263 6364 648737
128800 6172 638743 6370 649257
128900 6173 639196 6375 649804
129000 6175 639799 6379 650201
129100 6177 640354 6380 650646
129200 6184 640790 6382 651210
129300 6190 641284 6388 651716
129400 6194 641820 6391 652180
129500 6197 642355 6393 652645
129600 6208 642901 6396 653099
129700 6213 643440 6398 653560
129800 6218 643983 6399 654017
129900 6221 644416 6402 654584
130000 6227 644862 6408 655138
130100 6230 645399 6411 655601
130200 6233 645943 6412 656057
130300 6234 646422 6416 656578
130400 6238 646926 6421 657074
130500 6242 647405 6426 657595
130600 6244 647911 6435 658089
130700 6250 648547 6438 658453
130800 6251 649110 6440 658890
130900 6256 649624 6441 659376
131000 6258 650228 6443 659772
131100 6261 650616 6447 660384
131200 6268 651134 6451 660866
131300 6278 651795 6455 661205
131400 6280 652323 6457 661677
131500 6287 652843 6462 662157
131600 6294 653299 6472 662701
131700 6298 653824 6478 663176
131800 6299 654394 6480 663606
131900 6305 654867 6487 664133
132000 6306 655299 6490 664701
132100 6315 655751 6499 665249
132200 6327 656235 6502 665765
132300 6331 656741 6511 666259
132400 6337 657285 6516 666715
132500 6339 657865 6525 667135
132600 6345 658376 6531 667624
132700 6347 658872 6536 668128
132800 6349 659363 6543 668637
132900 6351 659852 6546 669148
133000 6360 660374 6548 669626
133100 6367 660708 6551 670292
133200 6373 661114 6557 670886
133300 6379 661611 6565 671389
133400 6385 662098 6571 671902
133500 6389 662575 6573 672425
133600 6392 663065 6578 672935
133700 6397 663527 6581 673473
133800 6404 663931 6585 674069
133900 6409 664451 6588 674549
134000 6415 665031 6591 674969
134100 6422 665599 6597 675401
134200 6435 666119 6601 675881
134300 6438 666621 6603 676379
134400 6441 667081 6605 676919
134500 6443 667673 6606 677327
134600 6445 668236 6609 677764
134700 6451 668800 6619 678200
134800 6459 669212 6624 678788
134900 6463 669801 6631 679199
135000 6466 670299 6637 679701
135100 6468 670777 6640 680223
135200 6473 671294 6647 680706
135300 6476 671814 6651 681186
135400 6482 672327 6657 681673
135500 6488 672868 6660 682132
135600 6492 673406 6662 682594
135700 6494 673818 6670 683182
135800 6501 674430 6671 683570
135900 6503 674885 6673 684115
136000 6506 675254 6674 684746
136100 6509 675744 6683 685256
136200 6514 676122 6687 685878
136300 6519 676620 6688 686380
136400 6523 677174 6692 686826
136500 6525 677649 6699 687351
136600 6532 678106 6702 687894
136700 6537 678645 6706 688355
136800 6543 679157 6709 688843
136900 6548 679651 6713 689349
137000 6549 680098 6718 689902
137100 6555 680557 6722 690443
137200 6557 681116 6725 690884
137300 6565 681620 6727 691380
137400 6572 682222 6731 691778
137500 6573 682775 6735 692225
137600 6575 683337 6737 692663
137700 6579 683764 6742 693236
137800 6583 684259 6746 693741
137900 6588 684714 6755 694286
138000 6592 685310 6756 694690
138100 6595 685773 6764 695227
138200 6601 686248 6768 695752
138300 6607 686857 6774 696143
138400 6614 687409 6780 696591
138500 6620 687893 6782 697107
138600 6623 688416 6789 697584
138700 6629 688945 6793 698055
138800 6633 689333 6798 698667
138900 6634 689844 6799 699156
139000 6637 690407 6803 699593
139100 6645 690930 6807 700070
139200 6648 691363 6807 700637
139300 6652 691877 6812 701123
139400 6660 692466 6819 701534
139500 6662 692992 6821 702008
139600 6665 693457 6826 702543
139700 6671 693904 6831 703096
139800 6673 694412 6832 703588
139900 6677 694915 6833 704085
140000 6685 695378 6836 704622
140100 6693 695912 6837 705088
140200 6694 696411 6839 705589
140300 6697 696882 6840 706118
140400 6702 697415 6847 706585
140500 6708 697969 6855 707031
140600 6714 698515 6858 707485
140700 6716 699068 6862 707932
140800 6719 699570 6867 708430
140900 6723 699893 6874 709107
141000 6726 700328 6879 709672
141100 6730 700779 6885 710221
141200 6734 701280 6887 710720
141300 6736 701731 6895 711269
141400 6742 702126 6899 711874
141500 6754 702550 6904 712450
141600 6760 703048 6908 712952
141700 6763 703619 6912 713381
141800 6766 704102 6919 713898
141900 6770 704753 6926 714247
142000 6773 705183 6929 714817
142100 6776 705593 6933 715407
142200 6780 706083 6939 715917
142300 6784 706605 6941 716395
142400 6790 707176 6942 716824
142500 6795 707716 6949 717284
142600 6799 708239 6951 717761
142700 6799 708773 6953 718227
142800 6806 709239 6956 718761
142900 6809 709741 6960 719259
143000 6813 710209 6966 719791
143100 6819 710772 6975 720228
143200 6822 711289 6979 720711
143300 6826 711824 6983 721176
143400 6829 712276 6984 721724
143500 6834 712758 6988 722242
143600 6838 713197 6990 722803
143700 6841 713773 6992 723227
143800 6846 714245 6995 723755
143900 6854 714686 7002 724314
144000 6855 715145 7008 724855
144100 6860 715642 7011 725358
144200 6862 716172 7013 725828
144300 6864 716669 7017 726331
144400 6868 717195 7022 726805
144500 6872 717695 7025 727305
144600 6876 718330 7025 727670
144700 6877 718909 7028 728091
144800 6879 719389 7034 728611
144900 6881 719887 7038 729113
145000 6885 720392 7043 729608
145100 6890 720901 7046 730099
145200 6892 721460 7048 730540
145300 6896 721888 7052 731112
145400 6899 722352 7057 731648
145500 6900 722690 7062 732310
145600 6902 723174 7063 732826
145700 6906 723612 7067 733388
145800 6908 724018 7071 733982
145900 6909 724554 7071 734446
146000 6917 725028 7076 734972
146100 6918 725464 7079 735536
146200 6920 725972 7083 736028
146300 6923 726462 7085 736538
146400 6929 726935 7087 737065
146500 6932 727425 7092 737575
146600 6939 728018 7095 737982
146700 6946 728608 7103 738392
146800 6952 729237 7107 738763
146900 6955 729769 7110 739231
147000 6959 730278 7115 739722
147100 6964 730866 7124 740134
147200 6969 731359 7132 740641
147300 6974 731884 7134 741116
147400 6980 732365 7136 741635
147500 6982 732845 7141 742155
147600 6986 733327 7150 742673
147700 6988 733752 7153 743248
147800 6990 734216 7155 743784
147900 6996 734716 7158 744284
148000 7003 735227 7167 744773
148100 7009 735670 7180 745330
148200 7011 736218 7190 745782
148300 7016 736699 7193 746301
148400 7020 737237 7199 746763
148500 7023 737744 7201 747256
148600 7030 738195 7207 747805
148700 7033 738772 7212 748228
148800 7034 739287 7216 748713
148900 7038 739805 7219 749195
149000 7042 740213 7225 749787
149100 7044 740689 7231 750311
149200 7048 741287 7234 750713
149300 7054 741787 7237 751213
149400 7057 742294 7239 751706
149500 7064 742813 7241 752187
149600 7069 743306 7245 752694
149700 7071 743794 7245 753206
149800 7074 744336 7248 753664
149900 7077 744813 7252 754187
150000 7085 745352 7255 754648
150100 7090 745786 7261 755214
150200 7095 746335 7263 755665
150300 7099 746875 7269 756125
150400 7101 747407 7275 756593
150500 7105 747987 7278 757013
150600 7109 748501 7282 757499
150700 7111 749052 7288 757948
150800 7113 749506 7291 758494
150900 7116 750009 7293 758991
151000 7122 750524 7297 759476
151100 7127 750983 7301 760017
151200 7129 751536 7303 760464
151300 7133 752124 7305 760876
151400 7140 752581 7307 761419
151500 7143 753049 7315 761951
151600 7151 753576 7328 762424
151700 7155 754160 7332 762840
151800 7158 754486 7334 763514
151900 7164 754966 7340 764034
152000 7167 755504 7341 764496
152100 7176 756070 7346 764930
152200 7179 756563 7347 765437
152300 7182 757009 7347 765991
152400 7185 757603 7351 766397
152500 7186 758100 7352 766900
152600 7191 758569 7357 767431
152700 7195 759094 7365 767906
152800 7202 759580 7366 768420
152900 7207 759939 7368 769061
153000 7213 760382 7371 769618
153100 7217 760964 7373 770036
153200 7220 761604 7375 770396
153300 7223 762093 7378 770907
153400 7231 762589 7383 771411
153500 7235 763019 7388 771981
153600 7238 763517 7391 772483
153700 7240 763857 7395 773143
153800 7246 764327 7406 773673
153900 7254 764750 7409 774250
154000 7261 765296 7410 774704
154100 7262 765782 7415 775218
154200 7265 766302 7420 775698
154300 7269 766923 7425 776077
154400 7269 767449 7425 776551
154500 7278 767995 7428 777005
154600 7284 768546 7431 777454
154700 7288 769031 7434 777969
154800 7294 769412 7437 778588
154900 7300 769961 7443 779039
155000 7302 770427 7450 779573
155100 7304 770952 7453 780048
155200 7306 771421 7459 780579
155300 7313 772099 7462 780901
155400 7316 772777 7465 781223
155500 7325 773367 7473 781633
155600 7326 774049 7475 781951
155700 7329 774390 7476 782610
155800 7333 774884 7482 783116
155900 7336 775251 7486 783749
156000 7337 775678 7492 784322
156100 7343 776135 7499 784865
156200 7352 776610 7506 785390
156300 7358 777110 7510 785890
156400 7360 777546 7514 786454
156500 7364 778123 7516 786877
156600 7365 778639 7522 787361
156700 7368 779130 7530 787870
156800 7376 779631 7536 788369
156900 7383 780065 7543 788935
157000 7385 780526 7546 789474
157100 7389 780931 7549 790069
157200 7392 781346 7553 790654
157300 7396 781856 7555 791144
157400 7398 782362 7557 791638
157500 7399 782842 7564 792158
157600 7402 783366 7568 792634
157700 7408 783873 7572 793127
157800 7418 784404 7576 793596
157900 7425 784912 7584 794088
158000 7429 785472 7587 794528
158100 7433 786044 7590 794956
158200 7435 786464 7594 795536
158300 7438 786850 7601 796150
158400 7440 787408 7605 796592
158500 7442 787872 7610 797128
158600 7445 788351 7613 797649
158700 7448 788898 7615 798102
158800 7449 789398 7618 798602
158900 7457 789926 7623 799074
159000 7458 790511 7628 799489
159100 7463 791091 7634 799909
159200 7467 791547 7637 800453
159300 7471 791971 7640 801029
159400 7475 792537 7642 801463
159500 7479 793020 7647 801980
159600 7482 793518 7649 802482
159700 7485 794023 7654 802977
159800 7489 794569 7658 803431
159900 7490 795147 7660 803853
160000 7493 795643 7664 804357
160100 7497 796167 7670 804833
160200 7500 796619 7672 805381
160300 7501 797091 7674 805909
160400 7507 797510 7680 806490
160500 7508 797971 7685 807029
160600 7509 798543 7689 807457
160700 7515 798986 7692 808014
160800 7519 799502 7696 808498
160900 7523 799971 7703 809029
161000 7524 800483 7707 809517
161100 7526 800919 7711 810081
161200 7533 801349 7714 810651
161300 7536 801851 7719 811149
161400 7540 802178 7724 811822
161500 7542 802720 7728 812280
161600 7545 803200 7735 812800
161700 7549 803767 7739 813233
161800 7558 804209 7746 813791
161900 7563 804738 7751 814262
162000 7568 805264 7752 814736
162100 7572 805737 7758 815263
162200 7576 806199 7763 815801
162300 7580 806779 7765 816221
162400 7587 807345 7770 816655
162500 7591 807819 7773 817181
162600 7596 808486 7775 817514
162700 7608 809069 7779 817931
162800 7612 809624 7786 818376
162900 7617 810125 7787 818875
163000 7624 810645 7789 819355
163100 7631 811138 7795 819862
163200 7634 811545 7800 820455
163300 7643 812057 7806 820943
163400 7647 812543 7812 821457
163500 7651 813034 7815 821966
163600 7657 813516 7819 822484
163700 7658 813946 7821 823054
163800 7662 814385 7824 823615
163900 7672 814969 7831 824031
164000 7677 815532 7833 824468
164100 7677 816100 7835 824900
164200 7681 816608 7835 825392
164300 7683 817120 7838 825880
164400 7684 817639 7839 826361
164500 7688 818132 7845 826868
164600 7691 818780 7848 827220
164700 7693 819350 7849 827650
164800 7696 819862 7853 828138
164900 7705 820421 7861 828579
165000 7711 820946 7869 829054
165100 7714 821370 7871 829630
165200 7722 821833 7875 830167
165300 7725 822352 7881 830648
165400 7728 822912 7882 831088
165500 7732 823494 7890 831506
165600 7736 824032 7895 831968
165700 7740 824577 7897 832423
165800 7745 825039 7903 832961
165900 7748 825420 7912 833580
166000 7758 825869 7917 834131
166100 7760 826324 7920 834676
166200 7768 826733 7927 835267
166300 7771 827240 7927 835760
166400 7771 827714 7929 836286
166500 7777 828107 7933 836893
166600 7782 828696 7938 837304
166700 7785 829262 7939 837738
166800 7789 829839 7942 838161
166900 7793 830292 7946 838708
167000 7797 830701 7949 839299
167100 7801 831298 7952 839702
167200 7809 831890 7961 840110
167300 7813 832433 7964 840567
167400 7819 832901 7968 841099
167500 7829 833242 7976 841758
167600 7836 833748 7990 842252
167700 7841 834244 7999 842756
167800 7851 834716 8007 843284
167900 7853 835124 8009 843876
168000 7856 835501 8014 844499
168100 7862 835994 8018 845006
168200 7867 836428 8021 845572
168300 7868 836966 8023 846034
168400 7873 837338 8027 846662
168500 7881 837784 8032 847216
168600 7887 838399 8038 847601
168700 7888 838868 8043 848132
168800 7892 839462 8052 848538
168900 7898 840092 8055 848908
169000 7902 840589 8060 849411
169100 7912 841159 8063 849841
169200 7915 841670 8064 850330
169300 7924 842107 8071 850893
169400 7930 842610 8078 851390
169500 7931 843115 8086 851885
169600 7933 843595 8087 852405
169700 7937 844103 8091 852897
169800 7938 844532 8092 853468
169900 7942 844952 8098 854048
170000 7944 845496 8103 854504
170100 7948 845963 8106 855037
170200 7950 846458 8108 855542
170300 7953 846929 8113 856071
170400 7957 847457 8115 856543
170500 7960 847904 8119 857096
170600 7963 848423 8119 857577
170700 7966 848964 8120 858036
170800 7968 849358 8122 858642
170900 7972 849879 8124 859121
171000 7978 850374 8128 859626
171100 7983 851021 8133 859979
171200 7987 851533 8140 860467
171300 7991 851961 8147 861039
171400 7993 852348 8153 861652
171500 7998 852889 8158 862111
171600 8004 853420 8161 862580
171700 8007 853974 8169 863026
171800 8012 854559 8170 863441
171900 8017 854986 8174 864014
172000 8021 855466 8176 864534
172100 8024 855912 8178 865088
172200 8027 856310 8182 865690
172300 8032 856797 8186 866203
172400 8036 857302 8186 866698
172500 8039 857860 8197 867140
172600 8044 858334 8197 867666
172700 8046 858876 8201 868124
172800 8049 859300 8203 868700
172900 8054 859853 8207 869147
173000 8058 860366 8209 869634
173100 8064 860910 8215 870090
173200 8067 861353 8223 870647
173300 8076 861820 8226 871180
173400 8078 862262 8235 871738
173500 8079 862758 8237 872242
173600 8082 863243 8240 872757
173700 8086 863764 8244 873236
173800 8089 864227 8247 873773
173900 8097 864768 8254 874232
174000 8105 865207 8260 874793
174100 8110 865753 8264 875247
174200 8114 866280 8269 875720
174300 8121 866781 8275 876219
174400 8126 867397 8277 876603
174500 8131 867965 8284 877035
174600 8134 868389 8287 877611
174700 8134 868860 8291 878140
174800 8141 869284 8295 878716
174900 8141 869808 8297 879192
175000 8145 870260 8300 879740
175100 8151 870616 8305 880384
175200 8153 871143 8312 880857
175300 8157 871672 8317 881328
175400 8168 872190 8321 881810
175500 8170 872642 8323 882358
175600 8175 873133 8324 882867
175700 8177 873553 8328 883447
175800 8179 873968 8330 884032
175900 8182 874456 8333 884544
176000 8184 874960 8336 885040
176100 8187 875503 8340 885497
176200 8197 876022 8347 885978
176300 8200 876600 8353 886400
176400 8211 877070 8357 886930
176500 8216 877656 8361 887344
176600 8219 878113 8365 887887
176700 8225 878666 8368 888334
176800 8229 879172 8372 888828
176900 8235 879697 8379 889303
177000 8243 880216 8390 889784
177100 8248 880803 8392 890197
177200 8254 881300 8396 890700
177300 8258 881831 8400 891169
177400 8260 882439 8401 891561
177500 8261 882906 8402 892094
177600 8270 883439 8405 892561
177700 8272 884007 8406 892993
177800 8274 884518 8409 893482
177900 8280 885102 8412 893898
178000 8286 885620 8417 894380
178100 8289 886210 8419 894790
178200 8291 886710 8422 895290
178300 8295 887325 8424 895675
178400 8301 887751 8430 896249
178500 8304 888247 8437 896753
178600 8309 888703 8440 897297
178700 8310 889229 8442 897771
178800 8315 889643 8448 898357
178900 8317 890090 8455 898910
179000 8323 890602 8463 899398
179100 8331 891058 8468 899942
179200 8335 891582 8471 900418
179300 8338 892146 8481 900854
179400 8342 892552 8490 901448
179500 8349 893103 8493 901897
179600 8354 893574 8497 902426
179700 8361 893956 8499 903044
179800 8362 894344 8502 903656
179900 8366 894998 8506 904002
180000 8372 895485 8512 904515
180100 8377 895916 8519 905084
180200 8382 896459 8519 905541
180300 8384 897175 8523 905825
180400 8391 897739 8526 906261
180500 8394 898226 8531 906774
180600 8400 898713 8536 907287
180700 8401 899314 8542 907686
180800 8411 899720 8551 908280
180900 8414 900089 8554 908911
181000 8417 900630 8561 909370
181100 8418 901044 8562 909956
181200 8423 901533 8573 910467
181300 8427 902054 8578 910946
181400 8431 902605 8583 911395
181500 8435 903122 8585 911878
181600 8436 903560 8592 912440
181700 8443 903977 8597 913023
181800 8450 904436 8601 913564
181900 8459 904941 8607 914059
182000 8460 905349 8607 914651
182100 8463 905829 8609 915171
182200 8466 906395 8614 915605
182300 8468 906904 8617 916096
182400 8474 907308 8623 916692
182500 8475 907852 8629 917148
182600 8476 908357 8631 917643
182700 8481 908930 8634 918070
182800 8487 909512 8639 918488
182900 8490 910060 8641 918940
183000 8494 910545 8648 919455
183100 8497 910951 8652 920049
183200 8502 911450 8655 920550
183300 8506 911862 8657 921138
183400 8513 912447 8660 921553
183500 8516 913094 8664 921906
183600 8517 913559 8664 922441
183700 8526 914004 8674 922996
183800 8529 914447 8676 923553
183900 8535 914869 8679 924131
184000 8540 915359 8681 924641
184100 8545 915892 8686 925108
184200 8549 916283 8689 925717
184300 8553 916751 8695 926249
184400 8556 917275 8701 926725
184500 8559 917716 8704 927284
184600 8563 918250 8707 927750
184700 8565 918811 8712 928189
184800 8568 919398 8717 928602
184900 8571 919897 8718 929103
185000 8579 920316 8726 929684
185100 8587 920754 8730 930246
185200 8593 921228 8733 930772
185300 8597 921769 8737 931231
185400 8602 922379 8742 931621
185500 8608 922925 8745 932075
185600 8614 923512 8753 932488
185700 8614 924093 8756 932907
185800 8616 924601 8760 933399
185900 8619 925117 8765 933883
186000 8625 925710 8768 934290
186100 8629 926137 8771 934863
186200 8637 926575 8774 935425
186300 8638 927076 8778 935924
186400 8641 927554 8787 936446
186500 8645 928065 8790 936935
186600 8648 928592 8795 937408
186700 8651 929131 8801 937869
186800 8653 929586 8803 938414
186900 8658 930039 8807 938961
187000 8664 930582 8812 939418
187100 8665 931008 8818 939992
187200 8670 931500 8821 940500
187300 8672 931986 8825 941014
187400 8675 932410 8834 941590
187500 8678 932799 8834 942201
187600 8683 933203 8840 942797
187700 8690 933704 8848 943296
187800 8694 934173 8850 943827
187900 8698 934674 8858 944326
188000 8702 935170 8866 944830
188100 8705 935662 8871 945338
188200 8707 936218 8878 945782
188300 8708 936758 8881 946242
188400 8715 937260 8888 946740
188500 8719 937725 8892 947275
188600 8722 938294 8894 947706
188700 8723 938783 8899 948217
188800 8727 939302 8905 948698
188900 8737 939777 8911 949223
189000 8743 940349 8912 949651
189100 8744 940927 8915 950073
189200 8746 941490 8916 950510
189300 8749 942023 8920 950977
189400 8756 942510 8923 951490
189500 8759 943029 8925 951971
189600 8764 943609 8932 952391
189700 8765 944084 8933 952916
189800 8768 944501 8936 953499
189900 8772 944981 8939 954019
190000 8776 945496 8945 954504
190100 8781 945929 8947 955071
190200 8788 946358 8951 955642
190300 8790 946854 8958 956146
190400 8791 947358 8961 956642
190500 8795 947759 8968 957241
190600 8799 948219 8974 957781
190700 8805 948732 8980 958268
190800 8810 949175 8984 958825
190900 8824 949619 8991 959381
191000 8829 950109 8996 959891
191100 8835 950591 9000 960409
191200 8841 951038 9004 960962
191300 8844 951552 9007 961448
191400 8847 951964 9013 962036
191500 8852 952426 9017 962574
191600 8854 952972 9019 963028
191700 8857 953457 9020 963543
191800 8862 953896 9024 964104
191900 8865 954474 9024 964526
192000 8870 954954 9028 965046
192100 8874 955380 9031 965620
192200 8879 955998 9033 966002
192300 8884 956578 9035 966422
192400 8887 957100 9040 966900
192500 8892 957634 9043 967366
192600 8900 958291 9052 967709
192700 8904 958835 9057 968165
192800 8910 959306 9061 968694
192900 8913 959826 9066 969174
193000 8914 960317 9068 969683
193100 8915 960776 9070 970224
193200 8921 961330 9075 970670
193300 8925 961796 9083 971204
193400 8934 962314 9087 971686
193500 8938 962631 9089 972369
193600 8940 963128 9090 972872
193700 8944 963657 9091 973343
193800 8949 964099 9093 973901
193900 8951 964576 9099 974424
194000 8955 965054 9099 974946
194100 8956 965548 9104 975452
194200 8961 965979 9106 976021
194300 8963 966540 9110 976460
194400 8967 967083 9112 976917
194500 8972 967500 9115 977500
194600 8975 967935 9118 978065
194700 8980 968584 9124 978416
194800 8980 969106 9131 978894
194900 8981 969606 9137 979394
195000 8990 970034 9139 979966
195100 8998 970492 9144 980508
195200 9004 970996 9147 981004
195300 9007 971463 9148 981537
195400 9010 971952 9151 982048
195500 9016 972345 9163 982655
195600 9018 972736 9166 983264
195700 9025 973282 9171 983718
195800 9037 973989 9174 984011
195900 9040 974497 9176 984503
196000 9045 975024 9181 984976
196100 9049 975464 9181 985536
196200 9057 975961 9183 986039
196300 9061 976346 9185 986654
196400 9067 976826 9187 987174
196500 9073 977237 9190 987763
196600 9078 977722 9191 988278
196700 9081 978228 9195 988772
196800 9083 978678 9200 989322
196900 9089 979208 9203 989792
197000 9091 979720 9203 990280
197100 9100 980207 9207 990793
197200 9106 980765 9217 991235
197300 9110 981284 9219 991716
197400 9119 981707 9228 992293
197500 9121 982255 9235 992745
197600 9125 982629 9240 993371
197700 9126 983082 9247 993918
197800 9129 983601 9248 994399
197900 9132 984131 9253 994869
198000 9136 984715 9257 995285
198100 9141 985330 9266 995670
198200 9147 985807 9272 996193
198300 9150 986282 9276 996718
198400 9154 986769 9282 997231
198500 9160 987304 9284 997696
198600 9165 987822 9289 998178
198700 9168 988404 9291 998596
198800 9172 988828 9294 999172
198900 9175 989411 9297 999589
199000 9177 989910 9300 1000090
199100 9188 990371 9304 1000629
199200 9192 990912 9312 1001088
199300 9195 991388 9316 1001612
199400 9200 991928 9323 1002072
199500 9207 992393 9329 1002607
199600 9213 992904 9333 1003096
199700 9223 993443 9338 1003557
199800 9225 993959 9340 1004041
199900 9232 994441 9345 1004559
200000 9237 994817 9350 1005183
