#! FIELDS timestep dup_succ dup_attempts kill_succ kill_attempts
#! SET timestep 0.5
#! SET kernel_bandwidth [0.2 0.2]
#! SET kt 1.0
100 122 359 115 641
200 215 730 251 1270
300 305 1089 373 1911
400 408 1516 490 2484
500 476 2032 577 2968
600 514 2505 633 3495
700 551 2995 667 4005
800 575 3462 699 4538
900 607 3900 719 5100
1000 629 4362 741 5638
1100 649 4890 764 6110
1200 672 5362 790 6638
1300 699 5884 798 7116
1400 723 6393 820 7607
1500 746 6946 848 8054
1600 762 7419 866 8581
1700 782 7906 887 9094
1800 800 8444 907 9556
1900 827 8921 935 10079
2000 851 9450 955 10550
2100 871 9997 977 11003
2200 884 10507 1001 11493
2300 902 11029 1019 11971
2400 929 11495 1049 12505
2500 957 11999 1066 13001
2600 975 12490 1088 13510
2700 997 12959 1108 14041
2800 1019 13494 1135 14506
2900 1056 13981 1157 15019
3000 1078 14517 1178 15483
3100 1100 15031 1198 15969
3200 1126 15552 1222 16448
3300 1149 16020 1239 16980
3400 1173 16503 1253 17497
3500 1198 16956 1275 18044
3600 1222 17447 1293 18553
3700 1244 17964 1308 19036
3800 1274 18439 1329 19561
3900 1293 18952 1356 20048
4000 1315 19504 1378 20496
4100 1326 19980 1396 21020
4200 1350 20510 1419 21490
4300 1375 20973 1440 22027
4400 1400 21445 1466 22555
4500 1422 21921 1491 23079
4600 1445 22422 1515 23578
4700 1467 22907 1540 24093
4800 1483 23375 1562 24625
4900 1505 23901 1586 25099
5000 1530 24426 1618 25574
5100 1542 24927 1646 26073
5200 1562 25425 1665 26575
5300 1598 25876 1692 27124
5400 1624 26356 1718 27644
5500 1640 26879 1745 28121
5600 1659 27358 1773 28642
5700 1682 27900 1791 29100
5800 1701 28420 1817 29580
5900 1725 28897 1837 30103
6000 1744 29376 1861 30624
6100 1771 29857 1887 31143
6200 1794 30366 1910 31634
6300 1812 30833 1926 32167
6400 1839 31348 1948 32652
6500 1867 31879 1968 33121
6600 1889 32326 1994 33674
6700 1909 32789 2011 34211
6800 1929 33317 2035 34683
6900 1951 33884 2055 35116
7000 1973 34450 2077 35550
7100 2000 35019 2101 35981
7200 2019 35507 2119 36493
7300 2044 36023 2143 36977
7400 2073 36518 2160 37482
7500 2097 37069 2190 37931
7600 2118 37562 2202 38438
7700 2147 38021 2223 38979
7800 2169 38546 2243 39454
7900 2183 39041 2264 39959
8000 2206 39536 2283 40464
8100 2224 40025 2299 40975
8200 2255 40587 2324 41413
8300 2282 41111 2342 41889
8400 2301 41612 2359 42388
8500 2323 42105 2382 42895
8600 2339 42640 2398 43360
8700 2352 43150 2425 43850
8800 2370 43656 2448 44344
8900 2390 44136 2466 44864
9000 2418 44615 2487 45385
9100 2436 45120 2504 45880
9200 2458 45604 2528 46396
9300 2484 46128 2551 46872
9400 2513 46655 2571 47345
9500 2536 47125 2600 47875
9600 2560 47658 2622 48342
9700 2574 48213 2642 48787
9800 2593 48709 2667 49291
9900 2616 49274 2691 49726
10000 2643 49791 2707 50209
10100 2659 50300 2742 50700
10200 2679 50818 2758 51182
10300 2717 51269 2775 51731
10400 2735 51767 2797 52233
10500 2746 52254 2816 52746
10600 2770 52727 2846 53273
10700 2783 53190 2865 53810
10800 2797 53682 2883 54318
10900 2822 54114 2904 54886
11000 2839 54611 2928 55389
11100 2861 55134 2946 55866
11200 2890 55598 2963 56402
11300 2915 56121 2997 56879
11400 2932 56595 3019 57405
11500 2950 57118 3034 57882
11600 2970 57611 3066 58389
11700 2994 58097 3103 58903
11800 3017 58584 3132 59416
11900 3038 59064 3148 59936
12000 3059 59537 3170 60463
12100 3081 60018 3189 60982
12200 3101 60493 3213 61507
12300 3127 61009 3240 61991
12400 3153 61469 3261 62531
12500 3177 61919 3278 63081
12600 3197 62407 3301 63593
12700 3219 62964 3330 64036
12800 3238 63463 3357 64537
12900 3266 63998 3384 65002
13000 3283 64519 3409 65481
13100 3299 65022 3434 65978
13200 3321 65500 3466 66500
13300 3341 66076 3486 66924
13400 3374 66582 3515 67418
13500 3410 67111 3561 67889
13600 3434 67656 3581 68344
13700 3459 68208 3600 68792
13800 3477 68749 3624 69251
13900 3500 69286 3650 69714
14000 3519 69821 3669 70179
14100 3536 70361 3691 70639
14200 3568 70825 3714 71175
14300 3595 71307 3734 71693
14400 3617 71798 3758 72202
14500 3641 72319 3784 72681
14600 3666 72836 3809 73164
14700 3701 73377 3832 73623
14800 3722 73903 3846 74097
14900 3737 74359 3870 74641
15000 3754 74812 3889 75188
15100 3781 75301 3909 75699
15200 3793 75799 3936 76201
15300 3815 76307 3955 76693
15400 3844 76801 3980 77199
15500 3861 77295 4005 77705
15600 3884 77786 4023 78214
15700 3904 78280 4057 78720
15800 3928 78800 4080 79200
15900 3957 79320 4105 79680
16000 3981 79815 4131 80185
16100 4008 80320 4155 80680
16200 4027 80799 4179 81201
16300 4060 81270 4202 81730
16400 4081 81792 4230 82208
16500 4104 82360 4258 82640
16600 4130 82916 4277 83084
16700 4145 83435 4294 83565
16800 4171 83899 4320 84101
16900 4201 84412 4348 84588
17000 4233 84890 4374 85110
17100 4252 85354 4398 85646
17200 4270 85842 4417 86158
17300 4290 86348 4438 86652
17400 4316 86850 4455 87150
17500 4340 87374 4481 87626
17600 4366 87951 4503 88049
17700 4392 88454 4530 88546
17800 4419 89014 4555 88986
17900 4437 89556 4570 89444
18000 4465 89989 4592 90011
18100 4488 90516 4614 90484
18200 4512 90971 4638 91029
18300 4532 91538 4662 91462
18400 4560 91985 4691 92015
18500 4579 92483 4714 92517
18600 4596 92986 4747 93014
18700 4619 93546 4775 93454
18800 4635 94037 4795 93963
18900 4657 94549 4816 94451
19000 4679 95055 4831 94945
19100 4701 95568 4857 95432
19200 4721 96003 4874 95997
19300 4745 96551 4892 96449
19400 4770 97081 4916 96919
19500 4792 97565 4940 97435
19600 4815 98062 4970 97938
19700 4838 98530 4997 98470
19800 4874 99033 5017 98967
19900 4894 99534 5043 99466
20000 4918 100097 5064 99903
20100 4940 100707 5084 100293
20200 4966 101182 5112 100818
20300 4987 101680 5132 101320
20400 5013 102156 5151 101844
20500 5034 102654 5179 102346
20600 5064 103128 5204 102872
20700 5087 103614 5224 103386
20800 5101 104186 5247 103814
20900 5125 104733 5271 104267
21000 5156 105256 5290 104744
21100 5179 105744 5311 105256
21200 5207 106212 5337 105788
21300 5231 106675 5364 106325
21400 5246 107208 5401 106792
21500 5262 107674 5426 107326
21600 5290 108143 5452 107857
21700 5309 108602 5474 108398
21800 5326 109065 5502 108935
21900 5343 109566 5527 109434
22000 5363 110067 5546 109933
22100 5384 110517 5559 110483
22200 5403 110998 5583 111002
22300 5435 111495 5607 111505
22400 5451 111972 5630 112028
22500 5474 112439 5657 112561
22600 5491 112977 5670 113023
22700 5508 113483 5692 113517
22800 5527 113972 5726 114028
22900 5546 114453 5753 114547
23000 5577 114957 5771 115043
23100 5604 115400 5788 115600
23200 5627 115901 5809 116099
23300 5650 116397 5837 116603
23400 5674 116896 5864 117104
23500 5697 117338 5889 117662
23600 5720 117795 5911 118205
23700 5747 118259 5927 118741
23800 5770 118780 5949 119220
23900 5791 119272 5972 119728
24000 5809 119781 5991 120219
24100 5827 120302 6021 120698
24200 5857 120767 6042 121233
24300 5882 121269 6068 121731
24400 5904 121776 6091 122224
24500 5928 122292 6123 122708
24600 5961 122793 6139 123207
24700 5980 123279 6179 123721
24800 6002 123791 6211 124209
24900 6030 124301 6234 124699
25000 6044 124755 6258 125245
25100 6075 125307 6285 125693
25200 6100 125778 6304 126222
25300 6127 126290 6335 126710
25400 6151 126823 6362 127177
25500 6165 127304 6376 127696
25600 6192 127765 6401 128235
25700 6213 128260 6424 128740
25800 6233 128793 6443 129207
25900 6246 129228 6473 129772
26000 6265 129685 6494 130315
26100 6295 130180 6515 130820
26200 6314 130683 6532 131317
26300 6334 131222 6569 131778
26400 6354 131759 6587 132241
26500 6378 132256 6611 132744
26600 6407 132726 6631 133274
26700 6429 133194 6655 133806
26800 6445 133691 6671 134309
26900 6469 134188 6696 134812
27000 6492 134715 6715 135285
27100 6518 135172 6742 135828
27200 6544 135688 6764 136312
27300 6571 136250 6788 136750
27400 6590 136816 6795 137184
27500 6613 137313 6813 137687
27600 6628 137787 6826 138213
27700 6649 138309 6849 138691
27800 6674 138818 6876 139182
27900 6689 139351 6901 139649
28000 6710 139862 6922 140138
28100 6722 140336 6945 140664
28200 6739 140885 6967 141115
28300 6759 141405 6985 141595
28400 6780 141924 7006 142076
28500 6803 142487 7021 142513
28600 6833 142958 7044 143042
28700 6862 143407 7067 143593
28800 6885 143904 7086 144096
28900 6910 144452 7110 144548
29000 6930 144965 7136 145035
29100 6955 145462 7157 145538
29200 6973 145951 7175 146049
29300 6993 146438 7202 146562
29400 7016 146923 7221 147077
29500 7037 147442 7245 147558
29600 7062 148002 7267 147998
29700 7089 148535 7281 148465
29800 7119 149020 7308 148980
29900 7142 149511 7327 149489
30000 7160 150000 7342 150000
30100 7194 150532 7368 150468
30200 7215 150982 7394 151018
30300 7237 151447 7411 151553
30400 7260 151995 7435 152005
30500 7280 152528 7457 152472
30600 7306 153064 7484 152936
30700 7325 153570 7507 153430
30800 7352 154075 7527 153925
30900 7375 154601 7544 154399
31000 7399 155097 7570 154903
31100 7417 155651 7593 155349
31200 7441 156110 7610 155890
31300 7457 156595 7623 156405
31400 7482 157109 7643 156891
31500 7508 157638 7667 157362
31600 7526 158124 7681 157876
31700 7542 158643 7702 158357
31800 7567 159130 7724 158870
31900 7587 159648 7735 159352
32000 7606 160138 7769 159862
32100 7627 160629 7792 160371
32200 7644 161098 7816 160902
32300 7667 161576 7829 161424
32400 7689 162102 7843 161898
32500 7707 162583 7860 162417
32600 7727 163053 7881 162947
32700 7745 163552 7901 163448
32800 7760 164003 7915 163997
32900 7787 164539 7938 164461
33000 7811 165120 7965 164880
33100 7842 165598 7985 165402
33200 7860 166133 8007 165867
33300 7881 166639 8029 166361
33400 7905 167147 8056 166853
33500 7923 167648 8080 167352
33600 7945 168120 8098 167880
33700 7968 168624 8116 168376
33800 8002 169141 8139 168859
33900 8027 169728 8153 169272
34000 8053 170201 8181 169799
34100 8087 170735 8199 170265
34200 8106 171237 8213 170763
34300 8128 171743 8232 171257
34400 8145 172262 8248 171738
34500 8166 172716 8271 172284
34600 8195 173232 8296 172768
34700 8220 173725 8327 173275
34800 8232 174229 8342 173771
34900 8253 174730 8368 174270
35000 8269 175245 8389 174755
35100 8291 175723 8414 175277
35200 8326 176172 8447 175828
35300 8346 176654 8462 176346
35400 8368 177090 8484 176910
35500 8393 177573 8513 177427
35600 8414 178052 8540 177948
35700 8440 178514 8563 178486
35800 8455 179026 8588 178974
35900 8476 179487 8609 179513
36000 8497 180002 8637 179998
36100 8518 180512 8653 180488
36200 8539 181040 8671 180960
36300 8558 181533 8698 181467
36400 8586 182021 8726 181979
36500 8609 182511 8745 182489
36600 8626 183010 8772 182990
36700 8645 183499 8795 183501
36800 8672 184018 8816 183982
36900 8697 184540 8837 184460
37000 8712 185020 8865 184980
37100 8730 185483 8890 185517
37200 8754 185938 8903 186062
37300 8775 186443 8922 186557
37400 8785 186891 8946 187109
37500 8803 187400 8966 187600
37600 8827 187886 8986 188114
37700 8847 188381 8999 188619
37800 8871 188846 9027 189154
37900 8895 189356 9054 189644
38000 8918 189818 9072 190182
38100 8944 190269 9095 190731
38200 8958 190730 9117 191270
38300 8973 191157 9135 191843
38400 8999 191649 9160 192351
38500 9013 192185 9182 192815
38600 9024 192683 9198 193317
38700 9044 193152 9217 193848
38800 9065 193640 9232 194360
38900 9093 194150 9256 194850
39000 9121 194655 9282 195345
39100 9150 195095 9309 195905
39200 9169 195515 9333 196485
39300 9195 195984 9351 197016
39400 9214 196466 9377 197534
39500 9228 196978 9394 198022
39600 9246 197412 9426 198588
39700 9283 197881 9454 199119
39800 9304 198399 9474 199601
39900 9325 198888 9488 200112
40000 9342 199444 9522 200556
40100 9365 199914 9550 201086
40200 9392 200375 9568 201625
40300 9416 200899 9588 202101
40400 9430 201361 9610 202639
40500 9456 201919 9628 203081
40600 9475 202411 9646 203589
40700 9493 202858 9662 204142
40800 9505 203341 9684 204659
40900 9526 203812 9705 205188
41000 9536 204318 9723 205682
41100 9564 204787 9746 206213
41200 9582 205329 9767 206671
41300 9607 205877 9792 207123
41400 9632 206393 9812 207607
41500 9648 206844 9835 208156
41600 9676 207363 9863 208637
41700 9701 207889 9879 209111
41800 9721 208412 9904 209588
41900 9739 208894 9927 210106
42000 9763 209404 9949 210596
42100 9783 209849 9961 211151
42200 9810 210327 9984 211673
42300 9827 210763 10004 212237
42400 9852 211264 10027 212736
42500 9876 211745 10054 213255
42600 9892 212290 10069 213710
42700 9908 212759 10096 214241
42800 9932 213247 10114 214753
42900 9946 213708 10137 215292
43000 9967 214195 10159 215805
43100 9985 214678 10176 216322
43200 10009 215150 10201 216850
43300 10027 215622 10227 217378
43400 10043 216097 10250 217903
43500 10066 216581 10268 218419
43600 10090 217096 10294 218904
43700 10118 217630 10328 219370
43800 10140 218107 10354 219893
43900 10161 218580 10377 220420
44000 10188 219119 10405 220881
44100 10204 219604 10420 221396
44200 10220 220079 10440 221921
44300 10232 220600 10463 222400
44400 10253 221090 10490 222910
44500 10276 221613 10519 223387
44600 10298 222129 10546 223871
44700 10315 222660 10566 224340
44800 10341 223147 10581 224853
44900 10368 223657 10605 225343
45000 10402 224136 10637 225864
45100 10430 224629 10662 226371
45200 10456 225137 10680 226863
45300 10480 225618 10700 227382
45400 10500 226126 10717 227874
45500 10523 226608 10735 228392
45600 10544 227084 10755 228916
45700 10574 227570 10775 229430
45800 10592 228021 10791 229979
45900 10608 228512 10810 230488
46000 10631 228984 10824 231016
46100 10651 229475 10852 231525
46200 10677 229958 10867 232042
46300 10705 230464 10886 232536
46400 10726 231006 10913 232994
46500 10745 231514 10936 233486
46600 10770 232026 10954 233974
46700 10789 232552 10975 234448
46800 10816 233042 11003 234958
46900 10843 233594 11030 235406
47000 10868 234131 11053 235869
47100 10893 234586 11084 236414
47200 10923 235115 11104 236885
47300 10945 235643 11130 237357
47400 10965 236077 11153 237923
47500 10992 236517 11181 238483
47600 11020 236960 11214 239040
47700 11036 237477 11237 239523
47800 11057 237995 11262 240005
47900 11078 238482 11293 240518
48000 11109 238956 11318 241044
48100 11138 239424 11353 241576
48200 11157 239895 11380 242105
48300 11179 240411 11415 242589
48400 11204 240928 11441 243072
48500 11227 241445 11455 243555
48600 11248 241911 11476 244089
48700 11270 242481 11497 244519
48800 11286 243020 11513 244980
48900 11311 243527 11530 245473
49000 11331 243994 11555 246006
49100 11354 244464 11582 246536
49200 11367 244966 11602 247034
49300 11384 245496 11625 247504
49400 11396 245949 11641 248051
49500 11412 246461 11669 248539
49600 11432 246966 11696 249034
49700 11445 247486 11722 249514
49800 11459 248007 11735 249993
49900 11488 248536 11756 250464
50000 11503 249041 11777 250959
50100 11520 249443 11795 251557
50200 11541 249938 11812 252062
50300 11562 250443 11835 252557
50400 11583 250960 11861 253040
50500 11611 251480 11879 253520
50600 11642 251987 11900 254013
50700 11670 252518 11926 254482
50800 11690 253081 11951 254919
50900 11717 253622 11970 255378
51000 11742 254113 11990 255887
51100 11764 254608 12008 256392
51200 11788 255158 12017 256842
51300 11815 255686 12042 257314
51400 11834 256125 12067 257875
51500 11857 256584 12096 258416
51600 11877 257106 12122 258894
51700 11896 257653 12148 259347
51800 11914 258180 12167 259820
51900 11932 258767 12189 260233
52000 11954 259261 12218 260739
52100 11972 259794 12233 261206
52200 11998 260319 12265 261681
52300 12018 260806 12288 262194
52400 12035 261297 12313 262703
52500 12062 261826 12332 263174
52600 12085 262334 12365 263666
52700 12109 262859 12386 264141
52800 12136 263337 12424 264663
52900 12165 263805 12451 265195
53000 12194 264331 12470 265669
53100 12216 264846 12496 266154
53200 12242 265306 12511 266694
53300 12269 265857 12532 267143
53400 12296 266345 12555 267655
53500 12315 266843 12582 268157
53600 12336 267382 12601 268618
53700 12357 267864 12618 269136
53800 12382 268360 12641 269640
53900 12406 268847 12669 270153
54000 12430 269366 12689 270634
54100 12457 269900 12708 271100
54200 12472 270410 12736 271590
54300 12498 270909 12754 272091
54400 12517 271359 12775 272641
54500 12531 271851 12791 273149
54600 12566 272352 12820 273648
54700 12585 272845 12836 274155
54800 12603 273318 12858 274682
54900 12629 273777 12881 275223
55000 12660 274255 12912 275745
55100 12681 274771 12931 276229
55200 12706 275305 12950 276695
55300 12725 275780 12977 277220
55400 12744 276312 13002 277688
55500 12766 276868 13027 278132
55600 12787 277391 13049 278609
55700 12819 277934 13074 279066
55800 12835 278541 13091 279459
55900 12863 279081 13110 279919
56000 12878 279535 13133 280465
56100 12901 280021 13156 280979
56200 12926 280500 13187 281500
56300 12943 280952 13212 282048
56400 12963 281433 13238 282567
56500 12984 281924 13266 283076
56600 13003 282420 13291 283580
56700 13016 282906 13316 284094
56800 13038 283411 13338 284589
56900 13064 283922 13357 285078
57000 13094 284419 13384 285581
57100 13123 284901 13405 286099
57200 13145 285454 13425 286546
57300 13159 285966 13443 287034
57400 13184 286440 13471 287560
57500 13204 286943 13488 288057
57600 13222 287465 13507 288535
57700 13240 287964 13519 289036
57800 13259 288438 13534 289562
57900 13280 288932 13566 290068
58000 13309 289484 13588 290516
58100 13323 289952 13618 291048
58200 13356 290435 13643 291565
58300 13377 290950 13672 292050
58400 13402 291455 13691 292545
58500 13427 291970 13717 293030
58600 13441 292461 13738 293539
58700 13465 293029 13759 293971
58800 13482 293535 13789 294465
58900 13509 294043 13809 294957
59000 13529 294501 13831 295499
59100 13549 294940 13854 296060
59200 13577 295379 13878 296621
59300 13594 295849 13901 297151
59400 13623 296312 13930 297688
59500 13652 296823 13961 298177
59600 13679 297355 13979 298645
59700 13707 297844 14002 299156
59800 13732 298346 14032 299654
59900 13753 298867 14054 300133
60000 13780 299426 14077 300574
60100 13808 299941 14098 301059
60200 13829 300388 14128 301612
60300 13855 300932 14154 302068
60400 13879 301399 14178 302601
60500 13906 301901 14202 303099
60600 13926 302453 14217 303547
60700 13952 302958 14241 304042
60800 13975 303421 14265 304579
60900 14003 303924 14297 305076
61000 14018 304431 14325 305569
61100 14041 304953 14353 306047
61200 14054 305539 14363 306461
61300 14069 306068 14386 306932
61400 14098 306605 14410 307395
61500 14121 307052 14432 307948
61600 14150 307556 14454 308444
61700 14176 308012 14479 308988
61800 14192 308501 14513 309499
61900 14222 309016 14533 309984
62000 14250 309536 14552 310464
62100 14264 309994 14577 311006
62200 14277 310518 14600 311482
62300 14287 310999 14615 312001
62400 14318 311542 14630 312458
62500 14341 312054 14651 312946
62600 14366 312577 14679 313423
62700 14398 313088 14705 313912
62800 14420 313575 14730 314425
62900 14438 314097 14753 314903
63000 14465 314611 14780 315389
63100 14489 315107 14807 315893
63200 14509 315588 14829 316412
63300 14532 316075 14852 316925
63400 14562 316626 14882 317374
63500 14587 317183 14906 317817
63600 14613 317682 14925 318318
63700 14630 318187 14939 318813
63800 14653 318723 14960 319277
63900 14680 319268 14987 319732
64000 14702 319700 15009 320300
64100 14737 320186 15034 320814
64200 14756 320674 15057 321326
64300 14774 321205 15077 321795
64400 14796 321697 15102 322303
64500 14822 322198 15134 322802
64600 14847 322738 15159 323262
64700 14868 323260 15174 323740
64800 14890 323803 15189 324197
64900 14914 324335 15209 324665
65000 14935 324837 15244 325163
65100 14964 325295 15257 325705
65200 14990 325834 15284 326166
65300 15007 326336 15301 326664
65400 15035 326825 15325 327175
65500 15051 327340 15346 327660
65600 15066 327829 15367 328171
65700 15088 328319 15378 328681
65800 15105 328882 15394 329118
65900 15120 329408 15415 329592
66000 15138 329861 15439 330139
66100 15166 330404 15458 330596
66200 15194 330971 15480 331029
66300 15225 331536 15509 331464
66400 15247 332048 15528 331952
66500 15279 332601 15556 332399
66600 15301 333092 15572 332908
66700 15322 333612 15601 333388
66800 15339 334115 15617 333885
66900 15361 334654 15633 334346
67000 15374 335134 15650 334866
67100 15397 335577 15676 335423
67200 15420 336068 15699 335932
67300 15440 336558 15711 336442
67400 15467 337056 15739 336944
67500 15500 337536 15763 337464
67600 15522 338031 15788 337969
67700 15544 338525 15815 338475
67800 15572 339024 15840 338976
67900 15596 339545 15868 339455
68000 15613 340019 15883 339981
68100 15631 340536 15903 340464
68200 15649 341013 15928 340987
68300 15664 341499 15948 341501
68400 15691 342032 15978 341968
68500 15717 342531 16003 342469
68600 15747 343022 16027 342978
68700 15782 343553 16049 343447
68800 15801 344025 16070 343975
68900 15823 344528 16085 344472
69000 15848 345075 16108 344925
69100 15875 345599 16133 345401
69200 15899 346086 16154 345914
69300 15926 346562 16186 346438
69400 15948 347040 16198 346960
69500 15961 347532 16218 347468
69600 15979 348022 16238 347978
69700 16004 348515 16258 348485
69800 16029 349066 16282 348934
69900 16043 349516 16306 349484
70000 16061 350048 16333 349952
70100 16077 350589 16345 350411
70200 16090 351122 16363 350878
70300 16112 351658 16390 351342
70400 16134 352192 16409 351808
70500 16161 352700 16434 352300
70600 16171 353183 16452 352817
70700 16197 353603 16476 353397
70800 16223 354046 16503 353954
70900 16240 354517 16527 354483
71000 16264 354971 16553 355029
71100 16286 355427 16590 355573
71200 16304 355942 16607 356058
71300 16332 356451 16630 356549
71400 16344 356929 16649 357071
71500 16364 357411 16667 357589
71600 16390 357889 16693 358111
71700 16404 358407 16708 358593
71800 16420 358901 16732 359099
71900 16449 359418 16757 359582
72000 16471 359931 16775 360069
72100 16493 360429 16805 360571
72200 16507 360897 16827 361103
72300 16527 361420 16849 361580
72400 16547 361913 16865 362087
72500 16562 362393 16889 362607
72600 16575 362888 16907 363112
72700 16601 363386 16925 363614
72800 16626 363867 16952 364133
72900 16651 364350 16977 364650
73000 16673 364825 16997 365175
73100 16697 365321 17020 365679
73200 16724 365848 17045 366152
73300 16746 366368 17064 366632
73400 16769 366903 17091 367097
73500 16789 367404 17109 367596
73600 16807 367924 17123 368076
73700 16834 368411 17142 368589
73800 16857 368892 17164 369108
73900 16873 369360 17189 369640
74000 16895 369868 17215 370132
74100 16909 370357 17231 370643
74200 16933 370842 17269 371158
74300 16946 371258 17282 371742
74400 16966 371771 17308 372229
74500 16990 372264 17331 372736
74600 17018 372731 17354 373269
74700 17041 373200 17370 373800
74800 17056 373705 17386 374295
74900 17072 374204 17413 374796
75000 17093 374687 17446 375313
75100 17120 375179 17467 375821
75200 17147 375653 17494 376347
75300 17170 376105 17518 376895
75400 17197 376587 17545 377413
75500 17216 377136 17571 377864
75600 17234 377623 17604 378377
75700 17266 378098 17632 378902
75800 17305 378630 17661 379370
75900 17333 379084 17681 379916
76000 17356 379609 17698 380391
76100 17374 380107 17726 380893
76200 17402 380654 17752 381346
76300 17429 381167 17767 381833
76400 17443 381704 17790 382296
76500 17464 382212 17811 382788
76600 17482 382686 17833 383314
76700 17505 383172 17858 383828
76800 17532 383662 17882 384338
76900 17556 384210 17905 384790
77000 17580 384681 17925 385319
77100 17610 385180 17958 385820
77200 17633 385682 17987 386318
77300 17654 386213 18017 386787
77400 17674 386741 18037 387259
77500 17692 387250 18058 387750
77600 17722 387740 18078 388260
77700 17737 388222 18101 388778
77800 17757 388735 18127 389265
77900 17783 389267 18148 389733
78000 17809 389776 18171 390224
78100 17831 390281 18194 390719
78200 17860 390862 18227 391138
78300 17879 391361 18245 391639
78400 17902 391876 18270 392124
78500 17931 392344 18282 392656
78600 17949 392875 18298 393125
78700 17973 393349 18317 393651
78800 17992 393814 18336 394186
78900 18016 394331 18357 394669
79000 18030 394840 18382 395160
79100 18051 395362 18408 395638
79200 18072 395910 18430 396090
79300 18104 396465 18458 396535
79400 18121 396932 18483 397068
79500 18148 397405 18501 397595
79600 18172 397952 18521 398048
79700 18201 398438 18551 398562
79800 18227 398937 18571 399063
79900 18252 399458 18600 399542
80000 18274 399944 18620 400056
80100 18291 400437 18641 400563
80200 18316 400934 18655 401066
80300 18342 401432 18669 401568
80400 18379 401928 18702 402072
80500 18396 402371 18721 402629
80600 18415 402876 18734 403124
80700 18435 403334 18753 403666
80800 18453 403793 18777 404207
80900 18475 404334 18805 404666
81000 18489 404817 18827 405183
81100 18521 405317 18846 405683
81200 18544 405849 18866 406151
81300 18564 406376 18887 406624
81400 18590 406912 18899 407088
81500 18611 407428 18920 407572
81600 18625 407943 18937 408057
81700 18648 408419 18962 408581
81800 18675 408893 18986 409107
81900 18699 409358 19005 409642
82000 18732 409875 19027 410125
82100 18763 410382 19056 410618
82200 18789 410912 19088 411088
82300 18809 411383 19113 411617
82400 18848 411922 19135 412078
82500 18867 412385 19157 412615
82600 18903 412860 19189 413140
82700 18931 413322 19210 413678
82800 18945 413802 19245 414198
82900 18964 414321 19268 414679
83000 18984 414820 19302 415180
83100 19010 415312 19322 415688
83200 19030 415834 19352 416166
83300 19055 416332 19381 416668
83400 19076 416824 19405 417176
83500 19116 417283 19430 417717
83600 19133 417783 19455 418217
83700 19165 418247 19476 418753
83800 19188 418709 19492 419291
83900 19208 419226 19514 419774
84000 19221 419753 19528 420247
84100 19246 420245 19539 420755
84200 19268 420721 19565 421279
84300 19287 421218 19590 421782
84400 19318 421699 19608 422301
84500 19341 422178 19631 422822
84600 19362 422671 19651 423329
84700 19376 423147 19664 423853
84800 19394 423648 19684 424352
84900 19422 424117 19701 424883
85000 19445 424616 19727 425384
85100 19470 425110 19749 425890
85200 19491 425618 19771 426382
85300 19512 426134 19796 426866
85400 19525 426633 19817 427367
85500 19546 427146 19846 427854
85600 19566 427641 19870 428359
85700 19590 428116 19890 428884
85800 19609 428610 19906 429390
85900 19633 429035 19927 429965
86000 19659 429570 19957 430430
86100 19675 430096 19970 430904
86200 19700 430651 19989 431349
86300 19722 431196 20012 431804
86400 19747 431692 20035 432308
86500 19767 432173 20057 432827
86600 19787 432682 20077 433318
86700 19816 433208 20109 433792
86800 19841 433681 20132 434319
86900 19864 434147 20149 434853
87000 19879 434604 20173 435396
87100 19896 435113 20192 435887
87200 19921 435626 20205 436374
87300 19937 436115 20236 436885
87400 19964 436629 20260 437371
87500 19986 437047 20287 437953
87600 20020 437507 20312 438493
87700 20037 438027 20334 438973
87800 20057 438525 20353 439475
87900 20086 439031 20377 439969
88000 20106 439516 20397 440484
88100 20134 440006 20417 440994
88200 20160 440530 20446 441470
88300 20176 441044 20466 441956
88400 20204 441597 20483 442403
88500 20221 442081 20495 442919
88600 20237 442580 20519 443420
88700 20257 443115 20540 443885
88800 20283 443631 20556 444369
88900 20303 444144 20583 444856
89000 20320 444614 20596 445386
89100 20351 445114 20622 445886
89200 20373 445549 20641 446451
89300 20392 446084 20664 446916
89400 20418 446639 20698 447361
89500 20437 447160 20720 447840
89600 20471 447673 20740 448327
89700 20502 448182 20763 448818
89800 20526 448737 20783 449263
89900 20546 449287 20801 449713
90000 20578 449809 20831 450191
90100 20607 450339 20848 450661
90200 20628 450830 20873 451170
90300 20644 451315 20896 451685
90400 20668 451809 20923 452191
90500 20687 452256 20938 452744
90600 20715 452765 20969 453235
90700 20729 453298 20995 453702
90800 20748 453787 21014 454213
90900 20771 454287 21030 454713
91000 20798 454774 21057 455226
91100 20814 455306 21076 455694
91200 20838 455831 21095 456169
91300 20858 456312 21112 456688
91400 20882 456839 21129 457161
91500 20907 457309 21145 457691
91600 20929 457792 21171 458208
91700 20960 458300 21199 458700
91800 20974 458836 21224 459164
91900 20997 459383 21250 459617
92000 21017 459922 21285 460078
92100 21041 460476 21302 460524
92200 21059 460949 21323 461051
92300 21076 461428 21344 461572
92400 21085 461925 21371 462075
92500 21099 462411 21397 462589
92600 21120 462882 21422 463118
92700 21143 463403 21449 463597
92800 21160 463916 21474 464084
92900 21177 464415 21491 464585
93000 21193 464926 21508 465074
93100 21215 465413 21539 465587
93200 21232 465913 21559 466087
93300 21253 466380 21583 466620
93400 21276 466860 21602 467140
93500 21302 467370 21618 467630
93600 21318 467848 21632 468152
93700 21338 468338 21656 468662
93800 21356 468832 21676 469168
93900 21377 469362 21711 469638
94000 21403 469919 21744 470081
94100 21429 470424 21773 470576
94200 21464 470907 21796 471093
94300 21498 471440 21822 471560
94400 21516 471946 21840 472054
94500 21546 472478 21872 472522
94600 21581 473019 21893 472981
94700 21610 473460 21918 473540
94800 21631 473922 21937 474078
94900 21653 474442 21960 474558
95000 21669 474978 21981 475022
95100 21689 475491 22002 475509
95200 21708 475981 22022 476019
95300 21719 476470 22040 476530
95400 21738 476971 22054 477029
95500 21763 477440 22067 477560
95600 21790 477976 22092 478024
95700 21807 478464 22120 478536
95800 21828 478911 22148 479089
95900 21845 479381 22168 479619
96000 21864 479903 22188 480097
96100 21890 480452 22213 480548
96200 21910 480976 22244 481024
96300 21933 481448 22263 481552
96400 21953 481960 22293 482040
96500 21989 482478 22316 482522
96600 22015 483006 22340 482994
96700 22045 483522 22362 483478
96800 22065 484047 22389 483953
96900 22084 484648 22412 484352
97000 22107 485105 22442 484895
97100 22121 485559 22468 485441
97200 22140 486024 22490 485976
97300 22160 486556 22512 486444
97400 22184 487049 22528 486951
97500 22209 487520 22547 487480
97600 22230 488049 22563 487951
97700 22255 488494 22587 488506
97800 22280 489002 22615 488998
97900 22308 489547 22639 489453
98000 22330 490016 22674 489984
98100 22350 490548 22701 490452
98200 22384 491072 22726 490928
98300 22400 491603 22749 491397
98400 22424 492096 22770 491904
98500 22441 492630 22790 492370
98600 22461 493127 22812 492873
98700 22485 493660 22844 493340
98800 22505 494127 22860 493873
98900 22533 494544 22877 494456
99000 22558 495080 22899 494920
99100 22580 495564 22916 495436
99200 22598 496039 22934 495961
99300 22615 496489 22957 496511
99400 22640 496910 22982 497090
99500 22672 497397 23005 497603
99600 22695 497917 23027 498083
99700 22716 498457 23044 498543
99800 22735 498907 23066 499093
99900 22762 499409 23096 499591
100000 22786 499919 23106 500081
100100 22818 500398 23130 500602
100200 22830 500856 23152 501144
100300 22851 501376 23171 501624
100400 22871 501876 23196 502124
100500 22893 502400 23217 502600
100600 22909 502907 23240 503093
100700 22928 503411 23252 503589
100800 22951 503915 23274 504085
100900 22980 504433 23290 504567
101000 23007 504934 23307 505066
101100 23032 505461 23336 505539
101200 23056 505953 23351 506047
101300 23087 506427 23381 506573
101400 23112 506927 23406 507073
101500 23130 507406 23432 507594
101600 23146 507898 23459 508102
101700 23169 508430 23481 508570
101800 23195 508908 23502 509092
101900 23224 509470 23524 509530
102000 23241 509998 23550 510002
102100 23259 510494 23586 510506
102200 23281 511039 23603 510961
102300 23304 511569 23625 511431
102400 23328 512067 23656 511933
102500 23349 512559 23676 512441
102600 23373 513059 23703 512941
102700 23390 513546 23723 513454
102800 23412 513984 23747 514016
102900 23437 514503 23763 514497
103000 23451 514951 23790 515049
103100 23469 515407 23818 515593
103200 23492 515899 23835 516101
103300 23514 516453 23846 516547
103400 23535 516937 23865 517063
103500 23552 517457 23888 517543
103600 23583 517988 23906 518012
103700 23606 518485 23932 518515
103800 23629 518940 23950 519060
103900 23644 519486 23978 519514
104000 23660 519972 23992 520028
104100 23686 520510 24020 520490
104200 23703 521053 24039 520947
104300 23729 521582 24068 521418
104400 23751 522110 24100 521890
104500 23768 522632 24121 522368
104600 23792 523077 24147 522923
104700 23824 523592 24175 523408
104800 23854 524123 24198 523877
104900 23872 524572 24213 524428
105000 23906 525051 24243 524949
105100 23923 525537 24261 525463
105200 23949 526015 24279 525985
105300 23983 526479 24304 526521
105400 24012 527016 24332 526984
105500 24033 527535 24345 527465
105600 24056 528046 24370 527954
105700 24075 528531 24388 528469
105800 24103 528981 24407 529019
105900 24124 529449 24424 529551
106000 24154 529946 24442 530054
106100 24184 530430 24462 530570
106200 24216 531011 24481 530989
106300 24235 531486 24512 531514
106400 24262 531971 24542 532029
106500 24291 532452 24565 532548
106600 24310 532896 24594 533104
106700 24323 533419 24620 533581
106800 24356 533990 24652 534010
106900 24377 534511 24674 534489
107000 24397 535065 24696 534935
107100 24427 535553 24717 535447
107200 24447 536106 24745 535894
107300 24460 536664 24766 536336
107400 24483 537168 24789 536832
107500 24509 537690 24810 537310
107600 24531 538194 24828 537806
107700 24560 538713 24854 538287
107800 24586 539265 24874 538735
107900 24606 539822 24894 539178
108000 24631 540305 24908 539695
108100 24645 540805 24928 540195
108200 24662 541289 24953 540711
108300 24689 541721 24969 541279
108400 24715 542207 24988 541793
108500 24738 542678 25003 542322
108600 24758 543195 25027 542805
108700 24780 543726 25053 543274
108800 24805 544280 25072 543720
108900 24818 544769 25091 544231
109000 24840 545231 25122 544769
109100 24869 545824 25144 545176
109200 24899 546348 25168 545652
109300 24918 546826 25188 546174
109400 24938 547345 25208 546655
109500 24966 547879 25225 547121
109600 24992 548400 25255 547600
109700 25013 548860 25276 548140
109800 25037 549347 25297 548653
109900 25061 549840 25312 549160
110000 25086 550373 25334 549627
110100 25105 550857 25350 550143
110200 25125 551316 25378 550684
110300 25139 551731 25397 551269
110400 25159 552221 25430 551779
110500 25178 552710 25460 552290
110600 25208 553222 25482 552778
110700 25223 553679 25506 553321
110800 25246 554152 25537 553848
110900 25274 554604 25562 554396
111000 25294 555122 25587 554878
111100 25317 555599 25619 555401
111200 25339 556131 25650 555869
111300 25360 556615 25674 556385
111400 25388 557107 25697 556893
111500 25407 557598 25726 557402
111600 25434 558067 25754 557933
111700 25460 558564 25772 558436
111800 25481 559049 25797 558951
111900 25505 559532 25823 559468
112000 25527 560039 25846 559961
112100 25546 560513 25864 560487
112200 25575 561100 25888 560900
112300 25592 561603 25911 561397
112400 25614 562121 25932 561879
112500 25634 562634 25955 562366
112600 25655 563178 25988 562822
112700 25673 563639 26015 563361
112800 25700 564117 26041 563883
112900 25723 564638 26067 564362
113000 25745 565198 26091 564802
113100 25772 565690 26125 565310
113200 25787 566183 26154 565817
113300 25801 566695 26180 566305
113400 25830 567230 26196 566770
113500 25852 567747 26215 567253
113600 25875 568229 26230 567771
113700 25898 568704 26246 568296
113800 25917 569235 26262 568765
113900 25944 569721 26278 569279
114000 25970 570198 26296 569802
114100 25994 570728 26315 570272
114200 26009 571253 26330 570747
114300 26031 571743 26351 571257
114400 26055 572243 26380 571757
114500 26074 572691 26394 572309
114600 26104 573208 26413 572792
114700 26118 573744 26440 573256
114800 26134 574201 26457 573799
114900 26158 574684 26482 574316
115000 26173 575183 26509 574817
115100 26191 575684 26530 575316
115200 26204 576202 26555 575798
115300 26231 576758 26573 576242
115400 26260 577268 26594 576732
115500 26280 577785 26619 577215
115600 26299 578246 26641 577754
115700 26322 578743 26663 578257
115800 26344 579281 26678 578719
115900 26367 579842 26694 579158
116000 26382 580329 26713 579671
116100 26410 580798 26734 580202
116200 26424 581281 26746 580719
116300 26440 581777 26768 581223
116400 26458 582258 26790 581742
116500 26483 582702 26811 582298
116600 26502 583215 26834 582785
116700 26523 583747 26857 583253
116800 26538 584243 26887 583757
116900 26569 584728 26904 584272
117000 26594 585223 26920 584777
117100 26618 585707 26944 585293
117200 26639 586143 26973 585857
117300 26660 586685 26994 586315
117400 26684 587203 27015 586797
117500 26713 587746 27034 587254
117600 26733 588217 27061 587783
117700 26747 588735 27082 588265
117800 26766 589250 27101 588750
117900 26797 589797 27127 589203
118000 26818 590272 27149 589728
118100 26844 590798 27184 590202
118200 26873 591244 27211 590756
118300 26902 591795 27234 591205
118400 26916 592321 27256 591679
118500 26938 592780 27277 592220
118600 26957 593276 27301 592724
118700 26975 593820 27326 593180
118800 26999 594300 27351 593700
118900 27015 594763 27374 594237
119000 27035 595283 27397 594717
119100 27062 595739 27420 595261
119200 27083 596259 27443 595741
119300 27106 596738 27470 596262
119400 27118 597203 27490 596797
119500 27134 597696 27518 597304
119600 27164 598190 27541 597810
119700 27185 598633 27563 598367
119800 27212 599152 27589 598848
119900 27239 599648 27621 599352
120000 27266 600117 27647 599883
120100 27288 600646 27670 600354
120200 27309 601147 27698 600853
120300 27336 601647 27719 601353
120400 27355 602161 27747 601839
120500 27373 602664 27772 602336
120600 27390 603161 27799 602839
120700 27411 603655 27809 603345
120800 27433 604178 27828 603822
120900 27456 604705 27852 604295
121000 27476 605175 27869 604825
121100 27509 605681 27901 605319
121200 27529 606192 27924 605808
121300 27556 606662 27942 606338
121400 27575 607169 27972 606831
121500 27611 607711 28001 607289
121600 27642 608223 28027 607777
121700 27662 608724 28056 608276
121800 27675 609203 28074 608797
121900 27702 609683 28089 609317
122000 27720 610172 28113 609828
122100 27746 610643 28148 610357
122200 27763 611146 28178 610854
122300 27796 611615 28199 611385
122400 27812 612128 28222 611872
122500 27830 612687 28241 612313
122600 27854 613152 28259 612848
122700 27866 613651 28281 613349
122800 27885 614165 28301 613835
122900 27908 614672 28326 614328
123000 27939 615157 28354 614843
123100 27962 615651 28379 615349
123200 27976 616185 28401 615815
123300 27996 616681 28423 616319
123400 28017 617219 28446 616781
123500 28031 617703 28468 617297
123600 28049 618196 28482 617804
123700 28061 618673 28497 618327
123800 28078 619151 28510 618849
123900 28100 619655 28539 619345
124000 28113 620157 28562 619843
124100 28126 620658 28584 620342
124200 28147 621121 28606 620879
124300 28178 621590 28640 621410
124400 28200 622090 28668 621910
124500 28221 622555 28688 622445
124600 28236 623037 28716 622963
124700 28253 623546 28733 623454
124800 28274 624080 28757 623920
124900 28294 624633 28772 624367
125000 28320 625130 28790 624870
125100 28347 625665 28817 625335
125200 28374 626138 28834 625862
125300 28396 626635 28858 626365
125400 28421 627077 28885 626923
125500 28440 627593 28910 627407
125600 28465 628052 28934 627948
125700 28492 628496 28958 628504
125800 28520 629002 28983 628998
125900 28539 629510 29005 629490
126000 28552 630021 29023 629979
126100 28579 630489 29053 630511
126200 28603 631007 29069 630993
126300 28623 631523 29089 631477
126400 28637 632077 29111 631923
126500 28663 632582 29139 632418
126600 28691 633043 29162 632957
126700 28712 633520 29186 633480
126800 28737 634039 29208 633961
126900 28762 634559 29235 634441
127000 28788 635048 29254 634952
127100 28810 635516 29272 635484
127200 28834 636005 29292 635995
127300 28857 636498 29316 636502
127400 28879 636990 29342 637010
127500 28898 637502 29363 637498
127600 28919 638059 29384 637941
127700 28937 638589 29404 638411
127800 28957 639071 29433 638929
127900 28979 639548 29453 639452
128000 29001 640093 29470 639907
128100 29027 640653 29485 640347
128200 29041 641171 29504 640829
128300 29063 641712 29531 641288
128400 29084 642274 29555 641726
128500 29108 642845 29584 642155
128600 29124 643374 29612 642626
128700 29151 643896 29624 643104
128800 29175 644377 29640 643623
128900 29208 644878 29664 644122
129000 29234 645349 29688 644651
129100 29258 645861 29709 645139
129200 29283 646352 29736 645648
129300 29304 646854 29758 646146
129400 29331 647370 29782 646630
129500 29359 647851 29807 647149
129600 29383 648373 29827 647627
129700 29409 648821 29852 648179
129800 29426 649325 29871 648675
129900 29444 649819 29890 649181
130000 29475 650311 29919 649689
130100 29490 650838 29938 650162
130200 29512 651346 29957 650654
130300 29536 651843 29976 651157
130400 29559 652346 29997 651654
130500 29581 652760 30029 652240
130600 29607 653231 30059 652769
130700 29629 653786 30081 653214
130800 29644 654277 30103 653723
130900 29664 654727 30121 654273
131000 29682 655247 30150 654753
131100 29696 655763 30175 655237
131200 29720 656248 30206 655752
131300 29755 656771 30240 656229
131400 29768 657270 30260 656730
131500 29781 657756 30271 657244
131600 29816 658304 30293 657696
131700 29839 658813 30314 658187
131800 29852 659331 30332 658669
131900 29879 659862 30364 659138
132000 29902 660350 30381 659650
132100 29929 660816 30406 660184
132200 29949 661321 30430 660679
132300 29966 661804 30453 661196
132400 29989 662341 30469 661659
132500 30015 662810 30495 662190
132600 30041 663320 30529 662680
132700 30057 663852 30548 663148
132800 30077 664423 30575 663577
132900 30099 664886 30596 664114
133000 30120 665408 30623 664592
133100 30140 665882 30645 665118
133200 30158 666363 30666 665637
133300 30190 666880 30692 666120
133400 30202 667397 30708 666603
133500 30230 667935 30735 667065
133600 30254 668438 30758 667562
133700 30275 668947 30776 668053
133800 30303 669423 30792 668577
133900 30321 669975 30814 669025
134000 30340 670457 30836 669543
134100 30359 670978 30855 670022
134200 30384 671437 30878 670563
134300 30405 671915 30892 671085
134400 30425 672408 30914 671592
134500 30444 672917 30936 672083
134600 30464 673407 30958 672593
134700 30490 673899 30979 673101
134800 30508 674399 31001 673601
134900 30521 674895 31018 674105
135000 30541 675460 31034 674540
135100 30565 675962 31058 675038
135200 30588 676481 31081 675519
135300 30619 677011 31105 675989
135400 30652 677578 31127 676422
135500 30673 678099 31147 676901
135600 30702 678552 31173 677448
135700 30725 679035 31191 677965
135800 30749 679530 31219 678470
135900 30775 680021 31243 678979
136000 30800 680506 31269 679494
136100 30820 680988 31289 680012
136200 30844 681457 31310 680543
136300 30862 681951 31331 681049
136400 30886 682495 31354 681505
136500 30915 682986 31386 682014
136600 30944 683460 31411 682540
136700 30966 683986 31431 683014
136800 30984 684497 31452 683503
136900 31009 685006 31479 683994
137000 31036 685461 31499 684539
137100 31063 685971 31529 685029
137200 31088 686444 31547 685556
137300 31108 686964 31579 686036
137400 31142 687508 31604 686492
137500 31167 688049 31628 686951
137600 31182 688539 31655 687461
137700 31206 689072 31677 687928
137800 31238 689573 31706 688427
137900 31266 690089 31734 688911
138000 31286 690589 31758 689411
138100 31310 691085 31778 689915
138200 31333 691604 31810 690396
138300 31351 692114 31827 690886
138400 31375 692584 31846 691416
138500 31402 693051 31874 691949
138600 31420 693546 31896 692454
138700 31449 694090 31926 692910
138800 31475 694587 31961 693413
138900 31495 695068 31976 693932
139000 31516 695573 32007 694427
139100 31534 696127 32026 694873
139200 31564 696596 32044 695404
139300 31581 697099 32059 695901
139400 31594 697564 32074 696436
139500 31612 698073 32089 696927
139600 31635 698601 32119 697399
139700 31654 699014 32149 697986
139800 31678 699533 32164 698467
139900 31696 700100 32189 698900
140000 31715 700661 32203 699339
140100 31746 701138 32232 699862
140200 31772 701616 32257 700384
140300 31791 702119 32275 700881
140400 31812 702602 32299 701398
140500 31839 703110 32312 701890
140600 31859 703643 32336 702357
140700 31885 704089 32358 702911
140800 31902 704623 32381 703377
140900 31930 705149 32398 703851
141000 31962 705667 32426 704333
141100 31979 706131 32445 704869
141200 32005 706641 32465 705359
141300 32023 707113 32480 705887
141400 32047 707565 32505 706435
141500 32081 708115 32527 706885
141600 32108 708597 32554 707403
141700 32131 709101 32568 707899
141800 32165 709634 32589 708366
141900 32185 710156 32614 708844
142000 32212 710707 32635 709293
142100 32233 711231 32655 709769
142200 32256 711765 32672 710235
142300 32282 712294 32684 710706
142400 32310 712800 32705 711200
142500 32331 713327 32726 711673
142600 32358 713837 32740 712163
142700 32379 714338 32766 712662
142800 32395 714805 32794 713195
142900 32409 715359 32814 713641
143000 32428 715848 32833 714152
143100 32461 716335 32855 714665
143200 32482 716845 32881 715155
143300 32502 717371 32904 715629
143400 32525 717862 32923 716138
143500 32547 718331 32941 716669
143600 32573 718792 32972 717208
143700 32595 719262 32985 717738
143800 32616 719802 33005 718198
143900 32638 720279 33026 718721
144000 32663 720796 33043 719204
144100 32676 721316 33066 719684
144200 32697 721847 33089 720153
144300 32718 722440 33102 720560
144400 32743 722935 33136 721065
144500 32763 723496 33158 721504
144600 32788 723999 33176 722001
144700 32806 724437 33198 722563
144800 32828 724934 33225 723066
144900 32853 725451 33250 723549
145000 32883 726001 33279 723999
145100 32905 726482 33314 724518
145200 32923 726977 33333 725023
145300 32948 727455 33357 725545
145400 32970 727889 33385 726111
145500 32997 728427 33410 726573
145600 33014 728951 33442 727049
145700 33045 729407 33484 727593
145800 33064 729873 33512 728127
145900 33078 730344 33530 728656
146000 33091 730818 33545 729182
146100 33113 731339 33564 729661
146200 33131 731861 33586 730139
146300 33159 732369 33614 730631
146400 33181 732917 33633 731083
146500 33199 733411 33644 731589
146600 33224 733932 33669 732068
146700 33244 734442 33686 732558
146800 33275 734997 33703 733003
146900 33297 735494 33726 733506
147000 33315 736001 33752 733999
147100 33340 736505 33774 734495
147200 33367 736966 33797 735034
147300 33388 737443 33819 735557
147400 33414 737949 33846 736051
147500 33437 738456 33868 736544
147600 33460 738912 33890 737088
147700 33478 739411 33916 737589
147800 33501 739892 33927 738108
147900 33519 740407 33953 738593
148000 33547 740955 33975 739045
148100 33567 741414 33991 739586
148200 33587 741930 34011 740070
148300 33603 742409 34041 740591
148400 33626 742864 34061 741136
148500 33645 743352 34077 741648
148600 33671 743860 34102 742140
148700 33692 744380 34126 742620
148800 33722 744873 34144 743127
148900 33742 745362 34163 743638
149000 33765 745894 34188 744106
149100 33777 746368 34205 744632
149200 33798 746875 34225 745125
149300 33820 747358 34238 745642
149400 33842 747904 34258 746096
149500 33869 748386 34281 746614
149600 33881 748945 34304 747055
149700 33907 749462 34335 747538
149800 33935 749953 34362 748047
149900 33954 750462 34381 748538
150000 33978 750974 34400 749026
150100 33996 751512 34426 749488
150200 34018 752012 34456 749988
150300 34046 752517 34481 750483
150400 34069 753045 34501 750955
150500 34097 753553 34518 751447
150600 34125 754053 34539 751947
150700 34160 754593 34566 752407
150800 34183 755106 34581 752894
150900 34202 755571 34596 753429
151000 34221 756065 34616 753935
151100 34245 756545 34646 754455
151200 34268 757049 34671 754951
151300 34296 757571 34692 755429
151400 34322 758055 34722 755945
151500 34343 758590 34740 756410
151600 34373 759108 34761 756892
151700 34408 759644 34791 757356
151800 34432 760132 34814 757868
151900 34447 760613 34827 758387
152000 34472 761081 34847 758919
152100 34491 761565 34868 759435
152200 34510 762054 34888 759946
152300 34537 762560 34909 760440
152400 34568 763085 34934 760915
152500 34590 763555 34959 761445
152600 34617 763971 34977 762029
152700 34639 764438 35005 762562
152800 34655 764884 35025 763116
152900 34679 765388 35048 763612
153000 34707 765881 35077 764119
153100 34730 766391 35099 764609
153200 34747 766896 35121 765104
153300 34771 767376 35134 765624
153400 34798 767911 35158 766089
153500 34833 768392 35190 766608
153600 34858 768919 35214 767081
153700 34886 769454 35241 767546
153800 34900 769940 35263 768060
153900 34928 770419 35281 768581
154000 34943 770825 35303 769175
154100 34957 771254 35330 769746
154200 34974 771745 35351 770255
154300 35002 772239 35386 770761
154400 35021 772716 35405 771284
154500 35045 773148 35424 771852
154600 35066 773606 35447 772394
154700 35091 774115 35472 772885
154800 35108 774567 35489 773433
154900 35125 775093 35506 773907
155000 35149 775588 35532 774412
155100 35174 776068 35560 774932
155200 35193 776558 35568 775442
155300 35214 777036 35600 775964
155400 35232 777559 35613 776441
155500 35251 778053 35634 776947
155600 35276 778550 35652 777450
155700 35298 779047 35675 777953
155800 35315 779531 35696 778469
155900 35341 780009 35718 778991
156000 35364 780454 35748 779546
156100 35388 780971 35777 780029
156200 35407 781505 35797 780495
156300 35431 782022 35824 780978
156400 35446 782461 35846 781539
156500 35459 782948 35868 782052
156600 35478 783426 35888 782574
156700 35502 783958 35917 783042
156800 35531 784473 35944 783527
156900 35549 785002 35962 783998
157000 35572 785461 35982 784539
157100 35599 785983 36013 785017
157200 35619 786462 36047 785538
157300 35636 786952 36081 786048
157400 35661 787402 36099 786598
157500 35687 787864 36117 787136
157600 35709 788386 36137 787614
157700 35731 788814 36156 788186
157800 35742 789235 36178 788765
157900 35763 789732 36205 789268
158000 35789 790181 36229 789819
158100 35816 790704 36253 790296
158200 35844 791270 36278 790730
158300 35883 791753 36308 791247
158400 35909 792272 36326 791728
158500 35927 792771 36341 792229
158600 35947 793259 36356 792741
158700 35971 793762 36381 793238
158800 35991 794327 36399 793673
158900 36013 794839 36422 794161
159000 36035 795364 36444 794636
159100 36049 795866 36467 795134
159200 36064 796383 36485 795617
159300 36089 796870 36508 796130
159400 36105 797352 36533 796648
159500 36124 797845 36553 797155
159600 36143 798356 36575 797644
159700 36166 798864 36599 798136
159800 36194 799373 36627 798627
159900 36220 799848 36651 799152
160000 36243 800348 36679 799652
160100 36259 800907 36692 800093
160200 36286 801421 36721 800579
160300 36306 801932 36744 801068
160400 36328 802397 36769 801603
160500 36361 802880 36793 802120
160600 36388 803382 36815 802618
160700 36410 803881 36831 803119
160800 36433 804349 36853 803651
160900 36453 804854 36869 804146
161000 36480 805347 36887 804653
161100 36503 805844 36915 805156
161200 36524 806330 36941 805670
161300 36544 806792 36967 806208
161400 36572 807325 36983 806675
161500 36605 807884 36997 807116
161600 36622 808348 37021 807652
161700 36649 808910 37037 808090
161800 36671 809389 37064 808611
161900 36690 809907 37085 809093
162000 36709 810403 37105 809597
162100 36729 810898 37127 810102
162200 36758 811382 37141 810618
162300 36777 811952 37169 811048
162400 36805 812403 37203 811597
162500 36819 812868 37220 812132
162600 36840 813386 37247 812614
162700 36860 813879 37270 813121
162800 36893 814422 37290 813578
162900 36920 814971 37319 814029
163000 36946 815479 37338 814521
163100 36965 815926 37365 815074
163200 36993 816356 37391 815644
163300 37013 816826 37412 816174
163400 37040 817352 37427 816648
163500 37055 817795 37455 817205
163600 37082 818258 37489 817742
163700 37094 818766 37512 818234
163800 37111 819318 37531 818682
163900 37137 819797 37552 819203
164000 37153 820335 37567 819665
164100 37173 820833 37586 820167
164200 37190 821327 37612 820673
164300 37211 821779 37636 821221
164400 37231 822226 37653 821774
164500 37258 822729 37679 822271
164600 37280 823233 37704 822767
164700 37311 823693 37722 823307
164800 37328 824185 37740 823815
164900 37350 824657 37763 824343
165000 37373 825144 37786 824856
165100 37399 825658 37812 825342
165200 37432 826208 37837 825792
165300 37454 826678 37853 826322
165400 37484 827170 37879 826830
165500 37505 827664 37908 827336
165600 37528 828161 37928 827839
165700 37554 828673 37954 828327
165800 37582 829151 37976 828849
165900 37599 829665 37999 829335
166000 37624 830145 38022 829855
166100 37649 830630 38044 830370
166200 37665 831176 38062 830824
166300 37693 831691 38082 831309
166400 37713 832186 38094 831814
166500 37734 832673 38119 832327
166600 37752 833180 38139 832820
166700 37785 833672 38168 833328
166800 37807 834159 38184 833841
166900 37821 834616 38201 834384
167000 37851 835080 38227 834920
167100 37875 835574 38247 835426
167200 37899 836133 38272 835867
167300 37916 836620 38293 836380
167400 37943 837096 38317 836904
167500 37966 837580 38341 837420
167600 37986 838090 38362 837910
167700 38011 838595 38385 838405
167800 38044 839133 38409 838867
167900 38078 839657 38427 839343
168000 38099 840153 38448 839847
168100 38116 840650 38478 840350
168200 38141 841154 38498 840846
168300 38163 841634 38513 841366
168400 38185 842140 38537 841860
168500 38202 842635 38559 842365
168600 38221 843136 38584 842864
168700 38247 843645 38611 843355
168800 38272 844112 38653 843888
168900 38302 844611 38677 844389
169000 38320 845093 38696 844907
169100 38337 845601 38725 845399
169200 38359 846048 38748 845952
169300 38380 846538 38773 846462
169400 38408 847062 38795 846938
169500 38440 847573 38815 847427
169600 38462 848068 38846 847932
169700 38477 848563 38864 848437
169800 38497 849077 38889 848923
169900 38516 849609 38913 849391
170000 38538 850058 38927 849942
170100 38561 850535 38943 850465
170200 38582 851027 38964 850973
170300 38601 851551 38989 851449
170400 38628 852069 39010 851931
170500 38651 852576 39027 852424
170600 38671 853071 39051 852929
170700 38689 853545 39070 853455
170800 38721 854010 39095 853990
170900 38743 854457 39112 854543
171000 38767 854941 39146 855059
171100 38789 855516 39180 855484
171200 38808 856023 39198 855977
171300 38828 856583 39233 856417
171400 38862 857067 39254 856933
171500 38888 857543 39281 857457
171600 38915 858070 39303 857930
171700 38943 858591 39329 858409
171800 38967 859115 39364 858885
171900 38987 859646 39390 859354
172000 39015 860167 39420 859833
172100 39035 860659 39448 860341
172200 39053 861117 39468 860883
172300 39075 861548 39502 861452
172400 39096 862066 39524 861934
172500 39119 862586 39549 862414
172600 39150 863067 39574 862933
172700 39165 863493 39598 863507
172800 39196 863978 39619 864022
172900 39220 864496 39644 864504
173000 39240 864991 39658 865009
173100 39268 865510 39673 865490
173200 39289 866015 39696 865985
173300 39306 866466 39710 866534
173400 39323 866929 39724 867071
173500 39344 867400 39748 867600
173600 39373 867917 39768 868083
173700 39396 868443 39794 868557
173800 39420 869025 39809 868975
173900 39438 869520 39821 869480
174000 39453 870085 39844 869915
174100 39477 870563 39869 870437
174200 39506 870995 39897 871005
174300 39532 871527 39926 871473
174400 39553 872050 39949 871950
174500 39579 872500 39974 872500
174600 39599 873010 39998 872990
174700 39623 873497 40023 873503
174800 39644 873942 40045 874058
174900 39670 874398 40072 874602
175000 39692 874877 40094 875123
175100 39709 875355 40111 875645
175200 39733 875891 40129 876109
175300 39766 876350 40147 876650
175400 39792 876780 40162 877220
175500 39814 877278 40187 877722
175600 39841 877788 40214 878212
175700 39858 878306 40239 878694
175800 39883 878844 40258 879156
175900 39910 879340 40281 879660
176000 39934 879871 40311 880129
176100 39967 880442 40337 880558
176200 39993 880936 40368 881064
176300 40012 881467 40387 881533
176400 40032 881976 40413 882024
176500 40052 882495 40442 882505
176600 40071 882934 40457 883066
176700 40094 883387 40484 883613
176800 40123 883927 40506 884073
176900 40146 884385 40529 884615
177000 40172 884910 40551 885090
177100 40198 885371 40569 885629
177200 40215 885913 40591 886087
177300 40240 886394 40609 886606
177400 40268 886804 40633 887196
177500 40292 887309 40659 887691
177600 40307 887805 40681 888195
177700 40330 888220 40710 888780
177800 40349 888758 40730 889242
177900 40381 889259 40761 889741
178000 40400 889752 40788 890248
178100 40423 890257 40800 890743
178200 40441 890789 40819 891211
178300 40461 891307 40842 891693
178400 40478 891866 40861 892134
178500 40495 892340 40881 892660
178600 40519 892831 40900 893169
178700 40544 893378 40918 893622
178800 40572 893882 40938 894118
178900 40589 894361 40964 894639
179000 40607 894878 40982 895122
179100 40629 895358 41009 895642
179200 40653 895837 41034 896163
179300 40674 896291 41052 896709
179400 40698 896793 41077 897207
179500 40717 897327 41097 897673
179600 40736 897815 41121 898185
179700 40761 898314 41145 898686
179800 40779 898826 41167 899174
179900 40798 899392 41189 899608
180000 40828 899852 41213 900148
180100 40857 900330 41241 900670
180200 40879 900814 41263 901186
180300 40899 901306 41283 901694
180400 40921 901787 41308 902213
180500 40939 902295 41327 902705
180600 40960 902781 41344 903219
180700 40984 903340 41369 903660
180800 41004 903785 41383 904215
180900 41023 904294 41405 904706
181000 41050 904784 41436 905216
181100 41064 905216 41461 905784
181200 41088 905678 41484 906322
181300 41104 906135 41517 906865
181400 41118 906607 41540 907393
181500 41140 907141 41565 907859
181600 41161 907635 41589 908365
181700 41185 908137 41617 908863
181800 41206 908662 41634 909338
181900 41219 909145 41656 909855
182000 41240 909614 41688 910386
182100 41259 910084 41708 910916
182200 41280 910579 41728 911421
182300 41299 911149 41750 911851
182400 41311 911683 41770 912317
182500 41327 912132 41791 912868
182600 41350 912638 41814 913362
182700 41374 913121 41833 913879
182800 41394 913622 41860 914378
182900 41431 914104 41884 914896
183000 41454 914527 41902 915473
183100 41471 915023 41916 915977
183200 41504 915523 41949 916477
183300 41524 915978 41971 917022
183400 41549 916466 42002 917534
183500 41571 916951 42028 918049
183600 41592 917459 42053 918541
183700 41619 918001 42080 918999
183800 41638 918505 42107 919495
183900 41655 918987 42129 920013
184000 41676 919459 42165 920541
184100 41701 919907 42183 921093
184200 41723 920397 42212 921603
184300 41752 920839 42241 922161
184400 41781 921356 42260 922644
184500 41795 921870 42279 923130
184600 41815 922398 42305 923602
184700 41839 922913 42328 924087
184800 41866 923412 42352 924588
184900 41886 923942 42374 925058
185000 41907 924468 42397 925532
185100 41933 924946 42424 926054
185200 41951 925479 42448 926521
185300 41972 926023 42470 926977
185400 41995 926534 42490 927466
185500 42018 927044 42510 927956
185600 42028 927585 42533 928415
185700 42051 928120 42549 928880
185800 42076 928653 42573 929347
185900 42103 929175 42592 929825
186000 42125 929693 42618 930307
186100 42151 930190 42643 930810
186200 42168 930657 42661 931343
186300 42192 931129 42683 931871
186400 42214 931620 42707 932380
186500 42230 932128 42732 932872
186600 42248 932683 42757 933317
186700 42276 933175 42788 933825
186800 42299 933727 42818 934273
186900 42320 934229 42843 934771
187000 42333 934744 42866 935256
187100 42360 935228 42891 935772
187200 42385 935748 42911 936252
187300 42408 936226 42931 936774
187400 42437 936694 42956 937306
187500 42460 937183 42977 937817
187600 42489 937635 43008 938365
187700 42507 938105 43033 938895
187800 42533 938650 43056 939350
187900 42565 939198 43091 939802
188000 42595 939747 43115 940253
188100 42622 940224 43136 940776
188200 42652 940691 43163 941309
188300 42676 941216 43186 941784
188400 42703 941736 43206 942264
188500 42734 942291 43226 942709
188600 42758 942812 43251 943188
188700 42776 943307 43272 943693
188800 42792 943775 43293 944225
188900 42806 944245 43323 944755
189000 42834 944722 43346 945278
189100 42864 945168 43378 945832
189200 42889 945622 43406 946378
189300 42905 946103 43425 946897
189400 42925 946616 43449 947384
189500 42956 947100 43469 947900
189600 42987 947600 43486 948400
189700 43011 948116 43501 948884
189800 43040 948600 43530 949400
189900 43052 949068 43551 949932
190000 43064 949523 43573 950477
190100 43092 950059 43591 950941
190200 43117 950582 43609 951418
190300 43142 951048 43646 951952
190400 43161 951565 43665 952435
190500 43191 952073 43699 952927
190600 43210 952534 43722 953466
190700 43229 953079 43746 953921
190800 43244 953585 43768 954415
190900 43263 954064 43790 954936
191000 43283 954562 43818 955438
191100 43310 955125 43847 955875
191200 43340 955636 43875 956364
191300 43368 956147 43907 956853
191400 43391 956634 43926 957366
191500 43407 957074 43947 957926
191600 43432 957593 43975 958407
191700 43453 958128 43996 958872
191800 43477 958644 44016 959356
191900 43506 959125 44039 959875
192000 43527 959621 44063 960379
192100 43559 960112 44087 960888
192200 43587 960633 44106 961367
192300 43611 961144 44128 961856
192400 43633 961695 44157 962305
192500 43659 962226 44181 962774
192600 43696 962751 44212 963249
192700 43732 963270 44237 963730
192800 43771 963806 44269 964194
192900 43798 964300 44295 964700
193000 43823 964779 44326 965221
193100 43843 965329 44349 965671
193200 43866 965831 44367 966169
193300 43879 966306 44384 966694
193400 43910 966773 44411 967227
193500 43930 967239 44433 967761
193600 43944 967788 44450 968212
193700 43967 968329 44479 968671
193800 43988 968821 44498 969179
193900 44005 969308 44514 969692
194000 44028 969882 44540 970118
194100 44055 970388 44558 970612
194200 44082 970893 44577 971107
194300 44111 971410 44602 971590
194400 44134 971930 44622 972070
194500 44159 972449 44641 972551
194600 44186 972964 44656 973036
194700 44210 973470 44676 973530
194800 44228 973987 44693 974013
194900 44254 974500 44709 974500
195000 44273 975049 44736 974951
195100 44296 975546 44756 975454
195200 44325 976064 44777 975936
195300 44349 976544 44794 976456
195400 44371 977072 44818 976928
195500 44395 977554 44849 977446
195600 44418 978048 44878 977952
195700 44443 978540 44901 978460
195800 44463 979051 44931 978949
195900 44485 979571 44948 979429
196000 44508 980079 44980 979921
196100 44538 980598 45008 980402
196200 44564 981077 45034 980923
196300 44585 981558 45055 981442
196400 44605 982034 45076 981966
196500 44626 982585 45097 982415
196600 44651 983080 45123 982920
196700 44671 983598 45139 983402
196800 44699 984110 45161 983890
196900 44732 984650 45180 984350
197000 44754 985160 45196 984840
197100 44780 985663 45218 985337
197200 44807 986099 45236 985901
197300 44829 986613 45257 986387
197400 44844 987101 45275 986899
197500 44870 987614 45288 987386
197600 44887 988114 45310 987886
197700 44911 988568 45337 988432
197800 44927 989045 45360 988955
197900 44956 989576 45387 989424
198000 44975 990065 45415 989935
198100 44996 990594 45442 990406
198200 45013 991078 45463 990922
198300 45025 991531 45489 991469
198400 45051 992036 45512 991964
198500 45066 992610 45529 992390
198600 45096 993122 45541 992878
198700 45122 993559 45573 993441
198800 45147 994046 45596 993954
198900 45180 994523 45623 994477
199000 45202 995010 45654 994990
199100 45224 995522 45677 995478
199200 45247 996087 45696 995913
199300 45272 996570 45719 996430
199400 45291 997070 45742 996930
199500 45309 997537 45759 997463
199600 45337 998023 45788 997977
199700 45354 998517 45802 998483
199800 45387 998997 45828 999003
199900 45406 999516 45844 999484
200000 45435 1000018 45861 999982
