#! FIELDS timestep dup_succ dup_attempts kill_succ kill_attempts
#! SET timestep 0.5
#! SET kernel_bandwidth [0.75 0.75]
#! SET kt 1.0
100 67 108 78 892
200 142 277 175 1723
300 223 527 273 2473
400 295 867 348 3133
500 324 1284 402 3716
600 347 1744 434 4256
700 369 2184 454 4816
800 391 2306 478 5694
900 422 2389 516 6611
1000 462 2489 560 7511
1100 513 2630 616 8370
1200 563 2819 674 9181
1300 606 3056 725 9944
1400 637 3334 771 10666
1500 667 3649 817 11351
1600 711 3971 863 12029
1700 749 4089 895 12911
1800 772 4244 919 13756
1900 802 4421 944 14579
2000 818 4629 962 15371
2100 829 4850 972 16150
2200 837 5081 982 16919
2300 839 5412 991 17588
2400 842 5812 995 18188
2500 847 6305 995 18695
2600 850 6846 998 19154
2700 851 7276 1001 19724
2800 854 7710 1003 20290
2900 856 8395 1005 20605
3000 860 8959 1006 21041
3100 862 9368 1008 21632
3200 862 9918 1009 22082
3300 864 10394 1012 22606
3400 865 10890 1014 23110
3500 865 11351 1014 23649
3600 867 11782 1014 24218
3700 868 12330 1014 24670
3800 868 13009 1015 24991
3900 870 13603 1017 25397
4000 871 14206 1017 25794
4100 872 14694 1018 26306
4200 872 15175 1018 26825
4300 874 15599 1018 27401
4400 874 16153 1020 27847
4500 874 16635 1022 28365
4600 875 17129 1022 28871
4700 876 17603 1022 29397
4800 877 18102 1022 29898
4900 877 18527 1022 30473
5000 879 19056 1023 30944
5100 880 19587 1023 31413
5200 881 20105 1026 31895
5300 884 20620 1032 32380
5400 884 21135 1032 32865
5500 887 21681 1035 33319
5600 889 22277 1036 33723
5700 892 22778 1037 34222
5800 893 23370 1038 34630
5900 893 23827 1040 35173
6000 893 24331 1041 35669
6100 893 24861 1043 36139
6200 894 25409 1045 36591
6300 895 26050 1049 36950
6400 897 26532 1050 37468
6500 897 27069 1050 37931
6600 899 27436 1052 38564
6700 901 27925 1053 39075
6800 902 28354 1055 39646
6900 903 28886 1056 40114
7000 905 29410 1059 40590
7100 905 29885 1060 41115
7200 907 30388 1061 41612
7300 910 31135 1064 41865
7400 911 31620 1065 42380
7500 912 32031 1066 42969
7600 913 32541 1068 43459
7700 916 33221 1069 43779
7800 918 33716 1070 44284
7900 921 34356 1071 44644
8000 925 34881 1071 45119
8100 925 35385 1072 45615
8200 925 35946 1073 46054
8300 926 36503 1074 46497
8400 927 36997 1077 47003
8500 929 37424 1080 47576
8600 930 37923 1083 48077
8700 930 38386 1083 48614
8800 931 39018 1088 48982
8900 932 39636 1089 49364
9000 933 40230 1090 49770
9100 933 40788 1091 50212
9200 934 41166 1092 50834
9300 934 41644 1094 51356
9400 936 42194 1095 51806
9500 937 42579 1097 52421
9600 938 43037 1097 52963
9700 938 43558 1098 53442
9800 938 44065 1099 53935
9900 938 44635 1099 54365
10000 938 45218 1100 54782
10100 938 45763 1102 55237
10200 939 46204 1103 55796
10300 940 46686 1104 56314
10400 942 47046 1104 56954
10500 945 47598 1106 57402
10600 946 48106 1107 57894
10700 946 48547 1108 58453
10800 947 49202 1108 58798
10900 949 49881 1109 59119
11000 949 50387 1109 59613
11100 949 50985 1110 60015
11200 950 51525 1110 60475
11300 950 51979 1110 61021
11400 950 52553 1110 61447
11500 951 53090 1110 61910
11600 951 53517 1110 62483
11700 954 54045 1112 62955
11800 954 54493 1112 63507
11900 957 55066 1112 63934
12000 959 55536 1114 64464
12100 960 55937 1114 65063
12200 960 56575 1114 65425
12300 961 57234 1117 65766
12400 963 57746 1119 66254
12500 963 58156 1119 66844
12600 964 58702 1119 67298
12700 964 59383 1119 67617
12800 967 59933 1120 68067
12900 969 60310 1121 68690
13000 971 60920 1123 69080
13100 974 61469 1124 69531
13200 976 62165 1128 69835
13300 978 62587 1129 70413
13400 979 62964 1134 71036
13500 979 63476 1137 71524
13600 981 64052 1140 71948
13700 982 64549 1143 72451
13800 983 65032 1143 72968
13900 988 65443 1143 73557
14000 989 65926 1145 74074
14100 991 66460 1146 74540
14200 991 66788 1146 75212
14300 992 67187 1146 75813
14400 994 67579 1147 76421
14500 995 68065 1147 76935
14600 996 68713 1149 77287
14700 997 69212 1150 77788
14800 999 69587 1150 78413
14900 1000 70134 1152 78866
15000 1001 70571 1152 79429
15100 1003 71068 1153 79932
15200 1005 71614 1155 80386
15300 1005 72105 1155 80895
15400 1005 72599 1156 81401
15500 1007 73072 1156 81928
15600 1007 73517 1158 82483
15700 1009 74078 1159 82922
15800 1013 74619 1160 83381
15900 1016 75060 1161 83940
16000 1018 75603 1161 84397
16100 1025 75926 1161 85074
16200 1027 76604 1162 85396
16300 1027 77196 1162 85804
16400 1032 77781 1163 86219
16500 1034 78430 1163 86570
16600 1034 78931 1165 87069
16700 1039 79482 1165 87518
16800 1039 79879 1167 88121
16900 1040 80389 1168 88611
17000 1042 80860 1171 89140
17100 1043 81421 1173 89579
17200 1044 81836 1173 90164
17300 1044 82412 1176 90588
17400 1044 82773 1177 91227
17500 1044 83306 1180 91694
17600 1045 84008 1184 91992
17700 1046 84438 1186 92562
17800 1048 84840 1188 93160
17900 1049 85155 1189 93845
18000 1049 85616 1191 94384
18100 1050 86088 1193 94912
18200 1050 86639 1197 95361
18300 1051 87139 1198 95861
18400 1053 87586 1199 96414
18500 1054 88329 1203 96671
18600 1054 88824 1203 97176
18700 1055 89221 1204 97779
18800 1061 89673 1208 98327
18900 1064 90189 1208 98811
19000 1065 90652 1210 99348
19100 1065 91154 1211 99846
19200 1066 91608 1213 100392
19300 1066 92121 1215 100879
19400 1068 92833 1220 101167
19500 1068 93368 1223 101632
19600 1070 93764 1225 102236
19700 1071 94217 1225 102783
19800 1072 94740 1225 103260
19900 1073 95293 1228 103707
20000 1075 95874 1231 104126
20100 1076 96281 1231 104719
20200 1078 96770 1231 105230
20300 1078 97218 1233 105782
20400 1078 97520 1235 106480
20500 1080 98162 1237 106838
20600 1081 98625 1240 107375
20700 1083 99113 1242 107887
20800 1086 99541 1243 108459
20900 1091 100121 1244 108879
21000 1091 100645 1245 109355
21100 1091 101064 1248 109936
21200 1093 101503 1249 110497
21300 1094 101790 1251 111210
21400 1094 102475 1253 111525
21500 1094 103075 1254 111925
21600 1094 103598 1255 112402
21700 1094 104135 1256 112865
21800 1094 104664 1259 113336
21900 1097 105202 1260 113798
22000 1100 105722 1261 114278
22100 1100 106389 1262 114611
22200 1100 106874 1263 115126
22300 1101 107268 1264 115732
22400 1103 107856 1267 116144
22500 1103 108347 1267 116653
22600 1104 108917 1270 117083
22700 1105 109515 1271 117485
22800 1106 110013 1272 117987
22900 1106 110542 1273 118458
23000 1106 110979 1273 119021
23100 1106 111445 1273 119555
23200 1108 111913 1275 120087
23300 1109 112483 1277 120517
23400 1111 112863 1282 121137
23500 1112 113387 1282 121613
23600 1112 113861 1282 122139
23700 1114 114470 1283 122530
23800 1117 114953 1286 123047
23900 1118 115568 1287 123432
24000 1120 116083 1288 123917
24100 1123 116741 1292 124259
24200 1123 117073 1292 124927
24300 1125 117455 1292 125545
24400 1125 117953 1293 126047
24500 1127 118379 1294 126621
24600 1129 118951 1295 127049
24700 1131 119454 1297 127546
24800 1132 119881 1301 128119
24900 1134 120400 1302 128600
25000 1135 120925 1304 129075
25100 1135 121435 1304 129565
25200 1136 121912 1307 130088
25300 1136 122395 1310 130605
25400 1140 122855 1310 131145
25500 1142 123409 1311 131591
25600 1147 123932 1312 132068
25700 1149 124380 1313 132620
25800 1151 124921 1316 133079
25900 1153 125442 1318 133558
26000 1155 125880 1319 134120
26100 1156 126454 1319 134546
26200 1156 126922 1320 135078
26300 1158 127371 1321 135629
26400 1159 127918 1323 136082
26500 1160 128420 1325 136580
26600 1161 128831 1327 137169
26700 1162 129296 1327 137704
26800 1162 129759 1328 138241
26900 1163 130260 1328 138740
27000 1164 130589 1329 139411
27100 1167 130922 1332 140078
27200 1167 131361 1333 140639
27300 1167 131852 1335 141148
27400 1167 132476 1335 141524
27500 1167 132961 1337 142039
27600 1167 133390 1337 142610
27700 1167 133730 1338 143270
27800 1168 134229 1338 143771
27900 1172 134753 1340 144247
28000 1174 135072 1341 144928
28100 1176 135581 1341 145419
28200 1178 136005 1345 145995
28300 1180 136320 1347 146680
28400 1181 136900 1347 147100
28500 1182 137232 1347 147768
28600 1186 137609 1349 148391
28700 1186 138136 1350 148864
28800 1187 138652 1350 149348
28900 1187 139244 1351 149756
29000 1187 139829 1351 150171
29100 1187 140419 1351 150581
29200 1191 141001 1352 150999
29300 1192 141596 1353 151404
29400 1193 142084 1354 151916
29500 1194 142461 1356 152539
29600 1195 142964 1356 153036
29700 1197 143294 1359 153706
29800 1199 143807 1361 154193
29900 1200 144289 1362 154711
30000 1201 144723 1364 155277
30100 1204 145155 1365 155845
30200 1209 145646 1370 156354
30300 1212 146364 1371 156636
30400 1217 146862 1372 157138
30500 1218 147279 1372 157721
30600 1218 147634 1374 158366
30700 1220 148172 1374 158828
30800 1224 148687 1374 159313
30900 1225 149097 1374 159903
31000 1227 149527 1378 160473
31100 1228 150149 1381 160851
31200 1230 150830 1381 161170
31300 1230 151314 1383 161686
31400 1234 151882 1383 162118
31500 1234 152395 1383 162605
31600 1236 152892 1383 163108
31700 1237 153294 1384 163706
31800 1238 153790 1386 164210
31900 1241 154358 1389 164642
32000 1244 154841 1390 165159
32100 1244 155399 1390 165601
32200 1244 156018 1391 165982
32300 1248 156471 1394 166529
32400 1250 156999 1394 167001
32500 1251 157561 1398 167439
32600 1252 158136 1398 167864
32700 1253 158654 1399 168346
32800 1254 159024 1400 168976
32900 1254 159566 1401 169434
33000 1254 159962 1401 170038
33100 1257 160521 1401 170479
33200 1257 160901 1404 171099
33300 1257 161366 1404 171634
33400 1258 161862 1406 172138
33500 1259 162355 1409 172645
33600 1260 162924 1409 173076
33700 1263 163307 1409 173693
33800 1264 163771 1409 174229
33900 1265 164341 1409 174659
34000 1265 164858 1411 175142
34100 1268 165336 1412 175664
34200 1271 165755 1413 176245
34300 1273 166258 1414 176742
34400 1274 166757 1416 177243
34500 1276 167322 1419 177678
34600 1278 167868 1422 178132
34700 1278 168344 1422 178656
34800 1279 168723 1424 179277
34900 1282 169261 1427 179739
35000 1283 169829 1428 180171
35100 1283 170423 1430 180577
35200 1284 170924 1431 181076
35300 1285 171436 1433 181564
35400 1286 171957 1435 182043
35500 1287 172488 1436 182512
35600 1288 173038 1436 182962
35700 1290 173560 1438 183440
35800 1292 174086 1439 183914
35900 1294 174671 1439 184329
36000 1295 175179 1439 184821
36100 1296 175628 1440 185372
36200 1296 176095 1441 185905
36300 1296 176643 1441 186357
36400 1300 177169 1442 186831
36500 1304 177633 1444 187367
36600 1304 178189 1447 187811
36700 1304 178599 1448 188401
36800 1305 178976 1449 189024
36900 1305 179541 1449 189459
37000 1305 180116 1450 189884
37100 1305 180611 1450 190389
37200 1307 181052 1451 190948
37300 1308 181537 1453 191463
37400 1308 182131 1454 191869
37500 1310 182564 1454 192436
37600 1311 182991 1455 193009
37700 1311 183478 1456 193522
37800 1311 183906 1457 194094
37900 1314 184403 1459 194597
38000 1314 185027 1460 194973
38100 1315 185566 1461 195434
38200 1318 185994 1462 196006
38300 1318 186398 1462 196602
38400 1321 186908 1462 197092
38500 1324 187370 1463 197630
38600 1325 187833 1465 198167
38700 1328 188363 1467 198637
38800 1330 188875 1470 199125
38900 1330 189392 1471 199608
39000 1332 189805 1473 200195
39100 1333 190438 1474 200562
39200 1333 190999 1475 201001
39300 1334 191530 1476 201470
39400 1334 192064 1478 201936
39500 1335 192644 1479 202356
39600 1335 193202 1479 202798
39700 1337 193706 1481 203294
39800 1341 194250 1481 203750
39900 1344 194726 1481 204274
40000 1346 195232 1482 204768
40100 1347 195702 1483 205298
40200 1348 196347 1483 205653
40300 1350 196915 1484 206085
40400 1352 197462 1486 206538
40500 1355 198026 1488 206974
40600 1356 198521 1491 207479
40700 1358 199080 1492 207920
40800 1358 199748 1492 208252
40900 1361 200340 1493 208660
41000 1361 200807 1495 209193
41100 1362 201436 1497 209564
41200 1362 201927 1498 210073
41300 1363 202437 1499 210563
41400 1364 203039 1499 210961
41500 1364 203568 1502 211432
41600 1364 203970 1505 212030
41700 1364 204408 1505 212592
41800 1364 204968 1506 213032
41900 1365 205464 1506 213536
42000 1365 205976 1506 214024
42100 1367 206533 1506 214467
42200 1369 206968 1510 215032
42300 1370 207504 1512 215496
42400 1370 208048 1512 215952
42500 1372 208498 1513 216502
42600 1373 209006 1513 216994
42700 1375 209407 1513 217593
42800 1376 210051 1513 217949
42900 1377 210438 1516 218562
43000 1379 211013 1517 218987
43100 1379 211702 1518 219298
43200 1380 212234 1518 219766
43300 1382 212777 1519 220223
43400 1386 213207 1522 220793
43500 1388 213670 1523 221330
43600 1389 214215 1527 221785
43700 1392 214726 1527 222274
43800 1394 215314 1529 222686
43900 1394 215861 1530 223139
44000 1395 216366 1532 223634
44100 1395 216945 1533 224055
44200 1396 217627 1533 224373
44300 1399 218307 1537 224693
44400 1402 218896 1539 225104
44500 1403 219368 1539 225632
44600 1403 219934 1541 226066
44700 1404 220433 1541 226567
44800 1404 221063 1542 226937
44900 1404 221517 1543 227483
45000 1404 222015 1548 227985
45100 1404 222415 1548 228585
45200 1406 222808 1551 229192
45300 1409 223333 1553 229667
45400 1411 223757 1553 230243
45500 1412 224276 1554 230724
45600 1413 224784 1556 231216
45700 1415 225226 1557 231774
45800 1415 225817 1558 232183
45900 1415 226372 1559 232628
46000 1416 226908 1560 233092
46100 1416 227354 1561 233646
46200 1420 227817 1561 234183
46300 1420 228315 1561 234685
46400 1420 228831 1561 235169
46500 1423 229298 1561 235702
46600 1425 229705 1561 236295
46700 1425 230190 1561 236810
46800 1426 230664 1564 237336
46900 1426 230959 1566 238041
47000 1428 231406 1567 238594
47100 1431 231986 1567 239014
47200 1434 232405 1567 239595
47300 1434 232879 1567 240121
47400 1435 233309 1570 240691
47500 1437 233797 1570 241203
47600 1439 234361 1573 241639
47700 1442 234785 1576 242215
47800 1444 235196 1577 242804
47900 1446 235766 1577 243234
48000 1448 236416 1579 243584
48100 1450 236827 1580 244173
48200 1453 237112 1585 244888
48300 1454 237673 1585 245327
48400 1454 238179 1590 245821
48500 1454 238694 1593 246306
48600 1454 239188 1594 246812
48700 1454 239688 1597 247312
48800 1456 240184 1600 247816
48900 1457 240625 1602 248375
49000 1458 241156 1604 248844
49100 1459 241557 1605 249443
49200 1460 242072 1608 249928
49300 1461 242577 1609 250423
49400 1463 242962 1610 251038
49500 1465 243431 1614 251569
49600 1470 244073 1617 251927
49700 1472 244668 1621 252332
49800 1474 245186 1622 252814
49900 1474 245759 1624 253241
50000 1476 246191 1624 253809
50100 1477 246725 1624 254275
50200 1477 247423 1625 254577
50300 1480 247918 1627 255082
50400 1481 248397 1630 255603
50500 1483 248819 1631 256181
50600 1484 249347 1632 256653
50700 1487 249740 1632 257260
50800 1489 250253 1633 257747
50900 1490 250742 1635 258258
51000 1490 251199 1636 258801
51100 1491 251647 1636 259353
51200 1492 252144 1637 259856
51300 1495 252713 1638 260287
51400 1495 253255 1640 260745
51500 1495 253783 1641 261217
51600 1496 254272 1643 261728
51700 1497 254807 1644 262193
51800 1498 255149 1644 262851
51900 1500 255589 1644 263411
52000 1502 255967 1644 264033
52100 1503 256561 1645 264439
52200 1504 257036 1647 264964
52300 1505 257303 1648 265697
52400 1506 257668 1649 266332
52500 1508 258118 1651 266882
52600 1509 258582 1651 267418
52700 1510 259038 1652 267962
52800 1510 259480 1653 268520
52900 1511 259847 1659 269153
53000 1513 260311 1662 269689
53100 1515 260707 1662 270293
53200 1515 261276 1663 270724
53300 1518 261771 1664 271229
53400 1519 262309 1664 271691
53500 1520 262893 1667 272107
53600 1521 263235 1669 272765
53700 1521 263537 1669 273463
53800 1525 263938 1670 274062
53900 1526 264430 1671 274570
54000 1527 264882 1674 275118
54100 1528 265438 1675 275562
54200 1530 265956 1684 276044
54300 1531 266248 1686 276752
54400 1535 266745 1687 277255
54500 1537 267200 1687 277800
54600 1540 267722 1687 278278
54700 1541 268118 1688 278882
54800 1542 268727 1689 279273
54900 1542 269216 1690 279784
55000 1545 269658 1692 280342
55100 1547 270218 1693 280782
55200 1548 270729 1694 281271
55300 1548 271230 1695 281770
55400 1550 271752 1696 282248
55500 1550 272197 1699 282803
55600 1551 272670 1699 283330
55700 1555 273055 1701 283945
55800 1556 273548 1703 284452
55900 1557 274064 1704 284936
56000 1558 274524 1707 285476
56100 1558 274896 1707 286104
56200 1559 275410 1709 286590
56300 1559 275924 1709 287076
56400 1559 276394 1710 287606
56500 1562 276898 1711 288102
56600 1566 277434 1712 288566
56700 1567 277910 1712 289090
56800 1568 278356 1712 289644
56900 1569 278795 1712 290205
57000 1570 279283 1712 290717
57100 1572 279851 1713 291149
57200 1573 280484 1713 291516
57300 1575 280979 1716 292021
57400 1578 281459 1717 292541
57500 1579 281955 1719 293045
57600 1580 282367 1722 293633
57700 1581 282866 1723 294134
57800 1582 283457 1725 294543
57900 1584 283997 1726 295003
58000 1585 284566 1726 295434
58100 1586 285298 1729 295702
58200 1587 285857 1731 296143
58300 1592 286290 1732 296710
58400 1594 286873 1734 297127
58500 1598 287367 1736 297633
58600 1599 287919 1736 298081
58700 1599 288384 1736 298616
58800 1600 288860 1736 299140
58900 1602 289354 1737 299646
59000 1605 289745 1739 300255
59100 1606 290200 1739 300800
59200 1608 290713 1741 301287
59300 1611 291109 1744 301891
59400 1613 291594 1747 302406
59500 1614 292269 1747 302731
59600 1615 292831 1747 303169
59700 1616 293216 1749 303784
59800 1618 293817 1750 304183
59900 1620 294273 1753 304727
60000 1621 294695 1753 305305
60100 1622 295214 1753 305786
60200 1623 295743 1754 306257
60300 1624 296161 1755 306839
60400 1625 296495 1758 307505
60500 1625 296951 1760 308049
60600 1627 297256 1763 308744
60700 1627 297831 1763 309169
60800 1628 298347 1764 309653
60900 1629 298786 1765 310214
61000 1633 299420 1767 310580
61100 1634 299893 1769 311107
61200 1635 300350 1771 311650
61300 1635 300798 1773 312202
61400 1635 301348 1774 312652
61500 1638 301784 1774 313216
61600 1639 302274 1776 313726
61700 1641 302723 1780 314277
61800 1641 303196 1781 314804
61900 1643 303731 1783 315269
62000 1643 304153 1785 315847
62100 1645 304771 1785 316229
62200 1645 305242 1785 316758
62300 1646 305690 1787 317310
62400 1648 306108 1791 317892
62500 1651 306613 1792 318387
62600 1651 307118 1794 318882
62700 1652 307616 1796 319384
62800 1653 308088 1797 319912
62900 1654 308638 1797 320362
63000 1654 309083 1798 320917
63100 1654 309631 1798 321369
63200 1655 310147 1800 321853
63300 1656 310650 1802 322350
63400 1658 311148 1802 322852
63500 1661 311571 1802 323429
63600 1665 312090 1802 323910
63700 1665 312639 1804 324361
63800 1665 313105 1805 324895
63900 1666 313590 1805 325410
64000 1668 313917 1805 326083
64100 1672 314249 1807 326751
64200 1673 314736 1808 327264
64300 1673 315457 1808 327543
64400 1675 316084 1810 327916
64500 1677 316394 1811 328606
64600 1677 316884 1811 329116
64700 1683 317529 1812 329471
64800 1685 318033 1814 329967
64900 1685 318571 1817 330429
65000 1685 318992 1818 331008
65100 1688 319539 1818 331461
65200 1688 319975 1822 332025
65300 1689 320475 1822 332525
65400 1690 320968 1822 333032
65500 1690 321429 1823 333571
65600 1692 322035 1823 333965
65700 1694 322484 1823 334516
65800 1695 323053 1826 334947
65900 1698 323582 1828 335418
66000 1700 323939 1833 336061
66100 1700 324454 1833 336546
66200 1703 324946 1835 337054
66300 1703 325362 1835 337638
66400 1703 325903 1835 338097
66500 1705 326385 1837 338615
66600 1707 326934 1839 339066
66700 1708 327329 1841 339671
66800 1710 327899 1842 340101
66900 1712 328278 1847 340722
67000 1712 328757 1847 341243
67100 1713 329183 1849 341817
67200 1714 329712 1849 342288
67300 1717 330206 1850 342794
67400 1717 330726 1851 343274
67500 1718 331113 1851 343887
67600 1718 331636 1851 344364
67700 1720 332203 1852 344797
67800 1720 332710 1853 345290
67900 1720 333380 1854 345620
68000 1720 334027 1854 345973
68100 1721 334532 1854 346468
68200 1724 334964 1858 347036
68300 1726 335500 1860 347500
68400 1727 335957 1863 348043
68500 1728 336472 1865 348528
68600 1728 336932 1867 349068
68700 1729 337655 1869 349345
68800 1730 338223 1872 349777
68900 1731 338727 1873 350273
69000 1732 339246 1873 350754
69100 1734 339876 1874 351124
69200 1734 340429 1876 351571
69300 1735 341113 1878 351887
69400 1735 341650 1878 352350
69500 1737 342240 1880 352760
69600 1739 342710 1881 353290
69700 1742 343200 1882 353800
69800 1743 343648 1883 354352
69900 1746 344105 1883 354895
70000 1746 344495 1884 355505
70100 1746 344865 1887 356135
70200 1746 345349 1890 356651
70300 1749 346009 1890 356991
70400 1752 346687 1892 357313
70500 1752 347367 1893 357633
70600 1753 347851 1894 358149
70700 1754 348355 1896 358645
70800 1755 348721 1899 359279
70900 1758 349319 1900 359681
71000 1759 349831 1902 360169
71100 1762 350433 1908 360567
71200 1764 350872 1909 361128
71300 1768 351381 1909 361619
71400 1768 351886 1909 362114
71500 1770 352358 1909 362642
71600 1772 352698 1913 363302
71700 1772 353203 1913 363797
71800 1773 353733 1913 364267
71900 1774 354276 1914 364724
72000 1774 354916 1915 365084
72100 1775 355442 1916 365558
72200 1776 355948 1917 366052
72300 1776 356595 1917 366405
72400 1777 357060 1918 366940
72500 1780 357488 1919 367512
72600 1782 357825 1921 368175
72700 1784 358236 1922 368764
72800 1786 358659 1923 369341
72900 1789 359141 1926 369859
73000 1790 359595 1926 370405
73100 1792 360021 1927 370979
73200 1793 360349 1927 371651
73300 1793 360856 1928 372144
73400 1793 361398 1931 372602
73500 1793 361976 1932 373024
73600 1793 362547 1934 373453
73700 1793 363019 1935 373981
73800 1794 363532 1937 374468
73900 1797 364052 1938 374948
74000 1800 364606 1938 375394
74100 1800 365037 1939 375963
74200 1804 365528 1941 376472
74300 1806 366073 1942 376927
74400 1810 366556 1945 377444
74500 1812 366887 1949 378113
74600 1815 367275 1951 378725
74700 1815 367729 1952 379271
74800 1817 368279 1952 379721
74900 1820 368796 1952 380204
75000 1822 369397 1954 380603
75100 1823 369940 1954 381060
75200 1823 370333 1957 381667
75300 1824 370864 1959 382136
75400 1824 371384 1959 382616
75500 1824 371964 1962 383036
75600 1826 372410 1962 383590
75700 1827 373022 1966 383978
75800 1827 373398 1970 384602
75900 1829 373875 1973 385125
76000 1830 374282 1976 385718
76100 1831 374842 1976 386158
76200 1832 375391 1979 386609
76300 1833 376003 1979 386997
76400 1834 376452 1979 387548
76500 1836 376963 1981 388037
76600 1839 377367 1981 388633
76700 1840 377935 1982 389065
76800 1841 378437 1982 389563
76900 1843 378851 1983 390149
77000 1845 379386 1984 390614
77100 1847 379964 1985 391036
77200 1850 380398 1986 391602
77300 1851 380876 1986 392124
77400 1854 381353 1989 392647
77500 1854 381904 1993 393096
77600 1855 382348 1994 393652
77700 1859 382851 1994 394149
77800 1861 383364 1996 394636
77900 1862 383884 1997 395116
78000 1862 384375 1997 395625
78100 1863 384859 1998 396141
78200 1866 385415 2002 396585
78300 1866 385871 2003 397129
78400 1869 386447 2003 397553
78500 1870 387042 2004 397958
78600 1872 387623 2004 398377
78700 1874 388129 2005 398871
78800 1876 388598 2005 399402
78900 1877 389151 2006 399849
79000 1879 389642 2011 400358
79100 1880 390248 2013 400752
79200 1883 390595 2014 401405
79300 1884 391102 2015 401898
79400 1884 391619 2015 402381
79500 1885 392054 2016 402946
79600 1888 392548 2017 403452
79700 1888 393226 2021 403774
79800 1889 393558 2022 404442
79900 1890 393918 2022 405082
80000 1892 394465 2024 405535
80100 1894 394949 2026 406051
80200 1895 395445 2026 406555
80300 1896 395776 2027 407224
80400 1897 396279 2027 407721
80500 1898 396749 2030 408251
80600 1898 397309 2034 408691
80700 1898 397893 2034 409107
80800 1898 398515 2034 409485
80900 1900 399007 2036 409993
81000 1903 399491 2038 410509
81100 1905 400038 2040 410962
81200 1908 400452 2043 411548
81300 1908 400963 2043 412037
81400 1910 401397 2045 412603
81500 1911 402027 2046 412973
81600 1914 402495 2047 413505
81700 1916 402938 2050 414062
81800 1916 403371 2050 414629
81900 1919 403914 2050 415086
82000 1919 404428 2051 415572
82100 1921 404916 2052 416084
82200 1924 405376 2054 416624
82300 1926 405823 2056 417177
82400 1927 406516 2056 417484
82500 1931 406931 2057 418069
82600 1931 407462 2060 418538
82700 1934 407844 2061 419156
82800 1935 408388 2062 419612
82900 1937 408873 2062 420127
83000 1938 409277 2065 420723
83100 1939 409741 2067 421259
83200 1939 410246 2067 421754
83300 1941 410793 2070 422207
83400 1944 411322 2072 422678
83500 1945 411891 2072 423109
83600 1948 412374 2075 423626
83700 1948 412848 2076 424152
83800 1948 413431 2076 424569
83900 1950 414051 2079 424949
84000 1950 414452 2079 425548
84100 1952 414844 2080 426156
84200 1953 415266 2080 426734
84300 1953 415723 2080 427277
84400 1955 416337 2081 427663
84500 1955 416860 2081 428140
84600 1957 417397 2083 428603
84700 1960 417835 2084 429165
84800 1965 418371 2085 429629
84900 1966 418973 2085 430027
85000 1966 419557 2087 430443
85100 1968 419960 2089 431040
85200 1968 420625 2090 431375
85300 1968 421210 2090 431790
85400 1972 421666 2091 432334
85500 1973 422218 2091 432782
85600 1973 422783 2091 433217
85700 1974 423186 2092 433814
85800 1974 423698 2092 434302
85900 1974 424161 2092 434839
86000 1978 424620 2093 435380
86100 1978 425233 2096 435767
86200 1979 425735 2099 436265
86300 1979 426384 2102 436616
86400 1982 426933 2102 437067
86500 1982 427397 2103 437603
86600 1984 428006 2103 437994
86700 1984 428489 2104 438511
86800 1985 428972 2105 439028
86900 1987 429535 2106 439465
87000 1989 430149 2108 439851
87100 1990 430604 2110 440396
87200 1991 431119 2110 440881
87300 1991 431603 2110 441397
87400 1993 432223 2111 441777
87500 1993 432743 2111 442257
87600 1995 433179 2114 442821
87700 1997 433753 2114 443247
87800 1999 434290 2116 443710
87900 2002 434788 2118 444212
88000 2002 435275 2118 444725
88100 2003 435566 2121 445434
88200 2005 436060 2121 445940
88300 2006 436421 2122 446579
88400 2008 437067 2127 446933
88500 2009 437548 2128 447452
88600 2010 438146 2128 447854
88700 2012 438607 2129 448393
88800 2016 439273 2132 448727
88900 2017 439903 2132 449097
89000 2017 440401 2132 449599
89100 2019 440871 2135 450129
89200 2020 441450 2138 450550
89300 2022 441799 2140 451201
89400 2022 442400 2141 451600
89500 2024 442897 2145 452103
89600 2027 443379 2149 452621
89700 2028 443885 2153 453115
89800 2029 444379 2153 453621
89900 2031 444799 2154 454201
90000 2033 445209 2156 454791
90100 2034 445902 2157 455098
90200 2035 446410 2159 455590
90300 2035 446954 2160 456046
90400 2035 447548 2160 456452
90500 2036 448033 2160 456967
90600 2038 448510 2160 457490
90700 2040 448973 2160 458027
90800 2040 449531 2161 458469
90900 2040 450020 2162 458980
91000 2043 450429 2164 459571
91100 2047 450970 2168 460030
91200 2047 451463 2172 460537
91300 2047 451960 2173 461040
91400 2052 452520 2173 461480
91500 2052 452961 2175 462039
91600 2052 453449 2177 462551
91700 2053 453901 2178 463099
91800 2054 454485 2181 463515
91900 2056 455011 2183 463989
92000 2056 455470 2188 464530
92100 2058 456011 2189 464989
92200 2059 456596 2189 465404
92300 2059 457052 2189 465948
92400 2059 457558 2192 466442
92500 2059 458152 2192 466848
92600 2060 458726 2193 467274
92700 2061 459206 2195 467794
92800 2061 459613 2195 468387
92900 2062 460092 2196 468908
93000 2065 460571 2197 469429
93100 2065 461093 2197 469907
93200 2065 461546 2198 470454
93300 2065 462068 2199 470932
93400 2065 462669 2201 471331
93500 2066 463368 2202 471632
93600 2068 463962 2203 472038
93700 2069 464548 2203 472452
93800 2070 465102 2203 472898
93900 2071 465714 2205 473286
94000 2077 466189 2206 473811
94100 2077 466794 2207 474206
94200 2079 467240 2208 474760
94300 2081 467625 2210 475375
94400 2081 468152 2211 475848
94500 2082 468653 2212 476347
94600 2084 469114 2212 476886
94700 2085 469616 2215 477384
94800 2086 470073 2216 477927
94900 2086 470636 2218 478364
95000 2087 470999 2219 479001
95100 2087 471598 2222 479402
95200 2088 472089 2223 479911
95300 2088 472613 2223 480387
95400 2091 473095 2224 480905
95500 2092 473595 2224 481405
95600 2095 474037 2226 481963
95700 2096 474581 2227 482419
95800 2097 475089 2227 482911
95900 2098 475530 2229 483470
96000 2100 476046 2230 483954
96100 2101 476503 2231 484497
96200 2101 477065 2233 484935
96300 2102 477499 2234 485501
96400 2102 477962 2234 486038
96500 2105 478452 2234 486548
96600 2106 478919 2234 487081
96700 2108 479429 2236 487571
96800 2111 479952 2238 488048
96900 2112 480409 2239 488591
97000 2112 480948 2239 489052
97100 2113 481420 2239 489580
97200 2114 481973 2239 490027
97300 2116 482555 2239 490445
97400 2119 483111 2240 490889
97500 2120 483701 2240 491299
97600 2120 484052 2243 491948
97700 2125 484751 2243 492249
97800 2125 485140 2247 492860
97900 2127 485712 2249 493288
98000 2127 486332 2251 493668
98100 2131 486854 2256 494146
98200 2134 487332 2257 494668
98300 2137 487777 2258 495223
98400 2138 488402 2259 495598
98500 2138 488967 2262 496033
98600 2139 489382 2265 496618
98700 2139 489689 2267 497311
98800 2140 490097 2269 497903
98900 2144 490592 2270 498408
99000 2146 491072 2270 498928
99100 2147 491636 2270 499364
99200 2148 492112 2275 499888
99300 2150 492600 2278 500400
99400 2152 493081 2282 500919
99500 2154 493573 2284 501427
99600 2154 494133 2285 501867
99700 2154 494801 2286 502199
99800 2155 495215 2287 502785
99900 2155 495613 2291 503387
100000 2156 496137 2292 503863
100100 2159 496764 2294 504236
100200 2161 497147 2295 504853
100300 2163 497682 2295 505318
100400 2163 498226 2298 505774
100500 2164 498814 2298 506186
100600 2166 499245 2298 506755
100700 2167 499755 2299 507245
100800 2167 500209 2299 507791
100900 2169 500710 2299 508290
101000 2169 501341 2301 508659
101100 2169 501780 2303 509220
101200 2169 502249 2304 509751
101300 2170 502789 2305 510211
101400 2171 503311 2307 510689
101500 2172 503839 2309 511161
101600 2173 504405 2311 511595
101700 2175 504814 2313 512186
101800 2176 505335 2313 512665
101900 2176 505947 2313 513053
102000 2177 506441 2313 513559
102100 2179 506901 2313 514099
102200 2179 507303 2314 514697
102300 2181 507788 2315 515212
102400 2181 508232 2315 515768
102500 2181 508766 2316 516234
102600 2181 509291 2321 516709
102700 2183 509874 2321 517126
102800 2184 510483 2321 517517
102900 2184 510948 2322 518052
103000 2184 511494 2322 518506
103100 2185 511879 2323 519121
103200 2187 512524 2326 519476
103300 2190 513049 2328 519951
103400 2191 513531 2330 520469
103500 2192 514057 2333 520943
103600 2194 514583 2335 521417
103700 2194 515078 2336 521922
103800 2196 515483 2336 522517
103900 2198 515993 2337 523007
104000 2200 516437 2338 523563
104100 2202 517015 2341 523985
104200 2202 517599 2344 524401
104300 2202 518003 2346 524997
104400 2203 518630 2346 525370
104500 2207 519201 2346 525799
104600 2208 519830 2350 526170
104700 2208 520278 2350 526722
104800 2212 520760 2352 527240
104900 2215 521125 2355 527875
105000 2216 521533 2355 528467
105100 2217 522039 2356 528961
105200 2218 522660 2356 529340
105300 2222 523150 2357 529850
105400 2222 523709 2359 530291
105500 2223 524239 2360 530761
105600 2224 524866 2363 531134
105700 2224 525351 2366 531649
105800 2225 525789 2367 532211
105900 2227 526273 2369 532727
106000 2227 526694 2369 533306
106100 2230 527192 2373 533808
106200 2230 527551 2373 534449
106300 2230 528060 2375 534940
106400 2233 528549 2377 535451
106500 2235 528935 2378 536065
106600 2237 529436 2383 536564
106700 2238 529886 2386 537114
106800 2240 530348 2389 537652
106900 2240 530833 2390 538167
107000 2241 531348 2390 538652
107100 2241 531841 2391 539159
107200 2241 532328 2394 539672
107300 2241 532921 2394 540079
107400 2242 533507 2398 540493
107500 2243 534131 2398 540869
107600 2244 534547 2399 541453
107700 2244 535207 2402 541793
107800 2245 535797 2404 542203
107900 2246 536225 2405 542775
108000 2247 536751 2406 543249
108100 2248 537185 2407 543815
108200 2248 537736 2409 544264
108300 2248 538197 2410 544803
108400 2248 538695 2411 545305
108500 2251 539092 2414 545908
108600 2251 539544 2414 546456
108700 2251 540042 2415 546958
108800 2252 540448 2415 547552
108900 2253 540923 2416 548077
109000 2255 541379 2419 548621
109100 2256 541845 2422 549155
109200 2260 542329 2423 549671
109300 2264 542773 2426 550227
109400 2264 543212 2427 550788
109500 2267 543644 2429 551356
109600 2268 544187 2429 551813
109700 2268 544687 2429 552313
109800 2268 545087 2430 552913
109900 2269 545520 2430 553480
110000 2269 546079 2431 553921
110100 2271 546690 2432 554310
110200 2271 547128 2433 554872
110300 2271 547747 2437 555253
110400 2274 548213 2438 555787
110500 2274 548732 2438 556268
110600 2274 549368 2439 556632
110700 2274 549745 2441 557255
110800 2275 550376 2442 557624
110900 2275 550794 2442 558206
111000 2275 551321 2443 558679
111100 2276 551854 2443 559146
111200 2276 552487 2443 559513
111300 2279 552966 2445 560034
111400 2283 553346 2447 560654
111500 2285 553881 2449 561119
111600 2288 554434 2452 561566
111700 2289 555059 2454 561941
111800 2290 555694 2454 562306
111900 2291 556136 2456 562864
112000 2294 556686 2456 563314
112100 2294 557211 2456 563789
112200 2294 557587 2457 564413
112300 2294 558172 2457 564828
112400 2296 558735 2457 565265
112500 2299 559313 2461 565687
112600 2300 559747 2464 566253
112700 2300 560318 2465 566682
112800 2300 560822 2465 567178
112900 2301 561254 2465 567746
113000 2305 561701 2468 568299
113100 2305 562170 2468 568830
113200 2305 562834 2470 569166
113300 2305 563313 2474 569687
113400 2306 563708 2474 570292
113500 2308 564072 2476 570928
113600 2308 564502 2478 571498
113700 2312 564905 2480 572095
113800 2316 565419 2483 572581
113900 2320 565989 2483 573011
114000 2320 566576 2483 573424
114100 2323 567160 2485 573840
114200 2324 567595 2485 574405
114300 2325 568106 2485 574894
114400 2326 568607 2485 575393
114500 2328 569064 2485 575936
114600 2330 569422 2487 576578
114700 2333 569891 2487 577109
114800 2334 570472 2488 577528
114900 2335 570930 2489 578070
115000 2338 571381 2490 578619
115100 2339 571888 2494 579112
115200 2341 572305 2494 579695
115300 2341 572769 2498 580231
115400 2343 573207 2500 580793
115500 2346 573754 2501 581246
115600 2347 574188 2501 581812
115700 2348 574730 2501 582270
115800 2350 575161 2501 582839
115900 2351 575707 2502 583293
116000 2351 576165 2502 583835
116100 2353 576660 2505 584340
116200 2354 577174 2505 584826
116300 2354 577676 2507 585324
116400 2358 578195 2509 585805
116500 2367 578690 2510 586310
116600 2370 579187 2513 586813
116700 2373 579676 2514 587324
116800 2374 580054 2522 587946
116900 2376 580637 2523 588363
117000 2377 581231 2529 588769
117100 2381 581541 2531 589459
117200 2381 582168 2531 589832
117300 2381 582860 2534 590140
117400 2381 583306 2535 590694
117500 2382 583772 2537 591228
117600 2383 584350 2537 591650
117700 2385 584915 2538 592085
117800 2385 585496 2541 592504
117900 2388 585953 2542 593047
118000 2394 586406 2544 593594
118100 2394 586886 2544 594114
118200 2394 587453 2546 594547
118300 2395 587974 2547 595026
118400 2398 588514 2549 595486
118500 2398 589122 2549 595878
118600 2398 589657 2550 596343
118700 2399 590135 2551 596865
118800 2401 590719 2554 597281
118900 2402 591169 2556 597831
119000 2403 591628 2557 598372
119100 2403 592061 2562 598939
119200 2403 592481 2562 599519
119300 2403 592900 2564 600100
119400 2403 593309 2565 600691
119500 2403 593917 2567 601083
119600 2405 594470 2569 601530
119700 2407 595035 2571 601965
119800 2407 595516 2571 602484
119900 2407 595991 2572 603009
120000 2408 596536 2572 603464
120100 2411 597095 2574 603905
120200 2412 597382 2574 604618
120300 2413 597929 2574 605071
120400 2414 598427 2576 605573
120500 2416 598940 2576 606060
120600 2416 599404 2576 606596
120700 2417 599936 2577 607064
120800 2419 600359 2578 607641
120900 2420 600883 2581 608117
121000 2423 601471 2583 608529
121100 2427 601983 2583 609017
121200 2429 602371 2584 609629
121300 2430 602920 2584 610080
121400 2430 603423 2584 610577
121500 2430 603897 2585 611103
121600 2432 604370 2585 611630
121700 2433 605098 2586 611902
121800 2435 605584 2590 612416
121900 2435 606153 2591 612847
122000 2435 606758 2592 613242
122100 2435 607217 2595 613783
122200 2438 607711 2599 614289
122300 2440 608183 2600 614817
122400 2441 608630 2601 615370
122500 2441 609297 2603 615703
122600 2443 609897 2606 616103
122700 2445 610496 2607 616504
122800 2448 610985 2608 617015
122900 2449 611504 2610 617496
123000 2452 611972 2616 618028
123100 2456 612454 2619 618546
123200 2457 612877 2621 619123
123300 2459 613475 2621 619525
123400 2463 613929 2622 620071
123500 2464 614416 2622 620584
123600 2465 615010 2623 620990
123700 2468 615465 2624 621535
123800 2470 615833 2628 622167
123900 2471 616487 2630 622513
124000 2471 617010 2630 622990
124100 2472 617518 2630 623482
124200 2473 617900 2631 624100
124300 2476 618246 2633 624754
124400 2478 618680 2633 625320
124500 2480 619071 2636 625929
124600 2480 619586 2638 626414
124700 2482 620022 2640 626978
124800 2482 620547 2641 627453
124900 2482 621182 2643 627818
125000 2485 621592 2644 628408
125100 2487 622087 2646 628913
125200 2488 622560 2648 629440
125300 2488 623054 2653 629946
125400 2489 623578 2654 630422
125500 2493 624263 2657 630737
125600 2496 624637 2659 631363
125700 2497 625314 2660 631686
125800 2497 625816 2662 632184
125900 2498 626392 2662 632608
126000 2499 626976 2662 633024
126100 2500 627496 2663 633504
126200 2502 628045 2663 633955
126300 2502 628559 2663 634441
126400 2503 629223 2665 634777
126500 2503 629753 2666 635247
126600 2504 630247 2666 635753
126700 2506 630900 2670 636100
126800 2508 631488 2672 636512
126900 2512 632092 2674 636908
127000 2513 632584 2674 637416
127100 2515 633067 2677 637933
127200 2517 633573 2680 638427
127300 2519 634208 2680 638792
127400 2522 634636 2681 639364
127500 2524 635119 2682 639881
127600 2524 635777 2682 640223
127700 2525 636190 2682 640810
127800 2527 636671 2684 641329
127900 2528 637205 2685 641795
128000 2528 637749 2687 642251
128100 2531 638078 2687 642922
128200 2532 638611 2688 643389
128300 2534 639191 2692 643809
128400 2536 639707 2692 644293
128500 2537 640270 2693 644730
128600 2541 640931 2695 645069
128700 2541 641452 2696 645548
128800 2541 641975 2696 646025
128900 2542 642387 2696 646613
129000 2543 642948 2697 647052
129100 2544 643329 2699 647671
129200 2545 643908 2700 648092
129300 2545 644416 2702 648584
129400 2546 645041 2702 648959
129500 2547 645510 2703 649490
129600 2547 646083 2704 649917
129700 2549 646645 2705 650355
129800 2551 647154 2708 650846
129900 2553 647797 2711 651203
130000 2554 648154 2711 651846
130100 2556 648650 2712 652350
130200 2559 649031 2713 652969
130300 2560 649689 2713 653311
130400 2564 650276 2714 653724
130500 2564 650796 2718 654204
130600 2565 651220 2720 654780
130700 2565 651746 2721 655254
130800 2565 652293 2721 655707
130900 2565 652772 2724 656228
131000 2565 653215 2728 656785
131100 2566 653760 2729 657240
131200 2566 654299 2730 657701
131300 2569 654727 2734 658273
131400 2572 655174 2735 658826
131500 2572 655634 2735 659366
131600 2574 656058 2736 659942
131700 2575 656502 2736 660498
131800 2576 656989 2736 661011
131900 2579 657465 2740 661535
132000 2579 657949 2741 662051
132100 2582 658466 2744 662534
132200 2586 659106 2749 662894
132300 2587 659663 2752 663337
132400 2590 659912 2754 664088
132500 2592 660523 2757 664477
132600 2592 661052 2757 664948
132700 2592 661480 2757 665520
132800 2592 662104 2760 665896
132900 2593 662524 2760 666476
133000 2593 663100 2762 666900
133100 2594 663668 2763 667332
133200 2596 664131 2764 667869
133300 2598 664613 2765 668387
133400 2599 665132 2767 668868
133500 2601 665665 2770 669335
133600 2604 666305 2770 669695
133700 2606 666885 2771 670115
133800 2606 667357 2771 670643
133900 2607 667923 2771 671077
134000 2607 668391 2771 671609
134100 2608 668870 2776 672130
134200 2611 669343 2779 672657
134300 2612 669840 2780 673160
134400 2614 670136 2781 673864
134500 2616 670613 2782 674387
134600 2619 671369 2787 674631
134700 2620 671813 2788 675187
134800 2624 672329 2789 675671
134900 2624 672740 2790 676260
135000 2624 673382 2791 676618
135100 2624 673920 2791 677080
135200 2625 674388 2793 677612
135300 2625 674913 2794 678087
135400 2625 675478 2794 678522
135500 2625 675998 2794 679002
135600 2627 676497 2794 679503
135700 2628 677038 2794 679962
135800 2629 677577 2795 680423
135900 2629 678225 2797 680775
136000 2629 678710 2799 681290
136100 2633 679153 2802 681847
136200 2636 679665 2805 682335
136300 2638 680209 2806 682791
136400 2640 680660 2808 683340
136500 2640 681153 2808 683847
136600 2640 681653 2809 684347
136700 2644 682173 2810 684827
136800 2644 682707 2811 685293
136900 2645 683222 2812 685778
137000 2646 683940 2814 686060
137100 2649 684569 2814 686431
137200 2652 685059 2817 686941
137300 2655 685544 2820 687456
137400 2657 685902 2822 688098
137500 2657 686254 2823 688746
137600 2659 686759 2825 689241
137700 2659 687245 2827 689755
137800 2662 687769 2827 690231
137900 2664 688169 2829 690831
138000 2668 688683 2830 691317
138100 2669 689165 2830 691835
138200 2670 689752 2832 692248
138300 2671 690287 2832 692713
138400 2672 690834 2835 693166
138500 2674 691335 2836 693665
138600 2678 691884 2837 694116
138700 2680 692415 2838 694585
138800 2682 693089 2843 694911
138900 2683 693498 2843 695502
139000 2684 693987 2844 696013
139100 2685 694453 2847 696547
139200 2690 694967 2850 697033
139300 2690 695465 2851 697535
139400 2691 695951 2853 698049
139500 2691 696376 2853 698624
139600 2693 696709 2856 699291
139700 2695 697155 2858 699845
139800 2695 697699 2858 700301
139900 2695 698154 2860 700846
140000 2698 698665 2862 701335
140100 2698 699184 2862 701816
140200 2698 699700 2864 702300
140300 2699 700274 2866 702726
140400 2700 700811 2868 703189
140500 2700 701275 2868 703725
140600 2700 701714 2871 704286
140700 2701 702179 2872 704821
140800 2704 702676 2872 705324
140900 2707 703087 2872 705913
141000 2709 703545 2877 706455
141100 2709 704002 2878 706998
141200 2710 704607 2878 707393
141300 2711 704951 2879 708049
141400 2712 705407 2881 708593
141500 2713 705980 2883 709020
141600 2713 706472 2884 709528
141700 2714 706981 2885 710019
141800 2716 707521 2885 710479
141900 2717 707967 2887 711033
142000 2718 708500 2887 711500
142100 2720 708976 2889 712024
142200 2720 709496 2891 712504
142300 2721 710196 2891 712804
142400 2725 710653 2894 713347
142500 2729 711124 2896 713876
142600 2729 711678 2896 714322
142700 2730 712160 2898 714840
142800 2733 712533 2901 715467
142900 2734 712968 2901 716032
143000 2738 713435 2904 716565
143100 2740 713810 2909 717190
143200 2742 714210 2910 717790
143300 2743 714502 2911 718498
143400 2746 715010 2912 718990
143500 2749 715456 2914 719544
143600 2749 715988 2915 720012
143700 2749 716430 2918 720570
143800 2750 716941 2920 721059
143900 2750 717465 2922 721535
144000 2753 718054 2925 721946
144100 2756 718503 2926 722497
144200 2758 719000 2929 723000
144300 2760 719451 2930 723549
144400 2761 719978 2930 724022
144500 2762 720485 2930 724515
144600 2762 720991 2931 725009
144700 2764 721342 2932 725658
144800 2766 721906 2933 726094
144900 2767 722362 2935 726638
145000 2767 722913 2936 727087
145100 2768 723362 2936 727638
145200 2769 723753 2941 728247
145300 2770 724246 2941 728754
145400 2771 724699 2945 729301
145500 2772 725166 2946 729834
145600 2773 725798 2946 730202
145700 2774 726398 2947 730602
145800 2777 726925 2948 731075
145900 2781 727474 2950 731526
146000 2782 727900 2951 732100
146100 2783 728310 2955 732690
146200 2785 728677 2959 733323
146300 2785 729069 2959 733931
146400 2786 729478 2962 734522
146500 2787 729883 2963 735117
146600 2788 730151 2968 735849
146700 2789 730631 2968 736369
146800 2789 731145 2969 736855
146900 2790 731635 2969 737365
147000 2792 732035 2971 737965
147100 2792 732476 2971 738524
147200 2796 732943 2972 739057
147300 2797 733294 2974 739706
147400 2798 733796 2975 740204
147500 2799 734297 2978 740703
147600 2800 734707 2979 741293
147700 2800 735258 2979 741742
147800 2801 736002 2980 741998
147900 2801 736481 2981 742519
148000 2803 736995 2981 743005
148100 2805 737416 2985 743584
148200 2805 737949 2985 744051
148300 2806 738326 2987 744674
148400 2806 738806 2990 745194
148500 2807 739288 2992 745712
148600 2808 739844 2993 746156
148700 2809 740410 2993 746590
148800 2810 740881 2993 747119
148900 2810 741447 2994 747553
149000 2811 741992 2996 748008
149100 2812 742542 2998 748458
149200 2812 742923 2999 749077
149300 2812 743279 3001 749721
149400 2813 743806 3002 750194
149500 2814 744163 3003 750837
149600 2816 744657 3005 751343
149700 2816 745208 3005 751792
149800 2816 745740 3005 752260
149900 2816 746225 3006 752775
150000 2821 746718 3008 753282
150100 2821 747226 3008 753774
150200 2822 747745 3010 754255
150300 2823 748250 3013 754750
150400 2825 748844 3013 755156
150500 2828 749395 3016 755605
150600 2830 749943 3019 756057
150700 2830 750297 3019 756703
150800 2831 750666 3019 757334
150900 2831 751210 3020 757790
151000 2831 751804 3021 758196
151100 2831 752314 3022 758686
151200 2832 752779 3023 759221
151300 2834 753238 3023 759762
151400 2835 753679 3024 760321
151500 2836 754251 3024 760749
151600 2838 754680 3026 761320
151700 2838 755108 3027 761892
151800 2838 755620 3029 762380
151900 2840 756168 3030 762832
152000 2841 756590 3032 763410
152100 2842 757312 3036 763688
152200 2843 757852 3037 764148
152300 2843 758366 3040 764634
152400 2843 758780 3045 765220
152500 2843 759118 3045 765882
152600 2844 759461 3046 766539
152700 2846 759994 3046 767006
152800 2849 760445 3046 767555
152900 2851 760998 3047 768002
153000 2852 761430 3049 768570
153100 2854 761888 3050 769112
153200 2855 762489 3050 769511
153300 2857 762843 3051 770157
153400 2858 763219 3053 770781
153500 2860 763700 3057 771300
153600 2861 764349 3060 771651
153700 2861 764922 3063 772078
153800 2862 765468 3065 772532
153900 2863 765933 3065 773067
154000 2863 766414 3066 773586
154100 2864 767047 3066 773953
154200 2864 767530 3067 774470
154300 2865 768055 3069 774945
154400 2866 768562 3070 775438
154500 2867 768961 3072 776039
154600 2867 769481 3074 776519
154700 2868 770056 3076 776944
154800 2869 770584 3076 777416
154900 2871 771073 3076 777927
155000 2872 771443 3080 778557
155100 2872 771932 3080 779068
155200 2873 772298 3086 779702
155300 2873 772782 3088 780218
155400 2874 773329 3089 780671
155500 2875 773884 3094 781116
155600 2876 774271 3094 781729
155700 2877 774669 3095 782331
155800 2877 775106 3095 782894
155900 2879 775464 3097 783536
156000 2882 775885 3099 784115
156100 2883 776391 3099 784609
156200 2884 776928 3100 785072
156300 2885 777523 3102 785477
156400 2886 778020 3103 785980
156500 2890 778511 3107 786489
156600 2890 778962 3109 787038
156700 2890 779451 3110 787549
156800 2891 779903 3111 788097
156900 2891 780406 3112 788594
157000 2891 780893 3112 789107
157100 2891 781350 3116 789650
157200 2891 781829 3118 790171
157300 2893 782270 3121 790730
157400 2894 782781 3121 791219
157500 2895 783281 3122 791719
157600 2898 783769 3126 792231
157700 2902 784218 3126 792782
157800 2907 784608 3127 793392
157900 2907 785198 3128 793802
158000 2907 785721 3128 794279
158100 2909 786169 3128 794831
158200 2910 786628 3130 795372
158300 2911 787262 3131 795738
158400 2911 787706 3132 796294
158500 2911 788272 3133 796728
158600 2916 788787 3135 797213
158700 2917 789239 3135 797761
158800 2920 789693 3137 798307
158900 2921 790191 3139 798809
159000 2921 790724 3139 799276
159100 2921 791155 3140 799845
159200 2926 791604 3140 800396
159300 2927 792041 3142 800959
159400 2927 792552 3143 801448
159500 2927 793209 3144 801791
159600 2927 793725 3144 802275
159700 2929 794205 3146 802795
159800 2930 794531 3146 803469
159900 2933 794900 3146 804100
160000 2933 795399 3148 804601
160100 2934 795869 3148 805131
160200 2934 796480 3149 805520
160300 2939 797028 3149 805972
160400 2940 797452 3151 806548
160500 2942 798002 3152 806998
160600 2942 798704 3154 807296
160700 2944 799232 3159 807768
160800 2944 799868 3160 808132
160900 2945 800462 3160 808538
161000 2945 800866 3163 809134
161100 2946 801375 3164 809625
161200 2947 801775 3167 810225
161300 2948 802206 3168 810794
161400 2951 802708 3171 811292
161500 2951 803100 3171 811900
161600 2951 803431 3171 812569
161700 2953 803852 3171 813148
161800 2953 804269 3174 813731
161900 2955 804837 3176 814163
162000 2957 805363 3176 814637
162100 2957 806016 3176 814984
162200 2958 806573 3176 815427
162300 2961 807077 3177 815923
162400 2963 807539 3179 816461
162500 2966 807977 3181 817023
162600 2968 808497 3185 817503
162700 2970 809058 3185 817942
162800 2973 809488 3185 818512
162900 2974 809962 3187 819038
163000 2974 810523 3188 819477
163100 2980 811001 3189 819999
163200 2980 811513 3191 820487
163300 2981 811963 3193 821037
163400 2982 812409 3195 821591
163500 2984 812898 3195 822102
163600 2986 813374 3198 822626
163700 2988 813949 3200 823051
163800 2990 814333 3203 823667
163900 2991 814784 3204 824216
164000 2993 815249 3205 824751
164100 2994 815672 3205 825328
164200 2994 816232 3207 825768
164300 2994 816722 3209 826278
164400 2995 817308 3211 826692
164500 2996 817790 3211 827210
164600 2997 818393 3211 827607
164700 2998 818857 3212 828143
164800 2999 819333 3214 828667
164900 3001 819974 3214 829026
165000 3002 820406 3215 829594
165100 3004 820842 3215 830158
165200 3004 821284 3217 830716
165300 3005 821781 3217 831219
165400 3005 822306 3219 831694
165500 3007 822748 3220 832252
165600 3009 823340 3220 832660
165700 3010 823836 3222 833164
165800 3010 824320 3222 833680
165900 3010 824856 3225 834144
166000 3010 825314 3229 834686
166100 3012 825805 3230 835195
166200 3013 826252 3230 835748
166300 3014 826667 3233 836333
166400 3014 827227 3234 836773
166500 3015 827899 3235 837101
166600 3017 828477 3235 837523
166700 3019 829012 3237 837988
166800 3019 829443 3237 838557
166900 3020 830005 3237 838995
167000 3021 830593 3238 839407
167100 3023 830993 3242 840007
167200 3025 831433 3243 840567
167300 3028 831743 3246 841257
167400 3028 832316 3247 841684
167500 3029 832790 3249 842210
167600 3031 833250 3250 842750
167700 3034 833747 3251 843253
167800 3034 834234 3252 843766
167900 3035 834683 3252 844317
168000 3038 835135 3254 844865
168100 3041 835729 3256 845271
168200 3043 836207 3256 845793
168300 3043 836663 3259 846337
168400 3044 837112 3259 846888
168500 3045 837579 3260 847421
168600 3048 838058 3264 847942
168700 3050 838630 3268 848370
168800 3052 838887 3270 849113
168900 3053 839427 3272 849573
169000 3056 839880 3273 850120
169100 3060 840318 3274 850682
169200 3064 840858 3277 851142
169300 3064 841381 3277 851619
169400 3064 841962 3277 852038
169500 3064 842552 3279 852448
169600 3065 843046 3282 852954
169700 3066 843675 3286 853325
169800 3067 844163 3287 853837
169900 3067 844505 3287 854495
170000 3069 844981 3289 855019
170100 3070 845447 3290 855553
170200 3071 845924 3291 856076
170300 3073 846317 3291 856683
170400 3076 846757 3293 857243
170500 3077 847264 3293 857736
170600 3077 847841 3294 858159
170700 3077 848292 3295 858708
170800 3079 848714 3295 859286
170900 3079 849209 3296 859791
171000 3080 849788 3297 860212
171100 3081 850336 3300 860664
171200 3081 850704 3303 861296
171300 3082 851111 3304 861889
171400 3083 851519 3306 862481
171500 3084 851970 3306 863030
171600 3086 852405 3308 863595
171700 3089 852853 3308 864147
171800 3090 853412 3309 864588
171900 3091 853875 3309 865125
172000 3091 854305 3309 865695
172100 3093 854821 3310 866179
172200 3094 855398 3312 866602
172300 3095 855812 3315 867188
172400 3095 856480 3316 867520
172500 3095 856921 3316 868079
172600 3096 857423 3320 868577
172700 3096 857955 3321 869045
172800 3096 858459 3322 869541
172900 3096 858923 3325 870077
173000 3096 859387 3329 870613
173100 3096 859879 3331 871121
173200 3096 860398 3333 871602
173300 3099 860886 3335 872114
173400 3099 861413 3335 872587
173500 3099 861835 3337 873165
173600 3101 862409 3341 873591
173700 3101 862914 3341 874086
173800 3104 863390 3343 874610
173900 3104 863728 3345 875272
174000 3107 864133 3346 875867
174100 3108 864718 3347 876282
174200 3109 865278 3350 876722
174300 3110 865890 3353 877110
174400 3113 866360 3353 877640
174500 3114 867043 3354 877957
174600 3115 867595 3354 878405
174700 3116 868146 3356 878854
174800 3118 868730 3357 879270
174900 3118 869292 3357 879708
175000 3121 869661 3357 880339
175100 3124 870274 3358 880726
175200 3125 870790 3359 881210
175300 3126 871286 3359 881714
175400 3127 871755 3360 882245
175500 3128 872216 3360 882784
175600 3130 872751 3361 883249
175700 3133 873286 3363 883714
175800 3135 873882 3363 884118
175900 3136 874214 3364 884786
176000 3138 874707 3364 885293
176100 3140 875129 3366 885871
176200 3143 875637 3367 886363
176300 3144 876095 3370 886905
176400 3144 876680 3371 887320
176500 3145 877102 3372 887898
176600 3146 877627 3372 888373
176700 3149 878129 3375 888871
176800 3150 878661 3376 889339
176900 3152 879239 3377 889761
177000 3152 879782 3379 890218
177100 3154 880333 3380 890667
177200 3155 880891 3381 891109
177300 3157 881339 3381 891661
177400 3160 881837 3382 892163
177500 3161 882348 3382 892652
177600 3162 882809 3382 893191
177700 3163 883307 3384 893693
177800 3166 883875 3388 894125
177900 3168 884407 3388 894593
178000 3170 884913 3391 895087
178100 3171 885380 3392 895620
178200 3173 885887 3392 896113
178300 3173 886348 3393 896652
178400 3173 886945 3393 897055
178500 3174 887385 3393 897615
178600 3175 887927 3394 898073
178700 3175 888417 3394 898583
178800 3175 888959 3395 899041
178900 3177 889482 3397 899518
179000 3179 889979 3398 900021
179100 3182 890627 3399 900373
179200 3184 891202 3399 900798
179300 3185 891641 3400 901359
179400 3187 892121 3400 901879
179500 3187 892816 3401 902184
179600 3189 893377 3406 902623
179700 3189 893875 3408 903125
179800 3189 894344 3410 903656
179900 3190 894843 3410 904157
180000 3191 895309 3413 904691
180100 3193 895935 3415 905065
180200 3194 896458 3416 905542
180300 3196 896815 3416 906185
180400 3198 897381 3416 906619
180500 3198 897926 3416 907074
180600 3199 898421 3418 907579
180700 3201 898892 3421 908108
180800 3203 899462 3422 908538
180900 3203 899881 3422 909119
181000 3204 900377 3422 909623
181100 3205 900729 3422 910271
181200 3206 901180 3422 910820
181300 3206 901601 3423 911399
181400 3208 902058 3423 911942
181500 3208 902575 3424 912425
181600 3208 903079 3425 912921
181700 3210 903643 3425 913357
181800 3213 904174 3426 913826
181900 3216 904671 3429 914329
182000 3217 905360 3429 914640
182100 3217 905854 3430 915146
182200 3221 906352 3430 915648
182300 3221 906903 3430 916097
182400 3223 907334 3433 916666
182500 3224 907860 3436 917140
182600 3225 908341 3436 917659
182700 3225 908844 3438 918156
182800 3225 909466 3438 918534
182900 3227 910037 3441 918963
183000 3229 910549 3442 919451
183100 3230 911101 3443 919899
183200 3232 911586 3445 920414
183300 3235 912117 3446 920883
183400 3236 912568 3447 921432
183500 3236 913159 3448 921841
183600 3237 913753 3452 922247
183700 3238 914110 3455 922890
183800 3240 914568 3456 923432
183900 3242 915211 3462 923789
184000 3243 915651 3465 924349
184100 3245 916053 3466 924947
184200 3245 916530 3471 925470
184300 3246 917146 3474 925854
184400 3249 917660 3474 926340
184500 3250 918066 3475 926934
184600 3252 918587 3475 927413
184700 3254 918930 3477 928070
184800 3254 919266 3477 928734
184900 3256 919821 3480 929179
185000 3259 920208 3480 929792
185100 3260 920665 3481 930335
185200 3262 921152 3482 930848
185300 3265 921500 3485 931500
185400 3266 922063 3485 931937
185500 3269 922488 3487 932512
185600 3269 923000 3488 933000
185700 3272 923494 3489 933506
185800 3273 924074 3490 933926
185900 3273 924498 3491 934502
186000 3275 925012 3492 934988
186100 3277 925455 3492 935545
186200 3279 925936 3493 936064
186300 3279 926366 3493 936634
186400 3279 926910 3496 937090
186500 3280 927489 3498 937511
186600 3281 928060 3499 937940
186700 3281 928525 3499 938475
186800 3282 929067 3500 938933
186900 3284 929555 3501 939445
187000 3284 930136 3501 939864
187100 3285 930626 3501 940374
187200 3285 931057 3502 940943
187300 3286 931532 3502 941468
187400 3288 932191 3503 941809
187500 3288 932683 3505 942317
187600 3290 933244 3507 942756
187700 3290 933747 3511 943253
187800 3291 934230 3511 943770
187900 3294 934637 3511 944363
188000 3298 935065 3511 944935
188100 3298 935574 3513 945426
188200 3302 936166 3514 945834
188300 3303 936542 3516 946458
188400 3303 937064 3516 946936
188500 3304 937620 3518 947380
188600 3305 938089 3519 947911
188700 3305 938623 3519 948377
188800 3306 939013 3519 948987
188900 3307 939481 3521 949519
189000 3307 939910 3521 950090
189100 3307 940291 3521 950709
189200 3309 940649 3521 951351
189300 3311 941099 3523 951901
189400 3311 941618 3523 952382
189500 3311 942098 3523 952902
189600 3311 942631 3524 953369
189700 3312 943171 3525 953829
189800 3312 943717 3525 954283
189900 3313 944385 3525 954615
190000 3314 944869 3526 955131
190100 3314 945275 3527 955725
190200 3317 945840 3529 956160
190300 3318 946322 3530 956678
190400 3319 946671 3531 957329
190500 3319 947243 3532 957757
190600 3321 947656 3533 958344
190700 3325 948293 3535 958707
190800 3328 948758 3537 959242
190900 3328 949327 3537 959673
191000 3328 949692 3537 960308
191100 3328 950204 3540 960796
191200 3329 950911 3542 961089
191300 3329 951334 3545 961666
191400 3333 951832 3548 962168
191500 3335 952240 3548 962760
191600 3336 952736 3548 963264
191700 3338 953067 3551 963933
191800 3339 953650 3552 964350
191900 3340 954207 3552 964793
192000 3342 954710 3553 965290
192100 3344 955297 3554 965703
192200 3344 955739 3556 966261
192300 3347 956183 3559 966817
192400 3348 956648 3559 967352
192500 3349 957186 3561 967814
192600 3349 957703 3561 968297
192700 3350 958216 3562 968784
192800 3351 958674 3562 969326
192900 3351 959100 3563 969900
193000 3354 959705 3565 970295
193100 3357 960130 3566 970870
193200 3358 960756 3566 971244
193300 3358 961204 3567 971796
193400 3358 961767 3568 972233
193500 3358 962205 3570 972795
193600 3360 962644 3572 973356
193700 3360 963198 3574 973802
193800 3361 963696 3576 974304
193900 3363 964246 3579 974754
194000 3366 964774 3581 975226
194100 3370 965488 3585 975512
194200 3371 966008 3587 975992
194300 3371 966488 3589 976512
194400 3371 966968 3590 977032
194500 3372 967427 3591 977573
194600 3372 967859 3591 978141
194700 3373 968439 3592 978561
194800 3373 968847 3593 979153
194900 3373 969312 3594 979688
195000 3375 969864 3595 980136
195100 3376 970402 3598 980598
195200 3379 970714 3599 981286
195300 3379 971149 3600 981851
195400 3380 971648 3604 982352
195500 3380 972208 3605 982792
195600 3380 972656 3606 983344
195700 3383 973031 3608 983969
195800 3384 973591 3608 984409
195900 3385 974064 3609 984936
196000 3386 974538 3610 985462
196100 3386 975096 3611 985904
196200 3389 975662 3611 986338
196300 3391 976092 3611 986908
196400 3392 976508 3612 987492
196500 3393 977006 3614 987994
196600 3396 977497 3614 988503
196700 3396 977995 3615 989005
196800 3397 978524 3616 989476
196900 3399 979101 3617 989899
197000 3401 979521 3620 990479
197100 3403 980002 3620 990998
197200 3405 980544 3621 991456
197300 3410 981047 3622 991953
197400 3410 981543 3622 992457
197500 3410 982067 3624 992933
197600 3412 982586 3625 993414
197700 3414 983179 3625 993821
197800 3414 983863 3625 994137
197900 3415 984298 3625 994702
198000 3416 984848 3625 995152
198100 3418 985383 3627 995617
198200 3421 985787 3631 996213
198300 3421 986298 3632 996702
198400 3422 986809 3633 997191
198500 3425 987139 3636 997861
198600 3426 987700 3638 998300
198700 3430 988157 3642 998843
198800 3432 988751 3643 999249
198900 3432 989179 3643 999821
199000 3434 989641 3645 1000359
199100 3436 990068 3647 1000932
199200 3437 990386 3647 1001614
199300 3439 990909 3648 1002091
199400 3443 991412 3652 1002588
199500 3445 991905 3653 1003095
199600 3445 992368 3655 1003632
199700 3446 992964 3657 1004036
199800 3449 993446 3657 1004554
199900 3453 993995 3657 1005005
200000 3453 994555 3658 1005445
