#! FIELDS timestep dup_succ dup_attempts kill_succ kill_attempts
#! SET timestep 0.5
#! SET kernel_bandwidth [0.15 0.15]
#! SET kt 1.0
100 135 372 130 628
200 246 766 255 1234
300 349 1096 373 1904
400 437 1467 480 2533
500 515 1921 586 3079
600 566 2405 647 3595
700 607 2857 681 4143
800 647 3298 719 4702
900 671 3764 745 5236
1000 700 4236 773 5764
1100 736 4761 801 6239
1200 761 5267 834 6733
1300 786 5756 857 7244
1400 821 6273 891 7727
1500 844 6788 917 8212
1600 865 7294 935 8706
1700 887 7769 969 9231
1800 922 8222 1005 9778
1900 954 8677 1026 10323
2000 983 9210 1056 10790
2100 1021 9712 1091 11288
2200 1055 10259 1126 11741
2300 1087 10752 1166 12248
2400 1112 11223 1192 12777
2500 1140 11702 1233 13298
2600 1170 12174 1255 13826
2700 1209 12709 1290 14291
2800 1248 13242 1321 14758
2900 1277 13737 1344 15263
3000 1309 14226 1367 15774
3100 1341 14687 1402 16313
3200 1377 15175 1430 16825
3300 1401 15697 1461 17303
3400 1432 16170 1479 17830
3500 1460 16628 1512 18372
3600 1489 17170 1542 18830
3700 1518 17676 1569 19324
3800 1555 18174 1597 19826
3900 1583 18675 1624 20325
4000 1611 19216 1648 20784
4100 1641 19679 1672 21321
4200 1672 20140 1709 21860
4300 1699 20668 1743 22332
4400 1730 21179 1767 22821
4500 1756 21653 1794 23347
4600 1781 22159 1825 23841
4700 1800 22688 1857 24312
4800 1834 23231 1891 24769
4900 1868 23749 1924 25251
5000 1896 24280 1960 25720
5100 1915 24818 1994 26182
5200 1959 25320 2023 26680
5300 1984 25801 2054 27199
5400 2012 26282 2086 27718
5500 2044 26821 2111 28179
5600 2075 27339 2133 28661
5700 2108 27861 2169 29139
5800 2130 28386 2210 29614
5900 2157 28896 2240 30104
6000 2191 29448 2272 30552
6100 2216 29976 2303 31024
6200 2246 30458 2330 31542
6300 2276 30934 2365 32066
6400 2311 31441 2400 32559
6500 2356 31943 2422 33057
6600 2398 32451 2454 33549
6700 2430 32943 2491 34057
6800 2459 33443 2525 34557
6900 2491 33966 2563 35034
7000 2517 34470 2594 35530
7100 2548 35020 2619 35980
7200 2584 35543 2643 36457
7300 2614 36082 2677 36918
7400 2658 36617 2708 37383
7500 2699 37147 2742 37853
7600 2724 37637 2779 38363
7700 2752 38140 2809 38860
7800 2790 38661 2835 39339
7900 2824 39145 2868 39855
8000 2854 39656 2892 40344
8100 2880 40175 2924 40825
8200 2914 40731 2953 41269
8300 2938 41250 2985 41750
8400 2968 41817 3021 42183
8500 3002 42349 3049 42651
8600 3039 42845 3088 43155
8700 3075 43391 3116 43609
8800 3108 43941 3142 44059
8900 3134 44449 3168 44551
9000 3166 44927 3199 45073
9100 3197 45404 3221 45596
9200 3233 45945 3258 46055
9300 3270 46481 3299 46519
9400 3294 46970 3340 47030
9500 3330 47487 3368 47513
9600 3349 48049 3393 47951
9700 3378 48557 3423 48443
9800 3402 49066 3453 48934
9900 3433 49547 3489 49453
10000 3464 50044 3516 49956
10100 3496 50534 3540 50466
10200 3518 51046 3569 50954
10300 3548 51525 3594 51475
10400 3577 51970 3624 52030
10500 3607 52456 3658 52544
10600 3642 52914 3692 53086
10700 3671 53428 3728 53572
10800 3703 53936 3757 54064
10900 3735 54424 3785 54576
11000 3760 54921 3808 55079
11100 3792 55426 3839 55574
11200 3820 55955 3869 56045
11300 3838 56422 3893 56578
11400 3877 56905 3922 57095
11500 3916 57409 3969 57591
11600 3944 57898 4001 58102
11700 3976 58441 4030 58559
11800 4001 58906 4066 59094
11900 4042 59423 4091 59577
12000 4075 59896 4135 60104
12100 4109 60418 4174 60582
12200 4132 60932 4207 61068
12300 4161 61446 4243 61554
12400 4192 61972 4280 62028
12500 4230 62479 4316 62521
12600 4274 63021 4341 62979
12700 4297 63504 4371 63496
12800 4332 64026 4411 63974
12900 4361 64511 4441 64489
13000 4396 65053 4475 64947
13100 4428 65545 4503 65455
13200 4476 66053 4530 65947
13300 4508 66577 4562 66423
13400 4539 67053 4592 66947
13500 4566 67562 4626 67438
13600 4599 68098 4657 67902
13700 4627 68609 4690 68391
13800 4661 69140 4718 68860
13900 4694 69665 4750 69335
14000 4725 70209 4784 69791
14100 4768 70693 4821 70307
14200 4796 71234 4868 70766
14300 4829 71722 4894 71278
14400 4853 72226 4925 71774
14500 4884 72718 4959 72282
14600 4926 73223 4990 72777
14700 4956 73740 5014 73260
14800 4986 74254 5041 73746
14900 5009 74795 5073 74205
15000 5032 75306 5105 74694
15100 5064 75866 5145 75134
15200 5088 76320 5169 75680
15300 5126 76814 5198 76186
15400 5168 77362 5230 76638
15500 5191 77904 5253 77096
15600 5227 78392 5284 77608
15700 5251 78923 5320 78077
15800 5293 79417 5350 78583
15900 5323 79911 5380 79089
16000 5361 80406 5411 79594
16100 5394 80946 5444 80054
16200 5430 81465 5475 80535
16300 5456 81918 5506 81082
16400 5475 82416 5546 81584
16500 5504 82924 5578 82076
16600 5531 83402 5607 82598
16700 5568 83897 5637 83103
16800 5597 84380 5665 83620
16900 5622 84916 5689 84084
17000 5667 85409 5717 84591
17100 5701 85941 5751 85059
17200 5730 86463 5783 85537
17300 5767 86997 5818 86003
17400 5793 87517 5847 86483
17500 5829 88012 5875 86988
17600 5868 88543 5909 87457
17700 5903 89037 5950 87963
17800 5936 89535 5987 88465
17900 5970 90085 6013 88915
18000 6000 90548 6036 89452
18100 6033 91048 6068 89952
18200 6053 91514 6102 90486
18300 6100 92036 6141 90964
18400 6137 92589 6170 91411
18500 6164 93054 6201 91946
18600 6192 93573 6233 92427
18700 6221 94079 6263 92921
18800 6255 94609 6297 93391
18900 6290 95101 6330 93899
19000 6316 95574 6358 94426
19100 6353 96061 6394 94939
19200 6377 96611 6435 95389
19300 6414 97161 6459 95839
19400 6448 97683 6490 96317
19500 6483 98179 6515 96821
19600 6523 98665 6548 97335
19700 6551 99200 6573 97800
19800 6589 99748 6601 98252
19900 6622 100316 6641 98684
20000 6664 100832 6681 99168
20100 6703 101354 6718 99646
20200 6742 101880 6749 100120
20300 6770 102356 6778 100644
20400 6798 102882 6801 101118
20500 6829 103382 6828 101618
20600 6865 103914 6865 102086
20700 6895 104366 6902 102634
20800 6933 104888 6939 103112
20900 6961 105383 6973 103617
21000 6995 105890 7008 104110
21100 7024 106386 7038 104614
21200 7058 106860 7063 105140
21300 7083 107370 7085 105630
21400 7119 107889 7115 106111
21500 7156 108363 7136 106637
21600 7185 108848 7163 107152
21700 7218 109361 7189 107639
21800 7250 109839 7219 108161
21900 7279 110384 7241 108616
22000 7309 110915 7272 109085
22100 7334 111417 7298 109583
22200 7360 111944 7326 110056
22300 7390 112453 7358 110547
22400 7414 112938 7379 111062
22500 7443 113403 7411 111597
22600 7475 113867 7440 112133
22700 7508 114375 7468 112625
22800 7538 114875 7505 113125
22900 7575 115378 7539 113622
23000 7603 115891 7577 114109
23100 7635 116420 7610 114580
23200 7667 116919 7644 115081
23300 7690 117435 7671 115565
23400 7712 118000 7707 116000
23500 7741 118477 7730 116523
23600 7767 118948 7758 117052
23700 7797 119440 7786 117560
23800 7826 119958 7810 118042
23900 7860 120485 7843 118515
24000 7889 120997 7880 119003
24100 7922 121532 7914 119468
24200 7947 122006 7950 119994
24300 7980 122550 7980 120450
24400 8002 123043 8011 120957
24500 8028 123537 8048 121463
24600 8054 124017 8086 121983
24700 8081 124474 8118 122526
24800 8107 124950 8148 123050
24900 8138 125453 8181 123547
25000 8173 125940 8219 124060
25100 8203 126399 8251 124601
25200 8232 126865 8278 125135
25300 8257 127406 8306 125594
25400 8285 127858 8332 126142
25500 8316 128349 8368 126651
25600 8342 128778 8399 127222
25700 8365 129278 8425 127722
25800 8395 129782 8455 128218
25900 8419 130290 8482 128710
26000 8450 130814 8507 129186
26100 8472 131334 8546 129666
26200 8509 131851 8582 130149
26300 8531 132345 8609 130655
26400 8560 132856 8642 131144
26500 8581 133346 8665 131654
26600 8610 133864 8692 132136
26700 8641 134402 8718 132598
26800 8673 134888 8747 133112
26900 8701 135358 8770 133642
27000 8732 135873 8799 134127
27100 8756 136408 8817 134592
27200 8798 136927 8842 135073
27300 8838 137390 8882 135610
27400 8867 137887 8904 136113
27500 8897 138344 8938 136656
27600 8920 138812 8968 137188
27700 8946 139325 8996 137675
27800 8975 139890 9026 138110
27900 9003 140386 9060 138614
28000 9027 140892 9086 139108
28100 9059 141407 9119 139593
28200 9089 141937 9151 140063
28300 9113 142497 9194 140503
28400 9136 142976 9218 141024
28500 9168 143447 9243 141553
28600 9196 143950 9272 142050
28700 9226 144462 9295 142538
28800 9259 144928 9327 143072
28900 9286 145438 9357 143562
29000 9314 145926 9394 144074
29100 9350 146415 9424 144585
29200 9373 146923 9452 145077
29300 9402 147451 9474 145549
29400 9422 147959 9501 146041
29500 9457 148418 9533 146582
29600 9492 148901 9571 147099
29700 9532 149400 9595 147600
29800 9560 149914 9626 148086
29900 9589 150389 9665 148611
30000 9622 150909 9697 149091
30100 9668 151429 9724 149571
30200 9695 151923 9759 150077
30300 9729 152452 9788 150548
30400 9764 152967 9821 151033
30500 9796 153440 9845 151560
30600 9833 153946 9879 152054
30700 9864 154482 9921 152518
30800 9897 154958 9951 153042
30900 9929 155445 9981 153555
31000 9958 155961 10002 154039
31100 9984 156491 10026 154509
31200 10016 156972 10048 155028
31300 10048 157460 10086 155540
31400 10074 157959 10106 156041
31500 10122 158482 10136 156518
31600 10155 158960 10176 157040
31700 10178 159481 10205 157519
31800 10213 159994 10239 158006
31900 10244 160490 10268 158510
32000 10282 160954 10302 159046
32100 10306 161430 10332 159570
32200 10335 161955 10354 160045
32300 10375 162429 10387 160571
32400 10425 162897 10418 161103
32500 10454 163388 10450 161612
32600 10476 163901 10477 162099
32700 10508 164449 10508 162551
32800 10546 164986 10534 163014
32900 10582 165463 10559 163537
33000 10612 165953 10590 164047
33100 10636 166450 10614 164550
33200 10672 166924 10651 165076
33300 10692 167443 10680 165557
33400 10722 167931 10707 166069
33500 10751 168436 10737 166564
33600 10778 168921 10767 167079
33700 10818 169420 10802 167580
33800 10852 169978 10834 168022
33900 10890 170469 10874 168531
34000 10923 171019 10907 168981
34100 10951 171526 10944 169474
34200 10992 172011 10976 169989
34300 11029 172526 11016 170474
34400 11059 173059 11055 170941
34500 11094 173626 11075 171374
34600 11111 174110 11100 171890
34700 11141 174547 11132 172453
34800 11179 175045 11169 172955
34900 11209 175557 11199 173443
35000 11244 176031 11228 173969
35100 11270 176548 11263 174452
35200 11300 177087 11297 174913
35300 11329 177580 11328 175420
35400 11357 178084 11367 175916
35500 11392 178618 11394 176382
35600 11436 179115 11418 176885
35700 11470 179600 11450 177400
35800 11503 180072 11482 177928
35900 11532 180576 11510 178424
36000 11565 181092 11537 178908
36100 11609 181643 11564 179357
36200 11638 182137 11597 179863
36300 11666 182661 11633 180339
36400 11708 183185 11667 180815
36500 11742 183686 11694 181314
36600 11779 184219 11719 181781
36700 11811 184725 11747 182275
36800 11842 185254 11779 182746
36900 11877 185767 11806 183233
37000 11917 186309 11821 183691
37100 11951 186812 11856 184188
37200 11983 187298 11897 184702
37300 11998 187819 11932 185181
37400 12027 188311 11966 185689
37500 12055 188854 11997 186146
37600 12089 189325 12017 186675
37700 12116 189841 12045 187159
37800 12153 190364 12071 187636
37900 12185 190856 12101 188144
38000 12211 191331 12125 188669
38100 12236 191841 12148 189159
38200 12266 192334 12170 189666
38300 12306 192795 12195 190205
38400 12343 193305 12226 190695
38500 12379 193876 12253 191124
38600 12406 194371 12281 191629
38700 12435 194853 12308 192147
38800 12465 195378 12332 192622
38900 12495 195927 12367 193073
39000 12531 196432 12403 193568
39100 12555 196951 12437 194049
39200 12584 197470 12463 194530
39300 12616 197967 12491 195033
39400 12648 198483 12518 195517
39500 12670 198979 12549 196021
39600 12696 199446 12572 196554
39700 12726 199929 12595 197071
39800 12758 200438 12626 197562
39900 12786 200950 12647 198050
40000 12814 201434 12673 198566
40100 12849 201941 12694 199059
40200 12870 202443 12721 199557
40300 12897 202901 12752 200099
40400 12923 203410 12778 200590
40500 12952 203923 12811 201077
40600 12979 204430 12841 201570
40700 13009 204909 12864 202091
40800 13048 205389 12901 202611
40900 13075 205893 12938 203107
41000 13099 206381 12975 203619
41100 13135 206906 13014 204094
41200 13164 207471 13043 204529
41300 13193 207996 13082 205004
41400 13224 208512 13124 205488
41500 13264 209024 13156 205976
41600 13289 209560 13189 206440
41700 13322 210037 13213 206963
41800 13354 210562 13249 207438
41900 13394 211023 13280 207977
42000 13418 211530 13306 208470
42100 13452 212005 13334 208995
42200 13479 212576 13364 209424
42300 13506 213064 13391 209936
42400 13537 213584 13429 210416
42500 13570 214116 13468 210884
42600 13612 214640 13489 211360
42700 13626 215138 13519 211862
42800 13652 215623 13559 212377
42900 13681 216125 13591 212875
43000 13704 216624 13618 213376
43100 13736 217114 13646 213886
43200 13772 217679 13674 214321
43300 13791 218172 13698 214828
43400 13817 218666 13729 215334
43500 13843 219187 13760 215813
43600 13878 219734 13799 216266
43700 13913 220255 13831 216745
43800 13933 220709 13862 217291
43900 13975 221225 13885 217775
44000 14000 221754 13919 218246
44100 14043 222256 13952 218744
44200 14069 222773 13984 219227
44300 14102 223237 14017 219763
44400 14143 223772 14052 220228
44500 14178 224308 14093 220692
44600 14213 224829 14126 221171
44700 14253 225328 14162 221672
44800 14276 225792 14195 222208
44900 14306 226276 14232 222724
45000 14331 226771 14266 223229
45100 14363 227267 14297 223733
45200 14385 227732 14329 224268
45300 14411 228219 14355 224781
45400 14445 228740 14380 225260
45500 14474 229184 14405 225816
45600 14497 229704 14437 226296
45700 14523 230187 14467 226813
45800 14552 230678 14498 227322
45900 14586 231125 14527 227875
46000 14617 231603 14553 228397
46100 14652 232100 14578 228900
46200 14682 232617 14609 229383
46300 14715 233107 14645 229893
46400 14752 233611 14678 230389
46500 14786 234100 14707 230900
46600 14821 234592 14740 231408
46700 14858 235106 14776 231894
46800 14895 235622 14797 232378
46900 14925 236165 14824 232835
47000 14968 236672 14864 233328
47100 14998 237138 14895 233862
47200 15032 237621 14924 234379
47300 15070 238075 14949 234925
47400 15105 238549 14994 235451
47500 15145 239071 15016 235929
47600 15169 239522 15038 236478
47700 15195 240034 15066 236966
47800 15239 240564 15094 237436
47900 15272 241093 15125 237907
48000 15303 241629 15164 238371
48100 15322 242085 15190 238915
48200 15351 242570 15219 239430
48300 15375 243021 15251 239979
48400 15414 243533 15278 240467
48500 15429 244071 15293 240929
48600 15451 244565 15321 241435
48700 15475 245071 15351 241929
48800 15502 245544 15372 242456
48900 15525 246031 15405 242969
49000 15549 246536 15438 243464
49100 15579 247036 15464 243964
49200 15605 247545 15495 244455
49300 15635 248046 15537 244954
49400 15663 248610 15575 245390
49500 15690 249107 15608 245893
49600 15717 249622 15630 246378
49700 15751 250136 15667 246864
49800 15795 250649 15702 247351
49900 15823 251133 15739 247867
50000 15846 251608 15763 248392
50100 15876 252103 15804 248897
50200 15902 252626 15831 249374
50300 15945 253162 15867 249838
50400 15975 253688 15898 250312
50500 16009 254178 15923 250822
50600 16042 254683 15949 251317
50700 16079 255168 15982 251832
50800 16110 255648 16009 252352
50900 16137 256185 16046 252815
51000 16172 256714 16075 253286
51100 16207 257205 16104 253795
51200 16243 257760 16134 254240
51300 16280 258304 16168 254696
51400 16301 258797 16193 255203
51500 16343 259317 16223 255683
51600 16383 259861 16257 256139
51700 16409 260377 16290 256623
51800 16437 260868 16324 257132
51900 16475 261380 16358 257620
52000 16518 261863 16401 258137
52100 16552 262368 16439 258632
52200 16584 262884 16469 259116
52300 16611 263370 16506 259630
52400 16636 263890 16542 260110
52500 16652 264382 16565 260618
52600 16683 264865 16593 261135
52700 16715 265384 16616 261616
52800 16740 265911 16641 262089
52900 16771 266397 16677 262603
53000 16803 266912 16704 263088
53100 16833 267428 16724 263572
53200 16859 267975 16758 264025
53300 16893 268468 16799 264532
53400 16928 268984 16840 265016
53500 16958 269502 16869 265498
53600 16988 269964 16907 266036
53700 17028 270442 16943 266558
53800 17057 270928 16980 267072
53900 17086 271416 17005 267584
54000 17117 271953 17033 268047
54100 17141 272454 17058 268546
54200 17173 273001 17089 268999
54300 17207 273536 17121 269464
54400 17238 274033 17149 269967
54500 17267 274491 17174 270509
54600 17289 275021 17208 270979
54700 17324 275511 17235 271489
54800 17343 275970 17263 272030
54900 17374 276444 17298 272556
55000 17416 276934 17338 273066
55100 17457 277439 17370 273561
55200 17492 277923 17406 274077
55300 17525 278440 17434 274560
55400 17549 278925 17464 275075
55500 17577 279493 17486 275507
55600 17598 279973 17513 276027
55700 17637 280527 17549 276473
55800 17681 281002 17582 276998
55900 17712 281471 17614 277529
56000 17741 281998 17644 278002
56100 17776 282498 17666 278502
56200 17805 283018 17692 278982
56300 17843 283482 17722 279518
56400 17871 283979 17752 280021
56500 17895 284496 17779 280504
56600 17923 285011 17807 280989
56700 17950 285495 17842 281505
56800 17990 285983 17879 282017
56900 18016 286473 17921 282527
57000 18048 286952 17959 283048
57100 18079 287450 17998 283550
57200 18111 287989 18027 284011
57300 18146 288497 18056 284503
57400 18175 288979 18085 285021
57500 18193 289533 18116 285467
57600 18228 290030 18138 285970
57700 18260 290614 18169 286386
57800 18293 291159 18190 286841
57900 18316 291683 18211 287317
58000 18353 292167 18236 287833
58100 18387 292684 18267 288316
58200 18406 293237 18298 288763
58300 18436 293691 18330 289309
58400 18466 294185 18360 289815
58500 18500 294692 18386 290308
58600 18531 295163 18415 290837
58700 18556 295673 18447 291327
58800 18581 296181 18475 291819
58900 18620 296699 18508 292301
59000 18645 297209 18542 292791
59100 18672 297665 18572 293335
59200 18699 298191 18603 293809
59300 18736 298683 18636 294317
59400 18762 299185 18671 294815
59500 18787 299673 18700 295327
59600 18816 300215 18727 295785
59700 18840 300751 18751 296249
59800 18876 301242 18788 296758
59900 18914 301728 18821 297272
60000 18941 302254 18842 297746
60100 18973 302735 18869 298265
60200 19001 303227 18897 298773
60300 19038 303750 18935 299250
60400 19066 304254 18971 299746
60500 19094 304729 19000 300271
60600 19119 305217 19030 300783
60700 19151 305720 19064 301280
60800 19179 306247 19089 301753
60900 19217 306776 19119 302224
61000 19255 307243 19150 302757
61100 19283 307768 19177 303232
61200 19303 308251 19206 303749
61300 19323 308756 19224 304244
61400 19356 309277 19266 304723
61500 19385 309834 19283 305166
61600 19407 310297 19314 305703
61700 19439 310807 19344 306193
61800 19465 311312 19376 306688
61900 19493 311824 19425 307176
62000 19525 312329 19461 307671
62100 19558 312795 19492 308205
62200 19583 313315 19530 308685
62300 19619 313843 19563 309157
62400 19647 314382 19597 309618
62500 19675 314916 19631 310084
62600 19710 315424 19663 310576
62700 19740 315932 19696 311068
62800 19779 316419 19724 311581
62900 19812 316954 19761 312046
63000 19836 317465 19786 312535
63100 19872 317949 19814 313051
63200 19911 318457 19843 313543
63300 19946 319001 19872 313999
63400 19975 319544 19912 314456
63500 20018 320016 19942 314984
63600 20046 320509 19968 315491
63700 20069 321014 20004 315986
63800 20107 321543 20040 316457
63900 20146 322099 20071 316901
64000 20172 322608 20113 317392
64100 20208 323110 20126 317890
64200 20246 323659 20159 318341
64300 20278 324172 20188 318828
64400 20301 324655 20212 319345
64500 20324 325155 20241 319845
64600 20355 325709 20263 320291
64700 20391 326241 20297 320759
64800 20429 326770 20328 321230
64900 20464 327261 20361 321739
65000 20500 327731 20394 322269
65100 20522 328234 20430 322766
65200 20560 328751 20461 323249
65300 20592 329243 20495 323757
65400 20612 329735 20524 324265
65500 20636 330242 20556 324758
65600 20668 330748 20583 325252
65700 20696 331256 20601 325744
65800 20725 331746 20627 326254
65900 20762 332276 20652 326724
66000 20786 332779 20688 327221
66100 20821 333294 20715 327706
66200 20852 333841 20753 328159
66300 20892 334387 20793 328613
66400 20918 334884 20827 329116
66500 20953 335356 20864 329644
66600 20993 335833 20903 330167
66700 21015 336264 20927 330736
66800 21044 336681 20954 331319
66900 21070 337170 20993 331830
67000 21102 337709 21027 332291
67100 21134 338191 21058 332809
67200 21167 338643 21096 333357
67300 21184 339208 21120 333792
67400 21217 339768 21148 334232
67500 21249 340350 21170 334650
67600 21274 340848 21191 335152
67700 21309 341418 21225 335582
67800 21344 341924 21257 336076
67900 21374 342406 21288 336594
68000 21400 342858 21313 337142
68100 21425 343349 21332 337651
68200 21455 343826 21359 338174
68300 21482 344330 21389 338670
68400 21511 344822 21420 339178
68500 21543 345274 21455 339726
68600 21568 345762 21487 340238
68700 21599 346300 21513 340700
68800 21625 346780 21537 341220
68900 21651 347296 21561 341704
69000 21687 347841 21587 342159
69100 21714 348340 21627 342660
69200 21750 348850 21661 343150
69300 21772 349384 21686 343616
69400 21801 349913 21718 344087
69500 21833 350445 21753 344555
69600 21865 350936 21787 345064
69700 21893 351415 21824 345585
69800 21922 351903 21863 346097
69900 21956 352430 21894 346570
70000 21981 352944 21934 347056
70100 22008 353466 21968 347534
70200 22038 353975 21992 348025
70300 22067 354492 22025 348508
70400 22093 354968 22049 349032
70500 22120 355494 22071 349506
70600 22144 355976 22101 350024
70700 22169 356482 22127 350518
70800 22204 356963 22161 351037
70900 22223 357434 22186 351566
71000 22256 357919 22226 352081
71100 22272 358438 22258 352562
71200 22295 358930 22283 353070
71300 22337 359421 22308 353579
71400 22379 359922 22341 354078
71500 22412 360396 22371 354604
71600 22447 360902 22410 355098
71700 22480 361412 22442 355588
71800 22529 361927 22479 356073
71900 22563 362404 22512 356596
72000 22601 362927 22547 357073
72100 22620 363451 22578 357549
72200 22649 363950 22614 358050
72300 22686 364463 22651 358537
72400 22709 364949 22677 359051
72500 22749 365457 22709 359543
72600 22772 365981 22744 360019
72700 22794 366485 22767 360515
72800 22833 366978 22804 361022
72900 22868 367471 22831 361529
73000 22901 367974 22867 362026
73100 22926 368467 22902 362533
73200 22957 368989 22935 363011
73300 22987 369447 22966 363553
73400 23011 369967 22996 364033
73500 23041 370447 23026 364553
73600 23070 370949 23051 365051
73700 23096 371462 23079 365538
73800 23137 372010 23111 365990
73900 23164 372521 23149 366479
74000 23209 372986 23183 367014
74100 23244 373489 23218 367511
74200 23287 374001 23256 367999
74300 23322 374517 23290 368483
74400 23362 375066 23323 368934
74500 23396 375614 23354 369386
74600 23425 376126 23393 369874
74700 23463 376628 23416 370372
74800 23500 377118 23457 370882
74900 23534 377620 23489 371380
75000 23555 378112 23521 371888
75100 23576 378625 23551 372375
75200 23610 379107 23584 372893
75300 23645 379668 23609 373332
75400 23678 380146 23631 373854
75500 23710 380650 23666 374350
75600 23743 381103 23693 374897
75700 23776 381635 23731 375365
75800 23805 382122 23773 375878
75900 23845 382697 23807 376303
76000 23873 383219 23837 376781
76100 23895 383740 23867 377260
76200 23922 384247 23893 377753
76300 23961 384792 23929 378208
76400 23984 385329 23961 378671
76500 24008 385837 23995 379163
76600 24034 386358 24025 379642
76700 24064 386864 24055 380136
76800 24095 387388 24079 380612
76900 24122 387903 24117 381097
77000 24153 388394 24146 381606
77100 24181 388916 24174 382084
77200 24212 389395 24206 382605
77300 24248 389880 24249 383120
77400 24277 390361 24275 383639
77500 24296 390898 24307 384102
77600 24316 391410 24333 384590
77700 24342 391905 24358 385095
77800 24372 392423 24389 385577
77900 24399 392934 24420 386066
78000 24431 393414 24453 386586
78100 24466 393913 24492 387087
78200 24496 394410 24523 387590
78300 24526 394876 24558 388124
78400 24563 395332 24596 388668
78500 24601 395826 24621 389174
78600 24627 396295 24651 389705
78700 24654 396795 24684 390205
78800 24688 397248 24709 390752
78900 24723 397722 24748 391278
79000 24753 398215 24775 391785
79100 24790 398750 24804 392250
79200 24817 399255 24831 392745
79300 24843 399782 24872 393218
79400 24872 400291 24910 393709
79500 24903 400811 24936 394189
79600 24938 401296 24964 394704
79700 24980 401770 24997 395230
79800 25015 402271 25021 395729
79900 25035 402752 25038 396248
80000 25056 403216 25074 396784
80100 25077 403711 25096 397289
80200 25101 404198 25131 397802
80300 25139 404684 25163 398316
80400 25162 405189 25200 398811
80500 25189 405704 25237 399296
80600 25236 406213 25279 399787
80700 25272 406710 25307 400290
80800 25310 407202 25330 400798
80900 25345 407703 25369 401297
81000 25374 408199 25398 401801
81100 25418 408670 25434 402330
81200 25464 409162 25461 402838
81300 25490 409652 25485 403348
81400 25514 410106 25511 403894
81500 25544 410593 25537 404407
81600 25579 411074 25568 404926
81700 25604 411632 25602 405368
81800 25634 412109 25630 405891
81900 25660 412582 25670 406418
82000 25705 413063 25703 406937
82100 25741 413575 25733 407425
82200 25778 414107 25762 407893
82300 25807 414591 25796 408409
82400 25848 415155 25831 408845
82500 25873 415635 25862 409365
82600 25900 416155 25890 409845
82700 25932 416690 25924 410310
82800 25961 417176 25948 410824
82900 25990 417651 25973 411349
83000 26023 418176 26010 411824
83100 26056 418704 26041 412296
83200 26079 419254 26070 412746
83300 26110 419801 26106 413199
83400 26141 420309 26142 413691
83500 26180 420791 26183 414209
83600 26211 421288 26214 414712
83700 26239 421771 26240 415229
83800 26271 422314 26278 415686
83900 26301 422826 26311 416174
84000 26325 423309 26338 416691
84100 26364 423756 26366 417244
84200 26392 424265 26391 417735
84300 26422 424732 26427 418268
84400 26455 425273 26452 418727
84500 26480 425753 26478 419247
84600 26509 426244 26512 419756
84700 26529 426736 26542 420264
84800 26552 427242 26573 420758
84900 26575 427739 26596 421261
85000 26611 428270 26634 421730
85100 26652 428786 26664 422214
85200 26685 429290 26680 422710
85300 26706 429789 26701 423211
85400 26727 430318 26721 423682
85500 26753 430815 26758 424185
85600 26783 431322 26793 424678
85700 26820 431815 26823 425185
85800 26850 432331 26846 425669
85900 26873 432780 26877 426220
86000 26915 433290 26910 426710
86100 26947 433807 26936 427193
86200 26966 434310 26953 427690
86300 26999 434797 26986 428203
86400 27031 435280 27021 428720
86500 27058 435785 27056 429215
86600 27095 436267 27087 429733
86700 27126 436751 27115 430249
86800 27148 437239 27146 430761
86900 27185 437781 27170 431219
87000 27207 438308 27189 431692
87100 27239 438896 27228 432104
87200 27267 439436 27251 432564
87300 27290 439917 27272 433083
87400 27324 440467 27310 433533
87500 27351 440955 27346 434045
87600 27382 441503 27379 434497
87700 27410 442030 27408 434970
87800 27437 442525 27431 435475
87900 27463 443020 27467 435980
88000 27479 443536 27492 436464
88100 27506 444010 27516 436990
88200 27533 444544 27541 437456
88300 27553 445006 27566 437994
88400 27585 445531 27600 438469
88500 27614 446045 27623 438955
88600 27639 446515 27653 439485
88700 27668 447026 27679 439974
88800 27698 447589 27697 440411
88900 27737 448090 27724 440910
89000 27766 448561 27767 441439
89100 27788 449021 27796 441979
89200 27807 449498 27816 442502
89300 27847 450014 27855 442986
89400 27880 450564 27892 443436
89500 27924 451089 27920 443911
89600 27959 451581 27950 444419
89700 27983 452054 27975 444946
89800 28022 452604 28004 445396
89900 28050 453119 28027 445881
90000 28073 453640 28066 446360
90100 28107 454102 28092 446898
90200 28140 454607 28121 447393
90300 28173 455120 28156 447880
90400 28209 455616 28183 448384
90500 28238 456137 28206 448863
90600 28273 456644 28242 449356
90700 28299 457146 28270 449854
90800 28331 457643 28297 450357
90900 28359 458179 28324 450821
91000 28396 458678 28347 451322
91100 28436 459177 28370 451823
91200 28461 459693 28409 452307
91300 28485 460228 28439 452772
91400 28516 460756 28473 453244
91500 28543 461276 28498 453724
91600 28570 461769 28523 454231
91700 28611 462257 28554 454743
91800 28645 462735 28587 455265
91900 28686 463219 28613 455781
92000 28709 463744 28633 456256
92100 28736 464274 28656 456726
92200 28769 464785 28690 457215
92300 28791 465245 28729 457755
92400 28825 465770 28760 458230
92500 28858 466318 28799 458682
92600 28882 466857 28834 459143
92700 28915 467359 28878 459641
92800 28936 467910 28910 460090
92900 28955 468412 28943 460588
93000 28998 468924 28970 461076
93100 29032 469444 29008 461556
93200 29075 469962 29045 462038
93300 29110 470455 29074 462545
93400 29153 470984 29105 463016
93500 29185 471493 29139 463507
93600 29217 472026 29170 463974
93700 29243 472545 29197 464455
93800 29272 473067 29234 464933
93900 29295 473551 29256 465449
94000 29323 474028 29293 465972
94100 29353 474561 29327 466439
94200 29379 475056 29362 466944
94300 29412 475581 29390 467419
94400 29444 476042 29424 467958
94500 29475 476587 29467 468413
94600 29503 477123 29499 468877
94700 29536 477639 29532 469361
94800 29572 478160 29564 469840
94900 29601 478691 29591 470309
95000 29624 479209 29610 470791
95100 29656 479711 29643 471289
95200 29694 480278 29677 471722
95300 29725 480784 29702 472216
95400 29757 481262 29721 472738
95500 29789 481832 29746 473168
95600 29819 482337 29778 473663
95700 29846 482837 29808 474163
95800 29874 483356 29829 474644
95900 29902 483827 29860 475173
96000 29931 484260 29899 475740
96100 29952 484766 29931 476234
96200 29986 485274 29957 476726
96300 30010 485772 29994 477228
96400 30037 486279 30026 477721
96500 30065 486779 30065 478221
96600 30096 487316 30095 478684
96700 30126 487781 30116 479219
96800 30160 488303 30148 479697
96900 30206 488761 30181 480239
97000 30232 489228 30196 480772
97100 30261 489721 30229 481279
97200 30296 490161 30254 481839
97300 30334 490706 30281 482294
97400 30364 491216 30301 482784
97500 30392 491722 30331 483278
97600 30431 492211 30366 483789
97700 30462 492723 30390 484277
97800 30501 493281 30417 484719
97900 30528 493849 30442 485151
98000 30557 494327 30469 485673
98100 30595 494827 30502 486173
98200 30622 495336 30530 486664
98300 30653 495863 30567 487137
98400 30684 496378 30592 487622
98500 30719 496897 30620 488103
98600 30749 497393 30648 488607
98700 30781 497946 30670 489054
98800 30830 498458 30704 489542
98900 30870 498948 30743 490052
99000 30893 499446 30766 490554
99100 30922 499960 30804 491040
99200 30954 500456 30843 491544
99300 30987 500930 30868 492070
99400 31011 501475 30893 492525
99500 31048 501974 30928 493026
99600 31078 502465 30964 493535
99700 31107 502950 30999 494050
99800 31138 503438 31028 494562
99900 31168 503999 31069 495001
100000 31204 504512 31104 495488
100100 31231 504994 31141 496006
100200 31265 505455 31168 496545
100300 31307 505948 31197 497052
100400 31338 506475 31225 497525
100500 31365 506983 31254 498017
100600 31402 507494 31284 498506
100700 31425 508004 31317 498996
100800 31468 508516 31340 499484
100900 31506 509090 31373 499910
101000 31540 509618 31402 500382
101100 31561 510104 31431 500896
101200 31588 510601 31458 501399
101300 31615 511132 31481 501868
101400 31643 511592 31525 502408
101500 31668 512111 31557 502889
101600 31702 512604 31578 503396
101700 31731 513141 31601 503859
101800 31767 513637 31631 504363
101900 31800 514124 31667 504876
102000 31831 514645 31694 505355
102100 31860 515111 31718 505889
102200 31890 515596 31757 506404
102300 31920 516081 31777 506919
102400 31957 516573 31807 507427
102500 31987 517061 31836 507939
102600 32018 517583 31861 508417
102700 32059 518144 31884 508856
102800 32094 518653 31924 509347
102900 32129 519126 31954 509874
103000 32156 519665 31987 510335
103100 32203 520156 32028 510844
103200 32231 520625 32058 511375
103300 32253 521160 32090 511840
103400 32295 521661 32116 512339
103500 32339 522151 32161 512849
103600 32366 522653 32195 513347
103700 32403 523178 32230 513822
103800 32443 523661 32266 514339
103900 32472 524178 32298 514822
104000 32513 524686 32330 515314
104100 32542 525155 32363 515845
104200 32569 525630 32394 516370
104300 32605 526178 32421 516822
104400 32642 526737 32468 517263
104500 32676 527201 32498 517799
104600 32722 527715 32534 518285
104700 32751 528176 32567 518824
104800 32777 528673 32597 519327
104900 32807 529187 32638 519813
105000 32830 529721 32672 520279
105100 32864 530205 32714 520795
105200 32892 530714 32744 521286
105300 32921 531206 32764 521794
105400 32949 531724 32785 522276
105500 32985 532275 32822 522725
105600 33014 532799 32856 523201
105700 33048 533264 32894 523736
105800 33078 533807 32925 524193
105900 33109 534267 32958 524733
106000 33131 534763 32979 525237
106100 33157 535280 33011 525720
106200 33195 535804 33040 526196
106300 33218 536252 33071 526748
106400 33256 536751 33115 527249
106500 33280 537225 33152 527775
106600 33312 537731 33177 528269
106700 33336 538214 33211 528786
106800 33382 538686 33239 529314
106900 33403 539158 33264 529842
107000 33433 539646 33296 530354
107100 33461 540175 33335 530825
107200 33500 540682 33366 531318
107300 33529 541190 33398 531810
107400 33554 541703 33438 532297
107500 33579 542232 33462 532768
107600 33602 542681 33500 533319
107700 33633 543168 33533 533832
107800 33670 543693 33573 534307
107900 33693 544222 33599 534778
108000 33726 544719 33631 535281
108100 33759 545217 33650 535783
108200 33777 545700 33671 536300
108300 33810 546226 33703 536774
108400 33842 546701 33730 537299
108500 33875 547209 33755 537791
108600 33906 547700 33790 538300
108700 33935 548175 33817 538825
108800 33975 548643 33849 539357
108900 34012 549124 33867 539876
109000 34044 549654 33897 540346
109100 34072 550179 33930 540821
109200 34102 550685 33962 541315
109300 34134 551248 33988 541752
109400 34173 551733 34020 542267
109500 34201 552248 34048 542752
109600 34232 552775 34084 543225
109700 34259 553280 34116 543720
109800 34283 553803 34149 544197
109900 34309 554343 34178 544657
110000 34348 554821 34209 545179
110100 34379 555322 34236 545678
110200 34414 555789 34268 546211
110300 34450 556256 34292 546744
110400 34481 556724 34327 547276
110500 34520 557239 34359 547761
110600 34539 557790 34390 548210
110700 34568 558303 34436 548697
110800 34592 558830 34467 549170
110900 34620 559337 34489 549663
111000 34667 559849 34527 550151
111100 34700 560357 34559 550643
111200 34722 560918 34584 551082
111300 34752 561455 34621 551545
111400 34778 561971 34651 552029
111500 34803 562452 34676 552548
111600 34845 562994 34714 553006
111700 34869 563470 34731 553530
111800 34903 564018 34761 553982
111900 34934 564568 34795 554432
112000 34964 565075 34829 554925
112100 34982 565624 34852 555376
112200 35016 566155 34875 555845
112300 35041 566637 34908 556363
112400 35066 567156 34934 556844
112500 35095 567650 34962 557350
112600 35127 568164 34986 557836
112700 35148 568692 35016 558308
112800 35168 569182 35042 558818
112900 35187 569690 35065 559310
113000 35217 570220 35088 559780
113100 35261 570719 35107 560281
113200 35296 571203 35139 560797
113300 35324 571715 35168 561285
113400 35353 572157 35202 561843
113500 35374 572655 35232 562345
113600 35399 573170 35262 562830
113700 35426 573629 35293 563371
113800 35460 574107 35325 563893
113900 35495 574631 35355 564369
114000 35510 575163 35384 564837
114100 35556 575689 35418 565311
114200 35593 576185 35439 565815
114300 35615 576716 35468 566284
114400 35643 577231 35495 566769
114500 35682 577687 35518 567313
114600 35710 578203 35549 567797
114700 35735 578708 35572 568292
114800 35773 579215 35604 568785
114900 35811 579698 35633 569302
115000 35838 580215 35661 569785
115100 35869 580740 35688 570260
115200 35899 581274 35726 570726
115300 35922 581763 35760 571237
115400 35954 582224 35794 571776
115500 35977 582759 35824 572241
115600 35993 583249 35854 572751
115700 36033 583770 35881 573230
115800 36062 584265 35913 573735
115900 36101 584779 35936 574221
116000 36140 585270 35967 574730
116100 36168 585736 36000 575264
116200 36203 586231 36036 575769
116300 36230 586732 36066 576268
116400 36275 587259 36089 576741
116500 36300 587755 36121 577245
116600 36330 588239 36153 577761
116700 36367 588719 36185 578281
116800 36394 589214 36218 578786
116900 36429 589751 36248 579249
117000 36457 590245 36274 579755
117100 36500 590753 36315 580247
117200 36524 591250 36350 580750
117300 36549 591782 36377 581218
117400 36574 592296 36412 581704
117500 36616 592786 36444 582214
117600 36657 593276 36469 582724
117700 36699 593802 36511 583198
117800 36737 594380 36537 583620
117900 36770 594901 36573 584099
118000 36806 595457 36612 584543
118100 36835 596011 36643 584989
118200 36866 596511 36678 585489
118300 36904 596976 36721 586024
118400 36925 597443 36748 586557
118500 36969 597910 36783 587090
118600 37002 598383 36802 587617
118700 37035 598897 36835 588103
118800 37060 599423 36864 588577
118900 37091 599890 36887 589110
119000 37121 600398 36918 589602
119100 37154 600903 36936 590097
119200 37182 601462 36977 590538
119300 37206 601979 36997 591021
119400 37236 602428 37019 591572
119500 37263 602940 37049 592060
119600 37284 603491 37084 592509
119700 37316 604014 37115 592986
119800 37343 604562 37148 593438
119900 37369 605090 37181 593910
120000 37402 605602 37218 594398
120100 37428 606123 37246 594877
120200 37463 606632 37278 595368
120300 37495 607168 37298 595832
120400 37532 607671 37321 596329
120500 37557 608223 37354 596777
120600 37588 608726 37380 597274
120700 37633 609260 37412 597740
120800 37672 609748 37447 598252
120900 37703 610273 37475 598727
121000 37734 610835 37510 599165
121100 37773 611385 37542 599615
121200 37815 611877 37566 600123
121300 37840 612423 37594 600577
121400 37868 612913 37620 601087
121500 37888 613407 37643 601593
121600 37930 613891 37686 602109
121700 37955 614362 37718 602638
121800 37984 614855 37739 603145
121900 38008 615377 37779 603623
122000 38046 615865 37819 604135
122100 38069 616387 37850 604613
122200 38100 616933 37874 605067
122300 38137 617432 37908 605568
122400 38173 617930 37938 606070
122500 38206 618435 37969 606565
122600 38242 618892 38007 607108
122700 38267 619383 38049 607617
122800 38298 619919 38090 608081
122900 38329 620408 38114 608592
123000 38368 620916 38139 609084
123100 38397 621448 38174 609552
123200 38423 621917 38203 610083
123300 38464 622438 38237 610562
123400 38494 622931 38270 611069
123500 38529 623443 38304 611557
123600 38560 623952 38340 612048
123700 38586 624420 38378 612580
123800 38617 624914 38411 613086
123900 38659 625411 38443 613589
124000 38685 625929 38472 614071
124100 38714 626422 38503 614578
124200 38745 626940 38540 615060
124300 38776 627427 38570 615573
124400 38803 627958 38603 616042
124500 38838 628429 38636 616571
124600 38870 628933 38664 617067
124700 38898 629397 38684 617603
124800 38928 629873 38709 618127
124900 38960 630366 38739 618634
125000 38993 630867 38771 619133
125100 39021 631345 38798 619655
125200 39046 631832 38822 620168
125300 39079 632381 38858 620619
125400 39113 632893 38895 621107
125500 39145 633385 38934 621615
125600 39171 633863 38962 622137
125700 39198 634378 38997 622622
125800 39226 634914 39025 623086
125900 39261 635434 39058 623566
126000 39291 635901 39098 624099
126100 39321 636436 39126 624564
126200 39367 636953 39164 625047
126300 39397 637450 39197 625550
126400 39429 637946 39224 626054
126500 39467 638465 39251 626535
126600 39492 639015 39276 626985
126700 39532 639515 39300 627485
126800 39558 640103 39331 627897
126900 39591 640591 39360 628409
127000 39630 641145 39392 628855
127100 39654 641657 39424 629343
127200 39681 642155 39455 629845
127300 39715 642636 39481 630364
127400 39741 643117 39510 630883
127500 39766 643584 39546 631416
127600 39807 644087 39585 631913
127700 39841 644613 39606 632387
127800 39875 645127 39630 632873
127900 39908 645631 39658 633369
128000 39932 646105 39684 633895
128100 39965 646645 39713 634355
128200 39997 647161 39742 634839
128300 40030 647642 39773 635358
128400 40057 648149 39801 635851
128500 40095 648684 39827 636316
128600 40123 649171 39862 636829
128700 40152 649683 39884 637317
128800 40182 650223 39912 637777
128900 40221 650729 39944 638271
129000 40252 651271 39970 638729
129100 40285 651787 39998 639213
129200 40323 652304 40036 639696
129300 40358 652788 40072 640212
129400 40388 653293 40097 640707
129500 40413 653824 40126 641176
129600 40438 654340 40162 641660
129700 40468 654770 40192 642230
129800 40501 655296 40222 642704
129900 40523 655822 40255 643178
130000 40553 656317 40290 643683
130100 40588 656806 40316 644194
130200 40616 657341 40353 644659
130300 40650 657874 40388 645126
130400 40687 658360 40419 645640
130500 40728 658846 40454 646154
130600 40755 659419 40483 646581
130700 40788 659914 40505 647086
130800 40825 660456 40541 647544
130900 40851 660978 40566 648022
131000 40872 661473 40593 648527
131100 40909 661936 40630 649064
131200 40936 662454 40656 649546
131300 40974 662945 40689 650055
131400 41009 663440 40721 650560
131500 41041 663932 40752 651068
131600 41073 664475 40780 651525
131700 41106 665000 40807 652000
131800 41144 665489 40836 652511
131900 41171 666021 40865 652979
132000 41201 666472 40894 653528
132100 41238 667000 40928 654000
132200 41271 667544 40963 654456
132300 41293 668033 40986 654967
132400 41314 668541 41009 655459
132500 41337 669073 41042 655927
132600 41374 669595 41077 656405
132700 41400 670084 41112 656916
132800 41422 670596 41150 657404
132900 41461 671104 41184 657896
133000 41489 671612 41212 658388
133100 41517 672157 41261 658843
133200 41546 672614 41292 659386
133300 41569 673153 41321 659847
133400 41600 673649 41355 660351
133500 41624 674133 41390 660867
133600 41656 674690 41427 661310
133700 41691 675210 41457 661790
133800 41718 675687 41484 662313
133900 41757 676170 41515 662830
134000 41797 676710 41561 663290
134100 41826 677198 41591 663802
134200 41843 677694 41618 664306
134300 41871 678216 41640 664784
134400 41910 678746 41676 665254
134500 41945 679281 41709 665719
134600 41983 679788 41740 666212
134700 42021 680305 41773 666695
134800 42054 680816 41793 667184
134900 42089 681326 41828 667674
135000 42113 681845 41861 668155
135100 42130 682320 41885 668680
135200 42166 682844 41913 669156
135300 42204 683315 41940 669685
135400 42237 683826 41969 670174
135500 42263 684291 41999 670709
135600 42296 684831 42030 671169
135700 42334 685298 42059 671702
135800 42361 685770 42093 672230
135900 42387 686236 42123 672764
136000 42424 686720 42147 673280
136100 42460 687219 42185 673781
136200 42489 687748 42212 674252
136300 42520 688250 42248 674750
136400 42558 688711 42273 675289
136500 42582 689138 42301 675862
136600 42604 689595 42332 676405
136700 42631 690087 42355 676913
136800 42661 690579 42386 677421
136900 42689 691066 42411 677934
137000 42718 691560 42449 678440
137100 42753 692018 42478 678982
137200 42787 692504 42501 679496
137300 42814 692951 42525 680049
137400 42850 693486 42544 680514
137500 42883 694021 42569 680979
137600 42927 694574 42597 681426
137700 42966 695084 42628 681916
137800 43004 695575 42660 682425
137900 43040 696057 42701 682943
138000 43074 696580 42727 683420
138100 43099 697052 42767 683948
138200 43124 697523 42802 684477
138300 43145 698029 42831 684971
138400 43183 698538 42864 685462
138500 43215 699013 42882 685987
138600 43255 699527 42916 686473
138700 43285 699978 42942 687022
138800 43320 700497 42979 687503
138900 43341 701002 42999 687998
139000 43370 701495 43039 688505
139100 43406 702024 43073 688976
139200 43447 702474 43106 689526
139300 43484 702982 43146 690018
139400 43505 703520 43177 690480
139500 43541 704029 43201 690971
139600 43565 704529 43224 691471
139700 43597 705056 43256 691944
139800 43628 705559 43287 692441
139900 43657 706087 43313 692913
140000 43702 706635 43344 693365
140100 43730 707183 43377 693817
140200 43762 707685 43401 694315
140300 43789 708196 43429 694804
140400 43817 708705 43449 695295
140500 43844 709228 43482 695772
140600 43875 709709 43501 696291
140700 43901 710192 43531 696808
140800 43937 710700 43553 697300
140900 43965 711205 43590 697795
141000 43996 711700 43615 698300
141100 44024 712191 43649 698809
141200 44058 712712 43679 699288
141300 44087 713183 43706 699817
141400 44114 713657 43735 700343
141500 44143 714116 43755 700884
141600 44169 714626 43787 701374
141700 44208 715135 43816 701865
141800 44236 715640 43844 702360
141900 44262 716160 43869 702840
142000 44299 716693 43898 703307
142100 44328 717240 43928 703760
142200 44356 717800 43962 704200
142300 44389 718286 43991 704714
142400 44416 718801 44026 705199
142500 44438 719312 44055 705688
142600 44475 719815 44079 706185
142700 44501 720313 44102 706687
142800 44525 720838 44132 707162
142900 44557 721374 44164 707626
143000 44586 721939 44195 708061
143100 44621 722395 44225 708605
143200 44657 722925 44254 709075
143300 44697 723431 44281 709569
143400 44726 723886 44307 710114
143500 44764 724383 44342 710617
143600 44796 724870 44376 711130
143700 44826 725393 44405 711607
143800 44851 725956 44430 712044
143900 44873 726468 44459 712532
144000 44893 726991 44484 713009
144100 44922 727453 44515 713547
144200 44947 728009 44558 713991
144300 44992 728574 44584 714426
144400 45025 729054 44614 714946
144500 45048 729584 44656 715416
144600 45079 730054 44687 715946
144700 45110 730578 44715 716422
144800 45137 731078 44745 716922
144900 45166 731604 44774 717396
145000 45195 732125 44808 717875
145100 45219 732613 44833 718387
145200 45242 733123 44858 718877
145300 45276 733658 44896 719342
145400 45306 734163 44922 719837
145500 45328 734701 44952 720299
145600 45358 735226 44991 720774
145700 45389 735742 45014 721258
145800 45414 736264 45044 721736
145900 45453 736763 45076 722237
146000 45484 737294 45105 722706
146100 45509 737817 45130 723183
146200 45546 738315 45152 723685
146300 45581 738788 45181 724212
146400 45599 739333 45211 724667
146500 45635 739821 45244 725179
146600 45670 740351 45282 725649
146700 45697 740832 45306 726168
146800 45721 741336 45337 726664
146900 45756 741828 45362 727172
147000 45785 742339 45402 727661
147100 45818 742870 45431 728130
147200 45846 743373 45460 728627
147300 45872 743865 45493 729135
147400 45908 744369 45530 729631
147500 45933 744907 45558 730093
147600 45962 745408 45590 730592
147700 45993 745933 45623 731067
147800 46025 746420 45646 731580
147900 46049 746926 45676 732074
148000 46080 747434 45712 732566
148100 46106 747936 45740 733064
148200 46134 748435 45768 733565
148300 46159 748871 45811 734129
148400 46198 749408 45849 734592
148500 46225 749902 45877 735098
148600 46251 750419 45904 735581
148700 46285 750913 45931 736087
148800 46317 751420 45966 736580
148900 46341 751902 45997 737098
149000 46370 752436 46022 737564
149100 46390 752973 46042 738027
149200 46417 753441 46068 738559
149300 46443 753929 46089 739071
149400 46468 754467 46114 739533
149500 46497 755011 46142 739989
149600 46533 755521 46187 740479
149700 46559 756023 46228 740977
149800 46591 756504 46264 741496
149900 46618 757006 46291 741994
150000 46646 757522 46320 742478
150100 46673 757958 46353 743042
150200 46697 758454 46379 743546
150300 46731 758979 46399 744021
150400 46764 759454 46424 744546
150500 46790 759952 46450 745048
150600 46818 760492 46483 745508
150700 46851 760969 46514 746031
150800 46887 761471 46542 746529
150900 46928 761957 46577 747043
151000 46945 762550 46605 747450
151100 46976 763017 46630 747983
151200 46996 763545 46655 748455
151300 47029 764040 46675 748960
151400 47058 764535 46707 749465
151500 47077 765040 46735 749960
151600 47106 765522 46763 750478
151700 47131 766014 46794 750986
151800 47163 766453 46828 751547
151900 47195 767025 46856 751975
152000 47224 767579 46889 752421
152100 47248 768082 46921 752918
152200 47280 768594 46954 753406
152300 47322 769099 46987 753901
152400 47343 769603 47021 754397
152500 47372 770049 47050 754951
152600 47395 770524 47079 755476
152700 47420 770993 47098 756007
152800 47451 771472 47128 756528
152900 47486 771983 47172 757017
153000 47512 772526 47196 757474
153100 47545 773050 47225 757950
153200 47593 773579 47259 758421
153300 47625 774061 47287 758939
153400 47649 774561 47313 759439
153500 47668 775012 47344 759988
153600 47702 775528 47380 760472
153700 47730 776053 47416 760947
153800 47757 776520 47440 761480
153900 47785 777069 47477 761931
154000 47813 777581 47510 762419
154100 47852 778059 47539 762941
154200 47897 778559 47580 763441
154300 47928 779044 47619 763956
154400 47966 779521 47657 764479
154500 47996 780061 47686 764939
154600 48024 780572 47710 765428
154700 48052 781047 47737 765953
154800 48086 781555 47758 766445
154900 48104 782136 47781 766864
155000 48143 782614 47813 767386
155100 48178 783069 47852 767931
155200 48207 783584 47878 768416
155300 48241 784038 47909 768962
155400 48273 784546 47939 769454
155500 48302 785095 47977 769905
155600 48329 785633 48006 770367
155700 48364 786128 48041 770872
155800 48401 786642 48070 771358
155900 48434 787102 48101 771898
156000 48463 787581 48138 772419
156100 48499 788050 48166 772950
156200 48528 788549 48198 773451
156300 48558 789051 48217 773949
156400 48594 789515 48241 774485
156500 48629 789995 48268 775005
156600 48662 790488 48295 775512
156700 48692 790978 48318 776022
156800 48735 791517 48343 776483
156900 48769 792005 48385 776995
157000 48800 792468 48406 777532
157100 48831 792967 48435 778033
157200 48856 793469 48473 778531
157300 48889 793992 48509 779008
157400 48917 794477 48524 779523
157500 48948 794958 48550 780042
157600 48974 795439 48580 780561
157700 49002 795939 48608 781061
157800 49032 796498 48633 781502
157900 49074 797034 48668 781966
158000 49099 797539 48695 782461
158100 49128 797977 48729 783023
158200 49164 798500 48759 783500
158300 49196 798981 48790 784019
158400 49232 799498 48821 784502
158500 49265 800000 48847 785000
158600 49288 800481 48878 785519
158700 49321 801014 48908 785986
158800 49342 801513 48943 786487
158900 49370 802040 48966 786960
159000 49397 802525 49000 787475
159100 49434 803001 49028 787999
159200 49465 803495 49058 788505
159300 49487 804054 49086 788946
159400 49507 804543 49117 789457
159500 49534 805067 49143 789933
159600 49568 805575 49179 790425
159700 49595 806084 49203 790916
159800 49620 806556 49237 791444
159900 49669 807061 49268 791939
160000 49707 807550 49293 792450
160100 49736 808045 49322 792955
160200 49774 808537 49351 793463
160300 49802 809022 49382 793978
160400 49830 809492 49418 794508
160500 49864 810014 49443 794986
160600 49898 810483 49477 795517
160700 49926 811007 49498 795993
160800 49956 811510 49526 796490
160900 49983 812019 49550 796981
161000 50006 812514 49581 797486
161100 50034 812985 49611 798015
161200 50059 813463 49643 798537
161300 50083 813958 49669 799042
161400 50108 814491 49702 799509
161500 50138 815001 49744 799999
161600 50163 815532 49772 800468
161700 50194 816068 49794 800932
161800 50226 816553 49814 801447
161900 50252 817086 49843 801914
162000 50282 817600 49869 802400
162100 50322 818096 49906 802904
162200 50357 818570 49944 803430
162300 50386 819121 49975 803879
162400 50412 819626 50006 804374
162500 50442 820173 50037 804827
162600 50477 820668 50075 805332
162700 50502 821158 50109 805842
162800 50535 821679 50136 806321
162900 50572 822161 50167 806839
163000 50605 822645 50185 807355
163100 50646 823141 50225 807859
163200 50678 823646 50257 808354
163300 50714 824181 50282 808819
163400 50740 824675 50303 809325
163500 50771 825217 50321 809783
163600 50814 825706 50346 810294
163700 50848 826248 50381 810752
163800 50873 826791 50405 811209
163900 50906 827272 50433 811728
164000 50945 827762 50482 812238
164100 50974 828291 50507 812709
164200 51005 828751 50531 813249
164300 51037 829286 50561 813714
164400 51078 829799 50593 814201
164500 51113 830390 50634 814610
164600 51140 830922 50664 815078
164700 51169 831454 50694 815546
164800 51215 832014 50726 815986
164900 51243 832523 50754 816477
165000 51264 832991 50788 817009
165100 51289 833481 50828 817519
165200 51319 833951 50857 818049
165300 51354 834476 50893 818524
165400 51392 834988 50935 819012
165500 51415 835535 50956 819465
165600 51444 836057 50987 819943
165700 51482 836550 51023 820450
165800 51510 837010 51051 820990
165900 51528 837488 51077 821512
166000 51545 838011 51107 821989
166100 51581 838458 51139 822542
166200 51605 838948 51161 823052
166300 51640 839446 51192 823554
166400 51666 839890 51218 824110
166500 51697 840402 51254 824598
166600 51736 840934 51289 825066
166700 51764 841428 51326 825572
166800 51797 841882 51358 826118
166900 51820 842350 51382 826650
167000 51846 842810 51406 827190
167100 51879 843281 51431 827719
167200 51907 843812 51459 828188
167300 51941 844336 51496 828664
167400 51977 844880 51531 829120
167500 52005 845372 51561 829628
167600 52044 845862 51588 830138
167700 52081 846355 51626 830645
167800 52109 846795 51663 831205
167900 52157 847300 51707 831700
168000 52193 847797 51733 832203
168100 52216 848262 51766 832738
168200 52245 848731 51797 833269
168300 52275 849249 51833 833751
168400 52305 849729 51861 834271
168500 52337 850221 51888 834779
168600 52390 850711 51919 835289
168700 52426 851260 51955 835740
168800 52466 851768 51997 836232
168900 52498 852269 52027 836731
169000 52525 852760 52057 837240
169100 52552 853253 52087 837747
169200 52600 853783 52118 838217
169300 52643 854320 52154 838680
169400 52678 854764 52195 839236
169500 52700 855239 52231 839761
169600 52731 855744 52259 840256
169700 52760 856295 52289 840705
169800 52797 856805 52328 841195
169900 52821 857288 52354 841712
170000 52856 857800 52389 842200
170100 52883 858301 52434 842699
170200 52903 858788 52463 843212
170300 52925 859333 52496 843667
170400 52960 859823 52523 844177
170500 53001 860348 52554 844652
170600 53027 860813 52583 845187
170700 53052 861321 52603 845679
170800 53088 861826 52639 846174
170900 53115 862387 52664 846613
171000 53151 862874 52691 847126
171100 53185 863410 52729 847590
171200 53226 863885 52761 848115
171300 53268 864347 52788 848653
171400 53305 864817 52814 849183
171500 53329 865339 52847 849661
171600 53367 865859 52878 850141
171700 53393 866356 52903 850644
171800 53424 866907 52937 851093
171900 53449 867410 52962 851590
172000 53480 867959 52995 852041
172100 53513 868466 53030 852534
172200 53538 868995 53054 853005
172300 53562 869497 53078 853503
172400 53595 870009 53102 853991
172500 53630 870481 53140 854519
172600 53660 871001 53177 854999
172700 53682 871527 53209 855473
172800 53710 872031 53241 855969
172900 53741 872560 53273 856440
173000 53764 873038 53299 856962
173100 53799 873575 53335 857425
173200 53835 874111 53362 857889
173300 53872 874592 53392 858408
173400 53894 875041 53412 858959
173500 53922 875523 53439 859477
173600 53941 876003 53478 859997
173700 53972 876491 53502 860509
173800 54001 877009 53534 860991
173900 54035 877505 53556 861495
174000 54071 878021 53590 861979
174100 54107 878529 53623 862471
174200 54132 879048 53660 862952
174300 54170 879533 53696 863467
174400 54190 880049 53726 863951
174500 54217 880542 53751 864458
174600 54252 881040 53788 864960
174700 54285 881567 53817 865433
174800 54313 882078 53854 865922
174900 54346 882577 53884 866423
175000 54368 883080 53907 866920
175100 54403 883607 53936 867393
175200 54439 884155 53967 867845
175300 54469 884690 53999 868310
175400 54497 885144 54040 868856
175500 54539 885653 54065 869347
175600 54565 886178 54099 869822
175700 54595 886653 54126 870347
175800 54629 887125 54158 870875
175900 54655 887562 54191 871438
176000 54678 888036 54223 871964
176100 54709 888583 54262 872417
176200 54738 889064 54294 872936
176300 54772 889588 54330 873412
176400 54804 890060 54360 873940
176500 54829 890560 54382 874440
176600 54851 891036 54420 874964
176700 54889 891574 54453 875426
176800 54930 892076 54490 875924
176900 54962 892585 54530 876415
177000 54988 893092 54550 876908
177100 55022 893609 54576 877391
177200 55062 894118 54611 877882
177300 55087 894598 54642 878402
177400 55115 895081 54680 878919
177500 55153 895570 54702 879430
177600 55190 896118 54726 879882
177700 55225 896597 54764 880403
177800 55251 897102 54799 880898
177900 55283 897633 54827 881367
178000 55322 898161 54851 881839
178100 55354 898697 54889 882303
178200 55388 899214 54930 882786
178300 55418 899745 54961 883255
178400 55440 900242 54989 883758
178500 55465 900769 55014 884231
178600 55495 901273 55042 884727
178700 55527 901800 55069 885200
178800 55558 902329 55102 885671
178900 55596 902805 55134 886195
179000 55628 903306 55159 886694
179100 55648 903824 55177 887176
179200 55686 904336 55215 887664
179300 55714 904847 55241 888153
179400 55744 905344 55265 888656
179500 55785 905840 55302 889160
179600 55820 906337 55326 889663
179700 55853 906783 55356 890217
179800 55874 907227 55383 890773
179900 55900 907772 55411 891228
180000 55940 908301 55445 891699
180100 55973 908803 55475 892197
180200 55997 909307 55502 892693
180300 56029 909776 55519 893224
180400 56059 910283 55557 893717
180500 56091 910764 55580 894236
180600 56121 911291 55612 894709
180700 56148 911834 55645 895166
180800 56174 912314 55673 895686
180900 56218 912790 55712 896210
181000 56252 913291 55740 896709
181100 56288 913734 55770 897266
181200 56317 914240 55804 897760
181300 56362 914720 55832 898280
181400 56390 915248 55862 898752
181500 56423 915771 55886 899229
181600 56448 916294 55918 899706
181700 56473 916785 55952 900215
181800 56517 917327 55985 900673
181900 56540 917803 56008 901197
182000 56567 918277 56034 901723
182100 56596 918775 56063 902225
182200 56631 919284 56091 902716
182300 56658 919813 56122 903187
182400 56697 920363 56158 903637
182500 56729 920859 56191 904141
182600 56758 921405 56218 904595
182700 56786 921934 56255 905066
182800 56821 922413 56284 905587
182900 56851 922903 56313 906097
183000 56881 923434 56348 906566
183100 56908 923919 56376 907081
183200 56924 924436 56408 907564
183300 56945 924903 56446 908097
183400 56982 925403 56481 908597
183500 57013 925888 56509 909112
183600 57048 926395 56534 909605
183700 57075 926927 56559 910073
183800 57097 927456 56595 910544
183900 57125 927936 56627 911064
184000 57156 928464 56661 911536
184100 57189 928949 56687 912051
184200 57216 929475 56717 912525
184300 57248 929973 56742 913027
184400 57276 930490 56772 913510
184500 57310 930978 56799 914022
184600 57352 931485 56833 914515
184700 57383 931991 56861 915009
184800 57417 932517 56896 915483
184900 57448 932976 56927 916024
185000 57489 933456 56947 916544
185100 57512 933948 56981 917052
185200 57539 934485 57009 917515
185300 57568 935001 57040 917999
185400 57609 935522 57077 918478
185500 57656 936034 57113 918966
185600 57686 936551 57140 919449
185700 57716 937046 57176 919954
185800 57741 937560 57210 920440
185900 57779 938089 57242 920911
186000 57815 938617 57275 921383
186100 57849 939160 57301 921840
186200 57885 939677 57333 922323
186300 57911 940170 57357 922830
186400 57953 940680 57386 923320
186500 57983 941211 57411 923789
186600 58019 941742 57436 924258
186700 58050 942297 57470 924703
186800 58081 942839 57501 925161
186900 58111 943351 57528 925649
187000 58143 943883 57558 926117
187100 58170 944382 57587 926618
187200 58186 944894 57623 927106
187300 58214 945426 57664 927574
187400 58241 945901 57692 928099
187500 58275 946472 57735 928528
187600 58310 946989 57766 929011
187700 58341 947471 57798 929529
187800 58386 947990 57827 930010
187900 58415 948502 57868 930498
188000 58441 949006 57907 930994
188100 58471 949488 57938 931512
188200 58509 949960 57970 932040
188300 58542 950483 58004 932517
188400 58578 950984 58042 933016
188500 58607 951487 58075 933513
188600 58635 951995 58107 934005
188700 58671 952482 58134 934518
188800 58709 953017 58162 934983
188900 58747 953569 58193 935431
189000 58782 954064 58230 935936
189100 58818 954542 58270 936458
189200 58850 955060 58303 936940
189300 58880 955592 58333 937408
189400 58912 956102 58361 937898
189500 58945 956647 58383 938353
189600 58966 957119 58416 938881
189700 58998 957605 58447 939395
189800 59023 958135 58482 939865
189900 59061 958619 58511 940381
190000 59082 959131 58541 940869
190100 59108 959624 58571 941376
190200 59148 960154 58613 941846
190300 59174 960712 58638 942288
190400 59210 961204 58671 942796
190500 59239 961710 58699 943290
190600 59262 962212 58730 943788
190700 59291 962741 58751 944259
190800 59324 963220 58784 944780
190900 59363 963731 58820 945269
191000 59392 964274 58848 945726
191100 59422 964803 58878 946197
191200 59461 965269 58907 946731
191300 59489 965755 58937 947245
191400 59515 966227 58975 947773
191500 59547 966696 59007 948304
191600 59587 967205 59040 948795
191700 59613 967695 59068 949305
191800 59646 968178 59095 949822
191900 59680 968673 59126 950327
192000 59716 969187 59161 950813
192100 59749 969704 59197 951296
192200 59782 970210 59230 951790
192300 59825 970720 59266 952280
192400 59858 971205 59290 952795
192500 59904 971688 59328 953312
192600 59933 972248 59358 953752
192700 59966 972734 59390 954266
192800 60004 973292 59424 954708
192900 60025 973787 59454 955213
193000 60059 974297 59489 955703
193100 60089 974815 59514 956185
193200 60125 975289 59540 956711
193300 60156 975811 59570 957189
193400 60185 976336 59605 957664
193500 60206 976861 59627 958139
193600 60236 977400 59655 958600
193700 60272 977896 59685 959104
193800 60302 978406 59718 959594
193900 60334 978896 59752 960104
194000 60368 979417 59788 960583
194100 60403 979949 59824 961051
194200 60432 980479 59851 961521
194300 60463 980980 59890 962020
194400 60497 981523 59922 962477
194500 60534 982023 59958 962977
194600 60567 982588 59990 963412
194700 60606 983091 60018 963909
194800 60634 983605 60050 964395
194900 60660 984115 60080 964885
195000 60687 984615 60098 965385
195100 60720 985121 60129 965879
195200 60742 985610 60166 966390
195300 60770 986135 60197 966865
195400 60806 986633 60227 967367
195500 60826 987131 60255 967869
195600 60857 987633 60287 968367
195700 60895 988116 60328 968884
195800 60933 988632 60360 969368
195900 60963 989145 60384 969855
196000 61002 989663 60426 970337
196100 61026 990165 60457 970835
196200 61055 990677 60496 971323
196300 61083 991233 60526 971767
196400 61111 991765 60548 972235
196500 61139 992289 60581 972711
196600 61183 992820 60605 973180
196700 61215 993306 60629 973694
196800 61242 993761 60659 974239
196900 61276 994274 60693 974726
197000 61300 994824 60726 975176
197100 61329 995328 60761 975672
197200 61353 995844 60793 976156
197300 61384 996363 60817 976637
197400 61410 996898 60852 977102
197500 61440 997402 60871 977598
197600 61478 997923 60908 978077
197700 61505 998396 60938 978604
197800 61536 998855 60961 979145
197900 61569 999371 60995 979629
198000 61604 999859 61025 980141
198100 61637 1000369 61045 980631
198200 61662 1000838 61074 981162
198300 61685 1001317 61090 981683
198400 61719 1001851 61127 982149
198500 61750 1002343 61152 982657
198600 61794 1002822 61193 983178
198700 61821 1003307 61222 983693
198800 61855 1003831 61247 984169
198900 61889 1004330 61280 984670
199000 61916 1004814 61315 985186
199100 61941 1005317 61339 985683
199200 61976 1005813 61373 986187
199300 62010 1006301 61401 986699
199400 62040 1006815 61424 987185
199500 62071 1007247 61460 987753
199600 62107 1007766 61487 988234
199700 62146 1008304 61519 988696
199800 62180 1008843 61541 989157
199900 62212 1009324 61571 989676
200000 62241 1009845 61591 990155
