#! FIELDS timestep dup_succ dup_attempts kill_succ kill_attempts
#! SET timestep 0.5
#! SET kernel_bandwidth [0.05 0.05]
#! SET kt 1.0
100 115 384 134 616
200 206 820 253 1180
300 310 1213 357 1787
400 399 1616 451 2384
500 490 2088 550 2912
600 567 2591 623 3409
700 644 3072 692 3928
800 729 3587 770 4413
900 806 4126 836 4874
1000 892 4635 898 5365
1100 962 5160 961 5840
1200 1035 5728 1027 6272
1300 1104 6268 1082 6732
1400 1169 6803 1146 7197
1500 1230 7311 1208 7689
1600 1293 7866 1268 8134
1700 1359 8412 1343 8588
1800 1429 8920 1417 9080
1900 1487 9470 1470 9530
2000 1552 10010 1539 9990
2100 1616 10564 1619 10436
2200 1675 11116 1674 10884
2300 1754 11635 1724 11365
2400 1832 12187 1790 11813
2500 1903 12734 1851 12266
2600 1969 13282 1909 12718
2700 2044 13826 1989 13174
2800 2110 14375 2059 13625
2900 2179 14923 2115 14077
3000 2242 15489 2168 14511
3100 2317 16040 2241 14960
3200 2381 16598 2294 15402
3300 2449 17111 2369 15889
3400 2526 17666 2424 16334
3500 2595 18204 2490 16796
3600 2666 18759 2565 17241
3700 2719 19287 2623 17713
3800 2793 19804 2694 18196
3900 2873 20328 2759 18672
4000 2946 20867 2834 19133
4100 3008 21406 2886 19594
4200 3071 21954 2948 20046
4300 3143 22486 3002 20514
4400 3209 22999 3075 21001
4500 3275 23541 3138 21459
4600 3344 24085 3206 21915
4700 3401 24595 3271 22405
4800 3462 25094 3342 22906
4900 3533 25627 3413 23373
5000 3605 26153 3488 23847
5100 3679 26682 3556 24318
5200 3749 27223 3615 24777
5300 3817 27780 3682 25220
5400 3883 28316 3746 25684
5500 3944 28836 3820 26164
5600 4020 29346 3894 26654
5700 4092 29882 3949 27118
5800 4157 30410 4008 27590
5900 4228 30940 4062 28060
6000 4296 31477 4121 28523
6100 4348 32024 4182 28976
6200 4414 32589 4256 29411
6300 4465 33124 4306 29876
6400 4552 33697 4367 30303
6500 4623 34265 4433 30735
6600 4698 34804 4500 31196
6700 4752 35355 4560 31645
6800 4821 35890 4624 32110
6900 4897 36408 4692 32592
7000 4954 36917 4753 33083
7100 5022 37445 4828 33555
7200 5085 37980 4883 34020
7300 5158 38527 4939 34473
7400 5226 39046 4993 34954
7500 5292 39573 5062 35427
7600 5367 40130 5130 35870
7700 5428 40664 5184 36336
7800 5507 41212 5245 36788
7900 5578 41756 5314 37244
8000 5643 42295 5372 37705
8100 5711 42837 5423 38163
8200 5762 43370 5488 38630
8300 5829 43892 5549 39108
8400 5894 44415 5609 39585
8500 5966 44944 5671 40056
8600 6031 45459 5727 40541
8700 6094 46008 5791 40992
8800 6160 46522 5865 41478
8900 6215 47074 5941 41926
9000 6289 47616 6025 42384
9100 6355 48135 6076 42865
9200 6426 48665 6129 43335
9300 6486 49214 6187 43786
9400 6576 49774 6244 44226
9500 6642 50285 6310 44715
9600 6713 50809 6385 45191
9700 6786 51364 6462 45636
9800 6866 51904 6528 46096
9900 6926 52436 6591 46564
10000 6997 52956 6656 47044
10100 7086 53483 6724 47517
10200 7156 54024 6792 47976
10300 7231 54571 6861 48429
10400 7299 55096 6912 48904
10500 7360 55614 6970 49386
10600 7442 56141 7046 49859
10700 7515 56692 7118 50308
10800 7579 57196 7193 50804
10900 7640 57720 7257 51280
11000 7715 58275 7326 51725
11100 7782 58795 7393 52205
11200 7855 59318 7456 52682
11300 7931 59856 7522 53144
11400 8015 60385 7583 53615
11500 8085 60929 7644 54071
11600 8176 61487 7705 54513
11700 8257 62026 7781 54974
11800 8322 62554 7850 55446
11900 8394 63123 7911 55877
12000 8451 63663 7982 56337
12100 8506 64183 8038 56817
12200 8576 64709 8104 57291
12300 8634 65227 8164 57773
12400 8711 65782 8229 58218
12500 8789 66320 8295 58680
12600 8864 66873 8358 59127
12700 8928 67398 8424 59602
12800 9004 67937 8493 60063
12900 9064 68462 8558 60538
13000 9124 68999 8624 61001
13100 9189 69528 8680 61472
13200 9260 70069 8744 61931
13300 9319 70613 8798 62387
13400 9388 71153 8869 62847
13500 9458 71714 8925 63286
13600 9531 72245 9002 63755
13700 9603 72806 9062 64194
13800 9669 73329 9125 64671
13900 9728 73844 9187 65156
14000 9793 74380 9252 65620
14100 9889 74954 9314 66046
14200 9956 75486 9369 66514
14300 10022 76006 9420 66994
14400 10090 76579 9477 67421
14500 10143 77082 9536 67918
14600 10212 77586 9605 68414
14700 10286 78146 9670 68854
14800 10346 78660 9740 69340
14900 10408 79183 9793 69817
15000 10470 79706 9849 70294
15100 10534 80228 9915 70772
15200 10612 80766 9975 71234
15300 10684 81305 10030 71695
15400 10769 81842 10090 72158
15500 10842 82367 10154 72633
15600 10921 82905 10224 73095
15700 10995 83425 10283 73575
15800 11070 83963 10344 74037
15900 11125 84503 10401 74497
16000 11187 85035 10467 74965
16100 11270 85578 10529 75422
16200 11348 86115 10605 75885
16300 11421 86625 10668 76375
16400 11496 87164 10741 76836
16500 11560 87698 10814 77302
16600 11631 88230 10886 77770
16700 11695 88763 10952 78237
16800 11766 89295 10998 78705
16900 11836 89831 11070 79169
17000 11902 90369 11125 79631
17100 11969 90845 11185 80155
17200 12035 91393 11251 80607
17300 12110 91901 11324 81099
17400 12183 92420 11377 81580
17500 12246 92933 11441 82067
17600 12315 93455 11505 82545
17700 12393 93998 11563 83002
17800 12465 94536 11628 83464
17900 12542 95095 11707 83905
18000 12610 95631 11780 84369
18100 12681 96141 11847 84859
18200 12758 96666 11918 85334
18300 12829 97174 11981 85826
18400 12903 97672 12047 86328
18500 12961 98193 12114 86807
18600 13034 98756 12180 87244
18700 13086 99261 12245 87739
18800 13157 99804 12315 88196
18900 13226 100353 12390 88647
19000 13299 100884 12453 89116
19100 13382 101391 12529 89609
19200 13447 101928 12590 90072
19300 13523 102451 12657 90549
19400 13596 102979 12725 91021
19500 13678 103514 12783 91486
19600 13748 104055 12845 91945
19700 13825 104575 12916 92425
19800 13914 105113 12986 92887
19900 13984 105646 13053 93354
20000 14060 106200 13128 93800
20100 14131 106741 13198 94259
20200 14215 107269 13262 94731
20300 14278 107806 13323 95194
20400 14335 108346 13382 95654
20500 14410 108905 13450 96095
20600 14482 109427 13515 96573
20700 14542 109951 13572 97049
20800 14609 110476 13631 97524
20900 14679 111016 13706 97984
21000 14750 111539 13764 98461
21100 14819 112057 13834 98943
21200 14882 112606 13907 99394
21300 14942 113125 13973 99875
21400 15005 113652 14036 100348
21500 15068 114169 14097 100831
21600 15141 114701 14172 101299
21700 15219 115235 14241 101765
21800 15288 115747 14296 102253
21900 15354 116285 14366 102715
22000 15423 116791 14426 103209
22100 15489 117338 14489 103662
22200 15556 117875 14544 104125
22300 15623 118403 14611 104597
22400 15686 118941 14672 105059
22500 15751 119459 14728 105541
22600 15828 119996 14792 106004
22700 15910 120523 14848 106477
22800 15971 121078 14929 106922
22900 16040 121626 14999 107374
23000 16105 122156 15065 107844
23100 16167 122696 15128 108304
23200 16229 123226 15183 108774
23300 16297 123754 15255 109246
23400 16361 124273 15314 109727
23500 16422 124793 15380 110207
23600 16482 125308 15448 110692
23700 16547 125831 15517 111169
23800 16607 126361 15572 111639
23900 16682 126908 15635 112092
24000 16765 127459 15692 112541
24100 16834 127989 15750 113011
24200 16920 128514 15810 113486
24300 16987 129051 15877 113949
24400 17049 129586 15948 114414
24500 17113 130112 16012 114888
24600 17181 130662 16065 115338
24700 17243 131189 16132 115811
24800 17300 131702 16170 116298
24900 17380 132249 16228 116751
25000 17455 132782 16301 117218
25100 17527 133295 16355 117705
25200 17592 133823 16419 118177
25300 17670 134363 16483 118637
25400 17740 134876 16542 119124
25500 17805 135443 16605 119557
25600 17881 135981 16685 120019
25700 17951 136524 16748 120476
25800 18026 137064 16819 120936
25900 18095 137581 16896 121419
26000 18164 138122 16952 121878
26100 18238 138660 17009 122340
26200 18307 139209 17064 122791
26300 18375 139763 17120 123237
26400 18442 140298 17182 123702
26500 18495 140818 17261 124182
26600 18551 141385 17333 124615
26700 18615 141915 17399 125085
26800 18682 142436 17470 125564
26900 18755 142979 17538 126021
27000 18817 143486 17611 126514
27100 18897 143989 17668 127011
27200 18974 144532 17734 127468
27300 19052 145055 17801 127945
27400 19132 145593 17870 128407
27500 19209 146115 17925 128885
27600 19280 146647 17998 129353
27700 19359 147180 18062 129820
27800 19429 147710 18136 130290
27900 19496 148244 18200 130756
28000 19590 148812 18274 131188
28100 19673 149370 18339 131630
28200 19751 149883 18410 132117
28300 19819 150446 18474 132554
28400 19885 150952 18542 133048
28500 19947 151500 18609 133500
28600 20023 152074 18664 133926
28700 20089 152626 18722 134374
28800 20165 153162 18787 134838
28900 20228 153723 18844 135277
29000 20290 154263 18922 135737
29100 20362 154805 18987 136195
29200 20436 155331 19040 136669
29300 20504 155874 19112 137126
29400 20581 156422 19178 137578
29500 20654 156933 19245 138067
29600 20715 157454 19306 138546
29700 20779 157985 19368 139015
29800 20841 158509 19441 139491
29900 20900 159022 19503 139978
30000 20959 159541 19574 140459
30100 21026 160052 19655 140948
30200 21093 160616 19718 141384
30300 21174 161137 19790 141863
30400 21232 161687 19837 142313
30500 21307 162240 19900 142760
30600 21370 162782 19955 143218
30700 21442 163313 20012 143687
30800 21513 163839 20068 144161
30900 21581 164389 20133 144611
31000 21651 164927 20191 145073
31100 21716 165439 20262 145561
31200 21794 165987 20324 146013
31300 21865 166515 20387 146485
31400 21948 167068 20462 146932
31500 22025 167615 20531 147385
31600 22101 168136 20607 147864
31700 22164 168690 20670 148310
31800 22230 169238 20738 148762
31900 22290 169726 20808 149274
32000 22362 170274 20860 149726
32100 22448 170824 20933 150176
32200 22518 171373 21008 150627
32300 22582 171901 21057 151099
32400 22655 172443 21132 151557
32500 22717 172986 21193 152014
32600 22783 173537 21250 152463
32700 22850 174065 21313 152935
32800 22918 174588 21395 153412
32900 22983 175120 21464 153880
33000 23052 175663 21533 154337
33100 23108 176223 21597 154777
33200 23176 176740 21669 155260
33300 23249 177285 21741 155715
33400 23307 177846 21800 156154
33500 23371 178381 21862 156619
33600 23434 178918 21922 157082
33700 23514 179454 21968 157546
33800 23580 180007 22046 157993
33900 23643 180539 22112 158461
34000 23711 181066 22173 158934
34100 23786 181620 22226 159380
34200 23861 182177 22296 159823
34300 23947 182717 22372 160283
34400 24016 183242 22447 160758
34500 24094 183779 22515 161221
34600 24172 184309 22572 161691
34700 24233 184827 22658 162173
34800 24307 185348 22722 162652
34900 24365 185893 22787 163107
35000 24434 186416 22844 163584
35100 24518 186972 22907 164028
35200 24588 187484 22980 164516
35300 24683 188020 23047 164980
35400 24750 188558 23115 165442
35500 24820 189120 23176 165880
35600 24896 189663 23223 166337
35700 24970 190218 23280 166782
35800 25046 190747 23351 167253
35900 25111 191269 23409 167731
36000 25168 191787 23470 168213
36100 25239 192337 23534 168663
36200 25326 192862 23604 169138
36300 25396 193365 23663 169635
36400 25458 193906 23744 170094
36500 25536 194459 23818 170541
36600 25605 194965 23877 171035
36700 25676 195490 23949 171510
36800 25746 196004 24010 171996
36900 25832 196556 24090 172444
37000 25904 197098 24160 172902
37100 25973 197627 24229 173373
37200 26038 198167 24290 173833
37300 26116 198730 24352 174270
37400 26189 199221 24432 174779
37500 26246 199746 24496 175254
37600 26310 200281 24567 175719
37700 26376 200838 24647 176162
37800 26438 201359 24711 176641
37900 26507 201878 24773 177122
38000 26566 202419 24826 177581
38100 26645 202967 24893 178033
38200 26718 203516 24959 178484
38300 26798 204087 25028 178913
38400 26872 204642 25088 179358
38500 26933 205191 25140 179809
38600 27003 205731 25201 180269
38700 27083 206280 25277 180720
38800 27149 206808 25338 181192
38900 27225 207314 25413 181686
39000 27295 207857 25491 182143
39100 27362 208397 25549 182603
39200 27434 208923 25617 183077
39300 27492 209441 25689 183559
39400 27564 209971 25756 184029
39500 27637 210498 25837 184502
39600 27713 211019 25891 184981
39700 27800 211569 25967 185431
39800 27863 212068 26039 185932
39900 27926 212617 26097 186383
40000 27986 213148 26181 186852
40100 28049 213680 26259 187320
40200 28117 214222 26324 187778
40300 28180 214762 26394 188238
40400 28250 215287 26473 188713
40500 28331 215814 26529 189186
40600 28385 216343 26599 189657
40700 28455 216882 26652 190118
40800 28515 217410 26731 190590
40900 28587 217937 26810 191063
41000 28646 218466 26880 191534
41100 28709 218981 26946 192019
41200 28779 219515 27017 192485
41300 28843 220008 27072 192992
41400 28894 220565 27139 193435
41500 28968 221092 27209 193908
41600 29033 221631 27279 194369
41700 29100 222167 27349 194833
41800 29169 222693 27404 195307
41900 29235 223247 27466 195753
42000 29303 223787 27534 196213
42100 29368 224328 27606 196672
42200 29445 224859 27675 197141
42300 29509 225401 27728 197599
42400 29571 225938 27800 198062
42500 29638 226499 27863 198501
42600 29697 227020 27919 198980
42700 29770 227592 27982 199408
42800 29832 228129 28042 199871
42900 29917 228666 28112 200334
43000 29974 229179 28181 200821
43100 30048 229712 28244 201288
43200 30113 230247 28323 201753
43300 30182 230773 28398 202227
43400 30250 231292 28471 202708
43500 30314 231812 28529 203188
43600 30372 232341 28600 203659
43700 30439 232858 28670 204142
43800 30516 233393 28740 204607
43900 30594 233915 28797 205085
44000 30665 234457 28867 205543
44100 30731 234989 28934 206011
44200 30792 235551 28989 206449
44300 30853 236070 29056 206930
44400 30912 236625 29125 207375
44500 30984 237165 29204 207835
44600 31042 237692 29252 208308
44700 31112 238221 29319 208779
44800 31179 238752 29373 209248
44900 31241 239310 29449 209690
45000 31305 239839 29513 210161
45100 31386 240383 29585 210617
45200 31447 240913 29649 211087
45300 31508 241427 29707 211573
45400 31588 241994 29771 212006
45500 31660 242540 29835 212460
45600 31732 243068 29898 212932
45700 31784 243592 29967 213408
45800 31866 244126 30035 213874
45900 31934 244644 30099 214356
46000 32013 245188 30166 214812
46100 32083 245703 30230 215297
46200 32153 246233 30298 215767
46300 32213 246790 30363 216210
46400 32279 247327 30421 216673
46500 32367 247839 30493 217161
46600 32424 248375 30569 217625
46700 32487 248891 30634 218109
46800 32565 249417 30692 218583
46900 32639 249953 30762 219047
47000 32706 250478 30823 219522
47100 32776 250991 30877 220009
47200 32841 251533 30942 220467
47300 32920 252090 30995 220910
47400 32989 252616 31052 221384
47500 33064 253139 31121 221861
47600 33122 253699 31171 222301
47700 33191 254204 31235 222796
47800 33263 254708 31293 223292
47900 33324 255226 31350 223774
48000 33391 255775 31419 224225
48100 33482 256293 31492 224707
48200 33558 256846 31560 225154
48300 33633 257402 31636 225598
48400 33703 257898 31693 226102
48500 33757 258424 31754 226576
48600 33819 258969 31815 227031
48700 33899 259490 31891 227510
48800 33972 260017 31957 227983
48900 34054 260538 32018 228462
49000 34118 261061 32082 228939
49100 34193 261584 32155 229416
49200 34248 262124 32222 229876
49300 34313 262649 32279 230351
49400 34386 263181 32347 230819
49500 34457 263710 32419 231290
49600 34524 264249 32486 231751
49700 34591 264788 32554 232212
49800 34656 265323 32625 232677
49900 34719 265869 32693 233131
50000 34796 266421 32766 233579
50100 34865 266942 32831 234058
50200 34919 267467 32892 234533
50300 34978 267985 32958 235015
50400 35058 268508 33018 235492
50500 35120 269044 33088 235956
50600 35192 269593 33167 236407
50700 35247 270127 33218 236873
50800 35313 270669 33282 237331
50900 35380 271204 33369 237796
51000 35438 271724 33440 238276
51100 35502 272264 33519 238736
51200 35560 272807 33580 239193
51300 35628 273334 33646 239666
51400 35689 273871 33711 240129
51500 35752 274401 33766 240599
51600 35821 274935 33832 241065
51700 35896 275473 33898 241527
51800 35967 276007 33960 241993
51900 36044 276580 34024 242420
52000 36123 277104 34087 242896
52100 36195 277652 34168 243348
52200 36269 278180 34238 243820
52300 36340 278730 34320 244270
52400 36410 279257 34383 244743
52500 36471 279767 34443 245233
52600 36533 280294 34509 245706
52700 36603 280825 34576 246175
52800 36666 281382 34643 246618
52900 36744 281924 34703 247076
53000 36805 282472 34775 247528
53100 36866 282968 34852 248032
53200 36928 283506 34922 248494
53300 37003 284029 34992 248971
53400 37084 284532 35054 249468
53500 37151 285042 35126 249958
53600 37219 285590 35206 250410
53700 37287 286096 35271 250904
53800 37357 286651 35341 251349
53900 37432 287191 35409 251809
54000 37499 287711 35474 252289
54100 37588 288238 35542 252762
54200 37662 288795 35611 253205
54300 37736 289331 35665 253669
54400 37807 289875 35735 254125
54500 37873 290412 35796 254588
54600 37939 290952 35863 255048
54700 38011 291505 35919 255495
54800 38079 292022 35970 255978
54900 38130 292539 36020 256461
55000 38195 293065 36081 256935
55100 38264 293643 36143 257357
55200 38342 294177 36229 257823
55300 38401 294683 36297 258317
55400 38479 295214 36382 258786
55500 38543 295757 36443 259243
55600 38592 296310 36521 259690
55700 38660 296827 36562 260173
55800 38727 297352 36636 260648
55900 38802 297892 36704 261108
56000 38874 298421 36773 261579
56100 38948 298967 36838 262033
56200 39026 299517 36890 262483
56300 39103 300059 36958 262941
56400 39173 300592 37021 263408
56500 39246 301126 37080 263874
56600 39323 301639 37147 264361
56700 39385 302187 37220 264813
56800 39457 302701 37296 265299
56900 39518 303249 37364 265751
57000 39593 303772 37434 266228
57100 39671 304279 37499 266721
57200 39740 304785 37563 267215
57300 39809 305324 37632 267676
57400 39882 305853 37690 268147
57500 39946 306378 37763 268622
57600 40010 306894 37838 269106
57700 40089 307416 37909 269584
57800 40157 307958 37972 270042
57900 40230 308522 38039 270478
58000 40300 309055 38103 270945
58100 40369 309585 38163 271415
58200 40446 310122 38226 271878
58300 40511 310659 38294 272341
58400 40584 311208 38353 272792
58500 40653 311754 38416 273246
58600 40726 312286 38482 273714
58700 40798 312836 38547 274164
58800 40857 313379 38619 274621
58900 40921 313922 38682 275078
59000 40984 314489 38758 275511
59100 41058 315025 38831 275975
59200 41138 315562 38894 276438
59300 41205 316078 38961 276922
59400 41284 316600 39020 277400
59500 41357 317120 39094 277880
59600 41429 317633 39157 278367
59700 41493 318203 39217 278797
59800 41575 318763 39287 279237
59900 41655 319293 39346 279707
60000 41728 319824 39409 280176
60100 41786 320372 39475 280628
60200 41850 320902 39529 281098
60300 41901 321434 39583 281566
60400 41979 321951 39644 282049
60500 42045 322470 39713 282530
60600 42121 323003 39784 282997
60700 42195 323511 39850 283489
60800 42268 324049 39915 283951
60900 42342 324586 39973 284414
61000 42416 325108 40046 284892
61100 42484 325641 40109 285359
61200 42538 326159 40178 285841
61300 42598 326686 40247 286314
61400 42666 327204 40311 286796
61500 42734 327717 40389 287283
61600 42796 328218 40446 287782
61700 42857 328742 40509 288258
61800 42927 329252 40578 288748
61900 43004 329795 40644 289205
62000 43077 330329 40712 289671
62100 43138 330863 40774 290137
62200 43216 331431 40842 290569
62300 43283 331957 40903 291043
62400 43351 332474 40971 291526
62500 43424 333002 41039 291998
62600 43494 333545 41094 292455
62700 43568 334066 41158 292934
62800 43642 334585 41217 293415
62900 43708 335137 41276 293863
63000 43762 335672 41338 294328
63100 43828 336202 41403 294798
63200 43906 336751 41469 295249
63300 43993 337292 41513 295708
63400 44077 337800 41586 296200
63500 44153 338318 41642 296682
63600 44230 338853 41712 297147
63700 44313 339391 41789 297609
63800 44382 339939 41851 298061
63900 44462 340497 41911 298503
64000 44533 341021 41970 298979
64100 44605 341543 42025 299457
64200 44677 342059 42082 299941
64300 44735 342593 42138 300407
64400 44808 343116 42218 300884
64500 44886 343632 42305 301368
64600 44951 344160 42364 301840
64700 45025 344669 42429 302331
64800 45097 345212 42502 302788
64900 45167 345748 42571 303252
65000 45236 346295 42638 303705
65100 45299 346823 42704 304177
65200 45365 347363 42760 304637
65300 45436 347889 42825 305111
65400 45510 348421 42893 305579
65500 45576 348944 42958 306056
65600 45646 349495 43019 306505
65700 45714 350053 43077 306947
65800 45778 350586 43143 307414
65900 45842 351119 43197 307881
66000 45901 351653 43269 308347
66100 45964 352182 43343 308818
66200 46038 352703 43405 309297
66300 46099 353235 43472 309765
66400 46168 353772 43540 310228
66500 46220 354323 43608 310677
66600 46293 354850 43686 311150
66700 46365 355415 43754 311585
66800 46442 355939 43813 312061
66900 46525 356461 43883 312539
67000 46581 356969 43956 313031
67100 46645 357477 44010 313523
67200 46717 357995 44094 314005
67300 46810 358537 44153 314463
67400 46872 359077 44214 314923
67500 46941 359650 44272 315350
67600 46995 360169 44329 315831
67700 47062 360699 44389 316301
67800 47144 361221 44464 316779
67900 47220 361761 44543 317239
68000 47284 362332 44601 317668
68100 47361 362871 44676 318129
68200 47451 363419 44747 318581
68300 47508 363928 44814 319072
68400 47571 364467 44879 319533
68500 47629 364997 44952 320003
68600 47690 365554 45014 320446
68700 47770 366101 45087 320899
68800 47835 366622 45149 321378
68900 47906 367167 45217 321833
69000 47976 367684 45283 322316
69100 48064 368215 45359 322785
69200 48137 368743 45422 323257
69300 48212 369257 45488 323743
69400 48274 369797 45564 324203
69500 48340 370341 45625 324659
69600 48424 370891 45692 325109
69700 48494 371418 45746 325582
69800 48569 371961 45820 326039
69900 48638 372500 45885 326500
70000 48706 373049 45939 326951
70100 48776 373595 46004 327405
70200 48842 374152 46068 327848
70300 48920 374703 46124 328297
70400 48979 375235 46188 328765
70500 49042 375790 46265 329210
70600 49113 376316 46335 329684
70700 49185 376840 46405 330160
70800 49249 377401 46473 330599
70900 49325 377964 46545 331036
71000 49407 378496 46603 331504
71100 49491 379024 46661 331976
71200 49548 379547 46722 332453
71300 49616 380056 46781 332944
71400 49697 380596 46841 333404
71500 49767 381151 46913 333849
71600 49844 381684 46982 334316
71700 49908 382221 47045 334779
71800 49987 382773 47104 335227
71900 50044 383299 47172 335701
72000 50107 383812 47255 336188
72100 50174 384374 47328 336626
72200 50244 384923 47385 337077
72300 50314 385463 47455 337537
72400 50371 385990 47519 338010
72500 50429 386508 47579 338492
72600 50499 387019 47629 338981
72700 50576 387550 47693 339450
72800 50645 388085 47762 339915
72900 50708 388602 47824 340398
73000 50774 389114 47883 340886
73100 50842 389665 47956 341335
73200 50916 390200 48025 341800
73300 50981 390725 48080 342275
73400 51053 391252 48144 342748
73500 51118 391782 48202 343218
73600 51180 392317 48261 343683
73700 51237 392855 48328 344145
73800 51301 393377 48392 344623
73900 51373 393918 48456 345082
74000 51441 394459 48510 345541
74100 51511 394992 48571 346008
74200 51580 395528 48628 346472
74300 51648 396080 48698 346920
74400 51714 396604 48775 347396
74500 51780 397134 48836 347866
74600 51849 397674 48893 348326
74700 51906 398193 48973 348807
74800 51970 398733 49049 349267
74900 52037 399261 49121 349739
75000 52091 399797 49186 350203
75100 52162 400345 49245 350655
75200 52234 400908 49299 351092
75300 52298 401443 49364 351557
75400 52373 401986 49419 352014
75500 52439 402506 49497 352494
75600 52519 403024 49566 352976
75700 52589 403534 49615 353466
75800 52656 404039 49691 353961
75900 52727 404552 49753 354448
76000 52814 405099 49825 354901
76100 52871 405623 49895 355377
76200 52955 406149 49955 355851
76300 53022 406679 50023 356321
76400 53082 407239 50095 356761
76500 53159 407777 50168 357223
76600 53231 408326 50232 357674
76700 53299 408873 50291 358127
76800 53357 409402 50353 358598
76900 53420 409925 50414 359075
77000 53498 410455 50471 359545
77100 53561 410976 50530 360024
77200 53625 411511 50594 360489
77300 53686 412082 50650 360918
77400 53766 412634 50698 361366
77500 53823 413150 50758 361850
77600 53894 413701 50819 362299
77700 53955 414235 50879 362765
77800 54031 414780 50939 363220
77900 54093 415287 51000 363713
78000 54166 415852 51068 364148
78100 54236 416389 51128 364611
78200 54308 416926 51184 365074
78300 54373 417463 51235 365537
78400 54437 417966 51303 366034
78500 54514 418499 51371 366501
78600 54582 419042 51425 366958
78700 54655 419586 51497 367414
78800 54721 420147 51569 367853
78900 54797 420676 51634 368324
79000 54867 421194 51694 368806
79100 54929 421725 51755 369275
79200 54989 422263 51822 369737
79300 55045 422812 51888 370188
79400 55125 423375 51957 370625
79500 55206 423908 52024 371092
79600 55281 424429 52089 371571
79700 55353 424953 52172 372047
79800 55425 425493 52253 372507
79900 55498 426024 52308 372976
80000 55568 426564 52387 373436
80100 55651 427103 52445 373897
80200 55720 427637 52516 374363
80300 55784 428158 52590 374842
80400 55850 428667 52650 375333
80500 55933 429200 52721 375800
80600 56001 429733 52789 376267
80700 56064 430228 52850 376772
80800 56127 430761 52903 377239
80900 56202 431299 52962 377701
81000 56267 431804 53025 378196
81100 56328 432303 53105 378697
81200 56402 432825 53175 379175
81300 56472 433340 53237 379660
81400 56545 433896 53312 380104
81500 56615 434439 53382 380561
81600 56686 434971 53449 381029
81700 56757 435501 53518 381499
81800 56835 436065 53591 381935
81900 56900 436600 53645 382400
82000 56966 437149 53712 382851
82100 57042 437672 53787 383328
82200 57120 438199 53842 383801
82300 57189 438745 53904 384255
82400 57255 439281 53970 384719
82500 57326 439825 54040 385175
82600 57393 440343 54117 385657
82700 57456 440894 54183 386106
82800 57517 441441 54255 386559
82900 57584 441976 54321 387024
83000 57643 442515 54387 387485
83100 57720 443082 54451 387918
83200 57789 443598 54504 388402
83300 57871 444139 54566 388861
83400 57954 444698 54634 389302
83500 58035 445205 54705 389795
83600 58089 445742 54770 390258
83700 58169 446280 54837 390720
83800 58234 446820 54901 391180
83900 58309 447363 54958 391637
84000 58388 447904 55028 392096
84100 58455 448450 55080 392550
84200 58520 448990 55156 393010
84300 58593 449522 55231 393478
84400 58660 450056 55297 393944
84500 58742 450603 55369 394397
84600 58807 451132 55433 394868
84700 58870 451666 55505 395334
84800 58936 452206 55561 395794
84900 58998 452722 55629 396278
85000 59066 453248 55703 396752
85100 59125 453769 55767 397231
85200 59199 454294 55842 397706
85300 59271 454821 55911 398179
85400 59338 455368 55992 398632
85500 59408 455915 56072 399085
85600 59474 456438 56126 399562
85700 59544 456958 56198 400042
85800 59609 457504 56278 400496
85900 59678 458045 56347 400955
86000 59758 458585 56416 401415
86100 59822 459116 56466 401884
86200 59902 459680 56526 402320
86300 59978 460228 56595 402772
86400 60044 460733 56670 403267
86500 60111 461266 56734 403734
86600 60181 461803 56784 404197
86700 60252 462352 56860 404648
86800 60319 462880 56929 405120
86900 60396 463393 57003 405607
87000 60471 463934 57062 406066
87100 60535 464433 57122 406567
87200 60595 464954 57182 407046
87300 60670 465491 57251 407509
87400 60742 466050 57312 407950
87500 60815 466595 57376 408405
87600 60888 467137 57436 408863
87700 60952 467674 57509 409326
87800 61018 468214 57577 409786
87900 61088 468750 57635 410250
88000 61148 469256 57703 410744
88100 61224 469786 57770 411214
88200 61292 470322 57841 411678
88300 61352 470832 57901 412168
88400 61423 471367 57962 412633
88500 61506 471871 58038 413129
88600 61580 472415 58116 413585
88700 61648 472933 58167 414067
88800 61713 473474 58229 414526
88900 61787 474010 58292 414990
89000 61861 474552 58361 415448
89100 61913 475107 58425 415893
89200 61984 475634 58491 416366
89300 62063 476156 58546 416844
89400 62145 476720 58607 417280
89500 62206 477228 58669 417772
89600 62283 477782 58738 418218
89700 62359 478303 58803 418697
89800 62427 478853 58852 419147
89900 62502 479387 58927 419613
90000 62569 479935 58992 420065
90100 62636 480474 59058 420526
90200 62702 481015 59118 420985
90300 62780 481556 59187 421444
90400 62857 482098 59250 421902
90500 62924 482636 59318 422364
90600 62992 483184 59387 422816
90700 63067 483717 59455 423283
90800 63136 484250 59520 423750
90900 63198 484810 59579 424190
91000 63269 485360 59648 424640
91100 63333 485887 59724 425113
91200 63410 486410 59790 425590
91300 63470 486904 59858 426096
91400 63547 487442 59928 426558
91500 63639 488013 59994 426987
91600 63719 488557 60063 427443
91700 63789 489077 60127 427923
91800 63851 489602 60210 428398
91900 63920 490143 60273 428857
92000 63992 490660 60339 429340
92100 64062 491206 60399 429794
92200 64141 491753 60462 430247
92300 64218 492285 60531 430715
92400 64284 492787 60595 431213
92500 64352 493334 60673 431666
92600 64417 493851 60727 432149
92700 64474 494380 60794 432620
92800 64548 494892 60855 433108
92900 64628 495411 60908 433589
93000 64690 495960 60976 434040
93100 64754 496460 61035 434540
93200 64809 496988 61099 435012
93300 64876 497542 61160 435458
93400 64948 498101 61230 435899
93500 65018 498616 61295 436384
93600 65078 499146 61374 436854
93700 65145 499673 61438 437327
93800 65220 500234 61502 437766
93900 65274 500774 61576 438226
94000 65361 501283 61640 438717
94100 65442 501842 61709 439158
94200 65509 502371 61769 439629
94300 65575 502887 61831 440113
94400 65653 503419 61893 440581
94500 65729 503991 61955 441009
94600 65796 504508 62012 441492
94700 65874 505050 62070 441950
94800 65933 505558 62122 442442
94900 66007 506083 62191 442917
95000 66075 506622 62254 443378
95100 66154 507146 62301 443854
95200 66245 507693 62372 444307
95300 66327 508244 62445 444756
95400 66405 508755 62499 445245
95500 66474 509281 62555 445719
95600 66549 509818 62621 446182
95700 66629 510376 62690 446624
95800 66703 510885 62767 447115
95900 66760 511422 62835 447578
96000 66840 511948 62903 448052
96100 66903 512496 62971 448504
96200 66972 513021 63034 448979
96300 67047 513546 63094 449454
96400 67120 514059 63142 449941
96500 67201 514596 63201 450404
96600 67275 515145 63251 450855
96700 67345 515663 63329 451337
96800 67410 516231 63401 451769
96900 67476 516781 63465 452219
97000 67554 517310 63539 452690
97100 67629 517836 63601 453164
97200 67699 518399 63679 453601
97300 67775 518951 63742 454049
97400 67842 519486 63813 454514
97500 67920 520046 63870 454954
97600 67984 520570 63933 455430
97700 68064 521114 64009 455886
97800 68131 521648 64071 456352
97900 68200 522184 64123 456816
98000 68277 522716 64194 457284
98100 68358 523282 64263 457718
98200 68416 523820 64343 458180
98300 68484 524370 64419 458630
98400 68563 524912 64497 459088
98500 68617 525441 64564 459559
98600 68676 525974 64623 460026
98700 68733 526477 64690 460523
98800 68803 527009 64766 460991
98900 68881 527543 64831 461457
99000 68941 528063 64899 461937
99100 68999 528599 64971 462401
99200 69067 529161 65039 462839
99300 69140 529692 65102 463308
99400 69220 530214 65165 463786
99500 69274 530722 65220 464278
99600 69348 531252 65300 464748
99700 69414 531796 65360 465204
99800 69488 532355 65425 465645
99900 69554 532878 65481 466122
100000 69624 533388 65548 466612
100100 69704 533903 65608 467097
100200 69766 534445 65670 467555
100300 69833 534997 65739 468003
100400 69897 535536 65805 468464
100500 69957 536080 65872 468920
100600 70026 536612 65933 469388
100700 70094 537149 66000 469851
100800 70156 537654 66075 470346
100900 70221 538179 66130 470821
101000 70293 538717 66201 471283
101100 70382 539232 66281 471768
101200 70455 539763 66338 472237
101300 70518 540276 66406 472724
101400 70596 540793 66470 473207
101500 70673 541332 66541 473668
101600 70744 541903 66610 474097
101700 70817 542427 66691 474573
101800 70886 542995 66767 475005
101900 70943 543528 66834 475472
102000 71018 544048 66892 475952
102100 71076 544586 66962 476414
102200 71146 545113 67052 476887
102300 71215 545652 67110 477348
102400 71280 546198 67180 477802
102500 71359 546725 67251 478275
102600 71425 547235 67319 478765
102700 71500 547780 67377 479220
102800 71569 548291 67440 479709
102900 71644 548802 67506 480198
103000 71709 549342 67575 480658
103100 71775 549878 67638 481122
103200 71846 550428 67705 481572
103300 71929 550981 67772 482019
103400 71999 551531 67837 482469
103500 72081 552054 67903 482946
103600 72149 552585 67964 483415
103700 72214 553150 68029 483850
103800 72294 553663 68105 484337
103900 72356 554198 68169 484802
104000 72422 554720 68243 485280
104100 72501 555267 68311 485733
104200 72576 555787 68373 486213
104300 72640 556285 68438 486715
104400 72721 556844 68508 487156
104500 72797 557403 68583 487597
104600 72873 557959 68646 488041
104700 72935 558488 68696 488512
104800 72996 559022 68754 488978
104900 73071 559534 68826 489466
105000 73145 560060 68896 489940
105100 73211 560574 68964 490426
105200 73297 561109 69032 490891
105300 73375 561617 69101 491383
105400 73425 562166 69157 491834
105500 73499 562687 69220 492313
105600 73559 563217 69294 492783
105700 73620 563767 69363 493233
105800 73682 564272 69417 493728
105900 73752 564799 69479 494201
106000 73822 565325 69542 494675
106100 73893 565856 69613 495144
106200 73969 566383 69687 495617
106300 74042 566913 69756 496087
106400 74105 567450 69815 496550
106500 74183 567984 69892 497016
106600 74256 568519 69956 497481
106700 74314 569047 70017 497953
106800 74387 569571 70084 498429
106900 74461 570106 70137 498894
107000 74530 570637 70205 499363
107100 74591 571167 70273 499833
107200 74656 571721 70349 500279
107300 74720 572258 70415 500742
107400 74796 572822 70476 501178
107500 74856 573363 70542 501637
107600 74928 573895 70606 502105
107700 75008 574445 70668 502555
107800 75093 574970 70729 503030
107900 75167 575505 70805 503495
108000 75237 576019 70865 503981
108100 75301 576546 70932 504454
108200 75364 577096 71001 504904
108300 75426 577624 71061 505376
108400 75502 578157 71125 505843
108500 75585 578699 71194 506301
108600 75660 579238 71257 506762
108700 75737 579758 71334 507242
108800 75806 580297 71408 507703
108900 75891 580834 71468 508166
109000 75958 581397 71524 508603
109100 76032 581952 71589 509048
109200 76099 582482 71659 509518
109300 76164 583025 71717 509975
109400 76233 583553 71801 510447
109500 76322 584090 71874 510910
109600 76403 584656 71959 511344
109700 76483 585176 72024 511824
109800 76562 585729 72084 512271
109900 76632 586248 72155 512752
110000 76703 586774 72229 513226
110100 76776 587299 72314 513701
110200 76851 587828 72385 514172
110300 76918 588355 72451 514645
110400 76997 588879 72515 515121
110500 77073 589417 72584 515583
110600 77125 589974 72649 516026
110700 77192 590505 72714 516495
110800 77260 591002 72775 516998
110900 77327 591561 72836 517439
111000 77396 592119 72900 517881
111100 77463 592637 72971 518363
111200 77527 593168 73042 518832
111300 77597 593683 73113 519317
111400 77664 594224 73181 519776
111500 77730 594769 73244 520231
111600 77805 595304 73325 520696
111700 77888 595860 73396 521140
111800 77969 596393 73456 521607
111900 78037 596923 73535 522077
112000 78095 597448 73605 522552
112100 78170 597968 73660 523032
112200 78244 598482 73726 523518
112300 78303 599021 73787 523979
112400 78368 599551 73844 524449
112500 78441 600084 73918 524916
112600 78511 600618 73994 525382
112700 78577 601157 74064 525843
112800 78647 601683 74120 526317
112900 78712 602221 74175 526779
113000 78791 602748 74240 527252
113100 78844 603279 74302 527721
113200 78908 603809 74377 528191
113300 78972 604351 74432 528649
113400 79036 604884 74507 529116
113500 79103 605426 74570 529574
113600 79171 605949 74655 530051
113700 79248 606462 74715 530538
113800 79343 606996 74772 531004
113900 79415 607548 74837 531452
114000 79480 608090 74904 531910
114100 79551 608633 74960 532367
114200 79619 609170 75029 532830
114300 79688 609699 75090 533301
114400 79766 610237 75154 533763
114500 79828 610785 75210 534215
114600 79902 611331 75287 534669
114700 79969 611877 75343 535123
114800 80042 612429 75415 535571
114900 80111 612971 75480 536029
115000 80179 613503 75544 536497
115100 80254 614023 75609 536977
115200 80332 614562 75663 537438
115300 80405 615084 75724 537916
115400 80469 615617 75787 538383
115500 80550 616157 75850 538843
115600 80618 616676 75910 539324
115700 80675 617209 75978 539791
115800 80749 617753 76044 540247
115900 80824 618308 76108 540692
116000 80892 618845 76165 541155
116100 80965 619361 76237 541639
116200 81029 619885 76302 542115
116300 81087 620430 76368 542570
116400 81170 620971 76434 543029
116500 81240 621536 76510 543464
116600 81313 622068 76567 543932
116700 81402 622607 76622 544393
116800 81467 623164 76683 544836
116900 81533 623700 76747 545300
117000 81606 624227 76816 545773
117100 81674 624782 76882 546218
117200 81743 625328 76950 546672
117300 81808 625844 77024 547156
117400 81873 626358 77091 547642
117500 81946 626887 77136 548113
117600 82018 627431 77209 548569
117700 82089 627973 77276 549027
117800 82155 628515 77347 549485
117900 82213 629038 77409 549962
118000 82283 629578 77477 550422
118100 82340 630134 77554 550866
118200 82413 630686 77617 551314
118300 82483 631200 77682 551800
118400 82554 631753 77755 552247
118500 82632 632300 77825 552700
118600 82700 632812 77890 553188
118700 82773 633358 77952 553642
118800 82839 633898 78014 554102
118900 82905 634437 78078 554563
119000 82965 634963 78148 555037
119100 83025 635478 78215 555522
119200 83104 636002 78273 555998
119300 83176 636545 78336 556455
119400 83248 637078 78399 556922
119500 83324 637633 78453 557367
119600 83394 638215 78527 557785
119700 83470 638739 78607 558261
119800 83540 639290 78660 558710
119900 83622 639801 78735 559199
120000 83698 640309 78811 559691
120100 83763 640853 78869 560147
120200 83832 641361 78931 560639
120300 83905 641889 78989 561111
120400 83974 642412 79044 561588
120500 84048 642958 79118 562042
120600 84124 643502 79171 562498
120700 84189 644046 79233 562954
120800 84268 644593 79297 563407
120900 84332 645145 79371 563855
121000 84410 645692 79432 564308
121100 84487 646242 79486 564758
121200 84562 646785 79550 565215
121300 84629 647314 79614 565686
121400 84688 647811 79684 566189
121500 84751 648365 79741 566635
121600 84815 648913 79804 567087
121700 84883 649439 79856 567561
121800 84957 649966 79930 568034
121900 85040 650451 79996 568549
122000 85106 650991 80050 569009
122100 85172 651492 80115 569508
122200 85242 652014 80176 569986
122300 85316 652531 80239 570469
122400 85384 653058 80302 570942
122500 85460 653589 80373 571411
122600 85536 654110 80445 571890
122700 85621 654654 80521 572346
122800 85687 655171 80586 572829
122900 85757 655696 80657 573304
123000 85822 656254 80717 573746
123100 85898 656777 80783 574223
123200 85960 657334 80845 574666
123300 86054 657900 80921 575100
123400 86123 658425 80983 575575
123500 86196 658969 81049 576031
123600 86262 659513 81107 576487
123700 86332 660036 81170 576964
123800 86414 660557 81225 577443
123900 86490 661082 81286 577918
124000 86570 661644 81351 578356
124100 86634 662182 81410 578818
124200 86703 662701 81475 579299
124300 86769 663226 81544 579774
124400 86832 663765 81607 580235
124500 86898 664323 81683 580677
124600 86960 664838 81753 581162
124700 87035 665382 81817 581618
124800 87109 665909 81887 582091
124900 87193 666444 81953 582556
125000 87263 666947 82019 583053
125100 87331 667483 82081 583517
125200 87423 668030 82145 583970
125300 87503 668589 82209 584411
125400 87565 669117 82288 584883
125500 87634 669684 82365 585316
125600 87694 670231 82424 585769
125700 87782 670787 82487 586213
125800 87862 671323 82534 586677
125900 87925 671859 82590 587141
126000 87984 672420 82644 587580
126100 88051 672973 82709 588027
126200 88120 673508 82779 588492
126300 88196 674043 82851 588957
126400 88266 674560 82922 589440
126500 88324 675083 82991 589917
126600 88396 675607 83061 590393
126700 88470 676145 83126 590855
126800 88540 676666 83199 591334
126900 88615 677216 83273 591784
127000 88695 677755 83348 592245
127100 88759 678291 83424 592709
127200 88832 678792 83501 593208
127300 88894 679330 83564 593670
127400 88968 679859 83630 594141
127500 89041 680399 83706 594601
127600 89117 680898 83766 595102
127700 89194 681463 83841 595537
127800 89265 681993 83902 596007
127900 89338 682537 83965 596463
128000 89415 683065 84034 596935
128100 89486 683577 84094 597423
128200 89566 684101 84160 597899
128300 89639 684656 84232 598344
128400 89715 685214 84301 598786
128500 89803 685767 84366 599233
128600 89870 686336 84432 599664
128700 89955 686896 84511 600104
128800 90022 687439 84573 600561
128900 90101 687993 84619 601007
129000 90177 688516 84690 601484
129100 90248 689040 84758 601960
129200 90320 689571 84830 602429
129300 90396 690100 84906 602900
129400 90476 690645 84974 603355
129500 90521 691178 85040 603822
129600 90586 691717 85106 604283
129700 90642 692241 85180 604759
129800 90705 692782 85253 605218
129900 90778 693309 85314 605691
130000 90847 693846 85373 606154
130100 90906 694357 85434 606643
130200 90978 694880 85507 607120
130300 91046 695415 85584 607585
130400 91115 695922 85656 608078
130500 91185 696462 85727 608538
130600 91240 697006 85790 608994
130700 91318 697532 85865 609468
130800 91401 698066 85934 609934
130900 91458 698595 86008 610405
131000 91530 699125 86077 610875
131100 91603 699644 86151 611356
131200 91674 700182 86217 611818
131300 91750 700700 86279 612300
131400 91833 701223 86344 612777
131500 91895 701767 86414 613233
131600 91970 702287 86481 613713
131700 92037 702815 86537 614185
131800 92111 703336 86607 614664
131900 92185 703883 86667 615117
132000 92242 704433 86725 615567
132100 92307 704994 86785 616006
132200 92370 705530 86874 616470
132300 92422 706057 86933 616943
132400 92493 706593 86997 617407
132500 92562 707125 87061 617875
132600 92628 707667 87128 618333
132700 92690 708208 87181 618792
132800 92755 708763 87248 619237
132900 92820 709297 87312 619703
133000 92900 709822 87376 620178
133100 92965 710338 87441 620662
133200 93027 710897 87515 621103
133300 93100 711449 87585 621551
133400 93168 711971 87651 622029
133500 93234 712479 87700 622521
133600 93296 713004 87759 622996
133700 93373 713508 87824 623492
133800 93444 714032 87869 623968
133900 93513 714575 87937 624425
134000 93589 715129 88007 624871
134100 93654 715672 88053 625328
134200 93714 716203 88126 625797
134300 93773 716720 88183 626280
134400 93828 717246 88251 626754
134500 93907 717776 88329 627224
134600 93976 718317 88385 627683
134700 94052 718856 88456 628144
134800 94120 719362 88517 628638
134900 94200 719893 88587 629107
135000 94268 720436 88657 629564
135100 94342 720985 88718 630015
135200 94418 721522 88785 630478
135300 94476 722067 88852 630933
135400 94548 722601 88922 631399
135500 94619 723118 88990 631882
135600 94685 723668 89047 632332
135700 94772 724198 89110 632802
135800 94838 724745 89165 633255
135900 94916 725278 89237 633722
136000 94992 725803 89300 634197
136100 95073 726356 89386 634644
136200 95147 726908 89461 635092
136300 95227 727447 89514 635553
136400 95298 727990 89582 636010
136500 95356 728518 89642 636482
136600 95423 729070 89711 636930
136700 95489 729591 89779 637409
136800 95555 730142 89844 637858
136900 95624 730679 89906 638321
137000 95691 731208 89972 638792
137100 95759 731731 90030 639269
137200 95821 732259 90091 639741
137300 95881 732766 90160 640234
137400 95965 733290 90222 640710
137500 96039 733810 90283 641190
137600 96112 734367 90338 641633
137700 96176 734894 90405 642106
137800 96231 735425 90479 642575
137900 96304 735949 90552 643051
138000 96369 736484 90608 643516
138100 96444 737007 90662 643993
138200 96516 737539 90725 644461
138300 96579 738053 90789 644947
138400 96659 738581 90866 645419
138500 96741 739100 90927 645900
138600 96804 739628 90982 646372
138700 96861 740145 91051 646855
138800 96928 740655 91117 647345
138900 97000 741179 91174 647821
139000 97077 741720 91229 648280
139100 97159 742247 91302 648753
139200 97226 742757 91355 649243
139300 97301 743268 91423 649732
139400 97374 743794 91486 650206
139500 97446 744328 91557 650672
139600 97514 744836 91610 651164
139700 97593 745356 91682 651644
139800 97661 745862 91756 652138
139900 97742 746384 91817 652616
140000 97812 746897 91885 653103
140100 97891 747447 91948 653553
140200 97965 747960 92017 654040
140300 98037 748499 92095 654501
140400 98127 749016 92182 654984
140500 98203 749556 92248 655444
140600 98273 750096 92315 655904
140700 98335 750608 92375 656392
140800 98409 751149 92431 656851
140900 98471 751665 92497 657335
141000 98550 752176 92566 657824
141100 98631 752715 92638 658285
141200 98698 753247 92690 658753
141300 98772 753783 92758 659217
141400 98838 754308 92826 659692
141500 98899 754803 92887 660197
141600 98963 755343 92954 660657
141700 99032 755865 93026 661135
141800 99089 756395 93090 661605
141900 99159 756901 93135 662099
142000 99253 757413 93196 662587
142100 99320 757960 93283 663040
142200 99383 758520 93359 663480
142300 99466 759072 93419 663928
142400 99531 759624 93489 664376
142500 99609 760187 93566 664813
142600 99688 760750 93635 665250
142700 99757 761265 93715 665735
142800 99834 761776 93776 666224
142900 99899 762328 93845 666672
143000 99971 762861 93907 667139
143100 100028 763409 93967 667591
143200 100107 763937 94031 668063
143300 100182 764470 94086 668530
143400 100238 765006 94155 668994
143500 100319 765532 94230 669468
143600 100383 766060 94280 669940
143700 100464 766609 94341 670391
143800 100534 767153 94415 670847
143900 100604 767674 94485 671326
144000 100677 768181 94550 671819
144100 100734 768704 94607 672296
144200 100798 769246 94672 672754
144300 100864 769760 94733 673240
144400 100936 770288 94801 673712
144500 101005 770827 94870 674173
144600 101084 771331 94909 674669
144700 101145 771874 94974 675126
144800 101201 772409 95056 675591
144900 101272 772941 95133 676059
145000 101348 773480 95196 676520
145100 101402 773999 95252 677001
145200 101474 774561 95309 677439
145300 101553 775092 95378 677908
145400 101617 775615 95440 678385
145500 101672 776150 95503 678850
145600 101746 776687 95574 679313
145700 101802 777185 95637 679815
145800 101877 777702 95709 680298
145900 101929 778225 95764 680775
146000 101992 778759 95835 681241
146100 102072 779295 95892 681705
146200 102139 779830 95951 682170
146300 102215 780366 96020 682634
146400 102297 780904 96086 683096
146500 102372 781440 96148 683560
146600 102436 781967 96224 684033
146700 102514 782503 96294 684497
146800 102587 783033 96350 684967
146900 102660 783552 96418 685448
147000 102739 784094 96486 685906
147100 102807 784610 96537 686390
147200 102866 785146 96608 686854
147300 102942 785649 96678 687351
147400 103015 786171 96734 687829
147500 103095 786725 96798 688275
147600 103173 787283 96853 688717
147700 103251 787856 96925 689144
147800 103325 788377 96997 689623
147900 103395 788884 97069 690116
148000 103467 789429 97143 690571
148100 103540 789978 97210 691022
148200 103609 790489 97273 691511
148300 103667 791038 97335 691962
148400 103733 791547 97397 692453
148500 103806 792102 97474 692898
148600 103870 792638 97544 693362
148700 103936 793148 97606 693852
148800 104005 793681 97674 694319
148900 104064 794216 97731 694784
149000 104119 794740 97787 695260
149100 104190 795276 97870 695724
149200 104262 795800 97920 696200
149300 104335 796328 98002 696672
149400 104398 796856 98066 697144
149500 104464 797396 98121 697604
149600 104532 797948 98187 698052
149700 104592 798464 98248 698536
149800 104652 798982 98309 699018
149900 104724 799531 98365 699469
150000 104793 800077 98431 699923
150100 104855 800603 98499 700397
150200 104918 801138 98571 700862
150300 104990 801699 98637 701301
150400 105058 802246 98695 701754
150500 105140 802776 98755 702224
150600 105199 803276 98820 702724
150700 105285 803821 98881 703179
150800 105356 804379 98947 703621
150900 105430 804900 99018 704100
151000 105509 805431 99084 704569
151100 105569 805956 99159 705044
151200 105643 806498 99223 705502
151300 105723 807027 99300 705973
151400 105802 807554 99367 706446
151500 105879 808068 99447 706932
151600 105951 808583 99514 707417
151700 106035 809145 99570 707855
151800 106117 809715 99648 708285
151900 106176 810246 99721 708754
152000 106240 810789 99771 709211
152100 106306 811318 99829 709682
152200 106382 811839 99898 710161
152300 106446 812390 99964 710610
152400 106517 812920 100022 711080
152500 106591 813483 100090 711517
152600 106672 813998 100164 712002
152700 106758 814559 100221 712441
152800 106816 815097 100277 712903
152900 106879 815651 100346 713349
153000 106948 816186 100413 713814
153100 107013 816744 100464 714256
153200 107081 817265 100532 714735
153300 107155 817820 100601 715180
153400 107224 818333 100680 715667
153500 107291 818876 100745 716124
153600 107369 819417 100814 716583
153700 107430 819967 100876 717033
153800 107495 820501 100942 717499
153900 107552 821038 101005 717962
154000 107617 821578 101069 718422
154100 107688 822110 101150 718890
154200 107764 822627 101234 719373
154300 107827 823164 101297 719836
154400 107892 823690 101362 720310
154500 107954 824205 101439 720795
154600 108023 824737 101494 721263
154700 108078 825269 101556 721731
154800 108155 825780 101619 722220
154900 108219 826287 101688 722713
155000 108287 826793 101741 723207
155100 108362 827348 101824 723652
155200 108421 827873 101901 724127
155300 108482 828390 101959 724610
155400 108557 828940 102025 725060
155500 108636 829458 102078 725542
155600 108704 830011 102139 725989
155700 108775 830543 102189 726457
155800 108829 831059 102247 726941
155900 108909 831581 102313 727419
156000 108992 832127 102383 727873
156100 109060 832696 102454 728304
156200 109128 833225 102526 728775
156300 109190 833764 102592 729236
156400 109270 834304 102662 729696
156500 109339 834839 102740 730161
156600 109408 835366 102814 730634
156700 109468 835897 102883 731103
156800 109534 836431 102946 731569
156900 109601 836964 103004 732036
157000 109658 837487 103059 732513
157100 109730 838019 103115 732981
157200 109796 838555 103188 733445
157300 109868 839080 103257 733920
157400 109933 839622 103314 734378
157500 110021 840160 103370 734840
157600 110090 840673 103443 735327
157700 110158 841201 103504 735799
157800 110217 841742 103569 736258
157900 110277 842278 103626 736722
158000 110341 842821 103697 737179
158100 110393 843377 103771 737623
158200 110458 843916 103832 738084
158300 110536 844472 103894 738528
158400 110618 845008 103960 738992
158500 110676 845501 104010 739499
158600 110746 846058 104082 739942
158700 110808 846567 104139 740433
158800 110878 847108 104205 740892
158900 110953 847636 104262 741364
159000 111019 848157 104320 741843
159100 111086 848686 104380 742314
159200 111146 849210 104436 742790
159300 111215 849745 104496 743255
159400 111277 850282 104560 743718
159500 111347 850841 104634 744159
159600 111405 851388 104709 744612
159700 111481 851928 104775 745072
159800 111551 852456 104846 745544
159900 111631 852973 104904 746027
160000 111694 853496 104970 746504
160100 111762 854016 105017 746984
160200 111810 854509 105094 747491
160300 111873 855048 105165 747952
160400 111937 855586 105224 748414
160500 112024 856137 105296 748863
160600 112102 856687 105360 749313
160700 112180 857220 105429 749780
160800 112255 857754 105495 750246
160900 112322 858264 105560 750736
161000 112400 858792 105635 751208
161100 112472 859338 105705 751662
161200 112543 859870 105770 752130
161300 112612 860398 105834 752602
161400 112679 860916 105901 753084
161500 112754 861476 105967 753524
161600 112814 861997 106032 754003
161700 112888 862526 106094 754474
161800 112952 863048 106154 754952
161900 113006 863576 106229 755424
162000 113084 864094 106291 755906
162100 113150 864644 106351 756356
162200 113212 865150 106418 756850
162300 113268 865645 106486 757355
162400 113327 866188 106545 757812
162500 113411 866743 106608 758257
162600 113489 867296 106678 758704
162700 113559 867807 106733 759193
162800 113625 868343 106802 759657
162900 113706 868865 106861 760135
163000 113760 869400 106926 760600
163100 113825 869950 106985 761050
163200 113897 870501 107048 761499
163300 113957 871027 107118 761973
163400 114023 871569 107177 762431
163500 114100 872119 107248 762881
163600 114175 872635 107320 763365
163700 114252 873164 107387 763836
163800 114329 873699 107448 764301
163900 114394 874238 107521 764762
164000 114462 874773 107589 765227
164100 114535 875322 107658 765678
164200 114617 875871 107729 766129
164300 114673 876374 107791 766626
164400 114731 876904 107847 767096
164500 114799 877434 107918 767566
164600 114866 877978 107976 768022
164700 114936 878508 108036 768492
164800 115006 879031 108107 768969
164900 115066 879555 108155 769445
165000 115132 880075 108208 769925
165100 115193 880611 108279 770389
165200 115262 881134 108335 770866
165300 115332 881672 108395 771328
165400 115397 882219 108463 771781
165500 115461 882764 108521 772236
165600 115526 883287 108589 772713
165700 115601 883809 108656 773191
165800 115667 884351 108718 773649
165900 115734 884887 108770 774113
166000 115808 885409 108837 774591
166100 115875 885960 108905 775040
166200 115955 886486 108975 775514
166300 116020 887022 109051 775978
166400 116092 887557 109127 776443
166500 116169 888101 109203 776899
166600 116244 888622 109280 777378
166700 116302 889145 109358 777855
166800 116378 889666 109442 778334
166900 116454 890190 109502 778810
167000 116521 890718 109574 779282
167100 116590 891281 109636 779719
167200 116667 891832 109697 780168
167300 116742 892365 109768 780635
167400 116804 892896 109828 781104
167500 116872 893454 109892 781546
167600 116951 893967 109971 782033
167700 117033 894491 110026 782509
167800 117098 895013 110087 782987
167900 117160 895529 110153 783471
168000 117228 896053 110228 783947
168100 117288 896556 110279 784444
168200 117374 897100 110348 784900
168300 117440 897643 110404 785357
168400 117512 898173 110478 785827
168500 117588 898720 110554 786280
168600 117661 899253 110630 786747
168700 117728 899808 110689 787192
168800 117791 900371 110757 787629
168900 117874 900901 110832 788099
169000 117938 901411 110900 788589
169100 118009 901933 110961 789067
169200 118082 902476 111022 789524
169300 118142 903015 111075 789985
169400 118209 903562 111139 790438
169500 118278 904092 111197 790908
169600 118339 904615 111271 791385
169700 118394 905139 111333 791861
169800 118458 905668 111399 792332
169900 118528 906228 111461 792772
170000 118602 906759 111524 793241
170100 118674 907294 111594 793706
170200 118748 907853 111667 794147
170300 118815 908382 111725 794618
170400 118901 908906 111805 795094
170500 118965 909443 111865 795557
170600 119034 910001 111924 795999
170700 119101 910536 111982 796464
170800 119160 911084 112059 796916
170900 119223 911589 112109 797411
171000 119296 912119 112177 797881
171100 119369 912672 112244 798328
171200 119435 913213 112322 798787
171300 119502 913752 112377 799248
171400 119571 914264 112447 799736
171500 119629 914810 112523 800190
171600 119695 915341 112585 800659
171700 119768 915873 112647 801127
171800 119838 916408 112719 801592
171900 119901 916930 112781 802070
172000 119968 917459 112856 802541
172100 120020 917991 112922 803009
172200 120098 918530 112995 803470
172300 120163 919073 113077 803927
172400 120239 919617 113146 804383
172500 120306 920165 113199 804835
172600 120378 920718 113263 805282
172700 120455 921260 113331 805740
172800 120528 921773 113410 806227
172900 120622 922337 113469 806663
173000 120699 922869 113529 807131
173100 120773 923410 113592 807590
173200 120854 923932 113653 808068
173300 120919 924441 113708 808559
173400 120994 924971 113763 809029
173500 121058 925492 113829 809508
173600 121139 926068 113893 809932
173700 121204 926604 113952 810396
173800 121272 927142 114018 810858
173900 121339 927651 114086 811349
174000 121404 928193 114148 811807
174100 121489 928737 114207 812263
174200 121567 929290 114257 812710
174300 121648 929820 114322 813180
174400 121720 930358 114390 813642
174500 121787 930880 114448 814120
174600 121847 931407 114520 814593
174700 121914 931945 114583 815055
174800 121987 932484 114661 815516
174900 122064 933012 114725 815988
175000 122140 933509 114788 816491
175100 122209 934004 114861 816996
175200 122279 934541 114924 817459
175300 122352 935073 115002 817927
175400 122426 935603 115070 818397
175500 122494 936144 115128 818856
175600 122568 936671 115205 819329
175700 122627 937201 115262 819799
175800 122699 937742 115330 820258
175900 122759 938277 115398 820723
176000 122834 938801 115465 821199
176100 122906 939347 115525 821653
176200 122974 939910 115581 822090
176300 123042 940420 115642 822580
176400 123108 940949 115708 823051
176500 123175 941485 115767 823515
176600 123249 942003 115835 823997
176700 123313 942530 115907 824470
176800 123385 943080 115970 824920
176900 123450 943626 116024 825374
177000 123516 944135 116085 825865
177100 123584 944663 116139 826337
177200 123654 945175 116204 826825
177300 123710 945709 116281 827291
177400 123781 946234 116352 827766
177500 123853 946768 116419 828232
177600 123926 947312 116492 828688
177700 123990 947854 116568 829146
177800 124070 948393 116640 829607
177900 124139 948926 116698 830074
178000 124196 949458 116764 830542
178100 124273 949971 116813 831029
178200 124340 950508 116882 831492
178300 124414 951037 116942 831963
178400 124476 951544 117010 832456
178500 124553 952070 117065 832930
178600 124614 952594 117138 833406
178700 124673 953142 117197 833858
178800 124748 953675 117257 834325
178900 124811 954198 117319 834802
179000 124868 954752 117387 835248
179100 124958 955277 117455 835723
179200 125025 955812 117520 836188
179300 125091 956321 117590 836679
179400 125156 956854 117647 837146
179500 125220 957395 117711 837605
179600 125283 957931 117778 838069
179700 125357 958459 117847 838541
179800 125427 959013 117910 838987
179900 125492 959570 117972 839430
180000 125557 960114 118038 839886
180100 125620 960670 118103 840330
180200 125693 961206 118171 840794
180300 125764 961748 118235 841252
180400 125840 962275 118308 841725
180500 125899 962822 118378 842178
180600 125963 963330 118433 842670
180700 126014 963865 118504 843135
180800 126094 964432 118567 843568
180900 126156 964973 118621 844027
181000 126219 965478 118683 844522
181100 126290 966020 118746 844980
181200 126365 966531 118810 845469
181300 126439 967058 118869 845942
181400 126517 967591 118932 846409
181500 126590 968132 118992 846868
181600 126669 968668 119065 847332
181700 126740 969211 119140 847789
181800 126815 969747 119209 848253
181900 126880 970263 119273 848737
182000 126946 970792 119349 849208
182100 127032 971345 119417 849655
182200 127102 971892 119472 850108
182300 127186 972446 119538 850554
182400 127248 972975 119603 851025
182500 127305 973521 119673 851479
182600 127379 974091 119736 851909
182700 127448 974644 119804 852356
182800 127511 975157 119870 852843
182900 127587 975714 119950 853286
183000 127650 976253 120013 853747
183100 127725 976811 120082 854189
183200 127796 977337 120142 854663
183300 127866 977860 120201 855140
183400 127937 978378 120265 855622
183500 128013 978910 120330 856090
183600 128084 979434 120398 856566
183700 128146 979982 120456 857018
183800 128216 980536 120523 857464
183900 128283 981086 120585 857914
184000 128348 981613 120642 858387
184100 128411 982156 120710 858844
184200 128485 982685 120780 859315
184300 128552 983242 120841 859758
184400 128592 983758 120907 860242
184500 128673 984297 120975 860703
184600 128734 984824 121049 861176
184700 128800 985377 121100 861623
184800 128864 985884 121161 862116
184900 128936 986437 121220 862563
185000 129018 986991 121290 863009
185100 129088 987525 121361 863475
185200 129164 988083 121433 863917
185300 129225 988598 121491 864402
185400 129298 989121 121557 864879
185500 129357 989635 121619 865365
185600 129433 990168 121671 865832
185700 129511 990727 121736 866273
185800 129568 991247 121798 866753
185900 129629 991770 121861 867230
186000 129697 992307 121908 867693
186100 129770 992842 121979 868158
186200 129843 993384 122055 868616
186300 129914 993915 122122 869085
186400 129990 994446 122201 869554
186500 130052 994965 122266 870035
186600 130120 995505 122328 870495
186700 130199 996044 122397 870956
186800 130272 996555 122457 871445
186900 130317 997081 122524 871919
187000 130390 997627 122600 872373
187100 130470 998147 122671 872853
187200 130522 998687 122714 873313
187300 130589 999237 122775 873763
187400 130662 999770 122841 874230
187500 130736 1000324 122904 874676
187600 130809 1000857 122972 875143
187700 130879 1001405 123041 875595
187800 130963 1001948 123101 876052
187900 131031 1002471 123162 876529
188000 131098 1002990 123231 877010
188100 131172 1003527 123301 877473
188200 131244 1004054 123358 877946
188300 131315 1004585 123426 878415
188400 131377 1005127 123497 878873
188500 131437 1005652 123566 879348
188600 131506 1006186 123639 879814
188700 131577 1006735 123698 880265
188800 131640 1007243 123766 880757
188900 131703 1007761 123822 881239
189000 131774 1008305 123888 881695
189100 131841 1008845 123961 882155
189200 131907 1009373 124024 882627
189300 131977 1009916 124086 883084
189400 132036 1010475 124150 883525
189500 132119 1011018 124225 883982
189600 132191 1011557 124292 884443
189700 132267 1012091 124359 884909
189800 132338 1012643 124423 885357
189900 132400 1013183 124500 885817
190000 132454 1013706 124556 886294
190100 132516 1014229 124620 886771
190200 132582 1014781 124678 887219
190300 132633 1015284 124732 887716
190400 132698 1015822 124796 888178
190500 132768 1016336 124855 888664
190600 132843 1016882 124903 889118
190700 132903 1017397 124965 889603
190800 132979 1017942 125041 890058
190900 133053 1018498 125102 890502
191000 133123 1019026 125167 890974
191100 133194 1019545 125231 891455
191200 133263 1020075 125300 891925
191300 133327 1020622 125371 892378
191400 133411 1021161 125438 892839
191500 133478 1021711 125512 893289
191600 133545 1022268 125570 893732
191700 133622 1022778 125626 894222
191800 133693 1023288 125681 894712
191900 133761 1023802 125745 895198
192000 133846 1024314 125811 895686
192100 133916 1024833 125879 896167
192200 133984 1025360 125945 896640
192300 134033 1025903 126013 897097
192400 134092 1026457 126067 897543
192500 134159 1027010 126137 897990
192600 134238 1027550 126225 898450
192700 134296 1028066 126288 898934
192800 134377 1028588 126361 899412
192900 134450 1029117 126416 899883
193000 134526 1029649 126496 900351
193100 134594 1030156 126552 900844
193200 134657 1030668 126617 901332
193300 134723 1031205 126670 901795
193400 134808 1031748 126742 902252
193500 134880 1032289 126813 902711
193600 134954 1032835 126871 903165
193700 135035 1033378 126926 903622
193800 135105 1033924 126992 904076
193900 135187 1034451 127057 904549
194000 135278 1034985 127138 905015
194100 135340 1035514 127192 905486
194200 135412 1036048 127242 905952
194300 135475 1036589 127308 906411
194400 135545 1037146 127372 906854
194500 135612 1037682 127437 907318
194600 135684 1038223 127502 907777
194700 135756 1038752 127577 908248
194800 135830 1039282 127634 908718
194900 135891 1039822 127696 909178
195000 135962 1040367 127773 909633
195100 136030 1040897 127843 910103
195200 136102 1041431 127914 910569
195300 136172 1041985 127975 911015
195400 136246 1042530 128049 911470
195500 136311 1043069 128114 911931
195600 136392 1043610 128174 912390
195700 136471 1044142 128238 912858
195800 136546 1044688 128291 913312
195900 136615 1045202 128352 913798
196000 136692 1045727 128434 914273
196100 136753 1046245 128515 914755
196200 136826 1046770 128582 915230
196300 136910 1047308 128653 915692
196400 136975 1047832 128707 916168
196500 137049 1048372 128762 916628
196600 137117 1048934 128835 917066
196700 137197 1049461 128891 917539
196800 137268 1050002 128943 917998
196900 137337 1050530 129016 918470
197000 137413 1051048 129084 918952
197100 137476 1051561 129144 919439
197200 137541 1052080 129216 919920
197300 137625 1052618 129272 920382
197400 137685 1053128 129332 920872
197500 137757 1053653 129408 921347
197600 137828 1054158 129472 921842
197700 137890 1054726 129547 922274
197800 137967 1055270 129633 922730
197900 138028 1055792 129697 923208
198000 138090 1056342 129764 923658
198100 138163 1056850 129827 924150
198200 138232 1057408 129907 924592
198300 138307 1057945 129972 925055
198400 138381 1058510 130042 925490
198500 138441 1059045 130119 925955
198600 138506 1059578 130190 926422
198700 138580 1060124 130244 926876
198800 138655 1060652 130312 927348
198900 138721 1061172 130374 927828
199000 138781 1061713 130434 928287
199100 138858 1062244 130507 928756
199200 138930 1062790 130582 929210
199300 138992 1063332 130641 929668
199400 139047 1063853 130712 930147
199500 139115 1064403 130772 930597
199600 139181 1064954 130828 931046
199700 139254 1065513 130893 931487
199800 139340 1066029 130949 931971
199900 139408 1066552 131005 932448
200000 139478 1067077 131080 932923
