#! FIELDS timestep dup_succ dup_attempts kill_succ kill_attempts
#! SET timestep 0.5
#! SET kernel_bandwidth [0.6 0.6]
#! SET kt 1.0
100 69 103 84 897
200 149 277 187 1723
300 230 533 283 2467
400 306 872 363 3128
500 353 1288 402 3712
600 383 1748 431 4252
700 418 1809 474 5191
800 470 1890 534 6110
900 529 2021 605 6979
1000 602 2215 684 7785
1100 667 2481 757 8519
1200 724 2807 823 9193
1300 764 3194 861 9806
1400 797 3615 901 10385
1500 809 4071 922 10929
1600 823 4425 928 11575
1700 833 4893 937 12107
1800 840 5276 941 12724
1900 850 5764 950 13236
2000 854 6088 956 13912
2100 855 6656 960 14344
2200 857 7124 962 14876
2300 860 7542 965 15458
2400 863 8017 966 15983
2500 864 8374 966 16626
2600 867 8828 968 17172
2700 870 9323 969 17677
2800 875 9962 971 18038
2900 877 10350 974 18650
3000 880 10831 976 19169
3100 880 11408 981 19592
3200 881 12105 986 19895
3300 884 12774 987 20226
3400 887 13286 987 20714
3500 887 13908 988 21092
3600 887 14334 989 21666
3700 888 14790 989 22210
3800 889 15193 992 22807
3900 891 15671 992 23329
4000 892 16102 996 23898
4100 892 16567 996 24433
4200 892 17069 996 24931
4300 892 17589 996 25411
4400 892 18197 998 25803
4500 894 18705 998 26295
4600 895 19174 999 26826
4700 895 19709 999 27291
4800 897 20192 1000 27808
4900 897 20666 1000 28334
5000 898 21149 1000 28851
5100 899 21704 1000 29296
5200 901 22282 1001 29718
5300 905 22723 1004 30277
5400 906 23163 1005 30837
5500 907 23685 1009 31315
5600 910 24113 1012 31887
5700 912 24591 1014 32409
5800 914 25041 1017 32959
5900 915 25477 1019 33523
6000 917 25839 1021 34161
6100 917 26289 1023 34711
6200 919 26692 1024 35308
6300 921 27288 1028 35712
6400 923 27644 1029 36356
6500 923 28176 1029 36824
6600 924 28703 1030 37297
6700 926 29240 1031 37760
6800 930 29684 1033 38316
6900 931 30302 1034 38698
7000 932 30893 1038 39107
7100 932 31390 1038 39610
7200 933 32011 1039 39989
7300 935 32730 1040 40270
7400 935 33142 1043 40858
7500 937 33792 1046 41208
7600 937 34251 1048 41749
7700 939 34721 1050 42279
7800 941 35271 1051 42729
7900 943 35770 1051 43230
8000 948 36280 1051 43720
8100 948 36773 1052 44227
8200 949 37215 1052 44785
8300 950 37802 1053 45198
8400 951 38323 1053 45677
8500 953 38805 1056 46195
8600 954 39237 1058 46763
8700 954 39669 1059 47331
8800 955 40134 1063 47866
8900 956 40605 1064 48395
9000 956 41051 1066 48949
9100 956 41483 1069 49517
9200 957 41999 1070 50001
9300 960 42541 1070 50459
9400 961 42993 1071 51007
9500 962 43495 1074 51505
9600 964 43957 1076 52043
9700 967 44418 1077 52582
9800 968 45029 1079 52971
9900 969 45658 1079 53342
10000 969 46030 1081 53970
10100 972 46501 1084 54499
10200 974 47150 1085 54850
10300 974 47601 1088 55399
10400 976 48157 1089 55843
10500 977 48628 1090 56372
10600 979 49054 1090 56946
10700 980 49501 1092 57499
10800 980 49986 1093 58014
10900 981 50416 1094 58584
11000 981 50894 1094 59106
11100 981 51585 1095 59415
11200 982 51998 1099 60002
11300 983 52557 1100 60443
11400 983 53162 1100 60838
11500 985 53666 1103 61334
11600 990 54197 1106 61803
11700 995 54770 1106 62230
11800 997 55276 1110 62724
11900 998 55768 1113 63232
12000 999 56322 1115 63678
12100 1000 56928 1116 64072
12200 1003 57356 1117 64644
12300 1006 57764 1120 65236
12400 1008 58274 1123 65726
12500 1008 58748 1123 66252
12600 1008 59275 1124 66725
12700 1011 59718 1126 67282
12800 1012 60242 1128 67758
12900 1012 60710 1131 68290
13000 1015 61307 1135 68693
13100 1016 61808 1136 69192
13200 1017 62282 1138 69718
13300 1017 62779 1141 70221
13400 1020 63315 1144 70685
13500 1021 63882 1144 71118
13600 1023 64394 1144 71606
13700 1024 65009 1144 71991
13800 1024 65438 1144 72562
13900 1024 66025 1145 72975
14000 1024 66578 1147 73422
14100 1024 67085 1147 73915
14200 1024 67597 1148 74403
14300 1025 68096 1148 74904
14400 1029 68609 1148 75391
14500 1030 69175 1148 75825
14600 1031 69701 1149 76299
14700 1033 70143 1149 76857
14800 1033 70696 1151 77304
14900 1033 71216 1152 77784
15000 1034 71783 1152 78217
15100 1035 72414 1152 78586
15200 1037 72779 1156 79221
15300 1037 73144 1156 79856
15400 1039 73542 1157 80458
15500 1040 74019 1158 80981
15600 1040 74485 1158 81515
15700 1040 74974 1160 82026
15800 1043 75431 1160 82569
15900 1044 75948 1162 83052
16000 1047 76346 1162 83654
16100 1051 76787 1163 84213
16200 1054 77321 1164 84679
16300 1056 77750 1165 85250
16400 1061 78152 1167 85848
16500 1062 78641 1167 86359
16600 1063 79093 1170 86907
16700 1065 79647 1170 87353
16800 1065 80092 1171 87908
16900 1067 80790 1171 88210
17000 1071 81218 1176 88782
17100 1074 81597 1178 89403
17200 1074 82132 1181 89868
17300 1078 82642 1183 90358
17400 1078 83145 1186 90855
17500 1079 83515 1189 91485
17600 1082 84070 1191 91930
17700 1085 84522 1194 92478
17800 1087 84891 1195 93109
17900 1089 85517 1195 93483
18000 1090 86193 1198 93807
18100 1091 86726 1201 94274
18200 1093 87188 1202 94812
18300 1093 87683 1202 95317
18400 1093 88120 1203 95880
18500 1094 88690 1205 96310
18600 1094 89122 1205 96878
18700 1094 89620 1207 97380
18800 1098 90179 1211 97821
18900 1103 90629 1212 98371
19000 1104 91099 1215 98901
19100 1105 91668 1215 99332
19200 1107 92160 1221 99840
19300 1108 92604 1221 100396
19400 1109 93229 1222 100771
19500 1111 93785 1222 101215
19600 1113 94190 1222 101810
19700 1115 94697 1223 102303
19800 1119 95215 1223 102785
19900 1120 95597 1224 103403
20000 1120 96061 1228 103939
20100 1121 96562 1228 104438
20200 1124 97055 1229 104945
20300 1128 97440 1230 105560
20400 1131 98014 1230 105986
20500 1134 98432 1231 106568
20600 1135 98824 1232 107176
20700 1138 99278 1232 107722
20800 1138 99821 1234 108179
20900 1140 100404 1236 108596
21000 1140 100965 1236 109035
21100 1142 101378 1238 109622
21200 1146 101827 1239 110173
21300 1147 102307 1241 110693
21400 1147 102805 1243 111195
21500 1147 103269 1246 111731
21600 1148 103780 1246 112220
21700 1148 104264 1247 112736
21800 1152 104871 1248 113129
21900 1154 105426 1251 113574
22000 1155 105913 1251 114087
22100 1155 106450 1252 114550
22200 1156 106934 1252 115066
22300 1157 107504 1252 115496
22400 1157 108022 1256 115978
22500 1159 108505 1257 116495
22600 1162 108952 1259 117048
22700 1166 109426 1260 117574
22800 1166 109882 1262 118118
22900 1168 110319 1263 118681
23000 1169 110818 1265 119182
23100 1170 111420 1265 119580
23200 1170 111858 1269 120142
23300 1170 112246 1269 120754
23400 1170 112961 1270 121039
23500 1171 113440 1273 121560
23600 1171 114021 1273 121979
23700 1171 114636 1275 122364
23800 1171 115165 1278 122835
23900 1171 115572 1279 123428
24000 1172 116214 1280 123786
24100 1177 116686 1281 124314
24200 1177 117176 1282 124824
24300 1179 117674 1283 125326
24400 1179 118110 1283 125890
24500 1179 118642 1283 126358
24600 1180 119080 1286 126920
24700 1185 119565 1288 127435
24800 1188 120050 1290 127950
24900 1189 120546 1291 128454
25000 1191 120926 1292 129074
25100 1191 121507 1292 129493
25200 1193 122083 1293 129917
25300 1194 122584 1294 130416
25400 1194 123003 1295 130997
25500 1197 123406 1298 131594
25600 1199 123906 1301 132094
25700 1203 124402 1305 132598
25800 1206 124851 1307 133149
25900 1207 125339 1309 133661
26000 1208 125864 1310 134136
26100 1208 126307 1310 134693
26200 1210 126813 1310 135187
26300 1210 127335 1313 135665
26400 1210 127913 1314 136087
26500 1211 128418 1314 136582
26600 1215 128934 1315 137066
26700 1216 129454 1318 137546
26800 1217 130006 1321 137994
26900 1218 130517 1323 138483
27000 1218 131111 1326 138889
27100 1220 131571 1329 139429
27200 1223 132079 1330 139921
27300 1224 132649 1330 140351
27400 1224 133180 1332 140820
27500 1227 133654 1337 141346
27600 1227 134283 1338 141717
27700 1227 134706 1339 142294
27800 1228 135194 1339 142806
27900 1228 135709 1343 143291
28000 1231 136144 1343 143856
28100 1231 136598 1345 144402
28200 1235 137116 1349 144884
28300 1238 137604 1353 145396
28400 1239 138134 1353 145866
28500 1243 138712 1356 146288
28600 1246 139260 1362 146740
28700 1247 139823 1363 147177
28800 1249 140211 1363 147789
28900 1249 140674 1364 148326
29000 1251 141166 1365 148834
29100 1251 141635 1365 149365
29200 1251 142107 1370 149893
29300 1252 142628 1371 150372
29400 1254 143079 1372 150921
29500 1255 143486 1372 151514
29600 1256 143979 1373 152021
29700 1260 144428 1378 152572
29800 1260 144927 1381 153073
29900 1262 145506 1382 153494
30000 1263 146009 1383 153991
30100 1264 146361 1386 154639
30200 1266 146945 1391 155055
30300 1268 147473 1392 155527
30400 1270 147873 1393 156127
30500 1271 148406 1393 156594
30600 1271 148788 1396 157212
30700 1272 149314 1397 157686
30800 1274 149783 1399 158217
30900 1274 150303 1401 158697
31000 1276 150823 1403 159177
31100 1277 151327 1404 159673
31200 1277 151764 1406 160236
31300 1279 152210 1407 160790
31400 1281 152848 1407 161152
31500 1282 153362 1410 161638
31600 1283 153849 1411 162151
31700 1284 154326 1416 162674
31800 1287 154828 1416 163172
31900 1289 155363 1420 163637
32000 1291 155838 1423 164162
32100 1291 156333 1423 164667
32200 1291 156813 1424 165187
32300 1292 157417 1426 165583
32400 1293 157876 1429 166124
32500 1296 158380 1435 166620
32600 1297 158858 1437 167142
32700 1297 159323 1441 167677
32800 1298 159781 1443 168219
32900 1300 160245 1446 168755
33000 1300 160818 1448 169182
33100 1301 161375 1450 169625
33200 1303 161962 1452 170038
33300 1303 162358 1454 170642
33400 1306 162773 1455 171227
33500 1311 163192 1458 171808
33600 1313 163557 1459 172443
33700 1318 164141 1461 172859
33800 1318 164685 1462 173315
33900 1319 165289 1463 173711
34000 1323 165862 1466 174138
34100 1324 166380 1469 174620
34200 1325 166828 1471 175172
34300 1325 167391 1472 175609
34400 1327 167916 1475 176084
34500 1328 168372 1480 176628
34600 1328 168753 1483 177247
34700 1331 169133 1483 177867
34800 1333 169562 1486 178438
34900 1335 170106 1487 178894
35000 1336 170552 1488 179448
35100 1339 171027 1489 179973
35200 1340 171499 1490 180501
35300 1340 172063 1491 180937
35400 1342 172656 1492 181344
35500 1343 173374 1495 181626
35600 1343 173743 1496 182257
35700 1347 174169 1498 182831
35800 1349 174644 1499 183356
35900 1355 175106 1502 183894
36000 1358 175607 1504 184393
36100 1358 176131 1506 184869
36200 1358 176523 1507 185477
36300 1360 176859 1508 186141
36400 1360 177484 1510 186516
36500 1361 178025 1511 186975
36600 1362 178387 1513 187613
36700 1363 178984 1515 188016
36800 1363 179488 1516 188512
36900 1364 179924 1516 189076
37000 1367 180372 1517 189628
37100 1367 180892 1518 190108
37200 1370 181419 1522 190581
37300 1371 182012 1524 190988
37400 1373 182612 1526 191388
37500 1374 183044 1531 191956
37600 1375 183533 1534 192467
37700 1376 184053 1536 192947
37800 1376 184440 1536 193560
37900 1377 184891 1536 194109
38000 1377 185466 1538 194534
38100 1378 185902 1539 195098
38200 1380 186372 1541 195628
38300 1382 186853 1543 196147
38400 1382 187329 1547 196671
38500 1385 187808 1552 197192
38600 1387 188457 1557 197543
38700 1391 189075 1560 197925
38800 1395 189643 1560 198357
38900 1395 190181 1561 198819
39000 1396 190740 1564 199260
39100 1399 191289 1564 199711
39200 1401 191788 1565 200212
39300 1402 192266 1567 200734
39400 1406 192731 1570 201269
39500 1407 193255 1570 201745
39600 1408 193753 1570 202247
39700 1410 194268 1571 202732
39800 1412 194767 1573 203233
39900 1414 195266 1575 203734
40000 1416 195716 1575 204284
40100 1420 196199 1575 204801
40200 1420 196896 1577 205104
40300 1422 197365 1579 205635
40400 1424 197871 1579 206129
40500 1427 198324 1580 206676
40600 1429 198784 1583 207216
40700 1431 199297 1583 207703
40800 1431 199768 1583 208232
40900 1434 200266 1586 208734
41000 1438 200830 1587 209170
41100 1439 201240 1588 209760
41200 1440 201543 1588 210457
41300 1443 202027 1588 210973
41400 1446 202476 1589 211524
41500 1447 203065 1591 211935
41600 1449 203555 1594 212445
41700 1449 203910 1594 213090
41800 1451 204396 1594 213604
41900 1451 204958 1594 214042
42000 1451 205467 1594 214533
42100 1452 205973 1594 215027
42200 1454 206442 1595 215558
42300 1454 206902 1600 216098
42400 1454 207411 1603 216589
42500 1454 208013 1604 216987
42600 1454 208560 1606 217440
42700 1454 209081 1607 217919
42800 1455 209581 1611 218419
42900 1457 210069 1612 218931
43000 1458 210477 1612 219523
43100 1458 211056 1612 219944
43200 1458 211564 1613 220436
43300 1459 212085 1616 220915
43400 1460 212579 1617 221421
43500 1466 213115 1618 221885
43600 1469 213573 1621 222427
43700 1470 214037 1623 222963
43800 1471 214491 1626 223509
43900 1472 215007 1630 223993
44000 1473 215399 1631 224601
44100 1474 215958 1633 225042
44200 1475 216330 1633 225670
44300 1475 216820 1637 226180
44400 1477 217342 1638 226658
44500 1478 217823 1639 227177
44600 1479 218269 1640 227731
44700 1479 218747 1640 228253
44800 1479 219332 1641 228668
44900 1480 219905 1641 229095
45000 1481 220344 1642 229656
45100 1482 220740 1643 230260
45200 1485 221169 1646 230831
45300 1487 221538 1649 231462
45400 1489 222171 1650 231829
45500 1492 222712 1654 232288
45600 1492 223223 1655 232777
45700 1495 223722 1657 233278
45800 1496 224333 1659 233667
45900 1496 224862 1660 234138
46000 1500 225322 1661 234678
46100 1503 225846 1663 235154
46200 1505 226333 1665 235667
46300 1506 226762 1665 236238
46400 1506 227358 1665 236642
46500 1506 227854 1668 237146
46600 1509 228316 1669 237684
46700 1512 228621 1670 238379
46800 1514 229166 1670 238834
46900 1517 229580 1674 239420
47000 1518 229860 1675 240140
47100 1521 230345 1675 240655
47200 1522 230899 1678 241101
47300 1523 231399 1679 241601
47400 1528 232114 1680 241886
47500 1529 232543 1680 242457
47600 1532 232988 1681 243012
47700 1540 233407 1683 243593
47800 1541 234038 1684 243962
47900 1543 234551 1686 244449
48000 1544 235116 1688 244884
48100 1545 235712 1688 245288
48200 1548 236174 1692 245826
48300 1550 236653 1694 246347
48400 1552 237145 1696 246855
48500 1554 237697 1698 247303
48600 1556 238158 1701 247842
48700 1559 238494 1703 248506
48800 1560 239052 1706 248948
48900 1563 239550 1710 249450
49000 1564 240240 1717 249760
49100 1565 240750 1718 250250
49200 1568 241121 1720 250879
49300 1569 241557 1722 251443
49400 1569 242193 1723 251807
49500 1571 242694 1723 252306
49600 1573 243145 1727 252855
49700 1574 243694 1728 253306
49800 1577 244169 1732 253831
49900 1577 244722 1734 254278
50000 1579 245243 1736 254757
50100 1582 245675 1736 255325
50200 1586 246119 1738 255881
50300 1587 246549 1741 256451
50400 1589 246897 1744 257103
50500 1590 247308 1746 257692
50600 1593 247706 1748 258294
50700 1596 248316 1754 258684
50800 1596 248845 1755 259155
50900 1597 249351 1756 259649
51000 1601 249710 1757 260290
51100 1603 250258 1757 260742
51200 1605 250926 1760 261074
51300 1610 251522 1763 261478
51400 1610 251892 1764 262108
51500 1612 252431 1764 262569
51600 1613 252775 1765 263225
51700 1615 253305 1765 263695
51800 1615 253737 1765 264263
51900 1616 254143 1768 264857
52000 1616 254720 1769 265280
52100 1617 255247 1770 265753
52200 1619 255803 1771 266197
52300 1619 256296 1773 266704
52400 1621 256896 1776 267104
52500 1623 257404 1778 267596
52600 1624 257904 1779 268096
52700 1625 258435 1779 268565
52800 1626 258947 1782 269053
52900 1629 259388 1783 269612
53000 1632 259917 1786 270083
53100 1632 260421 1787 270579
53200 1632 260892 1789 271108
53300 1633 261401 1789 271599
53400 1634 261943 1790 272057
53500 1635 262465 1793 272535
53600 1635 262910 1794 273090
53700 1637 263289 1795 273711
53800 1639 263819 1802 274181
53900 1640 264345 1802 274655
54000 1644 264920 1807 275080
54100 1650 265443 1809 275557
54200 1652 265909 1811 276091
54300 1653 266554 1812 276446
54400 1654 267058 1813 276942
54500 1656 267536 1814 277464
54600 1656 267900 1816 278100
54700 1656 268425 1819 278575
54800 1657 268853 1822 279147
54900 1657 269413 1822 279587
55000 1659 270071 1824 279929
55100 1660 270605 1827 280395
55200 1663 271137 1830 280863
55300 1664 271728 1832 281272
55400 1667 272342 1834 281658
55500 1669 272655 1837 282345
55600 1669 273155 1840 282845
55700 1670 273605 1842 283395
55800 1670 274102 1843 283898
55900 1670 274669 1844 284331
56000 1672 275241 1847 284759
56100 1675 275731 1848 285269
56200 1676 276299 1851 285701
56300 1677 276826 1852 286174
56400 1681 277412 1852 286588
56500 1685 277916 1853 287084
56600 1687 278280 1853 287720
56700 1687 278760 1853 288240
56800 1688 279194 1855 288806
56900 1689 279818 1856 289182
57000 1691 280355 1857 289645
57100 1693 281013 1859 289987
57200 1694 281439 1860 290561
57300 1697 281922 1865 291078
57400 1698 282494 1865 291506
57500 1703 282943 1867 292057
57600 1704 283407 1867 292593
57700 1706 283846 1871 293154
57800 1707 284241 1875 293759
57900 1709 284815 1876 294185
58000 1709 285279 1877 294721
58100 1712 285694 1877 295306
58200 1716 286138 1878 295862
58300 1716 286768 1883 296232
58400 1720 287277 1885 296723
58500 1721 287822 1889 297178
58600 1722 288272 1891 297728
58700 1722 288882 1892 298118
58800 1722 289369 1893 298631
58900 1725 289713 1896 299287
59000 1727 290221 1900 299779
59100 1728 290704 1901 300296
59200 1730 291170 1901 300830
59300 1730 291764 1904 301236
59400 1731 292241 1905 301759
59500 1733 292747 1906 302253
59600 1735 293232 1909 302768
59700 1736 293878 1912 303122
59800 1738 294223 1915 303777
59900 1739 294540 1917 304460
60000 1739 294904 1917 305096
60100 1740 295552 1918 305448
60200 1740 296128 1920 305872
60300 1740 296520 1921 306480
60400 1741 297155 1921 306845
60500 1744 297662 1922 307338
60600 1747 298265 1924 307735
60700 1747 298802 1925 308198
60800 1749 299307 1926 308693
60900 1750 299873 1928 309127
61000 1752 300397 1930 309603
61100 1757 301070 1933 309930
61200 1760 301606 1933 310394
61300 1762 301978 1933 311022
61400 1764 302417 1934 311583
61500 1766 302872 1935 312128
61600 1767 303328 1936 312672
61700 1769 303884 1937 313116
61800 1770 304375 1937 313625
61900 1770 304895 1939 314105
62000 1772 305414 1940 314586
62100 1777 306020 1945 314980
62200 1778 306533 1947 315467
62300 1779 307198 1950 315802
62400 1779 307638 1952 316362
62500 1783 308165 1954 316835
62600 1787 308912 1957 317088
62700 1789 309405 1958 317595
62800 1789 309900 1958 318100
62900 1790 310371 1961 318629
63000 1791 310979 1961 319021
63100 1791 311489 1962 319511
63200 1794 312006 1965 319994
63300 1794 312584 1966 320416
63400 1800 313065 1969 320935
63500 1805 313528 1970 321472
63600 1808 314075 1970 321925
63700 1811 314556 1971 322444
63800 1811 315067 1973 322933
63900 1811 315581 1974 323419
64000 1814 316051 1976 323949
64100 1815 316547 1976 324453
64200 1815 317155 1978 324845
64300 1815 317662 1979 325338
64400 1819 318122 1983 325878
64500 1823 318788 1986 326212
64600 1825 319373 1988 326627
64700 1829 319877 1991 327123
64800 1830 320335 1994 327665
64900 1833 320870 1996 328130
65000 1833 321323 2002 328677
65100 1833 321650 2006 329350
65200 1837 322034 2009 329966
65300 1838 322475 2010 330525
65400 1839 322988 2011 331012
65500 1840 323623 2012 331377
65600 1843 324158 2013 331842
65700 1844 324627 2013 332373
65800 1846 325114 2017 332886
65900 1848 325558 2019 333442
66000 1848 326061 2020 333939
66100 1849 326677 2021 334323
66200 1851 327190 2023 334810
66300 1851 327735 2025 335265
66400 1852 328248 2026 335752
66500 1855 328769 2030 336231
66600 1859 329263 2036 336737
66700 1860 329655 2038 337345
66800 1865 330144 2038 337856
66900 1867 330634 2039 338366
67000 1869 331214 2041 338786
67100 1869 331831 2042 339169
67200 1870 332369 2045 339631
67300 1872 333083 2048 339917
67400 1872 333637 2049 340363
67500 1874 334030 2051 340970
67600 1875 334623 2053 341377
67700 1876 335101 2053 341899
67800 1877 335697 2053 342303
67900 1878 336191 2053 342809
68000 1880 336776 2054 343224
68100 1882 337395 2055 343605
68200 1883 337877 2057 344123
68300 1884 338354 2060 344646
68400 1886 338941 2064 345059
68500 1888 339613 2066 345387
68600 1888 340196 2066 345804
68700 1889 340641 2067 346359
68800 1892 341194 2070 346806
68900 1892 341816 2072 347184
69000 1894 342076 2074 347924
69100 1894 342548 2078 348452
69200 1896 343063 2083 348937
69300 1896 343520 2085 349480
69400 1899 343944 2086 350056
69500 1902 344210 2089 350790
69600 1904 344724 2089 351276
69700 1905 345238 2090 351762
69800 1906 345691 2091 352309
69900 1906 346148 2092 352852
70000 1908 346806 2094 353194
70100 1909 347238 2094 353762
70200 1912 347898 2094 354102
70300 1914 348386 2095 354614
70400 1916 348935 2097 355065
70500 1918 349466 2099 355534
70600 1920 350027 2101 355973
70700 1923 350537 2107 356463
70800 1927 351179 2108 356821
70900 1932 351620 2112 357380
71000 1932 352095 2114 357905
71100 1935 352616 2117 358384
71200 1938 353078 2117 358922
71300 1939 353586 2118 359414
71400 1942 354083 2119 359917
71500 1945 354472 2122 360528
71600 1947 354876 2123 361124
71700 1947 355406 2123 361594
71800 1949 355875 2123 362125
71900 1951 356402 2125 362598
72000 1951 357029 2128 362971
72100 1951 357486 2128 363514
72200 1953 357928 2131 364072
72300 1955 358417 2133 364583
72400 1955 358943 2133 365057
72500 1957 359416 2134 365584
72600 1959 359992 2136 366008
72700 1967 360589 2137 366411
72800 1969 361215 2137 366785
72900 1969 361738 2139 367262
73000 1972 362205 2141 367795
73100 1972 362765 2142 368235
73200 1973 363243 2143 368757
73300 1976 363672 2143 369328
73400 1978 364189 2145 369811
73500 1979 364878 2150 370122
73600 1979 365425 2150 370575
73700 1982 365820 2151 371180
73800 1984 366293 2154 371707
73900 1985 366703 2156 372297
74000 1987 367030 2160 372970
74100 1989 367540 2161 373460
74200 1989 368045 2162 373955
74300 1991 368479 2164 374521
74400 1995 368998 2164 375002
74500 1999 369476 2166 375524
74600 2002 369953 2170 376047
74700 2003 370454 2172 376546
74800 2004 370989 2173 377011
74900 2004 371513 2175 377487
75000 2007 371966 2176 378034
75100 2010 372510 2177 378490
75200 2012 372907 2179 379093
75300 2012 373386 2179 379614
75400 2013 373895 2179 380105
75500 2019 374392 2181 380608
75600 2024 374901 2187 381099
75700 2027 375405 2193 381595
75800 2029 375865 2195 382135
75900 2032 376415 2197 382585
76000 2033 376953 2201 383047
76100 2033 377401 2201 383599
76200 2035 377858 2204 384142
76300 2035 378530 2204 384470
76400 2036 379041 2205 384959
76500 2039 379630 2205 385370
76600 2040 380180 2205 385820
76700 2043 380672 2207 386328
76800 2046 381228 2208 386772
76900 2049 381779 2209 387221
77000 2055 382371 2211 387629
77100 2056 382957 2213 388043
77200 2058 383485 2214 388515
77300 2062 383935 2216 389065
77400 2065 384494 2218 389506
77500 2065 384922 2221 390078
77600 2066 385438 2223 390562
77700 2070 386031 2227 390969
77800 2074 386353 2233 391647
77900 2077 386855 2233 392145
78000 2078 387327 2234 392673
78100 2079 387790 2239 393210
78200 2080 388238 2241 393762
78300 2080 388678 2243 394322
78400 2083 389318 2243 394682
78500 2086 389729 2243 395271
78600 2088 390157 2243 395843
78700 2088 390634 2244 396366
78800 2090 391224 2248 396776
78900 2091 391655 2249 397345
79000 2091 392217 2251 397783
79100 2091 392709 2252 398291
79200 2093 393205 2253 398795
79300 2093 393577 2253 399423
79400 2094 394040 2257 399960
79500 2096 394485 2257 400515
79600 2100 395119 2259 400881
79700 2103 395633 2262 401367
79800 2103 396066 2265 401934
79900 2103 396631 2266 402369
80000 2103 397163 2266 402837
80100 2104 397625 2271 403375
80200 2104 398114 2273 403886
80300 2105 398573 2274 404427
80400 2107 399039 2278 404961
80500 2111 399490 2281 405510
80600 2113 399935 2283 406065
80700 2113 400562 2285 406438
80800 2113 401021 2286 406979
80900 2115 401618 2290 407382
81000 2119 402091 2290 407909
81100 2124 402626 2294 408374
81200 2126 403079 2296 408921
81300 2131 403623 2300 409377
81400 2131 404136 2302 409864
81500 2132 404649 2303 410351
81600 2136 405118 2307 410882
81700 2139 405704 2309 411296
81800 2140 406154 2310 411846
81900 2140 406651 2311 412349
82000 2140 407141 2314 412859
82100 2143 407661 2315 413339
82200 2146 408167 2316 413833
82300 2147 408652 2316 414348
82400 2151 409146 2316 414854
82500 2152 409725 2316 415275
82600 2152 410175 2316 415825
82700 2153 410682 2316 416318
82800 2153 411251 2318 416749
82900 2154 411720 2319 417280
83000 2158 412150 2322 417850
83100 2158 412651 2324 418349
83200 2160 413224 2324 418776
83300 2162 413697 2325 419303
83400 2168 414101 2330 419899
83500 2170 414519 2334 420481
83600 2174 415005 2336 420995
83700 2175 415635 2338 421365
83800 2177 416154 2340 421846
83900 2177 416730 2342 422270
84000 2178 417273 2344 422727
84100 2179 417812 2344 423188
84200 2180 418251 2344 423749
84300 2180 418793 2344 424207
84400 2181 419096 2346 424904
84500 2183 419469 2346 425531
84600 2185 419929 2347 426071
84700 2187 420531 2351 426469
84800 2188 421049 2357 426951
84900 2189 421559 2359 427441
85000 2193 422050 2360 427950
85100 2197 422542 2362 428458
85200 2198 423106 2363 428894
85300 2198 423620 2364 429380
85400 2200 424185 2366 429815
85500 2200 424797 2367 430203
85600 2201 425332 2367 430668
85700 2202 425920 2368 431080
85800 2202 426477 2368 431523
85900 2204 426912 2369 432088
86000 2210 427454 2373 432546
86100 2212 427779 2376 433221
86200 2215 428237 2381 433763
86300 2216 428536 2382 434464
86400 2218 428959 2383 435041
86500 2221 429415 2384 435585
86600 2223 429875 2387 436125
86700 2226 430292 2387 436708
86800 2228 430799 2389 437201
86900 2229 431371 2392 437629
87000 2232 431873 2393 438127
87100 2233 432321 2395 438679
87200 2233 432864 2395 439136
87300 2235 433420 2396 439580
87400 2236 434044 2397 439956
87500 2238 434632 2398 440368
87600 2240 435197 2400 440803
87700 2242 435633 2401 441367
87800 2243 436194 2403 441806
87900 2244 436824 2404 442176
88000 2247 437352 2405 442648
88100 2250 437921 2405 443079
88200 2252 438369 2406 443631
88300 2254 438819 2409 444181
88400 2254 439147 2411 444853
88500 2257 439587 2412 445413
88600 2258 440031 2413 445969
88700 2260 440574 2415 446426
88800 2260 441117 2416 446883
88900 2262 441651 2416 447349
89000 2263 442191 2417 447809
89100 2264 442678 2417 448322
89200 2266 443134 2418 448866
89300 2266 443670 2420 449330
89400 2266 444100 2420 449900
89500 2268 444683 2423 450317
89600 2273 445138 2428 450862
89700 2276 445707 2432 451293
89800 2277 446207 2434 451793
89900 2279 446669 2435 452331
90000 2281 447289 2438 452711
90100 2285 447925 2440 453075
90200 2288 448557 2440 453443
90300 2289 449090 2440 453910
90400 2290 449702 2440 454298
90500 2291 450297 2442 454703
90600 2293 450964 2443 455036
90700 2294 451607 2445 455393
90800 2294 452128 2445 455872
90900 2297 452633 2445 456367
91000 2297 453095 2445 456905
91100 2301 453496 2446 457504
91200 2303 453848 2447 458152
91300 2305 454338 2448 458662
91400 2307 454738 2448 459262
91500 2307 455149 2449 459851
91600 2310 455568 2449 460432
91700 2313 456111 2451 460889
91800 2315 456727 2454 461273
91900 2318 457137 2458 461863
92000 2318 457561 2459 462439
92100 2319 458104 2460 462896
92200 2319 458553 2460 463447
92300 2323 459051 2463 463949
92400 2327 459374 2466 464626
92500 2328 459906 2467 465094
92600 2334 460470 2467 465530
92700 2335 461122 2472 465878
92800 2339 461721 2475 466279
92900 2342 462243 2476 466757
93000 2343 462672 2478 467328
93100 2346 463153 2481 467847
93200 2346 463746 2482 468254
93300 2346 464201 2484 468799
93400 2347 464732 2485 469268
93500 2348 465193 2486 469807
93600 2349 465637 2487 470363
93700 2350 466143 2488 470857
93800 2351 466614 2489 471386
93900 2356 467163 2491 471837
94000 2360 467682 2493 472318
94100 2361 468139 2494 472861
94200 2362 468687 2496 473313
94300 2364 469106 2500 473894
94400 2365 469514 2502 474486
94500 2366 470077 2506 474923
94600 2367 470511 2510 475489
94700 2367 471075 2512 475925
94800 2368 471551 2517 476449
94900 2371 472108 2519 476892
95000 2373 472708 2522 477292
95100 2376 473143 2522 477857
95200 2379 473620 2522 478380
95300 2380 474178 2523 478822
95400 2382 474638 2524 479362
95500 2385 475045 2527 479955
95600 2386 475575 2529 480425
95700 2389 475948 2529 481052
95800 2389 476466 2532 481534
95900 2390 477033 2532 481967
96000 2391 477532 2533 482468
96100 2392 477887 2537 483113
96200 2395 478197 2540 483803
96300 2395 478687 2543 484313
96400 2397 479243 2545 484757
96500 2397 479721 2550 485279
96600 2400 480228 2551 485772
96700 2403 480627 2555 486373
96800 2407 481138 2558 486862
96900 2407 481571 2560 487429
97000 2407 482133 2561 487867
97100 2409 482412 2562 488588
97200 2409 482916 2562 489084
97300 2410 483461 2564 489539
97400 2413 483805 2564 490195
97500 2413 484255 2564 490745
97600 2417 484725 2565 491275
97700 2417 485263 2568 491737
97800 2418 485817 2571 492183
97900 2419 486315 2572 492685
98000 2420 486881 2573 493119
98100 2423 487388 2577 493612
98200 2423 487883 2577 494117
98300 2424 488483 2577 494517
98400 2426 489015 2578 494985
98500 2429 489507 2578 495493
98600 2430 490122 2580 495878
98700 2431 490621 2584 496379
98800 2433 491133 2587 496867
98900 2434 491631 2590 497369
99000 2436 492029 2592 497971
99100 2440 492597 2594 498403
99200 2440 493107 2594 498893
99300 2441 493696 2594 499304
99400 2445 494131 2597 499869
99500 2447 494670 2599 500330
99600 2448 495286 2601 500714
99700 2451 495908 2602 501092
99800 2452 496393 2604 501607
99900 2454 496958 2606 502042
100000 2455 497368 2608 502632
100100 2457 497965 2613 503035
100200 2461 498482 2615 503518
100300 2464 498854 2617 504146
100400 2465 499249 2619 504751
100500 2468 499667 2622 505333
100600 2469 500062 2624 505938
100700 2472 500653 2625 506347
100800 2476 501130 2625 506870
100900 2482 501622 2627 507378
101000 2484 502147 2628 507853
101100 2484 502664 2629 508336
101200 2486 503153 2630 508847
101300 2487 503568 2631 509432
101400 2487 503930 2631 510070
101500 2487 504561 2634 510439
101600 2489 505018 2636 510982
101700 2490 505453 2637 511547
101800 2492 506019 2639 511981
101900 2493 506557 2640 512443
102000 2495 507154 2640 512846
102100 2497 507646 2642 513354
102200 2499 507971 2645 514029
102300 2500 508404 2647 514596
102400 2500 508892 2650 515108
102500 2502 509518 2653 515482
102600 2504 509961 2654 516039
102700 2506 510325 2656 516675
102800 2507 510838 2657 517162
102900 2508 511324 2657 517676
103000 2510 511891 2659 518109
103100 2515 512415 2661 518585
103200 2515 513001 2661 518999
103300 2520 513637 2665 519363
103400 2521 514143 2666 519857
103500 2521 514668 2666 520332
103600 2522 515153 2666 520847
103700 2525 515569 2668 521431
103800 2526 516118 2669 521882
103900 2527 516618 2671 522382
104000 2530 517057 2673 522943
104100 2531 517525 2674 523475
104200 2532 518022 2675 523978
104300 2533 518581 2675 524419
104400 2533 519026 2676 524974
104500 2533 519428 2676 525572
104600 2535 519945 2677 526055
104700 2537 520371 2677 526629
104800 2537 520878 2677 527122
104900 2538 521392 2678 527608
105000 2538 521877 2681 528123
105100 2539 522255 2682 528745
105200 2542 522737 2684 529263
105300 2543 523330 2685 529670
105400 2543 523866 2688 530134
105500 2543 524381 2690 530619
105600 2545 524638 2692 531362
105700 2545 525135 2692 531865
105800 2548 525697 2693 532303
105900 2548 526163 2693 532837
106000 2549 526677 2693 533323
106100 2552 527071 2693 533929
106200 2552 527565 2693 534435
106300 2555 527846 2696 535154
106400 2556 528380 2697 535620
106500 2558 528890 2699 536110
106600 2559 529454 2703 536546
106700 2559 529916 2705 537084
106800 2560 530426 2705 537574
106900 2561 530832 2707 538168
107000 2563 531375 2707 538625
107100 2567 531954 2708 539046
107200 2568 532250 2713 539750
107300 2570 532737 2715 540263
107400 2572 533238 2719 540762
107500 2574 533809 2720 541191
107600 2575 534297 2723 541703
107700 2576 534764 2727 542236
107800 2577 535238 2727 542762
107900 2579 535691 2730 543309
108000 2579 536272 2730 543728
108100 2581 536826 2731 544174
108200 2582 537278 2735 544722
108300 2582 537789 2737 545211
108400 2585 538313 2738 545687
108500 2586 538750 2741 546250
108600 2588 539191 2742 546809
108700 2591 539855 2747 547145
108800 2594 540375 2749 547625
108900 2594 540801 2749 548199
109000 2598 541367 2751 548633
109100 2598 541889 2751 549111
109200 2600 542497 2754 549503
109300 2603 542809 2757 550191
109400 2604 543420 2758 550580
109500 2605 543963 2761 551037
109600 2606 544457 2761 551543
109700 2607 544929 2761 552071
109800 2609 545401 2761 552599
109900 2611 545986 2762 553014
110000 2613 546372 2764 553628
110100 2615 546840 2765 554160
110200 2617 547383 2766 554617
110300 2618 547793 2769 555207
110400 2620 548277 2772 555723
110500 2621 548759 2773 556241
110600 2623 549432 2774 556568
110700 2625 549758 2775 557242
110800 2625 550289 2776 557711
110900 2628 550732 2776 558268
111000 2629 551242 2778 558758
111100 2629 551619 2779 559381
111200 2630 552041 2779 559959
111300 2631 552545 2780 560455
111400 2632 553200 2784 560800
111500 2638 553820 2785 561180
111600 2641 554341 2789 561659
111700 2643 554865 2792 562135
111800 2644 555411 2795 562589
111900 2645 555905 2797 563095
112000 2646 556409 2801 563591
112100 2646 556803 2801 564197
112200 2647 557308 2801 564692
112300 2647 557923 2802 565077
112400 2647 558439 2804 565561
112500 2648 559035 2806 565965
112600 2650 559596 2806 566404
112700 2651 560131 2807 566869
112800 2653 560523 2808 567477
112900 2653 560975 2809 568025
113000 2656 561533 2811 568467
113100 2656 562050 2812 568950
113200 2659 562554 2814 569446
113300 2659 563155 2815 569845
113400 2661 563707 2816 570293
113500 2662 564177 2818 570823
113600 2665 564764 2821 571236
113700 2666 565237 2824 571763
113800 2671 565756 2825 572244
113900 2671 566221 2825 572779
114000 2674 566707 2826 573293
114100 2675 567156 2828 573844
114200 2676 567707 2830 574293
114300 2677 568290 2831 574710
114400 2680 568762 2834 575238
114500 2683 569195 2836 575805
114600 2683 569729 2836 576271
114700 2685 570221 2838 576779
114800 2685 570616 2838 577384
114900 2685 571132 2839 577868
115000 2688 571662 2844 578338
115100 2691 572125 2845 578875
115200 2693 572571 2846 579429
115300 2696 573065 2846 579935
115400 2698 573589 2849 580411
115500 2701 574085 2853 580915
115600 2706 574580 2855 581420
115700 2709 575144 2856 581856
115800 2709 575699 2858 582301
115900 2710 576024 2858 582976
116000 2712 576531 2860 583469
116100 2713 577025 2861 583975
116200 2714 577568 2863 584432
116300 2718 578027 2864 584973
116400 2720 578697 2866 585303
116500 2721 579406 2868 585594
116600 2723 579977 2873 586023
116700 2724 580583 2876 586417
116800 2724 581070 2876 586930
116900 2726 581429 2877 587571
117000 2729 581917 2878 588083
117100 2729 582430 2879 588570
117200 2730 582939 2881 589061
117300 2731 583278 2881 589722
117400 2733 583737 2883 590263
117500 2735 584388 2887 590612
117600 2737 584839 2888 591161
117700 2740 585314 2890 591686
117800 2741 585813 2893 592187
117900 2744 586458 2896 592542
118000 2748 586893 2898 593107
118100 2750 587499 2899 593501
118200 2753 588003 2903 593997
118300 2754 588477 2906 594523
118400 2756 589028 2910 594972
118500 2757 589702 2913 595298
118600 2759 590117 2916 595883
118700 2762 590753 2919 596247
118800 2763 591238 2919 596762
118900 2763 591680 2920 597320
119000 2766 592263 2922 597737
119100 2766 592755 2922 598245
119200 2766 593309 2923 598691
119300 2766 593728 2927 599272
119400 2769 594210 2927 599790
119500 2770 594696 2932 600304
119600 2772 595207 2935 600793
119700 2774 595716 2937 601284
119800 2775 596300 2939 601700
119900 2777 596889 2940 602111
120000 2779 597366 2944 602634
120100 2779 597918 2946 603082
120200 2779 598528 2947 603472
120300 2782 598884 2948 604116
120400 2783 599365 2949 604635
120500 2783 600012 2949 604988
120600 2784 600558 2949 605442
120700 2785 601098 2950 605902
120800 2787 601570 2952 606430
120900 2789 602028 2954 606972
121000 2792 602577 2956 607423
121100 2794 603096 2960 607904
121200 2797 603491 2962 608509
121300 2798 603891 2963 609109
121400 2798 604385 2964 609615
121500 2800 604876 2965 610124
121600 2801 605365 2965 610635
121700 2802 605869 2967 611131
121800 2804 606361 2969 611639
121900 2807 606754 2969 612246
122000 2808 607294 2972 612706
122100 2810 607778 2976 613222
122200 2811 608347 2977 613653
122300 2813 608983 2980 614017
122400 2815 609523 2981 614477
122500 2816 610027 2981 614973
122600 2817 610565 2985 615435
122700 2821 611132 2990 615868
122800 2823 611783 2992 616217
122900 2825 612424 2995 616576
123000 2828 613029 2998 616971
123100 2830 613416 3002 617584
123200 2831 613971 3006 618029
123300 2837 614441 3008 618559
123400 2838 614915 3009 619085
123500 2840 615429 3010 619571
123600 2842 615849 3013 620151
123700 2844 616315 3017 620685
123800 2848 616648 3023 621352
123900 2849 617077 3025 621923
124000 2850 617564 3027 622436
124100 2852 618010 3028 622990
124200 2855 618440 3030 623560
124300 2855 618895 3034 624105
124400 2861 619441 3036 624559
124500 2863 619967 3036 625033
124600 2863 620425 3039 625575
124700 2863 620980 3040 626020
124800 2865 621537 3043 626463
124900 2866 622186 3044 626814
125000 2870 622835 3047 627165
125100 2871 623255 3054 627745
125200 2871 623901 3059 628099
125300 2874 624425 3060 628575
125400 2878 624935 3063 629065
125500 2880 625331 3064 629669
125600 2881 625858 3065 630142
125700 2881 626324 3067 630676
125800 2881 626894 3067 631106
125900 2883 627455 3067 631545
126000 2884 627889 3068 632111
126100 2886 628411 3070 632589
126200 2887 628834 3070 633166
126300 2890 629495 3072 633505
126400 2891 629937 3074 634063
126500 2894 630514 3075 634486
126600 2896 630974 3077 635026
126700 2897 631453 3078 635547
126800 2899 631951 3081 636049
126900 2900 632484 3082 636516
127000 2904 632893 3083 637107
127100 2908 633404 3085 637596
127200 2909 633874 3087 638126
127300 2912 634403 3089 638597
127400 2916 634842 3089 639158
127500 2916 635322 3089 639678
127600 2917 635827 3091 640173
127700 2917 636288 3095 640712
127800 2919 636664 3098 641336
127900 2922 637169 3099 641831
128000 2923 637726 3101 642274
128100 2923 638145 3103 642855
128200 2925 638588 3105 643412
128300 2926 639275 3106 643725
128400 2928 639722 3108 644278
128500 2932 640154 3108 644846
128600 2933 640611 3109 645389
128700 2936 641154 3109 645846
128800 2938 641724 3109 646276
128900 2939 642162 3109 646838
129000 2941 642606 3109 647394
129100 2944 643126 3111 647874
129200 2948 643547 3113 648453
129300 2950 644009 3115 648991
129400 2952 644596 3117 649404
129500 2954 644959 3120 650041
129600 2955 645445 3123 650555
129700 2955 645899 3126 651101
129800 2956 646295 3128 651705
129900 2958 646803 3128 652197
130000 2960 647305 3131 652695
130100 2961 647746 3133 653254
130200 2962 648210 3133 653790
130300 2966 648773 3136 654227
130400 2971 649269 3136 654731
130500 2973 649778 3140 655222
130600 2975 650340 3140 655660
130700 2976 650793 3140 656207
130800 2979 651289 3141 656711
130900 2979 651724 3142 657276
131000 2985 652270 3145 657730
131100 2986 652862 3147 658138
131200 2988 653226 3150 658774
131300 2990 653752 3151 659248
131400 2990 654166 3152 659834
131500 2991 654629 3155 660371
131600 2992 655065 3156 660935
131700 2992 655598 3158 661402
131800 2994 656021 3160 661979
131900 2995 656417 3160 662583
132000 2996 656933 3162 663067
132100 2999 657387 3163 663613
132200 3001 657953 3163 664047
132300 3005 658534 3166 664466
132400 3007 659082 3167 664918
132500 3007 659545 3167 665455
132600 3008 660186 3167 665814
132700 3010 660779 3167 666221
132800 3011 661305 3169 666695
132900 3013 661774 3171 667226
133000 3014 662209 3172 667791
133100 3016 662744 3176 668256
133200 3017 663246 3177 668754
133300 3017 663741 3178 669259
133400 3018 664289 3180 669711
133500 3020 664877 3181 670123
133600 3022 665416 3183 670584
133700 3023 665694 3183 671306
133800 3025 666276 3184 671724
133900 3025 666801 3184 672199
134000 3027 667296 3186 672704
134100 3029 667657 3191 673343
134200 3031 668164 3192 673836
134300 3031 668612 3192 674388
134400 3034 669140 3193 674860
134500 3037 669670 3197 675330
134600 3040 670172 3199 675828
134700 3043 670687 3200 676313
134800 3043 671226 3202 676774
134900 3043 671701 3205 677299
135000 3045 672152 3211 677848
135100 3048 672630 3212 678370
135200 3049 673136 3214 678864
135300 3050 673702 3215 679298
135400 3050 674076 3216 679924
135500 3052 674585 3219 680415
135600 3056 675152 3221 680848
135700 3057 675699 3222 681301
135800 3058 676192 3223 681808
135900 3058 676698 3224 682302
136000 3061 677103 3226 682897
136100 3065 677757 3230 683243
136200 3068 678273 3231 683727
136300 3071 678955 3232 684045
136400 3071 679435 3235 684565
136500 3074 679998 3236 685002
136600 3075 680360 3239 685640
136700 3077 680894 3239 686106
136800 3077 681420 3239 686580
136900 3078 681912 3242 687088
137000 3079 682365 3244 687635
137100 3082 682791 3245 688209
137200 3083 683359 3246 688641
137300 3086 683928 3248 689072
137400 3088 684393 3248 689607
137500 3091 684690 3252 690310
137600 3092 685256 3252 690744
137700 3094 685715 3254 691285
137800 3096 686207 3255 691793
137900 3099 686714 3257 692286
138000 3101 687281 3257 692719
138100 3103 687825 3259 693175
138200 3103 688282 3260 693718
138300 3104 688696 3263 694304
138400 3107 689058 3266 694942
138500 3110 689563 3269 695437
138600 3112 689922 3273 696078
138700 3117 690417 3276 696583
138800 3118 690916 3277 697084
138900 3122 691481 3280 697519
139000 3130 691928 3283 698072
139100 3131 692410 3285 698590
139200 3135 692993 3288 699007
139300 3138 693429 3289 699571
139400 3140 693847 3290 700153
139500 3142 694336 3292 700664
139600 3149 694797 3293 701203
139700 3149 695229 3293 701771
139800 3152 695737 3295 702263
139900 3155 696121 3297 702879
140000 3156 696737 3298 703263
140100 3159 697177 3301 703823
140200 3165 697621 3302 704379
140300 3165 698142 3303 704858
140400 3165 698607 3304 705393
140500 3167 699145 3306 705855
140600 3169 699605 3307 706395
140700 3171 700172 3307 706828
140800 3172 700723 3309 707277
140900 3177 701175 3311 707825
141000 3177 701631 3312 708369
141100 3177 701995 3313 709005
141200 3178 702404 3315 709596
141300 3180 702838 3317 710162
141400 3181 703332 3323 710668
141500 3182 703830 3326 711170
141600 3183 704277 3330 711723
141700 3184 704817 3330 712183
141800 3185 705232 3332 712768
141900 3186 705658 3332 713342
142000 3186 706206 3333 713794
142100 3186 706767 3334 714233
142200 3187 707159 3334 714841
142300 3187 707743 3341 715257
142400 3188 708326 3344 715674
142500 3189 708704 3344 716296
142600 3190 709163 3346 716837
142700 3191 709596 3347 717404
142800 3192 710106 3347 717894
142900 3194 710556 3347 718444
143000 3196 711080 3349 718920
143100 3198 711608 3351 719392
143200 3201 712110 3354 719890
143300 3203 712612 3356 720388
143400 3204 713071 3358 720929
143500 3204 713596 3361 721404
143600 3204 714021 3361 721979
143700 3204 714452 3363 722548
143800 3206 714978 3364 723022
143900 3209 715399 3368 723601
144000 3210 715838 3369 724162
144100 3212 716544 3374 724456
144200 3213 716969 3376 725031
144300 3213 717476 3378 725524
144400 3213 717939 3378 726061
144500 3214 718460 3378 726540
144600 3215 718950 3379 727050
144700 3215 719489 3381 727511
144800 3215 720002 3381 727998
144900 3217 720465 3382 728535
145000 3218 720915 3383 729085
145100 3218 721264 3386 729736
145200 3219 721724 3387 730276
145300 3222 722178 3388 730822
145400 3227 722707 3389 731293
145500 3228 723103 3390 731897
145600 3229 723612 3395 732388
145700 3232 724167 3395 732833
145800 3233 724681 3397 733319
145900 3233 725086 3401 733914
146000 3233 725635 3402 734365
146100 3235 726090 3408 734910
146200 3235 726553 3408 735447
146300 3236 727078 3409 735922
146400 3238 727697 3409 736303
146500 3242 728198 3413 736802
146600 3245 728569 3413 737431
146700 3245 729141 3414 737859
146800 3246 729695 3415 738305
146900 3249 730070 3416 738930
147000 3249 730609 3417 739391
147100 3253 731238 3419 739762
147200 3253 731656 3421 740344
147300 3253 732040 3421 740960
147400 3255 732576 3423 741424
147500 3256 733075 3426 741925
147600 3257 733557 3426 742443
147700 3258 734116 3427 742884
147800 3259 734575 3428 743425
147900 3260 735171 3429 743829
148000 3264 735808 3431 744192
148100 3264 736333 3431 744667
148200 3264 736828 3433 745172
148300 3264 737313 3435 745687
148400 3265 737814 3436 746186
148500 3268 738292 3437 746708
148600 3269 738719 3441 747281
148700 3270 739247 3442 747753
148800 3271 739721 3445 748279
148900 3273 740217 3445 748783
149000 3273 740845 3448 749155
149100 3274 741376 3448 749624
149200 3275 741917 3451 750083
149300 3277 742450 3453 750550
149400 3278 742974 3455 751026
149500 3281 743554 3457 751446
149600 3282 743958 3458 752042
149700 3283 744465 3460 752535
149800 3285 745116 3460 752884
149900 3288 745623 3462 753377
150000 3288 746185 3464 753815
150100 3289 746671 3466 754329
150200 3291 747108 3468 754892
150300 3291 747496 3469 755504
150400 3297 748054 3469 755946
150500 3299 748454 3472 756546
150600 3299 748923 3472 757077
150700 3299 749481 3472 757519
150800 3299 750020 3474 757980
150900 3301 750598 3477 758402
151000 3303 751102 3478 758898
151100 3306 751662 3479 759338
151200 3306 752128 3479 759872
151300 3306 752735 3479 760265
151400 3307 753254 3480 760746
151500 3309 753690 3480 761310
151600 3309 754189 3481 761811
151700 3310 754674 3481 762326
151800 3313 755237 3482 762763
151900 3317 755668 3483 763332
152000 3319 756165 3485 763835
152100 3319 756665 3487 764335
152200 3320 757181 3488 764819
152300 3321 757634 3490 765366
152400 3321 758183 3494 765817
152500 3323 758741 3494 766259
152600 3325 759290 3495 766710
152700 3326 759640 3497 767360
152800 3327 760197 3497 767803
152900 3327 760706 3500 768294
153000 3327 761236 3500 768764
153100 3328 761773 3503 769227
153200 3330 762249 3505 769751
153300 3333 762703 3506 770297
153400 3334 763325 3508 770675
153500 3336 763945 3510 771055
153600 3337 764411 3512 771589
153700 3337 764893 3512 772107
153800 3337 765172 3513 772828
153900 3338 765618 3514 773382
154000 3338 766000 3517 774000
154100 3340 766565 3520 774435
154200 3341 767031 3523 774969
154300 3341 767592 3525 775408
154400 3341 768215 3525 775785
154500 3342 768669 3525 776331
154600 3345 769264 3528 776736
154700 3348 769728 3530 777272
154800 3349 770244 3530 777756
154900 3350 770799 3533 778201
155000 3350 771294 3533 778706
155100 3350 771884 3534 779116
155200 3352 772385 3534 779615
155300 3353 772863 3534 780137
155400 3358 773412 3536 780588
155500 3360 773935 3536 781065
155600 3360 774451 3537 781549
155700 3360 775080 3537 781920
155800 3365 775580 3538 782420
155900 3368 776068 3544 782932
156000 3369 776629 3545 783371
156100 3371 777240 3545 783760
156200 3372 777862 3547 784138
156300 3373 778133 3549 784867
156400 3377 778611 3551 785389
156500 3379 779067 3551 785933
156600 3381 779390 3553 786610
156700 3381 780003 3555 786997
156800 3381 780539 3557 787461
156900 3383 781013 3558 787987
157000 3386 781586 3560 788414
157100 3386 782067 3560 788933
157200 3387 782607 3564 789393
157300 3387 783126 3565 789874
157400 3387 783640 3567 790360
157500 3388 784292 3568 790708
157600 3392 784834 3569 791166
157700 3392 785279 3571 791721
157800 3393 785798 3574 792202
157900 3394 786250 3575 792750
158000 3396 786667 3577 793333
158100 3399 787193 3577 793807
158200 3400 787636 3578 794364
158300 3401 788080 3578 794920
158400 3401 788681 3579 795319
158500 3404 789218 3583 795782
158600 3404 789808 3584 796192
158700 3408 790394 3588 796606
158800 3410 791018 3590 796982
158900 3412 791342 3590 797658
159000 3412 791938 3590 798062
159100 3413 792507 3591 798493
159200 3415 793041 3592 798959
159300 3415 793587 3592 799413
159400 3416 794043 3592 799957
159500 3416 794504 3594 800496
159600 3416 795004 3594 800996
159700 3419 795400 3594 801600
159800 3424 795949 3597 802051
159900 3427 796573 3601 802427
160000 3427 796983 3602 803017
160100 3428 797395 3602 803605
160200 3430 797902 3602 804098
160300 3431 798320 3603 804680
160400 3431 798796 3605 805204
160500 3433 799376 3605 805624
160600 3438 799831 3609 806169
160700 3438 800357 3611 806643
160800 3438 800760 3611 807240
160900 3440 801314 3612 807686
161000 3443 801933 3614 808067
161100 3443 802457 3615 808543
161200 3443 802993 3616 809007
161300 3444 803572 3618 809428
161400 3445 804142 3619 809858
161500 3446 804682 3622 810318
161600 3448 805159 3625 810841
161700 3451 805601 3627 811399
161800 3454 805930 3629 812070
161900 3455 806322 3629 812678
162000 3456 806963 3630 813037
162100 3458 807431 3633 813569
162200 3458 807955 3636 814045
162300 3463 808461 3640 814539
162400 3467 808950 3643 815050
162500 3471 809432 3648 815568
162600 3473 809971 3649 816029
162700 3475 810414 3650 816586
162800 3479 811094 3650 816906
162900 3481 811532 3650 817468
163000 3483 812066 3652 817934
163100 3483 812498 3653 818502
163200 3486 812964 3653 819036
163300 3486 813409 3655 819591
163400 3487 813943 3656 820057
163500 3491 814453 3659 820547
163600 3492 815006 3660 820994
163700 3494 815366 3660 821634
163800 3496 815890 3661 822110
163900 3498 816315 3662 822685
164000 3501 816757 3664 823243
164100 3501 817237 3668 823763
164200 3501 817681 3668 824319
164300 3504 818269 3669 824731
164400 3506 818775 3672 825225
164500 3506 819307 3673 825693
164600 3509 819815 3673 826185
164700 3510 820333 3674 826667
164800 3512 820830 3675 827170
164900 3514 821351 3679 827649
165000 3516 821840 3679 828160
165100 3517 822429 3680 828571
165200 3518 822995 3681 829005
165300 3518 823579 3684 829421
165400 3520 824079 3684 829921
165500 3521 824616 3685 830384
165600 3523 825106 3686 830894
165700 3523 825611 3688 831389
165800 3524 826294 3689 831706
165900 3525 826802 3692 832198
166000 3526 827280 3695 832720
166100 3526 827884 3695 833116
166200 3530 828343 3699 833657
166300 3530 828761 3702 834239
166400 3532 829183 3703 834817
166500 3533 829739 3705 835261
166600 3534 830254 3706 835746
166700 3536 830749 3707 836251
166800 3539 831055 3708 836945
166900 3539 831615 3711 837385
167000 3543 832129 3713 837871
167100 3543 832644 3715 838356
167200 3545 833290 3718 838710
167300 3545 833752 3721 839248
167400 3549 834299 3722 839701
167500 3550 834798 3724 840202
167600 3553 835403 3724 840597
167700 3553 835889 3725 841111
167800 3553 836359 3727 841641
167900 3555 836829 3728 842171
168000 3560 837258 3731 842742
168100 3560 837814 3731 843186
168200 3560 838190 3735 843810
168300 3561 838617 3736 844383
168400 3563 839073 3741 844927
168500 3568 839556 3742 845444
168600 3572 839984 3743 846016
168700 3574 840493 3744 846507
168800 3575 841080 3747 846920
168900 3577 841718 3747 847282
169000 3578 842206 3752 847794
169100 3580 842808 3756 848192
169200 3581 843222 3759 848778
169300 3583 843890 3763 849110
169400 3584 844448 3764 849552
169500 3586 845035 3766 849965
169600 3587 845458 3768 850542
169700 3587 845824 3770 851176
169800 3588 846342 3771 851658
169900 3590 846822 3773 852178
170000 3591 847431 3775 852569
170100 3594 847875 3778 853125
170200 3599 848364 3779 853636
170300 3605 848839 3783 854161
170400 3606 849342 3786 854658
170500 3606 849754 3789 855246
170600 3607 850267 3789 855733
170700 3610 850770 3789 856230
170800 3612 851272 3789 856728
170900 3618 851752 3793 857248
171000 3620 852138 3795 857862
171100 3621 852706 3796 858294
171200 3623 853252 3796 858748
171300 3626 853627 3799 859373
171400 3627 854226 3804 859774
171500 3629 854623 3806 860377
171600 3630 855160 3807 860840
171700 3633 855734 3810 861266
171800 3635 856293 3812 861707
171900 3635 856746 3813 862254
172000 3637 857215 3815 862785
172100 3639 857741 3817 863259
172200 3644 858156 3820 863844
172300 3646 858805 3824 864195
172400 3648 859255 3824 864745
172500 3652 859589 3826 865411
172600 3654 860003 3826 865997
172700 3657 860526 3827 866474
172800 3658 861035 3831 866965
172900 3661 861527 3834 867473
173000 3661 861918 3836 868082
173100 3661 862466 3838 868534
173200 3664 862996 3839 869004
173300 3665 863488 3839 869512
173400 3668 863947 3842 870053
173500 3669 864475 3842 870525
173600 3669 865100 3842 870900
173700 3670 865642 3842 871358
173800 3671 866239 3843 871761
173900 3674 866710 3845 872290
174000 3675 867239 3847 872761
174100 3675 867862 3849 873138
174200 3677 868391 3851 873609
174300 3677 868925 3852 874075
174400 3680 869425 3853 874575
174500 3681 869881 3854 875119
174600 3682 870384 3857 875616
174700 3684 870688 3859 876312
174800 3686 871129 3859 876871
174900 3691 871589 3861 877411
175000 3695 872114 3863 877886
175100 3700 872635 3865 878365
175200 3700 873248 3866 878752
175300 3700 873709 3869 879291
175400 3701 874186 3869 879814
175500 3702 874702 3871 880298
175600 3702 875162 3871 880838
175700 3703 875720 3872 881280
175800 3703 876389 3876 881611
175900 3703 876922 3876 882078
176000 3705 877359 3879 882641
176100 3706 877903 3881 883097
176200 3707 878390 3882 883610
176300 3709 878874 3886 884126
176400 3711 879313 3888 884687
176500 3714 879853 3888 885147
176600 3715 880380 3891 885620
176700 3715 880802 3893 886198
176800 3717 881354 3894 886646
176900 3718 881860 3895 887140
177000 3721 882444 3897 887556
177100 3721 882974 3900 888026
177200 3725 883542 3903 888458
177300 3727 883914 3903 889086
177400 3728 884439 3906 889561
177500 3731 885005 3909 889995
177600 3733 885557 3909 890443
177700 3736 886171 3910 890829
177800 3739 886663 3911 891337
177900 3741 887163 3911 891837
178000 3745 887600 3914 892400
178100 3747 888108 3915 892892
178200 3750 888642 3916 893358
178300 3751 889106 3918 893894
178400 3751 889689 3919 894311
178500 3752 890300 3919 894700
178600 3755 890650 3920 895350
178700 3757 891116 3920 895884
178800 3758 891564 3922 896436
178900 3760 891960 3923 897040
179000 3761 892543 3926 897457
179100 3763 893191 3929 897809
179200 3763 893750 3930 898250
179300 3763 894254 3932 898746
179400 3765 894793 3935 899207
179500 3771 895105 3939 899895
179600 3771 895617 3942 900383
179700 3771 896106 3943 900894
179800 3771 896635 3945 901365
179900 3772 897087 3946 901913
180000 3775 897587 3949 902413
180100 3777 898051 3950 902949
180200 3780 898499 3950 903501
180300 3781 899037 3953 903963
180400 3782 899554 3954 904446
180500 3786 899931 3954 905069
180600 3786 900407 3955 905593
180700 3789 900974 3956 906026
180800 3790 901592 3957 906408
180900 3791 902067 3961 906933
181000 3792 902460 3961 907540
181100 3793 902846 3964 908154
181200 3794 903393 3966 908607
181300 3795 903943 3968 909057
181400 3797 904460 3970 909540
181500 3800 904938 3974 910062
181600 3801 905232 3976 910768
181700 3805 905776 3977 911224
181800 3807 906236 3978 911764
181900 3807 906787 3978 912213
182000 3809 907268 3979 912732
182100 3810 907751 3981 913249
182200 3812 908274 3982 913726
182300 3814 908821 3987 914179
182400 3817 909259 3988 914741
182500 3821 909642 3989 915358
182600 3822 910060 3992 915940
182700 3825 910565 3992 916435
182800 3827 911043 3994 916957
182900 3829 911518 3998 917482
183000 3829 911875 4000 918125
183100 3830 912360 4002 918640
183200 3834 912760 4004 919240
183300 3834 913439 4005 919561
183400 3835 913954 4005 920046
183500 3839 914386 4007 920614
183600 3839 914943 4009 921057
183700 3841 915410 4011 921590
183800 3843 915957 4012 922043
183900 3846 916430 4012 922570
184000 3849 916973 4019 923027
184100 3852 917492 4021 923508
184200 3853 917940 4024 924060
184300 3854 918495 4025 924505
184400 3856 919056 4025 924944
184500 3857 919634 4027 925366
184600 3858 920230 4033 925770
184700 3859 920709 4033 926291
184800 3864 921189 4033 926811
184900 3866 921813 4036 927187
185000 3867 922297 4037 927703
185100 3868 922787 4040 928213
185200 3872 923205 4040 928795
185300 3872 923588 4043 929412
185400 3873 924121 4045 929879
185500 3874 924606 4046 930394
185600 3874 925216 4046 930784
185700 3875 925558 4049 931442
185800 3876 925997 4050 932003
185900 3877 926494 4051 932506
186000 3879 926893 4051 933107
186100 3883 927329 4054 933671
186200 3883 927739 4055 934261
186300 3890 928207 4058 934793
186400 3891 928692 4059 935308
186500 3891 929250 4061 935750
186600 3891 929772 4063 936228
186700 3893 930215 4065 936785
186800 3894 930612 4065 937388
186900 3895 931151 4065 937849
187000 3895 931576 4067 938424
187100 3895 932014 4068 938986
187200 3897 932402 4069 939598
187300 3901 932856 4069 940144
187400 3902 933196 4071 940804
187500 3905 933581 4071 941419
187600 3908 934083 4073 941917
187700 3911 934488 4074 942512
187800 3912 935137 4075 942863
187900 3913 935530 4078 943470
188000 3916 935937 4079 944063
188100 3919 936444 4080 944556
188200 3920 936918 4080 945082
188300 3924 937409 4081 945591
188400 3926 937828 4083 946172
188500 3927 938375 4085 946625
188600 3927 938739 4085 947261
188700 3928 939144 4086 947856
188800 3934 939586 4088 948414
188900 3934 940091 4090 948909
189000 3936 940477 4092 949523
189100 3937 940927 4093 950073
189200 3938 941439 4095 950561
189300 3939 942037 4097 950963
189400 3940 942507 4098 951493
189500 3943 943033 4101 951967
189600 3945 943570 4103 952430
189700 3945 944016 4104 952984
189800 3946 944521 4105 953479
189900 3949 944890 4106 954110
190000 3952 945360 4111 954640
190100 3954 945858 4116 955142
190200 3955 946255 4116 955745
190300 3956 946760 4117 956240
190400 3957 947254 4119 956746
190500 3960 947693 4123 957307
190600 3960 948083 4125 957917
190700 3962 948422 4128 958578
190800 3962 948969 4128 959031
190900 3962 949412 4128 959588
191000 3963 949844 4129 960156
191100 3967 950274 4137 960726
191200 3974 950862 4139 961138
191300 3975 951387 4142 961613
191400 3978 951856 4142 962144
191500 3978 952469 4142 962531
191600 3978 953012 4143 962988
191700 3978 953566 4144 963434
191800 3978 954142 4148 963858
191900 3979 954564 4149 964436
192000 3982 955111 4152 964889
192100 3982 955584 4153 965416
192200 3985 956067 4157 965933
192300 3988 956544 4157 966456
192400 3988 956976 4157 967024
192500 3989 957382 4158 967618
192600 3990 957837 4161 968163
192700 3992 958302 4163 968698
192800 3993 958833 4164 969167
192900 3994 959272 4169 969728
193000 3997 959694 4171 970306
193100 4000 960118 4173 970882
193200 4000 960527 4174 971473
193300 4006 960811 4174 972189
193400 4007 961297 4174 972703
193500 4010 961838 4176 973162
193600 4012 962347 4177 973653
193700 4013 962811 4177 974189
193800 4015 963469 4177 974531
193900 4015 963969 4177 975031
194000 4016 964483 4180 975517
194100 4016 965032 4180 975968
194200 4017 965590 4180 976410
194300 4017 966179 4181 976821
194400 4018 966598 4184 977402
194500 4018 967157 4184 977843
194600 4021 967632 4187 978368
194700 4022 968065 4187 978935
194800 4024 968644 4187 979356
194900 4026 969096 4188 979904
195000 4028 969640 4191 980360
195100 4030 970297 4193 980703
195200 4030 970791 4194 981209
195300 4030 971227 4196 981773
195400 4031 971804 4196 982196
195500 4032 972296 4198 982704
195600 4034 972774 4202 983226
195700 4036 973228 4204 983772
195800 4036 973865 4204 984135
195900 4038 974379 4204 984621
196000 4038 974876 4204 985124
196100 4040 975266 4206 985734
196200 4041 975707 4208 986293
196300 4041 976189 4209 986811
196400 4044 976658 4210 987342
196500 4044 977154 4211 987846
196600 4045 977614 4215 988386
196700 4045 978073 4217 988927
196800 4045 978622 4218 989378
196900 4046 979096 4221 989904
197000 4050 979634 4222 990366
197100 4051 980116 4227 990884
197200 4053 980583 4230 991417
197300 4053 981218 4231 991782
197400 4055 981881 4232 992119
197500 4056 982360 4234 992640
197600 4059 982805 4236 993195
197700 4061 983360 4237 993640
197800 4061 983839 4238 994161
197900 4062 984259 4241 994741
198000 4066 984879 4242 995121
198100 4067 985371 4244 995629
198200 4067 985874 4245 996126
198300 4069 986451 4247 996549
198400 4069 986934 4249 997066
198500 4070 987374 4254 997626
198600 4072 987949 4254 998051
198700 4074 988513 4255 998487
198800 4076 989053 4256 998947
198900 4077 989480 4256 999520
199000 4077 989967 4256 1000033
199100 4078 990406 4256 1000594
199200 4079 990905 4257 1001095
199300 4079 991471 4258 1001529
199400 4080 991900 4259 1002100
199500 4080 992441 4260 1002559
199600 4082 992935 4261 1003065
199700 4082 993477 4262 1003523
199800 4083 993952 4263 1004048
199900 4083 994469 4265 1004531
200000 4084 995055 4266 1004945
