#! FIELDS timestep dup_succ dup_attempts kill_succ kill_attempts
#! SET timestep 0.5
#! SET kernel_bandwidth [0.5 0.5]
#! SET kt 1.0
100 81 222 76 778
200 164 500 178 1500
300 264 850 285 2150
400 354 1310 372 2690
500 419 1858 419 3142
600 465 2293 459 3707
700 493 2678 493 4322
800 517 3120 515 4880
900 530 3587 527 5413
1000 544 3948 537 6052
1100 552 4390 549 6610
1200 566 4836 563 7164
1300 574 5378 574 7622
1400 583 6006 590 7994
1500 597 6527 600 8473
1600 600 7080 610 8920
1700 603 7589 616 9411
1800 609 8040 621 9960
1900 617 8515 631 10485
2000 620 8992 638 11008
2100 626 9469 646 11531
2200 636 9950 659 12050
2300 646 10352 671 12648
2400 651 10835 679 13165
2500 656 11404 683 13596
2600 665 11882 691 14118
2700 668 12343 694 14657
2800 680 12839 703 15161
2900 695 13340 707 15660
3000 705 13835 723 16165
3100 710 14411 729 16589
3200 713 14894 734 17106
3300 717 15317 737 17683
3400 726 15849 748 18151
3500 733 16372 759 18628
3600 739 16965 762 19035
3700 745 17410 773 19590
3800 755 17907 781 20093
3900 761 18420 794 20580
4000 771 18945 799 21055
4100 777 19379 803 21621
4200 784 19878 807 22122
4300 790 20347 814 22653
4400 794 20963 825 23037
4500 794 21510 829 23490
4600 797 21999 840 24001
4700 803 22463 847 24537
4800 811 22952 856 25048
4900 819 23484 865 25516
5000 825 23988 874 26012
5100 834 24497 879 26503
5200 836 24962 879 27038
5300 843 25455 887 27545
5400 851 25974 897 28026
5500 867 26365 907 28635
5600 871 26852 912 29148
5700 874 27394 919 29606
5800 882 27886 922 30114
5900 888 28398 932 30602
6000 891 28942 942 31058
6100 896 29401 954 31599
6200 903 30030 960 31970
6300 913 30564 964 32436
6400 919 31012 973 32988
6500 923 31470 980 33530
6600 935 32031 986 33969
6700 941 32516 994 34484
6800 947 33007 1002 34993
6900 950 33549 1006 35451
7000 955 34087 1016 35913
7100 963 34507 1024 36493
7200 967 34960 1029 37040
7300 977 35515 1036 37485
7400 980 36024 1044 37976
7500 987 36447 1057 38553
7600 993 36987 1067 39013
7700 996 37433 1075 39567
7800 1004 37902 1079 40098
7900 1009 38412 1087 40588
8000 1011 38881 1091 41119
8100 1018 39476 1097 41524
8200 1026 39989 1105 42011
8300 1036 40554 1114 42446
8400 1037 41023 1117 42977
8500 1045 41608 1124 43392
8600 1056 42080 1128 43920
8700 1061 42519 1134 44481
8800 1068 43045 1139 44955
8900 1081 43603 1144 45397
9000 1087 44130 1149 45870
9100 1095 44648 1163 46352
9200 1101 45143 1165 46857
9300 1111 45672 1172 47328
9400 1122 46138 1177 47862
9500 1134 46691 1182 48309
9600 1138 47221 1187 48779
9700 1141 47698 1195 49302
9800 1144 48142 1200 49858
9900 1150 48565 1209 50435
10000 1153 49066 1220 50934
10100 1157 49489 1226 51511
10200 1165 50116 1231 51884
10300 1172 50540 1236 52460
10400 1176 50947 1240 53053
10500 1184 51485 1247 53515
10600 1189 51963 1251 54037
10700 1195 52412 1256 54588
10800 1198 52876 1261 55124
10900 1200 53443 1263 55557
11000 1206 53972 1270 56028
11100 1212 54515 1281 56485
11200 1216 55047 1284 56953
11300 1222 55614 1286 57386
11400 1229 56052 1292 57948
11500 1234 56561 1296 58439
11600 1244 57079 1300 58921
11700 1252 57613 1311 59387
11800 1264 58156 1317 59844
11900 1270 58639 1324 60361
12000 1276 59212 1331 60788
12100 1283 59762 1335 61238
12200 1291 60300 1346 61700
12300 1296 60783 1350 62217
12400 1302 61281 1354 62719
12500 1313 61800 1363 63200
12600 1317 62283 1382 63717
12700 1327 62799 1391 64201
12800 1339 63310 1396 64690
12900 1347 63826 1400 65174
13000 1350 64302 1410 65698
13100 1355 64755 1418 66245
13200 1360 65286 1426 66714
13300 1363 65692 1433 67308
13400 1371 66135 1442 67865
13500 1385 66689 1454 68311
13600 1395 67147 1458 68853
13700 1399 67577 1466 69423
13800 1402 68026 1476 69974
13900 1411 68450 1488 70550
14000 1417 68906 1499 71094
14100 1423 69400 1506 71600
14200 1430 69969 1514 72031
14300 1437 70488 1519 72512
14400 1442 70944 1525 73056
14500 1450 71506 1530 73494
14600 1454 71958 1533 74042
14700 1459 72471 1539 74529
14800 1471 73025 1550 74975
14900 1479 73601 1558 75399
15000 1486 74085 1560 75915
15100 1495 74683 1568 76317
15200 1496 75075 1569 76925
15300 1503 75547 1576 77453
15400 1507 76052 1584 77948
15500 1513 76603 1592 78397
15600 1519 77124 1595 78876
15700 1529 77626 1608 79374
15800 1537 78113 1612 79887
15900 1542 78613 1622 80387
16000 1553 79163 1631 80837
16100 1558 79687 1637 81313
16200 1564 80163 1643 81837
16300 1570 80711 1647 82289
16400 1578 81138 1650 82862
16500 1588 81651 1663 83349
16600 1591 82154 1671 83846
16700 1595 82622 1677 84378
16800 1599 83118 1681 84882
16900 1611 83695 1694 85305
17000 1614 84127 1699 85873
17100 1622 84614 1706 86386
17200 1633 85187 1714 86813
17300 1640 85637 1719 87363
17400 1645 86094 1724 87906
17500 1654 86572 1733 88428
17600 1662 87073 1744 88927
17700 1664 87584 1751 89416
17800 1674 88077 1760 89923
17900 1679 88490 1761 90510
18000 1685 89038 1763 90962
18100 1691 89482 1771 91518
18200 1698 89987 1779 92013
18300 1708 90469 1786 92531
18400 1716 90910 1791 93090
18500 1722 91375 1799 93625
18600 1727 91837 1804 94163
18700 1736 92376 1814 94624
18800 1743 92915 1822 95085
18900 1753 93505 1830 95495
19000 1759 94011 1837 95989
19100 1764 94540 1841 96460
19200 1768 95013 1845 96987
19300 1784 95552 1858 97448
19400 1789 96104 1869 97896
19500 1797 96746 1878 98254
19600 1805 97188 1888 98812
19700 1814 97630 1894 99370
19800 1825 98172 1901 99828
19900 1830 98649 1905 100351
20000 1839 99226 1913 100774
20100 1852 99735 1927 101265
20200 1868 100263 1940 101737
20300 1875 100805 1945 102195
20400 1886 101352 1953 102648
20500 1895 101823 1962 103177
20600 1898 102190 1971 103810
20700 1907 102680 1976 104320
20800 1911 103104 1979 104896
20900 1919 103556 1991 105444
21000 1925 104018 1997 105982
21100 1933 104471 2001 106529
21200 1942 104991 2009 107009
21300 1949 105441 2017 107559
21400 1955 105909 2022 108091
21500 1960 106525 2030 108475
21600 1965 107071 2033 108929
21700 1967 107575 2039 109425
21800 1970 108056 2042 109944
21900 1975 108654 2047 110346
22000 1988 109174 2050 110826
22100 1996 109680 2056 111320
22200 2002 110186 2067 111814
22300 2008 110662 2081 112338
22400 2019 111113 2088 112887
22500 2024 111574 2093 113426
22600 2033 112001 2098 113999
22700 2038 112560 2103 114440
22800 2045 113092 2108 114908
22900 2049 113552 2116 115448
23000 2060 114048 2129 115952
23100 2065 114537 2144 116463
23200 2073 114938 2154 117062
23300 2080 115353 2161 117647
23400 2083 115867 2164 118133
23500 2090 116305 2170 118695
23600 2098 116687 2182 119313
23700 2104 117150 2189 119850
23800 2116 117642 2195 120358
23900 2124 118178 2199 120822
24000 2133 118622 2206 121378
24100 2141 119118 2221 121882
24200 2148 119630 2227 122370
24300 2157 120232 2234 122768
24400 2163 120778 2239 123222
24500 2171 121240 2245 123760
24600 2176 121789 2251 124211
24700 2182 122298 2253 124702
24800 2185 122818 2260 125182
24900 2193 123326 2270 125674
25000 2201 123783 2274 126217
25100 2207 124313 2281 126687
25200 2212 124829 2287 127171
25300 2219 125357 2293 127643
25400 2229 125827 2296 128173
25500 2239 126280 2306 128720
25600 2246 126789 2316 129211
25700 2250 127207 2324 129793
25800 2258 127684 2329 130316
25900 2266 128124 2335 130876
26000 2271 128603 2343 131397
26100 2275 129130 2351 131870
26200 2282 129666 2364 132334
26300 2292 130183 2371 132817
26400 2301 130718 2382 133282
26500 2307 131257 2388 133743
26600 2314 131794 2394 134206
26700 2323 132293 2396 134707
26800 2327 132860 2402 135140
26900 2332 133347 2411 135653
27000 2337 133901 2416 136099
27100 2347 134457 2420 136543
27200 2352 134929 2422 137071
27300 2365 135424 2430 137576
27400 2370 135841 2437 138159
27500 2377 136325 2446 138675
27600 2383 136768 2451 139232
27700 2389 137248 2456 139752
27800 2394 137757 2461 140243
27900 2395 138259 2466 140741
28000 2398 138696 2478 141304
28100 2404 139143 2482 141857
28200 2411 139624 2488 142376
28300 2417 140134 2495 142866
28400 2421 140634 2502 143366
28500 2424 141107 2512 143893
28600 2431 141642 2525 144358
28700 2439 142032 2528 144968
28800 2443 142617 2536 145383
28900 2454 143132 2545 145868
29000 2464 143719 2554 146281
29100 2472 144250 2566 146750
29200 2477 144806 2570 147194
29300 2479 145309 2575 147691
29400 2489 145783 2583 148217
29500 2499 146278 2591 148722
29600 2507 146848 2593 149152
29700 2511 147411 2597 149589
29800 2520 147938 2605 150062
29900 2530 148455 2613 150545
30000 2537 148828 2619 151172
30100 2548 149402 2622 151598
30200 2554 149959 2630 152041
30300 2558 150482 2633 152518
30400 2565 150992 2638 153008
30500 2570 151467 2645 153533
30600 2576 152016 2654 153984
30700 2589 152532 2662 154468
30800 2595 153125 2666 154875
30900 2601 153626 2668 155374
31000 2608 154119 2671 155881
31100 2614 154638 2673 156362
31200 2620 155124 2678 156876
31300 2628 155607 2690 157393
31400 2640 156021 2693 157979
31500 2645 156521 2703 158479
31600 2646 156939 2708 159061
31700 2653 157431 2711 159569
31800 2658 157968 2716 160032
31900 2662 158499 2722 160501
32000 2672 158965 2739 161035
32100 2679 159409 2751 161591
32200 2685 159899 2755 162101
32300 2689 160350 2760 162650
32400 2691 160916 2765 163084
32500 2700 161422 2770 163578
32600 2718 161916 2784 164084
32700 2724 162337 2790 164663
32800 2731 162927 2793 165073
32900 2739 163446 2800 165554
33000 2750 163978 2805 166022
33100 2755 164424 2809 166576
33200 2766 164891 2812 167109
33300 2767 165333 2821 167667
33400 2772 165836 2833 168164
33500 2776 166353 2837 168647
33600 2783 166949 2844 169051
33700 2790 167475 2851 169525
33800 2796 167982 2860 170018
33900 2803 168404 2867 170596
34000 2805 168900 2873 171100
34100 2814 169366 2879 171634
34200 2820 169924 2880 172076
34300 2825 170402 2884 172598
34400 2835 170906 2894 173094
34500 2841 171416 2901 173584
34600 2847 171960 2912 174040
34700 2859 172391 2920 174609
34800 2870 172966 2928 175034
34900 2883 173416 2938 175584
35000 2886 173918 2943 176082
35100 2889 174463 2951 176537
35200 2896 174980 2956 177020
35300 2905 175519 2965 177481
35400 2911 176076 2967 177924
35500 2921 176603 2971 178397
35600 2927 177156 2976 178844
35700 2935 177682 2984 179318
35800 2942 178126 2998 179874
35900 2948 178610 3000 180390
36000 2957 179162 3009 180838
36100 2958 179689 3015 181311
36200 2961 180218 3023 181782
36300 2970 180651 3026 182349
36400 2978 181181 3033 182819
36500 2988 181658 3044 183342
36600 2990 182178 3047 183822
36700 2998 182686 3055 184314
36800 3009 183170 3064 184830
36900 3014 183593 3073 185407
37000 3021 184044 3083 185956
37100 3033 184571 3088 186429
37200 3043 185034 3097 186966
37300 3049 185582 3104 187418
37400 3054 186083 3108 187917
37500 3059 186515 3112 188485
37600 3072 187072 3118 188928
37700 3078 187560 3131 189440
37800 3084 188096 3137 189904
37900 3094 188570 3149 190430
38000 3101 189068 3158 190932
38100 3109 189561 3171 191439
38200 3119 190027 3181 191973
38300 3126 190555 3195 192445
38400 3132 191079 3202 192921
38500 3139 191603 3208 193397
38600 3146 192098 3216 193902
38700 3154 192531 3220 194469
38800 3160 193057 3225 194943
38900 3166 193581 3232 195419
39000 3174 193998 3236 196002
39100 3177 194532 3240 196468
39200 3184 194964 3246 197036
39300 3184 195462 3253 197538
39400 3191 195951 3262 198049
39500 3201 196421 3273 198579
39600 3210 196862 3283 199138
39700 3216 197381 3288 199619
39800 3221 197850 3293 200150
39900 3231 198398 3305 200602
40000 3238 198919 3308 201081
40100 3244 199430 3313 201570
40200 3249 199913 3315 202087
40300 3261 200426 3319 202574
40400 3270 201010 3330 202990
40500 3283 201579 3338 203421
40600 3291 202077 3346 203923
40700 3300 202618 3354 204382
40800 3310 203115 3363 204885
40900 3311 203483 3372 205517
41000 3317 204033 3373 205967
41100 3326 204567 3382 206433
41200 3333 205152 3390 206848
41300 3338 205712 3392 207288
41400 3341 206222 3396 207778
41500 3353 206679 3408 208321
41600 3360 207179 3411 208821
41700 3364 207697 3415 209303
41800 3374 208142 3422 209858
41900 3385 208577 3430 210423
42000 3390 209041 3433 210959
42100 3394 209468 3439 211532
42200 3403 209891 3446 212109
42300 3408 210397 3449 212603
42400 3418 210900 3456 213100
42500 3423 211307 3458 213693
42600 3427 211748 3461 214252
42700 3430 212250 3467 214750
42800 3436 212771 3483 215229
42900 3443 213271 3489 215729
43000 3446 213708 3492 216292
43100 3458 214303 3496 216697
43200 3467 214776 3501 217224
43300 3475 215245 3508 217755
43400 3484 215765 3516 218235
43500 3487 216264 3522 218736
43600 3491 216733 3531 219267
43700 3499 217205 3534 219795
43800 3510 217671 3540 220329
43900 3521 218289 3543 220711
44000 3525 218820 3552 221180
44100 3533 219373 3561 221627
44200 3541 219878 3569 222122
44300 3545 220357 3572 222643
44400 3551 220808 3579 223192
44500 3554 221335 3585 223665
44600 3562 221834 3590 224166
44700 3572 222238 3596 224762
44800 3578 222749 3604 225251
44900 3588 223310 3609 225690
45000 3590 223806 3614 226194
45100 3601 224368 3619 226632
45200 3610 224941 3625 227059
45300 3620 225471 3633 227529
45400 3625 225944 3642 228056
45500 3629 226451 3648 228549
45600 3635 226984 3654 229016
45700 3641 227553 3660 229447
45800 3647 228063 3665 229937
45900 3650 228595 3674 230405
46000 3654 229030 3682 230970
46100 3663 229562 3687 231438
46200 3671 230077 3698 231923
46300 3678 230613 3702 232387
46400 3689 231078 3706 232922
46500 3694 231614 3714 233386
46600 3706 232146 3719 233854
46700 3713 232685 3725 234315
46800 3719 233079 3728 234921
46900 3722 233524 3738 235476
47000 3730 234088 3749 235912
47100 3734 234592 3754 236408
47200 3744 235130 3761 236870
47300 3752 235673 3768 237327
47400 3758 236208 3777 237792
47500 3767 236726 3785 238274
47600 3770 237266 3791 238734
47700 3777 237787 3798 239213
47800 3789 238233 3806 239767
47900 3796 238740 3814 240260
48000 3806 239256 3827 240744
48100 3812 239695 3834 241305
48200 3820 240200 3843 241800
48300 3827 240701 3852 242299
48400 3836 241199 3858 242801
48500 3842 241632 3865 243368
48600 3844 242145 3871 243855
48700 3847 242657 3879 244343
48800 3861 243059 3886 244941
48900 3867 243518 3896 245482
49000 3875 243969 3902 246031
49100 3885 244482 3908 246518
49200 3895 244959 3916 247041
49300 3906 245459 3926 247541
49400 3912 245979 3930 248021
49500 3917 246494 3932 248506
49600 3930 247037 3943 248963
49700 3934 247536 3947 249464
49800 3941 248009 3953 249991
49900 3948 248532 3959 250468
50000 3954 248990 3965 251010
50100 3960 249477 3973 251523
50200 3967 250015 3978 251985
50300 3970 250435 3983 252565
50400 3973 250889 3994 253111
50500 3984 251357 4003 253643
50600 3991 251826 4010 254174
50700 3998 252404 4023 254596
50800 4009 252935 4036 255065
50900 4011 253436 4042 255564
51000 4021 254020 4045 255980
51100 4030 254504 4055 256496
51200 4040 254944 4060 257056
51300 4045 255482 4066 257518
51400 4047 256013 4075 257987
51500 4054 256535 4089 258465
51600 4058 256934 4094 259066
51700 4066 257435 4106 259565
51800 4070 258025 4113 259975
51900 4083 258569 4118 260431
52000 4089 259094 4130 260906
52100 4093 259557 4135 261443
52200 4099 260022 4142 261978
52300 4108 260462 4147 262538
52400 4115 260928 4156 263072
52500 4120 261513 4161 263487
52600 4127 262080 4172 263920
52700 4135 262651 4174 264349
52800 4143 263143 4180 264857
52900 4155 263630 4186 265370
53000 4156 264180 4190 265820
53100 4161 264654 4193 266346
53200 4165 265175 4199 266825
53300 4174 265676 4201 267324
53400 4187 266239 4205 267761
53500 4196 266777 4209 268223
53600 4205 267297 4222 268703
53700 4213 267747 4228 269253
53800 4221 268285 4232 269715
53900 4225 268709 4239 270291
54000 4232 269309 4244 270691
54100 4242 269807 4252 271193
54200 4253 270365 4260 271635
54300 4260 270924 4264 272076
54400 4266 271481 4278 272519
54500 4274 271943 4285 273057
54600 4285 272477 4295 273523
54700 4292 273114 4301 273886
54800 4306 273623 4315 274377
54900 4320 274177 4320 274823
55000 4323 274740 4328 275260
55100 4327 275217 4336 275783
55200 4328 275704 4339 276296
55300 4334 276290 4346 276710
55400 4336 276839 4350 277161
55500 4342 277310 4355 277690
55600 4347 277848 4363 278152
55700 4350 278377 4366 278623
55800 4355 278884 4369 279116
55900 4364 279337 4376 279663
56000 4368 279799 4380 280201
56100 4377 280260 4389 280740
56200 4379 280733 4399 281267
56300 4385 281252 4403 281748
56400 4387 281800 4407 282200
56500 4388 282296 4410 282704
56600 4393 282792 4416 283208
56700 4398 283224 4425 283776
56800 4401 283745 4429 284255
56900 4408 284308 4440 284692
57000 4411 284722 4442 285278
57100 4426 285250 4449 285750
57200 4431 285760 4454 286240
57300 4442 286286 4455 286714
57400 4450 286770 4461 287230
57500 4458 287285 4470 287715
57600 4466 287810 4481 288190
57700 4472 288340 4486 288660
57800 4479 288889 4496 289111
57900 4482 289523 4498 289477
58000 4487 290047 4507 289953
58100 4493 290539 4513 290461
58200 4501 291057 4517 290943
58300 4508 291454 4529 291546
58400 4512 291912 4535 292088
58500 4517 292396 4543 292604
58600 4524 292905 4550 293095
58700 4536 293423 4561 293577
58800 4551 293843 4572 294157
58900 4568 294297 4581 294703
59000 4574 294771 4589 295229
59100 4584 295348 4595 295652
59200 4591 295948 4602 296052
59300 4601 296502 4613 296498
59400 4604 296968 4617 297032
59500 4622 297470 4631 297530
59600 4630 297978 4637 298022
59700 4635 298497 4646 298503
59800 4646 298977 4652 299023
59900 4651 299463 4658 299537
60000 4655 299954 4661 300046
60100 4658 300411 4667 300589
60200 4667 300891 4673 301109
60300 4676 301390 4683 301610
60400 4686 301957 4686 302043
60500 4695 302433 4696 302567
60600 4703 303059 4703 302941
60700 4714 303616 4713 303384
60800 4721 304102 4718 303898
60900 4735 304610 4722 304390
61000 4741 305074 4728 304926
61100 4743 305587 4732 305413
61200 4750 306078 4735 305922
61300 4759 306633 4738 306367
61400 4771 307126 4746 306874
61500 4774 307693 4750 307307
61600 4780 308162 4760 307838
61700 4789 308700 4766 308300
61800 4797 309185 4772 308815
61900 4803 309614 4779 309386
62000 4809 310075 4789 309925
62100 4816 310561 4796 310439
62200 4821 311019 4811 310981
62300 4828 311496 4817 311504
62400 4830 312027 4825 311973
62500 4839 312459 4833 312541
62600 4840 312998 4839 313002
62700 4850 313528 4850 313472
62800 4862 313998 4857 314002
62900 4872 314439 4864 314561
63000 4882 314932 4868 315068
63100 4892 315445 4878 315555
63200 4897 315982 4886 316018
63300 4908 316451 4903 316549
63400 4917 316901 4910 317099
63500 4923 317371 4914 317629
63600 4931 317922 4919 318078
63700 4936 318374 4930 318626
63800 4944 318759 4937 319241
63900 4949 319204 4941 319796
64000 4957 319749 4953 320251
64100 4966 320318 4964 320682
64200 4968 320748 4972 321252
64300 4976 321281 4978 321719
64400 4985 321732 4985 322268
64500 4991 322243 4990 322757
64600 4996 322774 4994 323226
64700 5001 323209 5002 323791
64800 5010 323817 5011 324183
64900 5018 324370 5021 324630
65000 5023 324832 5032 325168
65100 5029 325331 5035 325669
65200 5034 325830 5045 326170
65300 5041 326273 5050 326727
65400 5049 326690 5057 327310
65500 5056 327123 5064 327877
65600 5064 327710 5069 328290
65700 5069 328106 5078 328894
65800 5081 328647 5086 329353
65900 5087 329064 5095 329936
66000 5093 329467 5103 330533
66100 5106 330028 5105 330972
66200 5113 330541 5110 331459
66300 5122 331102 5116 331898
66400 5132 331579 5121 332421
66500 5139 332034 5129 332966
66600 5146 332526 5134 333474
66700 5153 333064 5149 333936
66800 5158 333518 5156 334482
66900 5161 334011 5160 334989
67000 5164 334512 5162 335488
67100 5171 334953 5165 336047
67200 5175 335497 5166 336503
67300 5179 336008 5172 336992
67400 5184 336519 5188 337481
67500 5191 337040 5197 337960
67600 5198 337446 5205 338554
67700 5207 337923 5209 339077
67800 5218 338413 5217 339587
67900 5224 338892 5223 340108
68000 5236 339326 5232 340674
68100 5244 339832 5239 341168
68200 5249 340264 5247 341736
68300 5252 340685 5250 342315
68400 5256 341107 5254 342893
68500 5260 341586 5259 343414
68600 5262 342131 5270 343869
68700 5271 342683 5276 344317
68800 5275 343207 5283 344793
68900 5285 343687 5296 345313
69000 5294 344196 5307 345804
69100 5302 344661 5314 346339
69200 5308 345206 5322 346794
69300 5312 345670 5326 347330
69400 5319 346171 5335 347829
69500 5323 346629 5343 348371
69600 5329 347073 5350 348927
69700 5334 347519 5360 349481
69800 5339 347989 5364 350011
69900 5347 348393 5372 350607
70000 5359 348906 5385 351094
70100 5365 349424 5388 351576
70200 5373 349913 5398 352087
70300 5380 350415 5404 352585
70400 5383 350874 5412 353126
70500 5389 351502 5420 353498
70600 5398 351983 5424 354017
70700 5403 352433 5428 354567
70800 5414 352909 5439 355091
70900 5420 353363 5444 355637
71000 5425 353850 5455 356150
71100 5429 354477 5467 356523
71200 5435 354956 5472 357044
71300 5437 355445 5480 357555
71400 5443 355895 5492 358105
71500 5448 356425 5496 358575
71600 5456 356954 5501 359046
71700 5465 357448 5506 359552
71800 5471 357896 5514 360104
71900 5487 358407 5523 360593
72000 5492 358944 5529 361056
72100 5498 359459 5537 361541
72200 5503 359887 5546 362113
72300 5510 360395 5551 362605
72400 5515 360929 5558 363071
72500 5521 361498 5565 363502
72600 5535 362045 5574 363955
72700 5541 362555 5581 364445
72800 5545 363085 5587 364915
72900 5554 363630 5593 365370
73000 5561 364106 5600 365894
73100 5571 364636 5612 366364
73200 5574 365077 5616 366923
73300 5582 365500 5622 367500
73400 5587 366049 5625 367951
73500 5595 366510 5637 368490
73600 5602 367018 5643 368982
73700 5608 367500 5646 369500
73800 5614 368005 5655 369995
73900 5623 368428 5665 370572
74000 5629 368923 5675 371077
74100 5637 369432 5681 371568
74200 5652 370010 5689 371990
74300 5662 370538 5698 372462
74400 5670 371004 5706 372996
74500 5676 371519 5710 373481
74600 5684 372012 5717 373988
74700 5693 372504 5722 374496
74800 5705 373047 5732 374953
74900 5712 373564 5741 375436
75000 5721 374070 5745 375930
75100 5726 374593 5749 376407
75200 5731 375139 5754 376861
75300 5738 375607 5763 377393
75400 5749 376139 5770 377861
75500 5754 376640 5776 378360
75600 5761 377160 5782 378840
75700 5768 377602 5789 379398
75800 5773 377980 5796 380020
75900 5787 378464 5807 380536
76000 5797 378979 5813 381021
76100 5804 379411 5824 381589
76200 5812 379916 5837 382084
76300 5819 380296 5844 382704
76400 5826 380756 5855 383244
76500 5835 381160 5862 383840
76600 5845 381551 5869 384449
76700 5853 382021 5877 384979
76800 5857 382419 5887 385581
76900 5870 382906 5909 386094
77000 5877 383471 5916 386529
77100 5884 383999 5920 387001
77200 5889 384501 5927 387499
77300 5895 385149 5934 387851
77400 5903 385722 5937 388278
77500 5907 386174 5942 388826
77600 5914 386648 5944 389352
77700 5922 387108 5949 389892
77800 5928 387543 5956 390457
77900 5930 387990 5963 391010
78000 5934 388441 5970 391559
78100 5941 389043 5977 391957
78200 5955 389545 5987 392455
78300 5958 389965 5992 393035
78400 5968 390427 6000 393573
78500 5977 390921 6013 394079
78600 5984 391389 6022 394611
78700 5990 391868 6033 395132
78800 5995 392330 6043 395670
78900 5999 392856 6046 396144
79000 6007 393376 6051 396624
79100 6018 393875 6061 397125
79200 6028 394344 6067 397656
79300 6034 394811 6073 398189
79400 6038 395225 6076 398775
79500 6044 395647 6082 399353
79600 6047 396160 6088 399840
79700 6052 396532 6092 400468
79800 6056 397049 6097 400951
79900 6063 397524 6099 401476
80000 6072 397980 6110 402020
80100 6082 398438 6115 402562
80200 6088 398912 6123 403088
80300 6090 399383 6129 403617
80400 6094 399927 6139 404073
80500 6099 400381 6142 404619
80600 6109 400884 6147 405116
80700 6115 401355 6150 405645
80800 6121 401856 6153 406144
80900 6124 402332 6158 406668
81000 6129 402863 6163 407137
81100 6131 403394 6171 407606
81200 6138 403762 6183 408238
81300 6145 404242 6190 408758
81400 6150 404750 6198 409250
81500 6156 405168 6211 409832
81600 6161 405654 6216 410346
81700 6166 406138 6224 410862
81800 6171 406643 6231 411357
81900 6180 407080 6235 411920
82000 6187 407573 6241 412427
82100 6195 408110 6243 412890
82200 6200 408561 6247 413439
82300 6203 409007 6252 413993
82400 6208 409591 6259 414409
82500 6218 410069 6269 414931
82600 6221 410620 6280 415380
82700 6231 411080 6289 415920
82800 6235 411498 6297 416502
82900 6247 411979 6303 417021
83000 6256 412452 6306 417548
83100 6261 412885 6309 418115
83200 6264 413391 6313 418609
83300 6273 413790 6318 419210
83400 6281 414249 6325 419751
83500 6284 414737 6328 420263
83600 6292 415250 6333 420750
83700 6303 415776 6342 421224
83800 6317 416310 6349 421690
83900 6322 416759 6360 422241
84000 6329 417209 6366 422791
84100 6345 417675 6376 423325
84200 6351 418148 6382 423852
84300 6355 418654 6384 424346
84400 6363 419116 6390 424884
84500 6368 419614 6394 425386
84600 6374 420051 6399 425949
84700 6376 420500 6407 426500
84800 6383 420935 6416 427065
84900 6387 421385 6423 427615
85000 6400 421963 6434 428037
85100 6411 422528 6448 428472
85200 6424 423001 6452 428999
85300 6432 423497 6459 429503
85400 6436 423977 6465 430023
85500 6445 424435 6473 430565
85600 6452 424906 6484 431094
85700 6462 425270 6489 431730
85800 6467 425780 6495 432220
85900 6473 426256 6501 432744
86000 6478 426746 6507 433254
86100 6483 427245 6516 433755
86200 6489 427784 6520 434216
86300 6496 428331 6526 434669
86400 6505 428903 6535 435097
86500 6510 429415 6543 435585
86600 6515 429982 6550 436018
86700 6521 430323 6556 436677
86800 6528 430806 6564 437194
86900 6532 431225 6569 437775
87000 6547 431689 6579 438311
87100 6553 432127 6583 438873
87200 6558 432607 6584 439393
87300 6569 433204 6588 439796
87400 6578 433729 6594 440271
87500 6586 434193 6598 440807
87600 6589 434685 6603 441315
87700 6597 435208 6613 441792
87800 6602 435779 6623 442221
87900 6606 436354 6628 442646
88000 6607 436892 6634 443108
88100 6615 437489 6642 443511
88200 6623 437938 6649 444062
88300 6627 438363 6651 444637
88400 6630 438776 6659 445224
88500 6637 439294 6671 445706
88600 6639 439731 6680 446269
88700 6649 440258 6687 446742
88800 6652 440826 6695 447174
88900 6661 441238 6705 447762
89000 6667 441720 6710 448280
89100 6682 442258 6715 448742
89200 6693 442685 6723 449315
89300 6701 443155 6725 449845
89400 6705 443674 6727 450326
89500 6713 444176 6732 450824
89600 6715 444734 6741 451266
89700 6722 445269 6745 451731
89800 6726 445689 6750 452311
89900 6732 446190 6759 452810
90000 6738 446678 6766 453322
90100 6744 447139 6769 453861
90200 6748 447581 6774 454419
90300 6755 448068 6779 454932
90400 6759 448487 6781 455513
90500 6762 449103 6788 455897
90600 6766 449605 6797 456395
90700 6772 450084 6802 456916
90800 6779 450688 6803 457312
90900 6790 451131 6809 457869
91000 6795 451587 6818 458413
91100 6796 452060 6823 458940
91200 6808 452481 6827 459519
91300 6812 453008 6836 459992
91400 6821 453430 6840 460570
91500 6834 453909 6850 461091
91600 6840 454469 6853 461531
91700 6847 454959 6860 462041
91800 6855 455389 6865 462611
91900 6865 455855 6873 463145
92000 6869 456339 6879 463661
92100 6875 456848 6883 464152
92200 6877 457410 6888 464590
92300 6885 457858 6893 465142
92400 6894 458330 6900 465670
92500 6896 458824 6900 466176
92600 6898 459362 6906 466638
92700 6906 459807 6922 467193
92800 6915 460299 6931 467701
92900 6922 460833 6941 468167
93000 6931 461267 6945 468733
93100 6934 461715 6948 469285
93200 6945 462182 6953 469818
93300 6947 462690 6960 470310
93400 6951 463204 6968 470796
93500 6966 463614 6977 471386
93600 6974 464062 6988 471938
93700 6979 464453 6999 472547
93800 6985 465011 7009 472989
93900 6989 465510 7013 473490
94000 7000 465985 7020 474015
94100 7011 466533 7030 474467
94200 7015 467060 7034 474940
94300 7025 467568 7039 475432
94400 7034 468081 7048 475919
94500 7043 468523 7060 476477
94600 7048 469033 7066 476967
94700 7053 469512 7069 477488
94800 7065 470017 7074 477983
94900 7072 470493 7079 478507
95000 7080 470946 7086 479054
95100 7087 471409 7094 479591
95200 7097 471834 7098 480166
95300 7108 472339 7108 480661
95400 7117 472831 7120 481169
95500 7125 473345 7129 481655
95600 7131 473839 7135 482161
95700 7134 474298 7141 482702
95800 7138 474728 7148 483272
95900 7145 475105 7152 483895
96000 7154 475536 7157 484464
96100 7161 476087 7166 484913
96200 7168 476576 7175 485424
96300 7171 477055 7185 485945
96400 7176 477566 7190 486434
96500 7178 478068 7198 486932
96600 7184 478545 7205 487455
96700 7196 479037 7214 487963
96800 7206 479545 7224 488455
96900 7214 480050 7232 488950
97000 7221 480639 7240 489361
97100 7230 481082 7247 489918
97200 7236 481563 7251 490437
97300 7242 482128 7259 490872
97400 7249 482675 7263 491325
97500 7259 483243 7270 491757
97600 7264 483834 7275 492166
97700 7277 484301 7280 492699
97800 7284 484823 7291 493177
97900 7292 485282 7299 493718
98000 7300 485890 7312 494110
98100 7305 486329 7316 494671
98200 7314 486882 7328 495118
98300 7325 487355 7335 495645
98400 7330 487841 7342 496159
98500 7336 488436 7351 496564
98600 7345 488943 7358 497057
98700 7351 489486 7363 497514
98800 7357 490028 7367 497972
98900 7370 490511 7377 498489
99000 7380 490960 7391 499040
99100 7391 491442 7394 499558
99200 7394 491939 7406 500061
99300 7404 492352 7416 500648
99400 7410 492813 7429 501187
99500 7420 493324 7435 501676
99600 7432 493860 7443 502140
99700 7437 494345 7446 502655
99800 7440 494817 7456 503183
99900 7448 495264 7471 503736
100000 7456 495751 7475 504249
100100 7470 496205 7486 504795
100200 7477 496759 7493 505241
100300 7489 497222 7501 505778
100400 7499 497772 7509 506228
100500 7505 498351 7516 506649
100600 7512 498822 7522 507178
100700 7516 499347 7527 507653
100800 7520 499882 7533 508118
100900 7529 500401 7541 508599
101000 7532 500901 7545 509099
101100 7541 501368 7551 509632
101200 7547 501868 7563 510132
101300 7550 502353 7566 510647
101400 7557 502836 7575 511164
101500 7564 503418 7580 511582
101600 7574 503817 7586 512183
101700 7584 504314 7594 512686
101800 7589 504792 7603 513208
101900 7597 505266 7617 513734
102000 7600 505808 7624 514192
102100 7610 506280 7629 514720
102200 7611 506744 7637 515256
102300 7619 507307 7643 515693
102400 7626 507823 7649 516177
102500 7629 508301 7655 516699
102600 7634 508749 7659 517251
102700 7645 509207 7667 517793
102800 7654 509741 7673 518259
102900 7660 510226 7682 518774
103000 7668 510806 7694 519194
103100 7675 511309 7703 519691
103200 7679 511859 7711 520141
103300 7683 512350 7713 520650
103400 7683 512867 7717 521133
103500 7691 513337 7720 521663
103600 7699 513860 7728 522140
103700 7704 514278 7734 522722
103800 7710 514715 7740 523285
103900 7726 515222 7754 523778
104000 7737 515724 7763 524276
104100 7742 516259 7767 524741
104200 7749 516759 7776 525241
104300 7753 517249 7780 525751
104400 7761 517803 7790 526197
104500 7765 518376 7793 526624
104600 7772 518878 7802 527122
104700 7776 519423 7811 527577
104800 7785 519926 7821 528074
104900 7794 520518 7825 528482
105000 7796 521061 7830 528939
105100 7802 521556 7843 529444
105200 7810 522063 7850 529937
105300 7816 522541 7865 530459
105400 7826 523041 7872 530959
105500 7831 523571 7874 531429
105600 7834 524085 7876 531915
105700 7843 524578 7882 532422
105800 7847 525025 7887 532975
105900 7862 525504 7896 533496
106000 7865 525998 7902 534002
106100 7872 526508 7904 534492
106200 7876 526936 7910 535064
106300 7882 527421 7912 535579
106400 7885 527961 7922 536039
106500 7897 528411 7928 536589
106600 7901 528889 7934 537111
106700 7907 529486 7937 537514
106800 7919 529932 7939 538068
106900 7922 530399 7948 538601
107000 7926 530872 7951 539128
107100 7934 531345 7961 539655
107200 7946 531865 7971 540135
107300 7953 532342 7975 540658
107400 7960 532853 7979 541147
107500 7965 533333 7983 541667
107600 7969 533890 7989 542110
107700 7976 534409 7991 542591
107800 7985 534932 7997 543068
107900 7986 535367 8004 543633
108000 7993 535857 8010 544143
108100 8000 536344 8015 544656
108200 8009 536835 8019 545165
108300 8016 537342 8025 545658
108400 8024 537914 8031 546086
108500 8026 538484 8038 546516
108600 8033 539023 8042 546977
108700 8040 539452 8046 547548
108800 8048 539992 8053 548008
108900 8064 540433 8062 548567
109000 8068 540971 8072 549029
109100 8085 541442 8084 549558
109200 8091 541972 8087 550028
109300 8103 542482 8099 550518
109400 8107 543010 8106 550990
109500 8112 543512 8114 551488
109600 8115 543996 8125 552004
109700 8119 544493 8134 552507
109800 8122 544987 8144 553013
109900 8128 545500 8148 553500
110000 8137 545992 8151 554008
110100 8149 546507 8161 554493
110200 8154 546985 8171 555015
110300 8160 547398 8176 555602
110400 8165 547918 8181 556082
110500 8172 548388 8189 556612
110600 8178 548858 8194 557142
110700 8180 549403 8197 557597
110800 8188 549892 8200 558108
110900 8196 550238 8205 558762
111000 8202 550649 8208 559351
111100 8215 551122 8213 559878
111200 8219 551668 8222 560332
111300 8220 552204 8223 560796
111400 8226 552753 8230 561247
111500 8238 553260 8236 561740
111600 8247 553657 8243 562343
111700 8257 554170 8254 562830
111800 8266 554673 8262 563327
111900 8280 555198 8269 563802
112000 8286 555740 8276 564260
112100 8293 556238 8280 564762
112200 8296 556699 8284 565301
112300 8301 557221 8291 565779
112400 8310 557840 8297 566160
112500 8317 558387 8304 566613
112600 8324 558905 8308 567095
112700 8332 559347 8321 567653
112800 8339 559843 8325 568157
112900 8349 560351 8333 568649
113000 8358 560846 8341 569154
113100 8367 561325 8350 569675
113200 8374 561846 8365 570154
113300 8376 562260 8368 570740
113400 8379 562736 8375 571264
113500 8383 563310 8377 571690
113600 8391 563794 8379 572206
113700 8402 564250 8387 572750
113800 8408 564776 8395 573224
113900 8410 565239 8406 573761
114000 8415 565708 8412 574292
114100 8422 566223 8420 574777
114200 8428 566802 8420 575198
114300 8436 567305 8429 575695
114400 8439 567891 8440 576109
114500 8446 568378 8445 576622
114600 8454 568802 8451 577198
114700 8459 569219 8456 577781
114800 8465 569685 8467 578315
114900 8470 570204 8471 578796
115000 8485 570761 8486 579239
115100 8495 571322 8490 579678
115200 8503 571828 8503 580172
115300 8514 572265 8510 580735
115400 8524 572776 8518 581224
115500 8531 573304 8525 581696
115600 8544 573777 8537 582223
115700 8555 574249 8545 582751
115800 8567 574768 8556 583232
115900 8571 575273 8566 583727
116000 8577 575755 8570 584245
116100 8584 576212 8578 584788
116200 8596 576666 8585 585334
116300 8605 577174 8595 585826
116400 8612 577735 8606 586265
116500 8616 578190 8614 586810
116600 8626 578689 8624 587311
116700 8629 579176 8630 587824
116800 8638 579693 8641 588307
116900 8644 580129 8644 588871
117000 8658 580579 8655 589421
117100 8671 581143 8663 589857
117200 8680 581667 8669 590333
117300 8695 582197 8682 590803
117400 8702 582725 8688 591275
117500 8708 583223 8693 591777
117600 8722 583738 8702 592262
117700 8735 584105 8707 592895
117800 8740 584609 8712 593391
117900 8748 585081 8724 593919
118000 8757 585594 8730 594406
118100 8764 586120 8731 594880
118200 8773 586659 8739 595341
118300 8781 587097 8742 595903
118400 8786 587569 8746 596431
118500 8790 588084 8752 596916
118600 8800 588546 8764 597454
118700 8803 589010 8768 597990
118800 8806 589473 8770 598527
118900 8812 590009 8776 598991
119000 8820 590552 8779 599448
119100 8822 591023 8785 599977
119200 8827 591556 8788 600444
119300 8835 592021 8795 600979
119400 8839 592538 8804 601462
119500 8843 593004 8814 601996
119600 8850 593495 8826 602505
119700 8858 594028 8831 602972
119800 8868 594512 8840 603488
119900 8873 595041 8850 603959
120000 8877 595513 8856 604487
120100 8884 596076 8858 604924
120200 8890 596598 8863 605402
120300 8896 597105 8872 605895
120400 8906 597616 8877 606384
120500 8910 598074 8879 606926
120600 8917 598521 8885 607479
120700 8922 599071 8890 607929
120800 8930 599594 8901 608406
120900 8937 600101 8913 608899
121000 8944 600659 8917 609341
121100 8951 601233 8933 609767
121200 8959 601712 8938 610288
121300 8968 602270 8948 610730
121400 8975 602850 8957 611150
121500 8986 603351 8962 611649
121600 8995 603885 8975 612115
121700 9002 604347 8985 612653
121800 9013 604854 8992 613146
121900 9017 605364 9003 613636
122000 9025 605852 9011 614148
122100 9032 606271 9017 614729
122200 9041 606782 9021 615218
122300 9051 607356 9032 615644
122400 9056 607770 9037 616230
122500 9064 608269 9043 616731
122600 9076 608785 9055 617215
122700 9083 609253 9061 617747
122800 9086 609732 9064 618268
122900 9092 610283 9067 618717
123000 9102 610745 9075 619255
123100 9104 611172 9082 619828
123200 9117 611597 9090 620403
123300 9127 612179 9101 620821
123400 9136 612650 9110 621350
123500 9147 613116 9121 621884
123600 9155 613713 9127 622287
123700 9169 614244 9135 622756
123800 9179 614725 9145 623275
123900 9193 615209 9155 623791
124000 9203 615717 9163 624283
124100 9206 616212 9168 624788
124200 9207 616788 9174 625212
124300 9211 617221 9182 625779
124400 9216 617715 9191 626285
124500 9221 618211 9199 626789
124600 9235 618735 9203 627265
124700 9241 619320 9211 627680
124800 9247 619846 9215 628154
124900 9250 620282 9225 628718
125000 9256 620771 9232 629229
125100 9261 621281 9240 629719
125200 9269 621732 9245 630268
125300 9272 622326 9254 630674
125400 9281 622794 9260 631206
125500 9286 623299 9267 631701
125600 9303 623773 9286 632227
125700 9313 624227 9289 632773
125800 9319 624738 9293 633262
125900 9324 625248 9300 633752
126000 9329 625754 9307 634246
126100 9333 626196 9315 634804
126200 9339 626681 9323 635319
126300 9346 627166 9332 635834
126400 9350 627617 9339 636383
126500 9356 628135 9347 636865
126600 9359 628620 9354 637380
126700 9368 629095 9362 637905
126800 9373 629560 9372 638440
126900 9382 630062 9382 638938
127000 9388 630509 9392 639491
127100 9392 630901 9399 640099
127200 9406 631395 9403 640605
127300 9410 631962 9408 641038
127400 9417 632483 9414 641517
127500 9421 632978 9431 642022
127600 9427 633465 9438 642535
127700 9436 633935 9447 643065
127800 9446 634389 9453 643611
127900 9449 634911 9460 644089
128000 9455 635376 9472 644624
128100 9460 635875 9476 645125
128200 9466 636306 9483 645694
128300 9468 636780 9488 646220
128400 9469 637250 9493 646750
128500 9480 637818 9506 647182
128600 9486 638290 9516 647710
128700 9489 638803 9523 648197
128800 9501 639306 9532 648694
128900 9511 639869 9539 649131
129000 9513 640449 9549 649551
129100 9521 640914 9557 650086
129200 9525 641400 9565 650600
129300 9532 641930 9572 651070
129400 9537 642393 9575 651607
129500 9545 642959 9583 652041
129600 9553 643557 9588 652443
129700 9557 644071 9593 652929
129800 9568 644594 9597 653406
129900 9575 644999 9607 654001
130000 9584 645431 9614 654569
130100 9592 646010 9621 654990
130200 9595 646535 9623 655465
130300 9601 647015 9629 655985
130400 9614 647579 9635 656421
130500 9623 648076 9641 656924
130600 9627 648571 9646 657429
130700 9635 649090 9652 657910
130800 9645 649675 9669 658325
130900 9648 650121 9673 658879
131000 9654 650574 9680 659426
131100 9654 651022 9690 659978
131200 9659 651516 9697 660484
131300 9664 651943 9703 661057
131400 9673 652360 9710 661640
131500 9678 652846 9720 662154
131600 9688 653415 9727 662585
131700 9691 653935 9733 663065
131800 9698 654453 9738 663547
131900 9708 655015 9745 663985
132000 9719 655381 9754 664619
132100 9724 655851 9763 665149
132200 9730 656300 9776 665700
132300 9738 656749 9783 666251
132400 9749 657327 9789 666673
132500 9757 657817 9800 667183
132600 9761 658295 9808 667705
132700 9767 658864 9814 668136
132800 9776 659360 9821 668640
132900 9787 659939 9826 669061
133000 9794 660351 9836 669649
133100 9804 660773 9843 670227
133200 9812 661235 9849 670765
133300 9823 661799 9860 671201
133400 9832 662396 9866 671604
133500 9836 662828 9868 672172
133600 9841 663330 9874 672670
133700 9844 663858 9876 673142
133800 9851 664409 9879 673591
133900 9860 664924 9887 674076
134000 9870 665389 9900 674611
134100 9881 665874 9910 675126
134200 9885 666344 9919 675656
134300 9889 666760 9921 676240
134400 9894 667343 9926 676657
134500 9904 667905 9931 677095
134600 9913 668382 9938 677618
134700 9918 668843 9947 678157
134800 9924 669280 9960 678720
134900 9931 669737 9969 679263
135000 9939 670284 9980 679716
135100 9942 670755 9983 680245
135200 9944 671211 9988 680789
135300 9951 671654 9995 681346
135400 9957 672160 10003 681840
135500 9966 672713 10011 682287
135600 9971 673258 10019 682742
135700 9984 673736 10027 683264
135800 9991 674178 10037 683822
135900 9998 674703 10042 684297
136000 10007 675156 10047 684844
136100 10013 675685 10055 685315
136200 10022 676158 10059 685842
136300 10030 676615 10061 686385
136400 10033 677129 10065 686871
136500 10044 677575 10073 687425
136600 10048 678083 10078 687917
136700 10056 678617 10080 688383
136800 10065 679131 10083 688869
136900 10066 679672 10085 689328
137000 10072 680138 10094 689862
137100 10079 680625 10104 690375
137200 10085 681122 10116 690878
137300 10097 681697 10124 691303
137400 10104 682318 10133 691682
137500 10110 682864 10143 692136
137600 10119 683461 10151 692539
137700 10123 683958 10161 693042
137800 10129 684332 10161 693668
137900 10134 684835 10171 694165
138000 10143 685387 10182 694613
138100 10147 685938 10184 695062
138200 10156 686521 10194 695479
138300 10160 687015 10200 695985
138400 10162 687465 10203 696535
138500 10171 687996 10215 697004
138600 10183 688517 10222 697483
138700 10186 689029 10225 697971
138800 10193 689455 10231 698545
138900 10200 689934 10240 699066
139000 10206 690457 10247 699543
139100 10212 690974 10248 700026
139200 10219 691467 10257 700533
139300 10223 692007 10264 700993
139400 10230 692451 10269 701549
139500 10235 692921 10280 702079
139600 10246 693358 10287 702642
139700 10254 693962 10294 703038
139800 10257 694447 10299 703553
139900 10260 694969 10304 704031
140000 10263 695426 10309 704574
140100 10270 695990 10318 705010
140200 10278 696511 10323 705489
140300 10291 696968 10330 706032
140400 10294 697464 10332 706536
140500 10303 697978 10347 707022
140600 10309 698560 10357 707440
140700 10327 699071 10367 707929
140800 10333 699493 10373 708507
140900 10337 699978 10380 709022
141000 10347 700492 10393 709508
141100 10351 700965 10399 710035
141200 10356 701420 10408 710580
141300 10364 701965 10414 711035
141400 10371 702405 10419 711595
141500 10376 702875 10430 712125
141600 10382 703438 10437 712562
141700 10394 704020 10451 712980
141800 10396 704477 10458 713523
141900 10402 705018 10460 713982
142000 10405 705492 10466 714508
142100 10414 706013 10474 714987
142200 10418 706565 10479 715435
142300 10425 707078 10488 715922
142400 10429 707587 10493 716413
142500 10435 708033 10505 716967
142600 10445 708452 10510 717548
142700 10450 708878 10515 718122
142800 10454 709375 10520 718625
142900 10469 709897 10528 719103
143000 10481 710356 10540 719644
143100 10490 710783 10544 720217
143200 10492 711315 10551 720685
143300 10495 711826 10556 721174
143400 10501 712302 10561 721698
143500 10511 712886 10566 722114
143600 10520 713404 10575 722596
143700 10528 714012 10584 722988
143800 10537 714624 10593 723376
143900 10541 715154 10600 723846
144000 10547 715545 10605 724455
144100 10553 716007 10612 724993
144200 10557 716506 10619 725494
144300 10559 716988 10626 726012
144400 10566 717446 10635 726554
144500 10569 717925 10639 727075
144600 10579 718395 10649 727605
144700 10585 718973 10653 728027
144800 10602 719433 10666 728567
144900 10606 719972 10668 729028
145000 10607 720551 10676 729449
145100 10616 721041 10680 729959
145200 10623 721511 10693 730489
145300 10625 721931 10701 731069
145400 10635 722370 10710 731630
145500 10644 722888 10714 732112
145600 10653 723410 10718 732590
145700 10663 723974 10722 733026
145800 10673 724498 10736 733502
145900 10676 724983 10744 734017
146000 10685 725353 10754 734647
146100 10688 725878 10761 735122
146200 10696 726399 10768 735601
146300 10703 726871 10778 736129
146400 10706 727444 10782 736556
146500 10711 727910 10783 737090
146600 10714 728364 10788 737636
146700 10726 728921 10797 738079
146800 10733 729377 10802 738623
146900 10734 729824 10807 739176
147000 10737 730352 10814 739648
147100 10743 730872 10821 740128
147200 10748 731333 10830 740667
147300 10757 731739 10834 741261
147400 10764 732229 10837 741771
147500 10770 732779 10848 742221
147600 10779 733241 10855 742759
147700 10788 733745 10864 743255
147800 10793 734212 10870 743788
147900 10802 734715 10873 744285
148000 10809 735228 10886 744772
148100 10822 735807 10898 745193
148200 10828 736343 10910 745657
148300 10841 736901 10918 746099
148400 10851 737389 10924 746611
148500 10860 737879 10929 747121
148600 10865 738389 10937 747611
148700 10872 738892 10943 748108
148800 10876 739430 10947 748570
148900 10880 739935 10951 749065
149000 10887 740367 10954 749633
149100 10893 740839 10956 750161
149200 10901 741260 10965 750740
149300 10912 741768 10969 751232
149400 10917 742315 10975 751685
149500 10920 742748 10980 752252
149600 10930 743148 10986 752852
149700 10939 743629 10993 753371
149800 10943 744089 11002 753911
149900 10948 744555 11006 754445
150000 10951 744999 11011 755001
150100 10957 745520 11017 755480
150200 10964 746000 11030 756000
150300 10970 746556 11039 756444
150400 10980 747007 11049 756993
150500 10993 747489 11062 757511
150600 11004 747992 11068 758008
150700 11012 748465 11071 758535
150800 11015 748885 11077 759115
150900 11021 749310 11082 759690
151000 11027 749792 11092 760208
151100 11032 750270 11100 760730
151200 11040 750790 11109 761210
151300 11050 751268 11118 761732
151400 11059 751715 11127 762285
151500 11070 752190 11135 762810
151600 11076 752634 11143 763366
151700 11088 753193 11151 763807
151800 11094 753671 11154 764329
151900 11101 754251 11162 764749
152000 11108 754792 11169 765208
152100 11117 755288 11178 765712
152200 11125 755794 11188 766206
152300 11132 756230 11193 766770
152400 11141 756794 11206 767206
152500 11150 757356 11212 767644
152600 11156 757786 11223 768214
152700 11164 758246 11228 768754
152800 11169 758593 11235 769407
152900 11177 759172 11248 769828
153000 11187 759723 11256 770277
153100 11194 760239 11261 770761
153200 11200 760652 11264 771348
153300 11208 761138 11270 771862
153400 11213 761605 11279 772395
153500 11223 762055 11284 772945
153600 11230 762554 11288 773446
153700 11235 763098 11298 773902
153800 11243 763533 11307 774467
153900 11249 764008 11318 774992
154000 11256 764496 11323 775504
154100 11266 764989 11326 776011
154200 11272 765518 11335 776482
154300 11282 765969 11340 777031
154400 11288 766475 11347 777525
154500 11292 766977 11354 778023
154600 11298 767474 11363 778526
154700 11299 767997 11374 779003
154800 11303 768492 11384 779508
154900 11308 768985 11393 780015
155000 11316 769432 11400 780568
155100 11326 769949 11406 781051
155200 11329 770520 11412 781480
155300 11331 771003 11424 781997
155400 11333 771541 11424 782459
155500 11335 772096 11429 782904
155600 11344 772625 11436 783375
155700 11355 773176 11448 783824
155800 11364 773682 11455 784318
155900 11369 774202 11463 784798
156000 11373 774606 11470 785394
156100 11381 775017 11477 785983
156200 11391 775560 11485 786440
156300 11403 776044 11494 786956
156400 11407 776504 11499 787496
156500 11416 776973 11501 788027
156600 11423 777488 11510 788512
156700 11429 778048 11520 788952
156800 11442 778495 11530 789505
156900 11449 779012 11544 789988
157000 11450 779510 11550 790490
157100 11456 779982 11552 791018
157200 11460 780419 11558 791581
157300 11466 781047 11564 791953
157400 11472 781609 11572 792391
157500 11480 782079 11577 792921
157600 11484 782592 11580 793408
157700 11490 783090 11585 793910
157800 11501 783587 11590 794413
157900 11509 784073 11598 794927
158000 11516 784568 11607 795432
158100 11524 784956 11616 796044
158200 11530 785487 11626 796513
158300 11533 785984 11632 797016
158400 11536 786444 11635 797556
158500 11543 786977 11639 798023
158600 11549 787449 11642 798551
158700 11555 788003 11652 798997
158800 11558 788461 11658 799539
158900 11560 788908 11666 800092
159000 11568 789315 11670 800685
159100 11571 789787 11672 801213
159200 11572 790323 11681 801677
159300 11581 790854 11692 802146
159400 11590 791344 11702 802656
159500 11594 791853 11709 803147
159600 11599 792396 11719 803604
159700 11604 792960 11721 804040
159800 11612 793486 11726 804514
159900 11620 793978 11732 805022
160000 11625 794462 11739 805538
160100 11632 794948 11744 806052
160200 11640 795417 11750 806583
160300 11652 795913 11755 807087
160400 11659 796514 11762 807486
160500 11669 797125 11769 807875
160600 11676 797679 11778 808321
160700 11684 798148 11786 808852
160800 11694 798643 11796 809357
160900 11698 799116 11804 809884
161000 11704 799597 11810 810403
161100 11709 800051 11822 810949
161200 11713 800551 11828 811449
161300 11718 801002 11829 811998
161400 11725 801455 11832 812545
161500 11735 801942 11844 813058
161600 11741 802465 11847 813535
161700 11752 803008 11851 813992
161800 11760 803632 11856 814368
161900 11765 804088 11861 814912
162000 11769 804584 11869 815416
162100 11778 805062 11876 815938
162200 11782 805478 11886 816522
162300 11789 806011 11890 816989
162400 11795 806475 11900 817525
162500 11805 806909 11902 818091
162600 11815 807398 11914 818602
162700 11823 807898 11919 819102
162800 11828 808396 11926 819604
162900 11839 808896 11935 820104
163000 11845 809424 11940 820576
163100 11850 809906 11942 821094
163200 11854 810418 11949 821582
163300 11859 810892 11952 822108
163400 11861 811467 11958 822533
163500 11865 811990 11971 823010
163600 11869 812496 11975 823504
163700 11874 813001 11983 823999
163800 11884 813594 11991 824406
163900 11892 814051 11999 824949
164000 11903 814540 12006 825460
164100 11906 815119 12009 825881
164200 11909 815529 12014 826471
164300 11914 815986 12019 827014
164400 11918 816419 12022 827581
164500 11928 816902 12036 828098
164600 11932 817416 12042 828584
164700 11941 817861 12051 829139
164800 11949 818371 12056 829629
164900 11955 818817 12064 830183
165000 11965 819355 12072 830645
165100 11971 819908 12080 831092
165200 11981 820415 12089 831585
165300 11987 820944 12098 832056
165400 11989 821419 12104 832581
165500 11998 821930 12106 833070
165600 12008 822471 12113 833529
165700 12017 823013 12120 833987
165800 12024 823523 12128 834477
165900 12031 824119 12132 834881
166000 12036 824690 12138 835310
166100 12041 825213 12140 835787
166200 12052 825761 12146 836239
166300 12060 826280 12152 836720
166400 12067 826823 12161 837177
166500 12076 827283 12178 837717
166600 12087 827839 12190 838161
166700 12096 828293 12198 838707
166800 12109 828716 12206 839284
166900 12113 829166 12207 839834
167000 12121 829654 12213 840346
167100 12131 830184 12219 840816
167200 12137 830721 12225 841279
167300 12141 831153 12231 841847
167400 12145 831764 12235 842236
167500 12152 832252 12241 842748
167600 12160 832757 12249 843243
167700 12164 833234 12259 843766
167800 12167 833678 12268 844322
167900 12173 834196 12278 844804
168000 12177 834764 12283 845236
168100 12188 835299 12293 845701
168200 12190 835737 12298 846263
168300 12196 836252 12305 846748
168400 12205 836716 12312 847284
168500 12209 837245 12316 847755
168600 12212 837763 12319 848237
168700 12218 838368 12327 848632
168800 12227 838878 12342 849122
168900 12237 839382 12352 849618
169000 12243 839874 12361 850126
169100 12245 840454 12371 850546
169200 12254 840906 12378 851094
169300 12264 841478 12384 851522
169400 12274 841959 12390 852041
169500 12282 842497 12399 852503
169600 12285 842958 12404 853042
169700 12292 843480 12413 853520
169800 12298 843980 12416 854020
169900 12305 844508 12422 854492
170000 12312 844968 12426 855032
170100 12314 845459 12430 855541
170200 12326 845949 12438 856051
170300 12338 846427 12445 856573
170400 12352 846901 12454 857099
170500 12361 847386 12458 857614
170600 12375 847832 12468 858168
170700 12385 848338 12473 858662
170800 12391 848888 12479 859112
170900 12395 849467 12484 859533
171000 12401 849901 12490 860099
171100 12409 850436 12499 860564
171200 12425 850959 12504 861041
171300 12430 851434 12509 861566
171400 12434 851839 12519 862161
171500 12438 852398 12522 862602
171600 12444 852849 12529 863151
171700 12451 853418 12535 863582
171800 12455 853931 12542 864069
171900 12462 854493 12548 864507
172000 12469 854988 12553 865012
172100 12479 855499 12562 865501
172200 12486 856060 12569 865940
172300 12488 856610 12576 866390
172400 12494 857092 12580 866908
172500 12504 857566 12586 867434
172600 12509 858041 12593 867959
172700 12512 858497 12601 868503
172800 12522 858994 12608 869006
172900 12533 859536 12615 869464
173000 12543 860121 12619 869879
173100 12546 860642 12622 870358
173200 12554 861096 12626 870904
173300 12567 861628 12632 871372
173400 12572 862106 12638 871894
173500 12575 862688 12642 872312
173600 12578 863175 12650 872825
173700 12588 863623 12657 873377
173800 12591 864056 12659 873944
173900 12598 864491 12666 874509
174000 12605 864972 12670 875028
174100 12608 865508 12676 875492
174200 12614 866044 12686 875956
174300 12626 866493 12694 876507
174400 12629 866909 12702 877091
174500 12641 867501 12708 877499
174600 12650 868044 12712 877956
174700 12656 868539 12716 878461
174800 12665 868932 12722 879068
174900 12671 869434 12730 879566
175000 12676 869935 12737 880065
175100 12681 870387 12749 880613
175200 12690 870843 12756 881157
175300 12694 871356 12764 881644
175400 12699 871838 12769 882162
175500 12707 872287 12773 882713
175600 12714 872773 12781 883227
175700 12726 873254 12789 883746
175800 12733 873769 12801 884231
175900 12746 874248 12813 884752
176000 12756 874701 12816 885299
176100 12762 875230 12822 885770
176200 12769 875819 12832 886181
176300 12777 876378 12837 886622
176400 12782 876990 12843 887010
176500 12790 877464 12849 887536
176600 12795 877918 12852 888082
176700 12799 878420 12856 888580
176800 12807 878905 12868 889095
176900 12820 879392 12876 889608
177000 12830 879764 12883 890236
177100 12834 880251 12890 890749
177200 12840 880805 12897 891195
177300 12851 881293 12907 891707
177400 12867 881764 12918 892236
177500 12873 882246 12930 892754
177600 12882 882735 12936 893265
177700 12890 883201 12944 893799
177800 12900 883653 12959 894347
177900 12905 884164 12967 894836
178000 12916 884609 12976 895391
178100 12921 885165 12981 895835
178200 12929 885703 12988 896297
178300 12938 886220 13001 896780
178400 12946 886854 13006 897146
178500 12958 887420 13010 897580
178600 12963 887934 13017 898066
178700 12973 888419 13024 898581
178800 12980 888907 13031 899093
178900 12991 889360 13040 899640
179000 13000 889900 13046 900100
179100 13007 890386 13049 900614
179200 13011 890870 13052 901130
179300 13021 891338 13058 901662
179400 13029 891905 13064 902095
179500 13036 892353 13068 902647
179600 13044 892829 13070 903171
179700 13057 893303 13082 903697
179800 13059 893714 13087 904286
179900 13064 894286 13095 904714
180000 13068 894815 13100 905185
180100 13072 895259 13105 905741
180200 13079 895778 13112 906222
180300 13084 896297 13118 906703
180400 13090 896843 13122 907157
180500 13100 897402 13125 907598
180600 13112 897957 13130 908043
180700 13122 898416 13135 908584
180800 13127 898896 13145 909104
180900 13132 899473 13150 909527
181000 13143 899905 13160 910095
181100 13146 900339 13166 910661
181200 13153 900767 13168 911233
181300 13159 901189 13182 911811
181400 13162 901726 13191 912274
181500 13171 902230 13200 912770
181600 13177 902787 13207 913213
181700 13180 903312 13213 913688
181800 13186 903851 13218 914149
181900 13196 904298 13221 914702
182000 13204 904777 13222 915223
182100 13212 905311 13233 915689
182200 13217 905777 13242 916223
182300 13222 906278 13249 916722
182400 13232 906735 13257 917265
182500 13239 907236 13263 917764
182600 13243 907676 13269 918324
182700 13250 908215 13275 918785
182800 13253 908701 13280 919299
182900 13257 909259 13284 919741
183000 13265 909782 13294 920218
183100 13280 910331 13302 920669
183200 13291 910827 13306 921173
183300 13296 911401 13308 921599
183400 13300 911933 13311 922067
183500 13310 912386 13313 922614
183600 13315 912821 13317 923179
183700 13323 913352 13324 923648
183800 13329 913847 13332 924153
183900 13336 914343 13339 924657
184000 13344 914810 13345 925190
184100 13353 915317 13354 925683
184200 13362 915809 13361 926191
184300 13368 916220 13365 926780
184400 13377 916756 13368 927244
184500 13381 917335 13379 927665
184600 13387 917808 13386 928192
184700 13395 918267 13404 928733
184800 13407 918768 13409 929232
184900 13416 919247 13416 929753
185000 13421 919769 13423 930231
185100 13426 920192 13430 930808
185200 13431 920620 13436 931380
185300 13436 921120 13445 931880
185400 13442 921627 13452 932373
185500 13449 922054 13461 932946
185600 13455 922552 13465 933448
185700 13461 923181 13474 933819
185800 13470 923706 13483 934294
185900 13476 924193 13490 934807
186000 13483 924660 13496 935340
186100 13490 925186 13503 935814
186200 13492 925620 13507 936380
186300 13497 926173 13516 936827
186400 13503 926687 13525 937313
186500 13511 927145 13531 937855
186600 13517 927677 13533 938323
186700 13525 928117 13538 938883
186800 13530 928674 13543 939326
186900 13532 929171 13547 939829
187000 13536 929705 13549 940295
187100 13541 930122 13555 940878
187200 13547 930579 13563 941421
187300 13554 931100 13571 941900
187400 13563 931600 13577 942400
187500 13566 932116 13582 942884
187600 13573 932500 13587 943500
187700 13586 933045 13596 943955
187800 13594 933543 13603 944457
187900 13596 933971 13608 945029
188000 13602 934519 13614 945481
188100 13606 935004 13629 945996
188200 13613 935500 13639 946500
188300 13622 936035 13646 946965
188400 13629 936516 13652 947484
188500 13634 936943 13657 948057
188600 13644 937413 13662 948587
188700 13652 937863 13667 949137
188800 13660 938362 13673 949638
188900 13666 938873 13682 950127
189000 13671 939366 13689 950634
189100 13674 939926 13696 951074
189200 13678 940514 13699 951486
189300 13684 941168 13704 951832
189400 13689 941720 13710 952280
189500 13699 942252 13713 952748
189600 13703 942768 13720 953232
189700 13712 943394 13730 953606
189800 13719 943894 13739 954106
189900 13729 944371 13751 954629
190000 13731 944773 13756 955227
190100 13737 945190 13767 955810
190200 13750 945674 13778 956326
190300 13757 946227 13785 956773
190400 13759 946807 13790 957193
190500 13765 947253 13794 957747
190600 13775 947797 13803 958203
190700 13782 948246 13806 958754
190800 13793 948742 13813 959258
190900 13799 949260 13824 959740
191000 13801 949735 13833 960265
191100 13808 950259 13836 960741
191200 13819 950717 13848 961283
191300 13821 951231 13853 961769
191400 13825 951777 13857 962223
191500 13836 952245 13866 962755
191600 13839 952793 13872 963207
191700 13848 953285 13880 963715
191800 13856 953851 13887 964149
191900 13863 954409 13894 964591
192000 13869 954893 13898 965107
192100 13875 955307 13906 965693
192200 13886 955824 13909 966176
192300 13892 956316 13916 966684
192400 13897 956852 13917 967148
192500 13906 957318 13923 967682
192600 13908 957849 13927 968151
192700 13917 958336 13933 968664
192800 13930 958727 13942 969273
192900 13937 959194 13947 969806
193000 13944 959716 13954 970284
193100 13950 960089 13959 970911
193200 13958 960617 13965 971383
193300 13969 961139 13982 971861
193400 13978 961552 13994 972448
193500 13985 962018 14005 972982
193600 13992 962511 14012 973489
193700 13999 963043 14021 973957
193800 14008 963546 14028 974454
193900 14013 963980 14035 975020
194000 14017 964531 14042 975469
194100 14019 965027 14049 975973
194200 14024 965582 14055 976418
194300 14033 966073 14058 976927
194400 14039 966536 14061 977464
194500 14056 966982 14067 978018
194600 14063 967410 14079 978590
194700 14069 967940 14087 979060
194800 14075 968500 14092 979500
194900 14080 969010 14096 979990
195000 14088 969508 14108 980492
195100 14091 969998 14111 981002
195200 14098 970508 14122 981492
195300 14106 970896 14130 982104
195400 14113 971440 14133 982560
195500 14118 971962 14137 983038
195600 14121 972474 14145 983526
195700 14130 972977 14154 984023
195800 14137 973539 14158 984461
195900 14143 974025 14162 984975
196000 14153 974641 14175 985359
196100 14158 975080 14182 985920
196200 14168 975589 14193 986411
196300 14181 976033 14200 986967
196400 14186 976507 14206 987493
196500 14194 977016 14214 987984
196600 14202 977539 14219 988461
196700 14207 977988 14227 989012
196800 14211 978496 14232 989504
196900 14218 978929 14242 990071
197000 14224 979524 14251 990476
197100 14234 979994 14256 991006
197200 14239 980526 14264 991474
197300 14244 980989 14270 992011
197400 14256 981470 14281 992530
197500 14265 982026 14294 992974
197600 14269 982550 14308 993450
197700 14279 983053 14318 993947
197800 14282 983481 14324 994519
197900 14292 983976 14328 995024
198000 14299 984494 14337 995506
198100 14308 985040 14344 995960
198200 14317 985481 14350 996519
198300 14324 985985 14351 997015
198400 14334 986413 14356 997587
198500 14343 986929 14366 998071
198600 14348 987391 14374 998609
198700 14357 987884 14382 999116
198800 14369 988398 14389 999602
198900 14377 988900 14404 1000100
199000 14380 989409 14414 1000591
199100 14385 989928 14418 1001072
199200 14392 990455 14424 1001545
199300 14404 990979 14429 1002021
199400 14411 991411 14436 1002589
199500 14416 991913 14446 1003087
199600 14426 992314 14458 1003686
199700 14440 992776 14465 1004224
199800 14449 993330 14475 1004670
199900 14462 993727 14487 1005273
200000 14470 994161 14500 1005839
