#! FIELDS timestep dup_succ dup_attempts kill_succ kill_attempts
#! SET timestep 0.5
#! SET kernel_bandwidth [0.3 0.3]
#! SET kt 1.0
100 106 309 94 691
200 203 654 223 1346
300 300 1028 323 1972
400 383 1469 412 2531
500 452 1922 486 3078
600 496 2358 530 3642
700 529 2735 554 4265
800 555 3197 580 4803
900 570 3586 594 5414
1000 583 4022 609 5978
1100 592 4550 618 6450
1200 605 5045 638 6955
1300 618 5578 649 7422
1400 638 6081 670 7919
1500 651 6596 685 8404
1600 668 7035 701 8965
1700 683 7565 715 9435
1800 693 7971 733 10029
1900 711 8479 749 10521
2000 724 9037 768 10963
2100 734 9633 781 11367
2200 752 10149 797 11851
2300 766 10652 810 12348
2400 783 11075 821 12925
2500 794 11547 834 13453
2600 805 12066 841 13934
2700 822 12608 854 14392
2800 840 13099 876 14901
2900 853 13568 889 15432
3000 868 14097 905 15903
3100 879 14647 916 16353
3200 895 15148 931 16852
3300 913 15603 943 17397
3400 928 16131 959 17869
3500 941 16657 973 18343
3600 948 17143 979 18857
3700 959 17597 1002 19403
3800 978 18058 1014 19942
3900 988 18551 1031 20449
4000 998 19051 1040 20949
4100 1008 19505 1049 21495
4200 1020 20046 1061 21954
4300 1035 20594 1073 22406
4400 1049 21055 1090 22945
4500 1066 21510 1098 23490
4600 1080 22024 1111 23976
4700 1094 22522 1123 24478
4800 1111 22948 1139 25052
4900 1127 23414 1146 25586
5000 1144 23958 1167 26042
5100 1156 24477 1177 26523
5200 1174 25068 1183 26932
5300 1185 25573 1192 27427
5400 1201 26095 1210 27905
5500 1214 26585 1225 28415
5600 1230 27048 1244 28952
5700 1251 27569 1259 29431
5800 1265 28085 1277 29915
5900 1280 28654 1285 30346
6000 1291 29149 1296 30851
6100 1311 29615 1309 31385
6200 1331 30083 1323 31917
6300 1343 30547 1337 32453
6400 1354 31040 1342 32960
6500 1368 31573 1354 33427
6600 1380 32094 1368 33906
6700 1396 32686 1380 34314
6800 1409 33149 1397 34851
6900 1422 33620 1413 35380
7000 1433 34098 1427 35902
7100 1442 34635 1437 36365
7200 1462 35131 1457 36869
7300 1475 35674 1463 37326
7400 1490 36221 1476 37779
7500 1513 36740 1498 38260
7600 1526 37234 1509 38766
7700 1539 37727 1524 39273
7800 1557 38244 1545 39756
7900 1567 38750 1556 40250
8000 1578 39247 1568 40753
8100 1600 39713 1578 41287
8200 1613 40239 1593 41761
8300 1631 40740 1607 42260
8400 1652 41258 1627 42742
8500 1665 41800 1639 43200
8600 1682 42337 1651 43663
8700 1709 42889 1660 44111
8800 1723 43306 1670 44694
8900 1735 43701 1687 45299
9000 1750 44144 1701 45856
9100 1758 44657 1712 46343
9200 1773 45177 1725 46823
9300 1786 45679 1737 47321
9400 1801 46206 1751 47794
9500 1812 46704 1768 48296
9600 1835 47235 1773 48765
9700 1854 47789 1777 49211
9800 1866 48394 1790 49606
9900 1878 48927 1802 50073
10000 1892 49485 1812 50515
10100 1907 50023 1827 50977
10200 1918 50473 1837 51527
10300 1939 50914 1850 52086
10400 1948 51383 1859 52617
10500 1961 51890 1868 53110
10600 1970 52396 1880 53604
10700 1981 52849 1898 54151
10800 1993 53417 1910 54583
10900 2007 53935 1919 55065
11000 2018 54478 1933 55522
11100 2034 54961 1951 56039
11200 2050 55377 1966 56623
11300 2061 55931 1974 57069
11400 2077 56427 1986 57573
11500 2090 56927 2004 58073
11600 2099 57437 2012 58563
11700 2112 58004 2022 58996
11800 2127 58482 2038 59518
11900 2142 58972 2059 60028
12000 2160 59407 2077 60593
12100 2180 59899 2096 61101
12200 2199 60368 2112 61632
12300 2210 60817 2120 62183
12400 2221 61296 2130 62704
12500 2239 61739 2151 63261
12600 2252 62242 2164 63758
12700 2265 62729 2174 64271
12800 2277 63258 2186 64742
12900 2284 63770 2204 65230
13000 2301 64195 2215 65805
13100 2317 64684 2229 66316
13200 2331 65207 2242 66793
13300 2346 65709 2255 67291
13400 2370 66142 2273 67858
13500 2382 66630 2281 68370
13600 2402 67150 2295 68850
13700 2427 67585 2311 69415
13800 2444 68044 2326 69956
13900 2458 68533 2334 70467
14000 2473 69039 2357 70961
14100 2495 69573 2372 71427
14200 2515 70087 2388 71913
14300 2524 70552 2396 72448
14400 2537 71026 2412 72974
14500 2550 71496 2422 73504
14600 2574 72022 2439 73978
14700 2588 72466 2458 74534
14800 2604 72896 2471 75104
14900 2609 73437 2484 75563
15000 2628 73912 2496 76088
15100 2637 74423 2512 76577
15200 2648 74896 2523 77104
15300 2662 75366 2537 77634
15400 2677 75851 2552 78149
15500 2693 76342 2570 78658
15600 2703 76796 2577 79204
15700 2720 77375 2593 79625
15800 2733 77828 2605 80172
15900 2749 78339 2627 80661
16000 2762 78863 2648 81137
16100 2772 79357 2660 81643
16200 2794 79868 2672 82132
16300 2805 80293 2685 82707
16400 2821 80785 2703 83215
16500 2837 81334 2715 83666
16600 2857 81807 2738 84193
16700 2877 82348 2754 84652
16800 2894 82828 2768 85172
16900 2913 83293 2779 85707
17000 2925 83815 2789 86185
17100 2939 84374 2807 86626
17200 2953 84812 2820 87188
17300 2963 85317 2836 87683
17400 2983 85777 2856 88223
17500 3003 86269 2871 88731
17600 3009 86725 2875 89275
17700 3027 87234 2895 89766
17800 3038 87776 2909 90224
17900 3048 88365 2922 90635
18000 3065 88869 2935 91131
18100 3086 89360 2944 91640
18200 3095 89864 2951 92136
18300 3108 90294 2962 92706
18400 3120 90770 2980 93230
18500 3132 91289 2994 93711
18600 3144 91889 3013 94111
18700 3155 92462 3022 94538
18800 3165 93033 3037 94967
18900 3178 93543 3052 95457
19000 3202 94079 3070 95921
19100 3222 94589 3092 96411
19200 3231 95080 3103 96920
19300 3245 95556 3119 97444
19400 3258 96072 3131 97928
19500 3278 96497 3146 98503
19600 3289 96981 3162 99019
19700 3312 97432 3173 99568
19800 3332 97923 3190 100077
19900 3355 98437 3201 100563
20000 3364 98907 3217 101093
20100 3376 99453 3227 101547
20200 3400 99952 3241 102048
20300 3412 100453 3249 102547
20400 3425 100972 3266 103028
20500 3437 101413 3279 103587
20600 3452 101905 3304 104095
20700 3463 102390 3320 104610
20800 3479 102819 3343 105181
20900 3490 103285 3353 105715
21000 3502 103824 3363 106176
21100 3515 104280 3373 106720
21200 3529 104754 3386 107246
21300 3554 105232 3407 107768
21400 3571 105762 3429 108238
21500 3576 106266 3438 108734
21600 3588 106719 3456 109281
21700 3599 107082 3467 109918
21800 3613 107516 3476 110484
21900 3623 107921 3487 111079
22000 3634 108351 3507 111649
22100 3643 108882 3513 112118
22200 3664 109427 3528 112573
22300 3674 109957 3542 113043
22400 3693 110441 3559 113559
22500 3707 110933 3572 114067
22600 3717 111391 3586 114609
22700 3731 111877 3603 115123
22800 3749 112399 3614 115601
22900 3766 112912 3632 116088
23000 3779 113428 3646 116572
23100 3795 113961 3661 117039
23200 3813 114477 3679 117523
23300 3822 115003 3700 117997
23400 3836 115473 3718 118527
23500 3848 115987 3729 119013
23600 3861 116498 3741 119502
23700 3872 116986 3761 120014
23800 3884 117457 3775 120543
23900 3893 117904 3787 121096
24000 3915 118348 3802 121652
24100 3935 118858 3809 122142
24200 3941 119399 3821 122601
24300 3949 119966 3835 123034
24400 3957 120489 3848 123511
24500 3973 121048 3861 123952
24600 3982 121588 3875 124412
24700 3996 122137 3888 124863
24800 4011 122590 3905 125410
24900 4025 123018 3920 125982
25000 4042 123493 3938 126507
25100 4060 124043 3952 126957
25200 4075 124507 3975 127493
25300 4094 125003 3991 127997
25400 4116 125425 4007 128575
25500 4127 125890 4022 129110
25600 4148 126320 4038 129680
25700 4164 126784 4052 130216
25800 4180 127266 4062 130734
25900 4200 127755 4074 131245
26000 4219 128224 4082 131776
26100 4235 128718 4103 132282
26200 4255 129257 4121 132743
26300 4266 129695 4128 133305
26400 4280 130225 4141 133775
26500 4296 130734 4153 134266
26600 4316 131259 4165 134741
26700 4323 131766 4171 135234
26800 4333 132227 4180 135773
26900 4344 132684 4190 136316
27000 4359 133177 4201 136823
27100 4370 133710 4213 137290
27200 4384 134225 4227 137775
27300 4402 134717 4250 138283
27400 4413 135198 4264 138802
27500 4424 135670 4275 139330
27600 4435 136179 4294 139821
27700 4444 136642 4304 140358
27800 4457 137136 4325 140864
27900 4472 137672 4347 141328
28000 4481 138127 4355 141873
28100 4497 138644 4367 142356
28200 4505 139192 4374 142808
28300 4521 139725 4388 143275
28400 4541 140267 4407 143733
28500 4562 140699 4422 144301
28600 4576 141132 4433 144868
28700 4593 141591 4447 145409
28800 4602 142039 4463 145961
28900 4621 142530 4485 146470
29000 4636 143064 4502 146936
29100 4657 143599 4512 147401
29200 4668 144076 4524 147924
29300 4685 144550 4537 148450
29400 4698 144997 4556 149003
29500 4714 145493 4568 149507
29600 4734 146095 4584 149905
29700 4752 146587 4596 150413
29800 4776 147082 4614 150918
29900 4795 147597 4632 151403
30000 4808 148033 4646 151967
30100 4819 148505 4663 152495
30200 4831 149053 4686 152947
30300 4841 149580 4705 153420
30400 4857 150087 4723 153913
30500 4859 150556 4734 154444
30600 4864 151084 4743 154916
30700 4885 151604 4755 155396
30800 4900 152102 4768 155898
30900 4911 152586 4782 156414
31000 4921 153159 4791 156841
31100 4929 153633 4800 157367
31200 4941 154102 4811 157898
31300 4952 154616 4815 158384
31400 4966 155098 4835 158902
31500 4979 155669 4858 159331
31600 4995 156262 4872 159738
31700 5005 156758 4883 160242
31800 5021 157258 4897 160742
31900 5031 157794 4912 161206
32000 5041 158275 4924 161725
32100 5059 158830 4932 162170
32200 5071 159362 4942 162638
32300 5078 159823 4952 163177
32400 5095 160354 4962 163646
32500 5109 160802 4977 164198
32600 5119 161235 4987 164765
32700 5133 161775 5008 165225
32800 5144 162230 5024 165770
32900 5159 162735 5036 166265
33000 5169 163244 5048 166756
33100 5183 163701 5062 167299
33200 5204 164186 5078 167814
33300 5210 164606 5096 168394
33400 5215 165089 5103 168911
33500 5231 165556 5115 169444
33600 5243 166002 5130 169998
33700 5257 166467 5148 170533
33800 5267 166930 5159 171070
33900 5277 167426 5173 171574
34000 5293 167874 5195 172126
34100 5307 168379 5209 172621
34200 5324 168925 5222 173075
34300 5338 169418 5236 173582
34400 5347 169947 5250 174053
34500 5362 170470 5265 174530
34600 5367 171003 5279 174997
34700 5376 171483 5289 175517
34800 5393 171975 5304 176025
34900 5405 172436 5313 176564
35000 5413 172994 5329 177006
35100 5431 173548 5342 177452
35200 5448 174028 5355 177972
35300 5466 174466 5364 178534
35400 5484 174962 5379 179038
35500 5495 175525 5396 179475
35600 5516 176040 5414 179960
35700 5526 176518 5422 180482
35800 5543 177014 5433 180986
35900 5552 177546 5447 181454
36000 5557 177953 5454 182047
36100 5567 178422 5464 182578
36200 5579 178866 5490 183134
36300 5592 179438 5504 183562
36400 5602 179957 5518 184043
36500 5619 180466 5530 184534
36600 5628 180931 5543 185069
36700 5643 181445 5555 185555
36800 5659 181953 5564 186047
36900 5682 182457 5583 186543
37000 5698 182944 5603 187056
37100 5713 183385 5616 187615
37200 5721 183809 5630 188191
37300 5732 184307 5639 188693
37400 5746 184735 5650 189265
37500 5758 185160 5661 189840
37600 5775 185621 5678 190379
37700 5786 186104 5693 190896
37800 5806 186559 5709 191441
37900 5823 187014 5723 191986
38000 5833 187547 5741 192453
38100 5849 188067 5753 192933
38200 5859 188558 5766 193442
38300 5873 188998 5781 194002
38400 5889 189528 5792 194472
38500 5899 190065 5801 194935
38600 5911 190574 5817 195426
38700 5926 191015 5832 195985
38800 5938 191467 5839 196533
38900 5950 191991 5855 197009
39000 5959 192526 5870 197474
39100 5979 193040 5885 197960
39200 5992 193548 5896 198452
39300 6003 194046 5906 198954
39400 6021 194557 5921 199443
39500 6029 195076 5933 199924
39600 6043 195515 5950 200485
39700 6059 195997 5963 201003
39800 6072 196466 5985 201534
39900 6095 196853 5996 202147
40000 6107 197320 6009 202680
40100 6123 197790 6014 203210
40200 6139 198264 6024 203736
40300 6147 198681 6034 204319
40400 6161 199185 6050 204815
40500 6171 199613 6067 205387
40600 6182 200140 6078 205860
40700 6198 200637 6092 206363
40800 6209 201106 6110 206894
40900 6225 201612 6124 207388
41000 6237 202123 6137 207877
41100 6252 202629 6156 208371
41200 6262 203083 6164 208917
41300 6275 203572 6177 209428
41400 6291 204002 6188 209998
41500 6305 204462 6200 210538
41600 6317 204919 6220 211081
41700 6334 205399 6234 211601
41800 6347 205906 6252 212094
41900 6358 206428 6268 212572
42000 6365 206886 6277 213114
42100 6386 207341 6290 213659
42200 6405 207811 6305 214189
42300 6422 208241 6316 214759
42400 6446 208755 6335 215245
42500 6463 209219 6345 215781
42600 6473 209697 6359 216303
42700 6485 210199 6374 216801
42800 6493 210692 6377 217308
42900 6499 211151 6388 217849
43000 6509 211585 6402 218415
43100 6525 212055 6417 218945
43200 6532 212522 6425 219478
43300 6545 212976 6442 220024
43400 6559 213521 6453 220479
43500 6575 213994 6467 221006
43600 6590 214459 6484 221541
43700 6603 214977 6492 222023
43800 6615 215492 6503 222508
43900 6634 216022 6517 222978
44000 6643 216582 6540 223418
44100 6660 217040 6552 223960
44200 6671 217557 6562 224443
44300 6690 218121 6577 224879
44400 6698 218576 6588 225424
44500 6713 219132 6610 225868
44600 6728 219613 6624 226387
44700 6734 220132 6634 226868
44800 6749 220640 6654 227360
44900 6766 221186 6666 227814
45000 6777 221677 6676 228323
45100 6785 222166 6684 228834
45200 6795 222643 6700 229357
45300 6813 223095 6710 229905
45400 6833 223565 6718 230435
45500 6844 224017 6729 230983
45600 6854 224525 6743 231475
45700 6869 225012 6766 231988
45800 6886 225532 6786 232468
45900 6897 226070 6806 232930
46000 6913 226576 6823 233424
46100 6935 227008 6842 233992
46200 6958 227506 6855 234494
46300 6976 227964 6868 235036
46400 6992 228521 6890 235479
46500 7010 229063 6907 235937
46600 7026 229633 6916 236367
46700 7042 230159 6931 236841
46800 7053 230621 6943 237379
46900 7068 231116 6959 237884
47000 7083 231639 6977 238361
47100 7092 232105 6989 238895
47200 7105 232618 7004 239382
47300 7126 233216 7021 239784
47400 7139 233688 7035 240312
47500 7156 234205 7046 240795
47600 7172 234716 7058 241284
47700 7191 235160 7081 241840
47800 7208 235649 7094 242351
47900 7226 236134 7110 242866
48000 7245 236617 7126 243383
48100 7256 237132 7144 243868
48200 7281 237636 7163 244364
48300 7290 238090 7177 244910
48400 7304 238531 7194 245469
48500 7320 239028 7216 245972
48600 7332 239480 7226 246520
48700 7338 239916 7235 247084
48800 7358 240448 7250 247552
48900 7368 240900 7263 248100
49000 7381 241399 7273 248601
49100 7396 241946 7289 249054
49200 7408 242439 7304 249561
49300 7429 242969 7316 250031
49400 7442 243493 7338 250507
49500 7454 244037 7350 250963
49600 7474 244500 7367 251500
49700 7483 244986 7381 252014
49800 7499 245460 7403 252540
49900 7514 246030 7411 252970
50000 7529 246491 7423 253509
50100 7541 246973 7436 254027
50200 7551 247459 7447 254541
50300 7566 247915 7461 255085
50400 7575 248403 7473 255597
50500 7586 248864 7485 256136
50600 7597 249329 7499 256671
50700 7609 249764 7517 257236
50800 7623 250250 7532 257750
50900 7636 250829 7545 258171
51000 7650 251367 7561 258633
51100 7659 251903 7569 259097
51200 7672 252431 7589 259569
51300 7676 252971 7599 260029
51400 7690 253475 7613 260525
51500 7704 253980 7629 261020
51600 7718 254379 7642 261621
51700 7740 254897 7650 262103
51800 7748 255399 7662 262601
51900 7758 255874 7675 263126
52000 7766 256385 7686 263615
52100 7775 256891 7700 264109
52200 7788 257417 7709 264583
52300 7805 257932 7720 265068
52400 7823 258383 7729 265617
52500 7838 258888 7744 266112
52600 7853 259438 7760 266562
52700 7873 259828 7769 267172
52800 7887 260324 7779 267676
52900 7904 260796 7789 268204
53000 7917 261303 7803 268697
53100 7931 261856 7821 269144
53200 7945 262423 7833 269577
53300 7958 262973 7851 270027
53400 7976 263511 7865 270489
53500 7990 263953 7875 271047
53600 8005 264511 7897 271489
53700 8020 265015 7910 271985
53800 8038 265497 7918 272503
53900 8049 265959 7939 273041
54000 8057 266461 7953 273539
54100 8071 266995 7965 274005
54200 8081 267525 7981 274475
54300 8093 268054 7993 274946
54400 8104 268531 8003 275469
54500 8118 269035 8011 275965
54600 8131 269600 8026 276400
54700 8142 270111 8040 276889
54800 8157 270648 8050 277352
54900 8166 271137 8058 277863
55000 8179 271654 8074 278346
55100 8187 272132 8084 278868
55200 8201 272642 8092 279358
55300 8213 273236 8107 279764
55400 8232 273738 8120 280262
55500 8243 274247 8133 280753
55600 8253 274709 8145 281291
55700 8271 275180 8164 281820
55800 8290 275646 8172 282354
55900 8302 276110 8178 282890
56000 8322 276611 8196 283389
56100 8328 277049 8205 283951
56200 8341 277553 8219 284447
56300 8352 278004 8235 284996
56400 8366 278480 8247 285520
56500 8378 278930 8256 286070
56600 8393 279465 8271 286535
56700 8407 279993 8280 287007
56800 8422 280505 8289 287495
56900 8428 281075 8302 287925
57000 8437 281665 8316 288335
57100 8453 282153 8326 288847
57200 8466 282657 8338 289343
57300 8473 283165 8348 289835
57400 8479 283687 8360 290313
57500 8494 284153 8368 290847
57600 8502 284605 8379 291395
57700 8522 285094 8394 291906
57800 8535 285549 8408 292451
57900 8555 286025 8427 292975
58000 8568 286487 8441 293513
58100 8589 286982 8456 294018
58200 8606 287490 8466 294510
58300 8622 287978 8478 295022
58400 8638 288444 8484 295556
58500 8655 288956 8490 296044
58600 8670 289427 8505 296573
58700 8684 289872 8523 297128
58800 8702 290298 8536 297702
58900 8713 290832 8546 298168
59000 8730 291347 8561 298653
59100 8749 291816 8569 299184
59200 8764 292334 8585 299666
59300 8776 292889 8600 300111
59400 8792 293385 8619 300615
59500 8807 293963 8632 301037
59600 8815 294401 8651 301599
59700 8827 294856 8664 302144
59800 8841 295328 8676 302672
59900 8856 295835 8691 303165
60000 8876 296364 8707 303636
60100 8896 296909 8725 304091
60200 8909 297391 8736 304609
60300 8924 297844 8754 305156
60400 8943 298346 8770 305654
60500 8951 298898 8783 306102
60600 8969 299395 8798 306605
60700 8979 299901 8814 307099
60800 9000 300425 8834 307575
60900 9014 300946 8847 308054
61000 9033 301405 8857 308595
61100 9044 301869 8869 309131
61200 9065 302417 8889 309583
61300 9076 302921 8899 310079
61400 9087 303450 8911 310550
61500 9105 303946 8924 311054
61600 9113 304478 8934 311522
61700 9125 304978 8947 312022
61800 9137 305531 8960 312469
61900 9150 306040 8978 312960
62000 9165 306517 8996 313483
62100 9176 306998 9009 314002
62200 9185 307495 9025 314505
62300 9199 307959 9046 315041
62400 9213 308449 9056 315551
62500 9226 308989 9064 316011
62600 9238 309530 9076 316470
62700 9251 310109 9095 316891
62800 9269 310638 9119 317362
62900 9284 311100 9127 317900
63000 9296 311574 9144 318426
63100 9309 312082 9158 318918
63200 9325 312558 9167 319442
63300 9340 313061 9180 319939
63400 9352 313538 9194 320462
63500 9365 314005 9205 320995
63600 9378 314561 9218 321439
63700 9391 315064 9225 321936
63800 9405 315586 9243 322414
63900 9416 316051 9258 322949
64000 9433 316527 9272 323473
64100 9451 317062 9280 323938
64200 9468 317621 9288 324379
64300 9497 318080 9305 324920
64400 9512 318544 9315 325456
64500 9523 319083 9329 325917
64600 9531 319619 9347 326381
64700 9551 320089 9369 326911
64800 9569 320586 9380 327414
64900 9581 321091 9392 327909
65000 9592 321600 9404 328400
65100 9609 322081 9416 328919
65200 9626 322591 9426 329409
65300 9631 323084 9439 329916
65400 9644 323550 9451 330450
65500 9655 324116 9469 330884
65600 9672 324647 9480 331353
65700 9696 325085 9502 331915
65800 9709 325643 9519 332357
65900 9725 326122 9527 332878
66000 9737 326599 9544 333401
66100 9755 327103 9557 333897
66200 9763 327620 9574 334380
66300 9792 328054 9594 334946
66400 9811 328525 9617 335475
66500 9819 328987 9633 336013
66600 9834 329441 9648 336559
66700 9846 329917 9660 337083
66800 9860 330363 9672 337637
66900 9869 330862 9684 338138
67000 9880 331368 9699 338632
67100 9891 331887 9712 339113
67200 9906 332439 9729 339561
67300 9922 332976 9739 340024
67400 9930 333409 9747 340591
67500 9941 333868 9757 341132
67600 9965 334379 9771 341621
67700 9981 334905 9784 342095
67800 10001 335396 9802 342604
67900 10016 335849 9816 343151
68000 10033 336305 9823 343695
68100 10052 336806 9836 344194
68200 10070 337312 9849 344688
68300 10085 337772 9857 345228
68400 10101 338237 9867 345763
68500 10115 338665 9876 346335
68600 10127 339161 9887 346839
68700 10137 339651 9900 347349
68800 10155 340110 9917 347890
68900 10179 340574 9938 348426
69000 10200 341087 9949 348913
69100 10219 341588 9965 349412
69200 10239 342071 9975 349929
69300 10252 342562 9986 350438
69400 10266 343081 9995 350919
69500 10281 343605 10008 351395
69600 10302 344091 10031 351909
69700 10324 344593 10044 352407
69800 10342 345113 10055 352887
69900 10353 345637 10061 353363
70000 10364 346112 10073 353888
70100 10383 346568 10087 354432
70200 10393 347014 10101 354986
70300 10410 347509 10113 355491
70400 10426 347965 10129 356035
70500 10443 348498 10141 356502
70600 10455 348969 10158 357031
70700 10469 349465 10176 357535
70800 10478 349946 10187 358054
70900 10492 350487 10199 358513
71000 10506 350942 10219 359058
71100 10516 351465 10228 359535
71200 10531 351952 10241 360048
71300 10547 352385 10257 360615
71400 10556 352858 10271 361142
71500 10571 353374 10282 361626
71600 10580 353868 10286 362132
71700 10597 354334 10299 362666
71800 10607 354858 10311 363142
71900 10627 355319 10330 363681
72000 10643 355848 10343 364152
72100 10653 356367 10355 364633
72200 10666 356906 10374 365094
72300 10686 357376 10397 365624
72400 10696 357853 10408 366147
72500 10712 358283 10421 366717
72600 10725 358794 10442 367206
72700 10736 359246 10459 367754
72800 10753 359714 10476 368286
72900 10779 360247 10488 368753
73000 10791 360758 10494 369242
73100 10807 361275 10514 369725
73200 10817 361766 10527 370234
73300 10826 362259 10543 370741
73400 10833 362713 10554 371287
73500 10845 363263 10561 371737
73600 10865 363695 10578 372305
73700 10880 364127 10589 372873
73800 10892 364685 10602 373315
73900 10906 365175 10615 373825
74000 10917 365719 10623 374281
74100 10931 366238 10629 374762
74200 10941 366710 10645 375290
74300 10956 367182 10665 375818
74400 10973 367724 10681 376276
74500 10988 368232 10689 376768
74600 10996 368774 10705 377226
74700 11014 369258 10720 377742
74800 11028 369753 10737 378247
74900 11042 370242 10754 378758
75000 11049 370815 10767 379185
75100 11062 371323 10783 379677
75200 11077 371845 10800 380155
75300 11089 372283 10812 380717
75400 11102 372774 10826 381226
75500 11118 373274 10841 381726
75600 11136 373754 10852 382246
75700 11156 374268 10872 382732
75800 11174 374822 10889 383178
75900 11191 375306 10905 383694
76000 11213 375851 10924 384149
76100 11224 376380 10938 384620
76200 11231 376872 10951 385128
76300 11247 377370 10965 385630
76400 11263 377846 10977 386154
76500 11274 378312 10992 386688
76600 11285 378817 11003 387183
76700 11300 379296 11016 387704
76800 11314 379748 11034 388252
76900 11333 380253 11058 388747
77000 11349 380771 11078 389229
77100 11362 381274 11095 389726
77200 11378 381757 11112 390243
77300 11395 382291 11127 390709
77400 11409 382804 11137 391196
77500 11422 383309 11149 391691
77600 11436 383784 11156 392216
77700 11452 384248 11174 392752
77800 11467 384748 11189 393252
77900 11486 385261 11201 393739
78000 11500 385726 11212 394274
78100 11513 386231 11234 394769
78200 11531 386779 11260 395221
78300 11542 387294 11276 395706
78400 11560 387788 11301 396212
78500 11578 388358 11313 396642
78600 11589 388867 11325 397133
78700 11611 389369 11342 397631
78800 11628 389886 11355 398114
78900 11642 390353 11373 398647
79000 11653 390854 11381 399146
79100 11666 391347 11397 399653
79200 11677 391817 11411 400183
79300 11696 392398 11422 400602
79400 11704 392875 11433 401125
79500 11716 393364 11442 401636
79600 11724 393913 11452 402087
79700 11733 394385 11467 402615
79800 11741 394948 11482 403052
79900 11752 395405 11497 403595
80000 11763 395852 11509 404148
80100 11779 396342 11517 404658
80200 11793 396873 11530 405127
80300 11808 397377 11541 405623
80400 11817 397902 11553 406098
80500 11824 398397 11562 406603
80600 11842 398823 11581 407177
80700 11850 399303 11595 407697
80800 11860 399741 11604 408259
80900 11876 400298 11621 408702
81000 11888 400788 11637 409212
81100 11902 401285 11651 409715
81200 11912 401804 11673 410196
81300 11927 402280 11688 410720
81400 11949 402738 11700 411262
81500 11960 403202 11708 411798
81600 11982 403634 11727 412366
81700 11997 404056 11741 412944
81800 12004 404604 11758 413396
81900 12015 405075 11766 413925
82000 12022 405564 11782 414436
82100 12028 406080 11797 414920
82200 12041 406536 11811 415464
82300 12054 407025 11825 415975
82400 12070 407539 11834 416461
82500 12084 407981 11858 417019
82600 12088 408435 11864 417565
82700 12102 408919 11872 418081
82800 12119 409387 11890 418613
82900 12129 409907 11907 419093
83000 12145 410411 11921 419589
83100 12155 410874 11932 420126
83200 12171 411378 11946 420622
83300 12183 411879 11960 421121
83400 12201 412349 11978 421651
83500 12214 412844 11992 422156
83600 12237 413338 12016 422662
83700 12251 413872 12026 423128
83800 12264 414355 12045 423645
83900 12276 414740 12061 424260
84000 12288 415235 12074 424765
84100 12307 415734 12085 425266
84200 12319 416260 12098 425740
84300 12331 416786 12114 426214
84400 12338 417339 12126 426661
84500 12357 417851 12141 427149
84600 12370 418415 12153 427585
84700 12392 418915 12172 428085
84800 12404 419337 12187 428663
84900 12412 419879 12203 429121
85000 12428 420416 12214 429584
85100 12449 420948 12230 430052
85200 12460 421461 12246 430539
85300 12479 421987 12255 431013
85400 12488 422489 12265 431511
85500 12501 422961 12283 432039
85600 12520 423434 12294 432566
85700 12538 423945 12303 433055
85800 12550 424433 12319 433567
85900 12569 424882 12325 434118
86000 12585 425331 12340 434669
86100 12595 425830 12353 435170
86200 12609 426335 12365 435665
86300 12624 426825 12380 436175
86400 12636 427276 12389 436724
86500 12647 427746 12401 437254
86600 12660 428291 12410 437709
86700 12678 428830 12425 438170
86800 12689 429313 12441 438687
86900 12702 429829 12459 439171
87000 12716 430370 12469 439630
87100 12733 430851 12485 440149
87200 12746 431362 12494 440638
87300 12760 431938 12504 441062
87400 12767 432430 12520 441570
87500 12782 432882 12538 442118
87600 12794 433390 12550 442610
87700 12809 433900 12568 443100
87800 12816 434373 12584 443627
87900 12823 434913 12591 444087
88000 12830 435377 12604 444623
88100 12843 435791 12614 445209
88200 12853 436249 12622 445751
88300 12862 436726 12632 446274
88400 12873 437228 12648 446772
88500 12887 437714 12659 447286
88600 12896 438173 12671 447827
88700 12911 438664 12688 448336
88800 12920 439139 12695 448861
88900 12935 439630 12706 449370
89000 12948 440100 12722 449900
89100 12962 440613 12737 450387
89200 12983 441083 12746 450917
89300 13002 441625 12760 451375
89400 13018 442190 12773 451810
89500 13028 442753 12782 452247
89600 13052 443235 12795 452765
89700 13065 443674 12807 453326
89800 13085 444193 12828 453807
89900 13109 444778 12847 454222
90000 13129 445300 12867 454700
90100 13140 445730 12878 455270
90200 13148 446272 12891 455728
90300 13161 446745 12902 456255
90400 13176 447203 12918 456797
90500 13183 447677 12926 457323
90600 13206 448286 12954 457714
90700 13213 448683 12964 458317
90800 13221 449254 12980 458746
90900 13238 449802 12994 459198
91000 13250 450312 13003 459688
91100 13258 450801 13013 460199
91200 13269 451328 13032 460672
91300 13282 451878 13044 461122
91400 13298 452383 13055 461617
91500 13309 452896 13070 462104
91600 13321 453352 13083 462648
91700 13334 453894 13107 463106
91800 13345 454399 13111 463601
91900 13366 454881 13120 464119
92000 13385 455396 13135 464604
92100 13403 456003 13151 464997
92200 13418 456496 13162 465504
92300 13431 457064 13177 465936
92400 13447 457543 13189 466457
92500 13453 458033 13201 466967
92600 13471 458540 13212 467460
92700 13481 459016 13222 467984
92800 13499 459448 13231 468552
92900 13519 460026 13246 468974
93000 13532 460505 13260 469495
93100 13546 460981 13269 470019
93200 13558 461485 13279 470515
93300 13574 462026 13291 470974
93400 13590 462552 13304 471448
93500 13607 463070 13316 471930
93600 13627 463514 13327 472486
93700 13633 463974 13339 473026
93800 13646 464544 13353 473456
93900 13664 465018 13365 473982
94000 13677 465502 13383 474498
94100 13697 466081 13397 474919
94200 13707 466600 13409 475400
94300 13721 467175 13418 475825
94400 13730 467677 13431 476323
94500 13745 468162 13448 476838
94600 13758 468565 13463 477435
94700 13767 469076 13475 477924
94800 13779 469537 13480 478463
94900 13785 470031 13493 478969
95000 13803 470518 13519 479482
95100 13816 471052 13539 479948
95200 13830 471517 13551 480483
95300 13842 472002 13569 480998
95400 13854 472473 13585 481527
95500 13871 472952 13595 482048
95600 13886 473474 13605 482526
95700 13899 473951 13621 483049
95800 13914 474461 13633 483539
95900 13928 474950 13640 484050
96000 13944 475505 13648 484495
96100 13955 475995 13662 485005
96200 13975 476545 13679 485455
96300 13987 477028 13693 485972
96400 14012 477570 13714 486430
96500 14026 478069 13731 486931
96600 14036 478584 13741 487416
96700 14056 479042 13758 487958
96800 14072 479502 13776 488498
96900 14085 479988 13788 489012
97000 14094 480475 13803 489525
97100 14115 480984 13817 490016
97200 14139 481463 13829 490537
97300 14150 481911 13840 491089
97400 14173 482367 13860 491633
97500 14182 482891 13877 492109
97600 14195 483414 13889 492586
97700 14215 483900 13900 493100
97800 14226 484458 13912 493542
97900 14244 484964 13929 494036
98000 14256 485447 13940 494553
98100 14275 485987 13960 495013
98200 14286 486480 13973 495520
98300 14303 486981 13992 496019
98400 14319 487454 14005 496546
98500 14339 487935 14024 497065
98600 14360 488455 14039 497545
98700 14374 488961 14053 498039
98800 14388 489495 14063 498505
98900 14405 489944 14077 499056
99000 14419 490398 14097 499602
99100 14426 490868 14112 500132
99200 14442 491367 14130 500633
99300 14456 491842 14143 501158
99400 14466 492387 14159 501613
99500 14475 492926 14174 502074
99600 14484 493464 14191 502536
99700 14503 493952 14203 503048
99800 14529 494475 14216 503525
99900 14549 495044 14227 503956
100000 14561 495614 14237 504386
100100 14570 496138 14249 504862
100200 14583 496593 14267 505407
100300 14593 497058 14281 505942
100400 14604 497530 14293 506470
100500 14617 497984 14307 507016
100600 14630 498507 14317 507493
100700 14643 499013 14336 507987
100800 14660 499435 14352 508565
100900 14675 499872 14362 509128
101000 14687 500382 14377 509618
101100 14698 500912 14396 510088
101200 14709 501477 14407 510523
101300 14726 501915 14418 511085
101400 14736 502341 14429 511659
101500 14754 502829 14447 512171
101600 14766 503352 14461 512648
101700 14776 503858 14477 513142
101800 14786 504327 14488 513673
101900 14798 504832 14497 514168
102000 14815 505304 14511 514696
102100 14825 505812 14521 515188
102200 14832 506280 14531 515720
102300 14853 506783 14544 516217
102400 14860 507301 14557 516699
102500 14871 507872 14569 517128
102600 14883 508332 14583 517668
102700 14897 508776 14589 518224
102800 14913 509216 14601 518784
102900 14927 509683 14618 519317
103000 14933 510139 14631 519861
103100 14941 510550 14641 520450
103200 14953 511002 14662 520998
103300 14960 511520 14672 521480
103400 14983 511954 14691 522046
103500 15002 512449 14712 522551
103600 15020 512959 14729 523041
103700 15033 513462 14747 523538
103800 15048 513914 14764 524086
103900 15063 514496 14778 524504
104000 15072 514981 14793 525019
104100 15085 515450 14804 525550
104200 15097 515985 14824 526015
104300 15115 516534 14843 526466
104400 15128 517043 14855 526957
104500 15139 517561 14869 527439
104600 15146 518042 14882 527958
104700 15163 518512 14902 528488
104800 15177 518981 14915 529019
104900 15187 519455 14931 529545
105000 15199 519999 14953 530001
105100 15211 520440 14961 530560
105200 15229 520953 14971 531047
105300 15240 521458 14980 531542
105400 15247 521905 14998 532095
105500 15259 522345 15015 532655
105600 15270 522837 15022 533163
105700 15284 523347 15038 533653
105800 15300 523830 15046 534170
105900 15306 524351 15059 534649
106000 15322 524809 15070 535191
106100 15334 525305 15081 535695
106200 15346 525822 15093 536178
106300 15364 526276 15106 536724
106400 15381 526694 15115 537306
106500 15394 527217 15131 537783
106600 15404 527745 15147 538255
106700 15409 528211 15161 538789
106800 15432 528711 15179 539289
106900 15445 529265 15189 539735
107000 15458 529814 15203 540186
107100 15472 530352 15216 540648
107200 15483 530857 15242 541143
107300 15495 531367 15248 541633
107400 15517 531941 15260 542059
107500 15526 532460 15277 542540
107600 15542 532997 15301 543003
107700 15556 533438 15315 543562
107800 15571 533925 15338 544075
107900 15587 534449 15353 544551
108000 15595 534985 15368 545015
108100 15611 535457 15381 545543
108200 15622 535928 15403 546072
108300 15635 536335 15421 546665
108400 15648 536829 15436 547171
108500 15658 537362 15445 547638
108600 15668 537913 15455 548087
108700 15681 538467 15468 548533
108800 15697 539048 15481 548952
108900 15709 539533 15489 549467
109000 15726 540086 15505 549914
109100 15740 540549 15521 550451
109200 15755 541044 15536 550956
109300 15765 541546 15553 551454
109400 15778 542006 15557 551994
109500 15787 542470 15566 552530
109600 15803 542921 15573 553079
109700 15819 543475 15587 553525
109800 15831 543979 15603 554021
109900 15849 544421 15610 554579
110000 15856 544870 15616 555130
110100 15875 545368 15630 555632
110200 15883 545880 15638 556120
110300 15894 546398 15650 556602
110400 15912 546958 15662 557042
110500 15927 547414 15672 557586
110600 15939 547904 15686 558096
110700 15952 548419 15700 558581
110800 15973 548902 15711 559098
110900 15981 549331 15731 559669
111000 15994 549800 15748 560200
111100 16009 550233 15760 560767
111200 16023 550709 15774 561291
111300 16040 551182 15785 561818
111400 16055 551656 15797 562344
111500 16066 552167 15808 562833
111600 16079 552659 15822 563341
111700 16098 553179 15838 563821
111800 16120 553702 15858 564298
111900 16141 554154 15873 564846
112000 16158 554665 15884 565335
112100 16169 555156 15897 565844
112200 16180 555680 15908 566320
112300 16193 556214 15922 566786
112400 16200 556691 15934 567309
112500 16220 557229 15946 567771
112600 16227 557698 15960 568302
112700 16244 558187 15970 568813
112800 16254 558704 15981 569296
112900 16265 559266 15996 569734
113000 16274 559770 16006 570230
113100 16281 560219 16020 570781
113200 16298 560699 16036 571301
113300 16307 561127 16049 571873
113400 16329 561684 16066 572316
113500 16341 562227 16074 572773
113600 16359 562635 16086 573365
113700 16369 563056 16088 573944
113800 16381 563508 16097 574492
113900 16390 563998 16108 575002
114000 16406 564450 16118 575550
114100 16416 565004 16130 575996
114200 16430 565558 16146 576442
114300 16442 566065 16168 576935
114400 16454 566540 16184 577460
114500 16465 567022 16197 577978
114600 16481 567467 16212 578533
114700 16494 567979 16224 579021
114800 16508 568460 16246 579540
114900 16525 568947 16260 580053
115000 16534 569388 16271 580612
115100 16549 569864 16289 581136
115200 16557 570378 16308 581622
115300 16577 570842 16332 582158
115400 16591 571369 16349 582631
115500 16601 571772 16372 583228
115600 16615 572254 16384 583746
115700 16634 572775 16412 584225
115800 16649 573337 16428 584663
115900 16662 573850 16443 585150
116000 16672 574297 16461 585703
116100 16683 574829 16477 586171
116200 16692 575322 16484 586678
116300 16706 575836 16506 587164
116400 16716 576351 16519 587649
116500 16727 576817 16535 588183
116600 16733 577278 16547 588722
116700 16750 577787 16558 589213
116800 16770 578234 16572 589766
116900 16775 578686 16584 590314
117000 16785 579220 16598 590780
117100 16798 579725 16612 591275
117200 16805 580144 16626 591856
117300 16817 580656 16646 592344
117400 16829 581165 16654 592835
117500 16845 581681 16662 593319
117600 16857 582203 16680 593797
117700 16869 582646 16699 594354
117800 16876 583185 16710 594815
117900 16892 583707 16727 595293
118000 16907 584274 16742 595726
118100 16913 584745 16754 596255
118200 16922 585208 16769 596792
118300 16934 585673 16784 597327
118400 16953 586208 16796 597792
118500 16968 586647 16811 598353
118600 16973 587106 16823 598894
118700 16989 587661 16837 599339
118800 17002 588220 16848 599780
118900 17016 588763 16863 600237
119000 17032 589288 16878 600712
119100 17047 589799 16899 601201
119200 17062 590336 16911 601664
119300 17075 590801 16922 602199
119400 17089 591248 16933 602752
119500 17100 591734 16948 603266
119600 17115 592245 16963 603755
119700 17134 592796 16975 604204
119800 17150 593251 16994 604749
119900 17170 593791 17009 605209
120000 17175 594336 17018 605664
120100 17189 594849 17033 606151
120200 17205 595309 17049 606691
120300 17219 595781 17067 607219
120400 17230 596269 17079 607731
120500 17248 596758 17096 608242
120600 17262 597240 17110 608760
120700 17272 597738 17131 609262
120800 17282 598217 17153 609783
120900 17297 598683 17162 610317
121000 17310 599159 17175 610841
121100 17321 599662 17186 611338
121200 17335 600061 17197 611939
121300 17353 600501 17208 612499
121400 17373 600995 17221 613005
121500 17386 601519 17235 613481
121600 17407 602004 17247 613996
121700 17423 602518 17256 614482
121800 17437 602953 17273 615047
121900 17445 603448 17282 615552
122000 17459 603873 17297 616127
122100 17472 604446 17311 616554
122200 17485 604936 17320 617064
122300 17503 605471 17329 617529
122400 17511 605942 17340 618058
122500 17519 606463 17353 618537
122600 17536 606925 17368 619075
122700 17550 607439 17381 619561
122800 17558 607950 17400 620050
122900 17571 608467 17418 620533
123000 17588 608969 17427 621031
123100 17601 609528 17444 621472
123200 17613 610019 17456 621981
123300 17634 610566 17464 622434
123400 17657 611132 17477 622868
123500 17669 611668 17491 623332
123600 17688 612184 17502 623816
123700 17704 612715 17513 624285
123800 17718 613254 17527 624746
123900 17721 613752 17544 625248
124000 17730 614336 17560 625664
124100 17742 614777 17575 626223
124200 17750 615228 17581 626772
124300 17765 615689 17601 627311
124400 17781 616232 17610 627768
124500 17794 616674 17622 628326
124600 17808 617190 17628 628810
124700 17824 617650 17642 629350
124800 17833 618210 17654 629790
124900 17846 618678 17670 630322
125000 17863 619172 17682 630828
125100 17872 619647 17695 631353
125200 17884 620136 17717 631864
125300 17903 620648 17731 632352
125400 17921 621235 17749 632765
125500 17940 621720 17764 633280
125600 17955 622231 17779 633769
125700 17968 622752 17787 634248
125800 17980 623217 17801 634783
125900 17990 623761 17811 635239
126000 18007 624200 17823 635800
126100 18011 624717 17838 636283
126200 18026 625232 17848 636768
126300 18037 625751 17866 637249
126400 18047 626197 17879 637803
126500 18055 626681 17897 638319
126600 18066 627150 17905 638850
126700 18074 627671 17922 639329
126800 18091 628191 17930 639809
126900 18105 628747 17948 640253
127000 18117 629229 17962 640771
127100 18132 629719 17977 641281
127200 18151 630305 17996 641695
127300 18165 630811 18008 642189
127400 18180 631304 18023 642696
127500 18193 631780 18039 643220
127600 18204 632228 18049 643772
127700 18213 632674 18070 644326
127800 18230 633244 18091 644756
127900 18249 633755 18112 645245
128000 18263 634282 18134 645718
128100 18283 634826 18149 646174
128200 18299 635346 18165 646654
128300 18318 635922 18178 647078
128400 18339 636477 18197 647523
128500 18357 636984 18214 648016
128600 18367 637475 18224 648525
128700 18383 637972 18236 649028
128800 18396 638494 18248 649506
128900 18406 638970 18258 650030
129000 18418 639515 18266 650485
129100 18431 639937 18275 651063
129200 18450 640422 18282 651578
129300 18463 640880 18294 652120
129400 18477 641357 18313 652643
129500 18494 641827 18333 653173
129600 18517 642340 18346 653660
129700 18535 642886 18369 654114
129800 18545 643369 18382 654631
129900 18571 643849 18396 655151
130000 18582 644331 18406 655669
130100 18597 644837 18425 656163
130200 18609 645352 18443 656648
130300 18624 645843 18463 657157
130400 18639 646414 18479 657586
130500 18650 646931 18498 658069
130600 18662 647412 18507 658588
130700 18676 647932 18524 659068
130800 18689 648416 18536 659584
130900 18707 648920 18550 660080
131000 18722 649396 18564 660604
131100 18735 649856 18578 661144
131200 18757 650317 18590 661683
131300 18770 650775 18609 662225
131400 18788 651220 18622 662780
131500 18802 651741 18630 663259
131600 18809 652273 18640 663727
131700 18828 652746 18656 664254
131800 18840 653263 18676 664737
131900 18861 653758 18697 665242
132000 18874 654269 18704 665731
132100 18893 654840 18721 666160
132200 18908 655292 18740 666708
132300 18926 655800 18761 667200
132400 18936 656355 18777 667645
132500 18949 656862 18790 668138
132600 18963 657390 18804 668610
132700 18979 657844 18820 669156
132800 18986 658319 18829 669681
132900 19004 658853 18844 670147
133000 19015 659247 18853 670753
133100 19031 659725 18870 671275
133200 19040 660224 18885 671776
133300 19057 660745 18901 672255
133400 19072 661272 18917 672728
133500 19094 661763 18924 673237
133600 19111 662286 18937 673714
133700 19124 662793 18953 674207
133800 19141 663293 18975 674707
133900 19148 663789 18987 675211
134000 19160 664336 18996 675664
134100 19178 664883 19010 676117
134200 19185 665391 19020 676609
134300 19197 665918 19032 677082
134400 19211 666475 19040 677525
134500 19222 666999 19056 678001
134600 19230 667480 19065 678520
134700 19246 668021 19074 678979
134800 19255 668494 19081 679506
134900 19272 668984 19101 680016
135000 19285 669510 19120 680490
135100 19300 670040 19130 680960
135200 19316 670593 19152 681407
135300 19337 671120 19174 681880
135400 19350 671521 19193 682479
135500 19362 672071 19203 682929
135600 19372 672528 19214 683472
135700 19388 672928 19237 684072
135800 19407 673385 19250 684615
135900 19416 673872 19263 685128
136000 19432 674320 19273 685680
136100 19447 674758 19288 686242
136200 19456 675229 19302 686771
136300 19472 675677 19310 687323
136400 19485 676157 19330 687843
136500 19499 676603 19339 688397
136600 19517 677016 19355 688984
136700 19532 677507 19368 689493
136800 19542 678013 19382 689987
136900 19548 678517 19396 690483
137000 19570 679082 19404 690918
137100 19583 679567 19418 691433
137200 19592 680061 19437 691939
137300 19610 680540 19448 692460
137400 19627 681060 19462 692940
137500 19650 681599 19475 693401
137600 19658 682110 19490 693890
137700 19672 682602 19500 694398
137800 19686 683107 19513 694893
137900 19708 683612 19529 695388
138000 19720 684156 19539 695844
138100 19734 684631 19552 696369
138200 19754 685111 19566 696889
138300 19767 685595 19581 697405
138400 19779 686070 19599 697930
138500 19796 686557 19606 698443
138600 19805 687087 19615 698913
138700 19818 687576 19631 699424
138800 19835 688022 19649 699978
138900 19850 688477 19668 700523
139000 19864 689019 19680 700981
139100 19880 689508 19698 701492
139200 19891 689967 19708 702033
139300 19907 690443 19726 702557
139400 19925 690944 19742 703056
139500 19941 691423 19753 703577
139600 19951 691878 19766 704122
139700 19963 692327 19783 704673
139800 19974 692832 19800 705168
139900 19989 693277 19816 705723
140000 20006 693790 19827 706210
140100 20019 694295 19842 706705
140200 20028 694834 19858 707166
140300 20044 695330 19873 707670
140400 20056 695804 19892 708196
140500 20065 696275 19903 708725
140600 20083 696784 19928 709216
140700 20096 697300 19941 709700
140800 20104 697865 19954 710135
140900 20114 698354 19964 710646
141000 20127 698833 19973 711167
141100 20137 699362 19989 711638
141200 20152 699853 19999 712147
141300 20164 700311 20018 712689
141400 20175 700805 20030 713195
141500 20193 701299 20044 713701
141600 20205 701800 20060 714200
141700 20219 702326 20073 714674
141800 20228 702899 20080 715101
141900 20240 703379 20103 715621
142000 20257 703895 20116 716105
142100 20275 704456 20127 716544
142200 20285 705002 20138 716998
142300 20301 705540 20154 717460
142400 20312 706090 20172 717910
142500 20327 706563 20199 718437
142600 20335 706958 20207 719042
142700 20351 707442 20226 719558
142800 20361 707935 20248 720065
142900 20374 708476 20261 720524
143000 20388 709008 20278 720992
143100 20406 709492 20295 721508
143200 20418 710072 20307 721928
143300 20439 710569 20317 722431
143400 20445 711098 20334 722902
143500 20457 711626 20349 723374
143600 20471 712068 20365 723932
143700 20484 712542 20372 724458
143800 20493 713023 20385 724977
143900 20513 713555 20412 725445
144000 20524 713982 20426 726018
144100 20537 714462 20446 726538
144200 20552 714937 20461 727063
144300 20556 715479 20473 727521
144400 20576 715964 20483 728036
144500 20585 716508 20499 728492
144600 20600 716937 20512 729063
144700 20616 717400 20523 729600
144800 20632 717858 20538 730142
144900 20645 718322 20555 730678
145000 20663 718771 20563 731229
145100 20674 719205 20576 731795
145200 20684 719643 20588 732357
145300 20698 720169 20605 732831
145400 20716 720710 20624 733290
145500 20725 721284 20641 733716
145600 20737 721781 20658 734219
145700 20758 722248 20672 734752
145800 20774 722734 20691 735266
145900 20786 723207 20703 735793
146000 20797 723690 20718 736310
146100 20808 724177 20736 736823
146200 20816 724637 20751 737363
146300 20831 725079 20759 737921
146400 20844 725610 20766 738390
146500 20852 726127 20771 738873
146600 20860 726655 20786 739345
146700 20873 727213 20795 739787
146800 20887 727752 20814 740248
146900 20908 728262 20821 740738
147000 20924 728776 20830 741224
147100 20932 729292 20833 741708
147200 20940 729742 20845 742258
147300 20957 730267 20861 742733
147400 20971 730685 20876 743315
147500 20977 731082 20888 743918
147600 20989 731560 20894 744440
147700 21002 731955 20912 745045
147800 21010 732419 20924 745581
147900 21022 732930 20940 746070
148000 21035 733419 20965 746581
148100 21049 733973 20979 747027
148200 21067 734494 20994 747506
148300 21086 735005 21007 747995
148400 21101 735525 21020 748475
148500 21116 736033 21031 748967
148600 21125 736523 21044 749477
148700 21141 737019 21058 749981
148800 21153 737483 21076 750517
148900 21161 737963 21082 751037
149000 21172 738412 21095 751588
149100 21182 738954 21105 752046
149200 21195 739330 21118 752670
149300 21207 739772 21141 753228
149400 21215 740283 21146 753717
149500 21230 740748 21161 754252
149600 21240 741283 21171 754717
149700 21253 741779 21177 755221
149800 21261 742257 21191 755743
149900 21278 742760 21205 756240
150000 21291 743209 21225 756791
150100 21304 743679 21233 757321
150200 21316 744157 21244 757843
150300 21332 744649 21269 758351
150400 21346 745082 21288 758918
150500 21360 745578 21297 759422
150600 21377 746056 21306 759944
150700 21385 746526 21319 760474
150800 21395 747019 21335 760981
150900 21400 747462 21343 761538
151000 21412 748010 21351 761990
151100 21424 748475 21371 762525
151200 21441 748985 21378 763015
151300 21451 749480 21387 763520
151400 21468 749925 21403 764075
151500 21480 750448 21414 764552
151600 21501 750967 21434 765033
151700 21519 751523 21455 765477
151800 21530 752014 21465 765986
151900 21542 752535 21473 766465
152000 21556 753007 21491 766993
152100 21569 753480 21508 767520
152200 21578 753974 21522 768026
152300 21591 754437 21531 768563
152400 21605 754945 21543 769055
152500 21616 755419 21548 769581
152600 21627 755987 21561 770013
152700 21637 756510 21574 770490
152800 21652 756946 21587 771054
152900 21660 757418 21594 771582
153000 21671 757942 21615 772058
153100 21684 758514 21626 772486
153200 21697 759077 21633 772923
153300 21720 759578 21655 773422
153400 21731 760009 21663 773991
153500 21742 760485 21679 774515
153600 21755 761022 21689 774978
153700 21774 761540 21701 775460
153800 21788 761975 21713 776025
153900 21801 762435 21725 776565
154000 21811 762912 21738 777088
154100 21822 763511 21745 777489
154200 21828 764050 21761 777950
154300 21848 764556 21779 778444
154400 21869 765144 21787 778856
154500 21876 765657 21794 779343
154600 21885 766164 21804 779836
154700 21902 766675 21819 780325
154800 21916 767181 21836 780819
154900 21929 767696 21845 781304
155000 21942 768294 21859 781706
155100 21951 768776 21874 782224
155200 21968 769259 21888 782741
155300 21977 769765 21897 783235
155400 21990 770294 21911 783706
155500 22002 770818 21936 784182
155600 22014 771290 21954 784710
155700 22023 771789 21969 785211
155800 22044 772282 21976 785718
155900 22055 772765 21989 786235
156000 22068 773239 22004 786761
156100 22076 773685 22015 787315
156200 22089 774163 22027 787837
156300 22107 774628 22034 788372
156400 22116 775161 22045 788839
156500 22127 775679 22057 789321
156600 22141 776116 22070 789884
156700 22157 776606 22090 790394
156800 22174 777102 22110 790898
156900 22189 777508 22134 791492
157000 22202 777955 22154 792045
157100 22213 778424 22167 792576
157200 22232 778882 22182 793118
157300 22243 779376 22200 793624
157400 22250 779903 22212 794097
157500 22261 780436 22230 794564
157600 22274 780941 22242 795059
157700 22297 781432 22256 795568
157800 22306 781894 22268 796106
157900 22328 782424 22287 796576
158000 22338 782893 22300 797107
158100 22354 783379 22313 797621
158200 22369 783906 22323 798094
158300 22389 784378 22334 798622
158400 22400 784879 22347 799121
158500 22422 785323 22374 799677
158600 22437 785817 22389 800183
158700 22442 786294 22402 800706
158800 22457 786800 22413 801200
158900 22474 787327 22429 801673
159000 22485 787841 22445 802159
159100 22492 788324 22460 802676
159200 22505 788831 22480 803169
159300 22526 789354 22491 803646
159400 22540 789854 22505 804146
159500 22553 790334 22522 804666
159600 22563 790829 22540 805171
159700 22580 791385 22553 805615
159800 22592 791859 22567 806141
159900 22609 792322 22580 806678
160000 22619 792781 22591 807219
160100 22644 793297 22610 807703
160200 22656 793720 22627 808280
160300 22670 794179 22642 808821
160400 22685 794676 22652 809324
160500 22694 795164 22667 809836
160600 22710 795713 22682 810287
160700 22723 796201 22691 810799
160800 22733 796711 22705 811289
160900 22751 797241 22725 811759
161000 22761 797764 22734 812236
161100 22779 798263 22748 812737
161200 22787 798806 22759 813194
161300 22798 799259 22775 813741
161400 22812 799792 22791 814208
161500 22830 800353 22804 814647
161600 22844 800812 22820 815188
161700 22858 801332 22831 815668
161800 22865 801838 22840 816162
161900 22879 802399 22852 816601
162000 22895 802911 22867 817089
162100 22905 803373 22884 817627
162200 22915 803806 22896 818194
162300 22932 804293 22913 818707
162400 22955 804819 22929 819181
162500 22966 805347 22936 819653
162600 22979 805868 22951 820132
162700 22992 806249 22963 820751
162800 23003 806780 22976 821220
162900 23018 807342 22990 821658
163000 23032 807890 23000 822110
163100 23048 808398 23014 822602
163200 23058 808880 23024 823120
163300 23067 809353 23038 823647
163400 23077 809871 23058 824129
163500 23091 810397 23067 824603
163600 23103 810868 23077 825132
163700 23114 811331 23090 825669
163800 23129 811804 23107 826196
163900 23144 812365 23128 826635
164000 23163 812896 23144 827104
164100 23175 813426 23156 827574
164200 23193 813864 23165 828136
164300 23207 814348 23177 828652
164400 23224 814900 23197 829100
164500 23245 815446 23212 829554
164600 23260 815944 23231 830056
164700 23268 816460 23240 830540
164800 23279 816956 23255 831044
164900 23293 817543 23270 831457
165000 23312 817971 23281 832029
165100 23326 818471 23297 832529
165200 23338 818900 23316 833100
165300 23349 819357 23321 833643
165400 23360 819870 23330 834130
165500 23372 820351 23344 834649
165600 23389 820913 23353 835087
165700 23408 821385 23369 835615
165800 23423 821844 23390 836156
165900 23427 822339 23402 836661
166000 23440 822769 23413 837231
166100 23455 823269 23418 837731
166200 23476 823752 23438 838248
166300 23488 824264 23451 838736
166400 23496 824717 23461 839283
166500 23515 825248 23468 839752
166600 23531 825808 23486 840192
166700 23542 826266 23502 840734
166800 23555 826669 23514 841331
166900 23571 827117 23523 841883
167000 23582 827664 23538 842336
167100 23594 828211 23545 842789
167200 23605 828706 23560 843294
167300 23615 829157 23575 843843
167400 23630 829668 23584 844332
167500 23644 830116 23602 844884
167600 23654 830598 23612 845402
167700 23665 831121 23622 845879
167800 23679 831598 23636 846402
167900 23694 832149 23657 846851
168000 23703 832643 23670 847357
168100 23717 833103 23683 847897
168200 23732 833640 23694 848360
168300 23746 834177 23708 848823
168400 23761 834702 23724 849298
168500 23773 835199 23739 849801
168600 23795 835674 23748 850326
168700 23813 836240 23762 850760
168800 23835 836749 23778 851251
168900 23853 837228 23799 851772
169000 23867 837705 23815 852295
169100 23884 838198 23832 852802
169200 23902 838708 23840 853292
169300 23913 839228 23858 853772
169400 23924 839674 23878 854326
169500 23936 840294 23888 854706
169600 23954 840828 23908 855172
169700 23969 841345 23922 855655
169800 23980 841819 23931 856181
169900 23994 842315 23942 856685
170000 24004 842837 23951 857163
170100 24020 843350 23960 857650
170200 24032 843850 23979 858150
170300 24049 844363 23995 858637
170400 24064 844884 24001 859116
170500 24083 845422 24015 859578
170600 24106 845965 24029 860035
170700 24115 846419 24045 860581
170800 24126 846922 24055 861078
170900 24141 847470 24069 861530
171000 24161 847908 24084 862092
171100 24174 848360 24097 862640
171200 24179 848872 24102 863128
171300 24195 849354 24110 863646
171400 24215 849838 24126 864162
171500 24227 850362 24137 864638
171600 24238 850839 24147 865161
171700 24252 851328 24162 865672
171800 24260 851773 24172 866227
171900 24273 852279 24185 866721
172000 24285 852820 24199 867180
172100 24295 853311 24211 867689
172200 24306 853771 24218 868229
172300 24323 854275 24241 868725
172400 24336 854747 24252 869253
172500 24348 855200 24262 869800
172600 24364 855692 24272 870308
172700 24375 856140 24279 870860
172800 24390 856629 24286 871371
172900 24405 857124 24295 871876
173000 24415 857609 24305 872391
173100 24425 858061 24325 872939
173200 24439 858553 24339 873447
173300 24457 858980 24345 874020
173400 24475 859397 24361 874603
173500 24486 859859 24370 875141
173600 24498 860329 24382 875671
173700 24515 860786 24404 876214
173800 24535 861230 24412 876770
173900 24553 861673 24424 877327
174000 24566 862123 24444 877877
174100 24579 862668 24460 878332
174200 24595 863164 24473 878836
174300 24609 863594 24492 879406
174400 24625 864101 24509 879899
174500 24644 864563 24520 880437
174600 24670 865084 24543 880916
174700 24686 865564 24560 881436
174800 24697 865977 24570 882023
174900 24706 866506 24585 882494
175000 24720 866954 24607 883046
175100 24735 867512 24628 883488
175200 24745 868078 24639 883922
175300 24764 868586 24654 884414
175400 24783 869086 24667 884914
175500 24800 869601 24687 885399
175600 24815 870077 24697 885923
175700 24826 870610 24710 886390
175800 24841 871028 24720 886972
175900 24854 871522 24734 887478
176000 24869 871966 24749 888034
176100 24889 872507 24763 888493
176200 24904 873012 24778 888988
176300 24913 873532 24792 889468
176400 24927 874061 24805 889939
176500 24940 874557 24824 890443
176600 24955 875030 24834 890970
176700 24961 875552 24847 891448
176800 24983 875973 24862 892027
176900 24995 876565 24875 892435
177000 25004 877146 24885 892854
177100 25013 877678 24897 893322
177200 25034 878169 24912 893831
177300 25050 878697 24927 894303
177400 25065 879160 24942 894840
177500 25072 879655 24956 895345
177600 25087 880165 24968 895835
177700 25096 880660 24977 896340
177800 25111 881199 24993 896801
177900 25119 881762 25005 897238
178000 25133 882256 25014 897744
178100 25148 882702 25030 898298
178200 25162 883203 25040 898797
178300 25175 883708 25052 899292
178400 25192 884214 25060 899786
178500 25205 884783 25077 900217
178600 25213 885306 25091 900694
178700 25221 885778 25104 901222
178800 25231 886275 25114 901725
178900 25244 886803 25117 902197
179000 25257 887333 25129 902667
179100 25277 887813 25145 903187
179200 25294 888289 25158 903711
179300 25311 888789 25169 904211
179400 25326 889341 25184 904659
179500 25338 889765 25199 905235
179600 25355 890222 25219 905778
179700 25366 890721 25228 906279
179800 25381 891200 25240 906800
179900 25391 891712 25252 907288
180000 25410 892300 25274 907700
180100 25418 892759 25285 908241
180200 25438 893277 25304 908723
180300 25448 893782 25317 909218
180400 25457 894300 25332 909700
180500 25468 894833 25340 910167
180600 25476 895297 25357 910703
180700 25488 895841 25376 911159
180800 25502 896316 25394 911684
180900 25514 896828 25412 912172
181000 25524 897263 25422 912737
181100 25539 897687 25437 913313
181200 25552 898193 25457 913807
181300 25563 898659 25470 914341
181400 25577 899119 25482 914881
181500 25598 899583 25491 915417
181600 25613 900074 25508 915926
181700 25626 900531 25522 916469
181800 25646 901051 25536 916949
181900 25667 901533 25552 917467
182000 25678 901992 25564 918008
182100 25694 902522 25583 918478
182200 25711 902923 25599 919077
182300 25727 903430 25619 919570
182400 25741 903938 25634 920062
182500 25755 904486 25645 920514
182600 25769 904999 25666 921001
182700 25780 905504 25677 921496
182800 25792 905964 25688 922036
182900 25807 906508 25706 922492
183000 25826 907021 25719 922979
183100 25842 907513 25737 923487
183200 25854 908022 25744 923978
183300 25871 908518 25759 924482
183400 25882 909055 25772 924945
183500 25899 909490 25781 925510
183600 25912 910024 25802 925976
183700 25920 910542 25816 926458
183800 25936 911036 25830 926964
183900 25949 911497 25846 927503
184000 25962 912034 25857 927966
184100 25972 912561 25872 928439
184200 25987 913114 25889 928886
184300 25994 913627 25904 929373
184400 26002 914111 25913 929889
184500 26017 914647 25927 930353
184600 26028 915109 25950 930891
184700 26040 915589 25968 931411
184800 26053 916034 25983 931966
184900 26063 916525 25993 932475
185000 26079 917085 26006 932915
185100 26092 917523 26020 933477
185200 26108 917981 26033 934019
185300 26121 918469 26051 934531
185400 26142 918922 26063 935078
185500 26155 919399 26078 935601
185600 26167 919912 26095 936088
185700 26184 920423 26114 936577
185800 26201 920935 26126 937065
185900 26213 921484 26143 937516
186000 26233 921963 26154 938037
186100 26243 922437 26164 938563
186200 26250 922948 26175 939052
186300 26264 923367 26188 939633
186400 26279 923837 26198 940163
186500 26287 924278 26210 940722
186600 26301 924734 26223 941266
186700 26321 925252 26240 941748
186800 26333 925759 26254 942241
186900 26350 926314 26268 942686
187000 26359 926809 26274 943191
187100 26372 927292 26286 943708
187200 26393 927867 26299 944133
187300 26404 928318 26310 944682
187400 26416 928775 26331 945225
187500 26432 929229 26343 945771
187600 26455 929700 26360 946300
187700 26474 930148 26379 946852
187800 26487 930589 26404 947411
187900 26499 931091 26422 947909
188000 26512 931647 26431 948353
188100 26521 932168 26446 948832
188200 26542 932672 26460 949328
188300 26556 933225 26479 949775
188400 26573 933687 26497 950313
188500 26589 934213 26507 950787
188600 26603 934766 26522 951234
188700 26615 935239 26534 951761
188800 26624 935752 26541 952248
188900 26634 936201 26555 952799
189000 26649 936673 26573 953327
189100 26662 937175 26586 953825
189200 26670 937654 26598 954346
189300 26688 938202 26610 954798
189400 26707 938736 26623 955264
189500 26715 939204 26637 955796
189600 26725 939673 26650 956327
189700 26743 940176 26668 956824
189800 26748 940667 26679 957333
189900 26765 941183 26688 957817
190000 26774 941697 26700 958303
190100 26789 942180 26707 958820
190200 26798 942593 26726 959407
190300 26813 943066 26742 959934
190400 26827 943626 26757 960374
190500 26847 944118 26768 960882
190600 26859 944662 26789 961338
190700 26873 945127 26801 961873
190800 26882 945594 26812 962406
190900 26900 946112 26830 962888
191000 26912 946555 26838 963445
191100 26920 947105 26848 963895
191200 26938 947597 26860 964403
191300 26954 948143 26868 964857
191400 26966 948564 26882 965436
191500 26986 949040 26903 965960
191600 26995 949563 26910 966437
191700 27005 949989 26927 967011
191800 27016 950451 26940 967549
191900 27025 951006 26958 967994
192000 27039 951538 26975 968462
192100 27049 952015 26989 968985
192200 27063 952548 27004 969452
192300 27076 953081 27015 969919
192400 27090 953610 27030 970390
192500 27103 954173 27044 970827
192600 27126 954755 27065 971245
192700 27137 955305 27078 971695
192800 27147 955790 27088 972210
192900 27159 956241 27103 972759
193000 27176 956688 27123 973312
193100 27195 957116 27138 973884
193200 27213 957615 27160 974385
193300 27219 958078 27168 974922
193400 27238 958563 27179 975437
193500 27255 959049 27187 975951
193600 27266 959521 27194 976479
193700 27274 959981 27205 977019
193800 27292 960409 27221 977591
193900 27310 960880 27238 978120
194000 27324 961365 27248 978635
194100 27338 961849 27261 979151
194200 27357 962356 27272 979644
194300 27378 962807 27290 980193
194400 27394 963347 27301 980653
194500 27405 963780 27320 981220
194600 27415 964305 27335 981695
194700 27425 964785 27354 982215
194800 27438 965291 27368 982709
194900 27452 965799 27379 983201
195000 27460 966303 27402 983697
195100 27468 966863 27415 984137
195200 27485 967431 27426 984569
195300 27506 967983 27442 985017
195400 27522 968458 27463 985542
195500 27540 968951 27475 986049
195600 27555 969438 27488 986562
195700 27564 969897 27505 987103
195800 27579 970403 27519 987597
195900 27594 970876 27539 988124
196000 27602 971377 27555 988623
196100 27616 971916 27568 989084
196200 27631 972408 27579 989592
196300 27644 972872 27591 990128
196400 27658 973349 27603 990651
196500 27671 973859 27614 991141
196600 27688 974357 27625 991643
196700 27701 974772 27643 992228
196800 27721 975233 27654 992767
196900 27731 975742 27667 993258
197000 27744 976246 27681 993754
197100 27762 976764 27700 994236
197200 27776 977212 27711 994788
197300 27785 977663 27728 995337
197400 27795 978215 27738 995785
197500 27808 978817 27753 996183
197600 27818 979316 27763 996684
197700 27834 979813 27782 997187
197800 27857 980285 27795 997715
197900 27873 980820 27810 998180
198000 27894 981268 27823 998732
198100 27905 981772 27843 999228
198200 27919 982283 27858 999717
198300 27929 982735 27871 1000265
198400 27947 983180 27886 1000820
198500 27969 983637 27894 1001363
198600 27986 984138 27909 1001862
198700 28002 984608 27926 1002392
198800 28017 985105 27942 1002895
198900 28034 985575 27956 1003425
199000 28047 986075 27974 1003925
199100 28062 986529 27993 1004471
199200 28078 987079 28009 1004921
199300 28098 987577 28030 1005423
199400 28108 988080 28049 1005920
199500 28119 988522 28068 1006478
199600 28131 989018 28084 1006982
199700 28142 989530 28094 1007470
199800 28153 990004 28107 1007996
199900 28188 990531 28127 1008469
200000 28202 991060 28136 1008940
