#! FIELDS timestep dup_succ dup_attempts kill_succ kill_attempts
#! SET timestep 0.5
#! SET kernel_bandwidth [0.7 0.7]
#! SET kt 1.0
100 74 161 68 839
200 152 418 160 1582
300 228 767 257 2233
400 300 1202 334 2798
500 350 1707 401 3293
600 382 2186 437 3814
700 413 2594 460 4406
800 435 3083 490 4917
900 451 3529 500 5471
1000 466 3979 521 6021
1100 476 4431 529 6569
1200 484 4906 540 7094
1300 489 5380 547 7620
1400 492 5836 552 8164
1500 498 6397 554 8603
1600 502 6836 560 9164
1700 503 7312 562 9688
1800 508 7746 564 10254
1900 512 8222 569 10778
2000 517 8699 571 11301
2100 520 9329 579 11671
2200 529 9843 584 12157
2300 535 10382 589 12618
2400 541 10998 593 13002
2500 542 11487 596 13513
2600 546 11926 602 14074
2700 546 12390 604 14610
2800 552 12863 606 15137
2900 556 13401 611 15599
3000 561 13881 614 16119
3100 565 14451 619 16549
3200 570 14966 624 17034
3300 573 15480 630 17520
3400 580 15922 636 18078
3500 583 16366 636 18634
3600 584 16841 639 19159
3700 585 17322 644 19678
3800 589 17875 646 20125
3900 594 18413 651 20587
4000 601 18977 658 21023
4100 604 19382 659 21618
4200 605 19961 660 22039
4300 609 20411 662 22589
4400 609 20890 664 23110
4500 612 21326 666 23674
4600 617 21829 666 24171
4700 622 22308 668 24692
4800 624 22856 671 25144
4900 632 23283 676 25717
5000 637 23784 682 26216
5100 638 24239 688 26761
5200 640 24719 690 27281
5300 643 25194 694 27806
5400 647 25624 702 28376
5500 650 26071 704 28929
5600 656 26597 709 29403
5700 660 26987 714 30013
5800 666 27482 719 30518
5900 669 27947 721 31053
6000 673 28433 724 31567
6100 678 28971 728 32029
6200 683 29504 730 32496
6300 688 29994 737 33006
6400 696 30531 743 33469
6500 700 31016 745 33984
6600 701 31446 748 34554
6700 708 31911 754 35089
6800 719 32459 758 35541
6900 719 33006 764 35994
7000 723 33459 765 36541
7100 728 33927 767 37073
7200 731 34352 772 37648
7300 741 34844 779 38156
7400 742 35407 782 38593
7500 747 35940 785 39060
7600 750 36460 787 39540
7700 756 36915 793 40085
7800 761 37488 799 40512
7900 766 38054 802 40946
8000 767 38561 804 41439
8100 774 39077 809 41923
8200 779 39697 813 42303
8300 786 40205 820 42795
8400 789 40726 827 43274
8500 793 41186 831 43814
8600 800 41767 837 44233
8700 804 42157 840 44843
8800 811 42674 844 45326
8900 813 43175 849 45825
9000 815 43601 853 46399
9100 824 44084 859 46916
9200 829 44611 864 47389
9300 834 45118 869 47882
9400 837 45591 875 48409
9500 842 46185 880 48815
9600 846 46727 886 49273
9700 856 47339 890 49661
9800 859 47767 892 50233
9900 860 48274 894 50726
10000 864 48861 896 51139
10100 870 49460 901 51540
10200 878 50073 907 51927
10300 881 50453 908 52547
10400 887 51014 911 52986
10500 890 51608 916 53392
10600 896 52167 927 53833
10700 899 52675 932 54325
10800 906 53224 936 54776
10900 910 53673 941 55327
11000 913 54125 943 55875
11100 916 54560 944 56440
11200 918 55009 950 56991
11300 920 55358 950 57642
11400 922 55870 953 58130
11500 928 56413 956 58587
11600 936 56985 959 59015
11700 940 57461 967 59539
11800 942 57871 972 60129
11900 946 58342 979 60658
12000 952 58864 980 61136
12100 956 59472 987 61528
12200 959 60200 989 61800
12300 967 60776 995 62224
12400 969 61280 999 62720
12500 972 61684 1000 63316
12600 974 62138 1004 63862
12700 984 62747 1008 64253
12800 990 63284 1013 64716
12900 994 63692 1018 65308
13000 997 64143 1022 65857
13100 999 64713 1024 66287
13200 1006 65220 1027 66780
13300 1009 65767 1032 67233
13400 1015 66312 1038 67688
13500 1019 66860 1051 68140
13600 1025 67381 1055 68619
13700 1030 67879 1061 69121
13800 1032 68408 1061 69592
13900 1035 68947 1066 70053
14000 1043 69529 1073 70471
14100 1053 69955 1079 71045
14200 1058 70263 1082 71737
14300 1065 70675 1087 72325
14400 1069 71200 1090 72800
14500 1071 71713 1093 73287
14600 1076 72204 1095 73796
14700 1078 72715 1096 74285
14800 1082 73238 1102 74762
14900 1087 73648 1108 75352
15000 1096 74239 1118 75761
15100 1100 74842 1127 76158
15200 1103 75311 1129 76689
15300 1105 75692 1131 77308
15400 1111 76224 1135 77776
15500 1114 76707 1142 78293
15600 1116 77155 1144 78845
15700 1119 77658 1149 79342
15800 1122 78171 1156 79829
15900 1129 78656 1160 80344
16000 1130 79188 1167 80812
16100 1135 79663 1176 81337
16200 1136 80129 1178 81871
16300 1139 80674 1180 82326
16400 1146 81226 1182 82774
16500 1151 81810 1187 83190
16600 1163 82295 1192 83705
16700 1168 82885 1199 84115
16800 1173 83417 1199 84583
16900 1177 83955 1200 85045
17000 1184 84469 1210 85531
17100 1186 84928 1213 86072
17200 1191 85392 1217 86608
17300 1195 85785 1223 87215
17400 1198 86327 1225 87673
17500 1204 86741 1230 88259
17600 1209 87225 1235 88775
17700 1214 87740 1241 89260
17800 1222 88214 1246 89786
17900 1227 88768 1256 90232
18000 1229 89209 1256 90791
18100 1231 89698 1260 91302
18200 1234 90252 1264 91748
18300 1234 90766 1271 92234
18400 1237 91313 1277 92687
18500 1244 91878 1280 93122
18600 1248 92415 1282 93585
18700 1252 92997 1285 94003
18800 1257 93487 1294 94513
18900 1264 94052 1299 94948
19000 1271 94577 1306 95423
19100 1276 95049 1310 95951
19200 1278 95638 1315 96362
19300 1285 96184 1321 96816
19400 1298 96732 1331 97268
19500 1304 97273 1351 97727
19600 1311 97761 1354 98239
19700 1313 98225 1356 98775
19800 1318 98760 1359 99240
19900 1326 99320 1363 99680
20000 1328 99919 1370 100081
20100 1331 100438 1376 100562
20200 1342 100879 1385 101121
20300 1348 101390 1388 101610
20400 1355 101869 1393 102131
20500 1366 102297 1402 102703
20600 1371 102796 1408 103204
20700 1377 103271 1416 103729
20800 1381 103704 1421 104296
20900 1386 104222 1422 104778
21000 1392 104572 1423 105428
21100 1395 105079 1431 105921
21200 1398 105607 1436 106393
21300 1405 106045 1438 106955
21400 1409 106467 1449 107533
21500 1415 106979 1455 108021
21600 1418 107463 1456 108537
21700 1421 107862 1461 109138
21800 1425 108330 1465 109670
21900 1429 108891 1470 110109
22000 1430 109579 1473 110421
22100 1434 110097 1476 110903
22200 1437 110598 1479 111402
22300 1441 111170 1482 111830
22400 1445 111654 1486 112346
22500 1454 112156 1489 112844
22600 1457 112675 1491 113325
22700 1460 113179 1498 113821
22800 1462 113664 1500 114336
22900 1465 114217 1502 114783
23000 1469 114629 1505 115371
23100 1472 115019 1509 115981
23200 1477 115436 1515 116564
23300 1483 115953 1517 117047
23400 1490 116441 1520 117559
23500 1494 116853 1520 118147
23600 1495 117352 1522 118648
23700 1502 117973 1528 119027
23800 1506 118469 1533 119531
23900 1510 118944 1536 120056
24000 1515 119402 1542 120598
24100 1519 119896 1546 121104
24200 1525 120449 1552 121551
24300 1528 120927 1557 122073
24400 1532 121480 1559 122520
24500 1537 121921 1565 123079
24600 1542 122449 1569 123551
24700 1547 122880 1573 124120
24800 1549 123395 1575 124605
24900 1551 123823 1578 125177
25000 1553 124240 1579 125760
25100 1557 124850 1582 126150
25200 1564 125269 1587 126731
25300 1569 125851 1594 127149
25400 1574 126272 1601 127728
25500 1578 126792 1606 128208
25600 1580 127337 1614 128663
25700 1589 127802 1625 129198
25800 1598 128417 1633 129583
25900 1608 128933 1642 130067
26000 1616 129417 1646 130583
26100 1618 129918 1651 131082
26200 1625 130405 1658 131595
26300 1632 130841 1664 132159
26400 1635 131276 1667 132724
26500 1639 131816 1670 133184
26600 1647 132153 1678 133847
26700 1653 132587 1681 134413
26800 1659 133206 1684 134794
26900 1662 133787 1685 135213
27000 1665 134296 1691 135704
27100 1666 134768 1694 136232
27200 1669 135347 1695 136653
27300 1670 135853 1698 137147
27400 1674 136283 1703 137717
27500 1678 136716 1706 138284
27600 1679 137199 1708 138801
27700 1683 137656 1710 139344
27800 1683 138193 1720 139807
27900 1688 138679 1731 140321
28000 1688 139187 1733 140813
28100 1692 139635 1736 141365
28200 1693 140099 1741 141901
28300 1695 140637 1744 142363
28400 1696 141056 1746 142944
28500 1700 141620 1751 143380
28600 1704 142126 1753 143874
28700 1711 142671 1759 144329
28800 1714 143089 1764 144911
28900 1716 143603 1767 145397
29000 1718 144070 1772 145930
29100 1724 144507 1778 146493
29200 1727 144998 1783 147002
29300 1731 145507 1786 147493
29400 1734 145994 1789 148006
29500 1739 146537 1791 148463
29600 1746 147014 1801 148986
29700 1752 147576 1805 149424
29800 1757 148145 1812 149855
29900 1761 148761 1816 150239
30000 1765 149213 1820 150787
30100 1771 149646 1827 151354
30200 1773 150105 1835 151895
30300 1781 150664 1844 152336
30400 1785 151225 1849 152775
30500 1788 151648 1852 153352
30600 1791 152205 1858 153795
30700 1794 152692 1859 154308
30800 1795 153288 1866 154712
30900 1798 153882 1871 155118
31000 1805 154450 1875 155550
31100 1807 154932 1879 156068
31200 1809 155354 1886 156646
31300 1815 155898 1890 157102
31400 1819 156430 1896 157570
31500 1827 156791 1900 158209
31600 1830 157264 1906 158736
31700 1838 157833 1913 159167
31800 1843 158284 1916 159716
31900 1847 158784 1919 160216
32000 1848 159536 1923 160464
32100 1849 159955 1928 161045
32200 1855 160435 1931 161565
32300 1861 160914 1934 162086
32400 1865 161434 1937 162566
32500 1868 161875 1942 163125
32600 1872 162349 1947 163651
32700 1875 162825 1954 164175
32800 1876 163328 1958 164672
32900 1879 163773 1961 165227
33000 1884 164196 1965 165804
33100 1889 164645 1968 166355
33200 1893 165197 1969 166803
33300 1896 165677 1972 167323
33400 1902 166176 1978 167824
33500 1910 166739 1985 168261
33600 1920 167272 1986 168728
33700 1922 167777 1989 169223
33800 1925 168228 1995 169772
33900 1937 168664 2002 170336
34000 1945 169107 2011 170893
34100 1948 169681 2016 171319
34200 1950 170155 2016 171845
34300 1951 170622 2021 172378
34400 1955 171191 2026 172809
34500 1965 171711 2035 173289
34600 1969 172217 2039 173783
34700 1979 172815 2041 174185
34800 1989 173470 2050 174530
34900 1993 173987 2057 175013
35000 1996 174500 2059 175500
35100 1998 174998 2063 176002
35200 2000 175517 2064 176483
35300 2003 176082 2069 176918
35400 2010 176610 2076 177390
35500 2012 176972 2080 178028
35600 2016 177481 2082 178519
35700 2022 177991 2088 179009
35800 2025 178433 2091 179567
35900 2030 178837 2095 180163
36000 2033 179441 2098 180559
36100 2034 180006 2099 180994
36200 2039 180496 2099 181504
36300 2040 181004 2101 181996
36400 2044 181464 2110 182536
36500 2051 182007 2116 182993
36600 2059 182520 2120 183480
36700 2065 183049 2122 183951
36800 2070 183595 2124 184405
36900 2078 184101 2131 184899
37000 2084 184593 2133 185407
37100 2089 185135 2137 185865
37200 2092 185661 2137 186339
37300 2098 186165 2142 186835
37400 2108 186724 2146 187276
37500 2115 187321 2151 187679
37600 2117 187893 2153 188107
37700 2117 188386 2154 188614
37800 2121 188947 2155 189053
37900 2127 189547 2158 189453
38000 2131 189969 2165 190031
38100 2136 190499 2173 190501
38200 2139 191017 2178 190983
38300 2140 191507 2180 191493
38400 2146 191991 2185 192009
38500 2149 192529 2188 192471
38600 2156 193026 2192 192974
38700 2158 193459 2200 193541
38800 2164 193972 2202 194028
38900 2169 194494 2204 194506
39000 2172 195031 2209 194969
39100 2178 195548 2210 195452
39200 2180 196085 2215 195915
39300 2182 196604 2215 196396
39400 2184 197089 2220 196911
39500 2188 197554 2225 197446
39600 2194 197947 2232 198053
39700 2198 198382 2234 198618
39800 2200 198900 2240 199100
39900 2202 199341 2245 199659
40000 2204 199866 2250 200134
40100 2208 200361 2255 200639
40200 2210 200873 2261 201127
40300 2212 201356 2267 201644
40400 2218 201845 2268 202155
40500 2223 202347 2272 202653
40600 2226 202813 2275 203187
40700 2231 203375 2281 203625
40800 2240 203880 2288 204120
40900 2245 204431 2291 204569
41000 2249 204954 2297 205046
41100 2252 205451 2303 205549
41200 2254 206067 2308 205933
41300 2258 206562 2316 206438
41400 2264 207149 2327 206851
41500 2268 207654 2334 207346
41600 2268 208181 2336 207819
41700 2270 208647 2337 208353
41800 2274 209071 2340 208929
41900 2277 209561 2343 209439
42000 2280 210053 2348 209947
42100 2286 210500 2353 210500
42200 2288 210981 2354 211019
42300 2292 211370 2357 211630
42400 2292 211970 2360 212030
42500 2294 212436 2361 212564
42600 2300 212995 2364 213005
42700 2305 213483 2367 213517
42800 2309 213881 2369 214119
42900 2311 214331 2371 214669
43000 2317 214798 2374 215202
43100 2320 215249 2381 215751
43200 2324 215705 2385 216295
43300 2330 216150 2386 216850
43400 2334 216630 2391 217370
43500 2337 217067 2393 217933
43600 2341 217670 2396 218330
43700 2344 218196 2400 218804
43800 2346 218734 2400 219266
43900 2346 219203 2401 219797
44000 2348 219643 2406 220357
44100 2351 219996 2410 221004
44200 2355 220543 2413 221457
44300 2361 221025 2416 221975
44400 2365 221585 2424 222415
44500 2368 222079 2424 222921
44600 2369 222480 2427 223520
44700 2370 222932 2430 224068
44800 2374 223523 2439 224477
44900 2382 224021 2442 224979
45000 2389 224711 2445 225289
45100 2393 225244 2452 225756
45200 2396 225726 2456 226274
45300 2402 226229 2459 226771
45400 2407 226763 2460 227237
45500 2409 227370 2472 227630
45600 2417 227794 2475 228206
45700 2419 228223 2477 228777
45800 2424 228689 2479 229311
45900 2427 229082 2485 229918
46000 2432 229590 2488 230410
46100 2435 230092 2490 230908
46200 2438 230528 2492 231472
46300 2446 231005 2499 231995
46400 2449 231513 2508 232487
46500 2456 232056 2514 232944
46600 2459 232597 2519 233403
46700 2468 233011 2523 233989
46800 2475 233489 2526 234511
46900 2482 233921 2528 235079
47000 2488 234330 2530 235670
47100 2490 234876 2533 236124
47200 2494 235374 2535 236626
47300 2500 235908 2541 237092
47400 2504 236440 2543 237560
47500 2515 236982 2553 238018
47600 2517 237525 2559 238475
47700 2520 238126 2565 238874
47800 2521 238526 2567 239474
47900 2526 239032 2572 239968
48000 2532 239500 2577 240500
48100 2536 239976 2587 241024
48200 2546 240433 2592 241567
48300 2554 240965 2596 242035
48400 2558 241481 2600 242519
48500 2565 242040 2603 242960
48600 2575 242505 2608 243495
48700 2581 242984 2609 244016
48800 2587 243520 2614 244480
48900 2589 244018 2616 244982
49000 2592 244494 2619 245506
49100 2600 244986 2623 246014
49200 2605 245509 2626 246491
49300 2607 245956 2628 247044
49400 2611 246473 2631 247527
49500 2616 246879 2632 248121
49600 2620 247388 2644 248612
49700 2628 247862 2656 249138
49800 2632 248335 2664 249665
49900 2635 248744 2672 250256
50000 2641 249133 2678 250867
50100 2651 249580 2681 251420
50200 2654 250033 2686 251967
50300 2659 250574 2687 252426
50400 2663 251071 2695 252929
50500 2668 251586 2708 253414
50600 2669 252124 2710 253876
50700 2671 252676 2716 254324
50800 2676 253272 2721 254728
50900 2685 253764 2725 255236
51000 2690 254237 2729 255763
51100 2700 254718 2731 256282
51200 2700 255192 2739 256808
51300 2703 255799 2743 257201
51400 2706 256294 2748 257706
51500 2712 256794 2751 258206
51600 2715 257304 2755 258696
51700 2718 257808 2758 259192
51800 2723 258261 2763 259739
51900 2727 258598 2765 260402
52000 2735 258999 2769 261001
52100 2736 259409 2769 261591
52200 2740 259904 2772 262096
52300 2743 260365 2775 262635
52400 2745 260707 2777 263293
52500 2749 261322 2785 263678
52600 2756 261755 2796 264245
52700 2759 262185 2797 264815
52800 2762 262652 2805 265348
52900 2770 263167 2807 265833
53000 2774 263617 2810 266383
53100 2780 264146 2811 266854
53200 2783 264533 2814 267467
53300 2787 265095 2815 267905
53400 2790 265641 2820 268359
53500 2799 266147 2824 268853
53600 2800 266612 2829 269388
53700 2803 267138 2833 269862
53800 2809 267630 2836 270370
53900 2815 268089 2840 270911
54000 2818 268598 2843 271402
54100 2820 269216 2846 271784
54200 2828 269852 2851 272148
54300 2836 270551 2857 272449
54400 2840 271100 2864 272900
54500 2849 271496 2870 273504
54600 2856 271905 2873 274095
54700 2860 272354 2882 274646
54800 2868 272882 2887 275118
54900 2873 273355 2893 275645
55000 2873 273882 2893 276118
55100 2877 274381 2900 276619
55200 2884 274896 2911 277104
55300 2890 275315 2918 277685
55400 2897 275762 2921 278238
55500 2901 276324 2923 278676
55600 2907 276761 2929 279239
55700 2911 277262 2934 279738
55800 2914 277829 2937 280171
55900 2918 278412 2940 280588
56000 2918 278948 2942 281052
56100 2926 279337 2946 281663
56200 2933 279872 2948 282128
56300 2941 280441 2954 282559
56400 2941 280925 2958 283075
56500 2941 281444 2962 283556
56600 2946 281973 2962 284027
56700 2949 282522 2966 284478
56800 2955 283004 2969 284996
56900 2957 283492 2973 285508
57000 2967 283952 2980 286048
57100 2969 284469 2983 286531
57200 2973 284890 2984 287110
57300 2976 285428 2987 287572
57400 2979 286022 2990 287978
57500 2982 286488 2995 288512
57600 2986 286968 3002 289032
57700 2991 287499 3004 289501
57800 2993 288034 3008 289966
57900 3002 288588 3015 290412
58000 3005 289094 3020 290906
58100 3013 289630 3024 291370
58200 3016 290108 3029 291892
58300 3019 290558 3034 292442
58400 3023 290989 3038 293011
58500 3025 291529 3041 293471
58600 3027 292010 3049 293990
58700 3031 292524 3052 294476
58800 3036 293009 3055 294991
58900 3039 293502 3060 295498
59000 3047 294045 3065 295955
59100 3049 294621 3068 296379
59200 3054 295147 3070 296853
59300 3059 295633 3078 297367
59400 3065 296013 3081 297987
59500 3069 296574 3087 298426
59600 3076 297130 3092 298870
59700 3077 297641 3093 299359
59800 3080 298115 3093 299885
59900 3087 298582 3097 300418
60000 3092 299127 3100 300873
60100 3095 299729 3104 301271
60200 3102 300360 3111 301640
60300 3106 300905 3119 302095
60400 3107 301470 3121 302530
60500 3114 301936 3124 303064
60600 3118 302541 3131 303459
60700 3123 302983 3140 304017
60800 3129 303451 3149 304549
60900 3130 303981 3157 305019
61000 3136 304466 3164 305534
61100 3144 304912 3168 306088
61200 3145 305355 3171 306645
61300 3148 305855 3177 307145
61400 3154 306377 3184 307623
61500 3158 306822 3186 308178
61600 3164 307269 3187 308731
61700 3167 307852 3193 309148
61800 3174 308375 3198 309625
61900 3178 308913 3198 310087
62000 3182 309361 3205 310639
62100 3191 309874 3207 311126
62200 3193 310389 3213 311611
62300 3201 310874 3219 312126
62400 3205 311373 3225 312627
62500 3205 311942 3227 313058
62600 3210 312379 3233 313621
62700 3212 312853 3237 314147
62800 3217 313287 3243 314713
62900 3221 313833 3250 315167
63000 3225 314249 3254 315751
63100 3233 314830 3260 316170
63200 3235 315354 3263 316646
63300 3241 315867 3264 317133
63400 3243 316391 3268 317609
63500 3250 316927 3274 318073
63600 3252 317407 3276 318593
63700 3262 317939 3282 319061
63800 3264 318461 3285 319539
63900 3268 319011 3288 319989
64000 3272 319531 3290 320469
64100 3283 320061 3296 320939
64200 3287 320589 3300 321411
64300 3290 321223 3304 321777
64400 3297 321688 3313 322312
64500 3302 322154 3317 322846
64600 3311 322649 3320 323351
64700 3316 323183 3323 323817
64800 3320 323761 3329 324239
64900 3324 324281 3334 324719
65000 3327 324792 3337 325208
65100 3334 325139 3341 325861
65200 3335 325614 3346 326386
65300 3336 326011 3352 326989
65400 3343 326456 3356 327544
65500 3349 326974 3364 328026
65600 3354 327371 3369 328629
65700 3359 327793 3374 329207
65800 3372 328326 3382 329674
65900 3378 328858 3383 330142
66000 3384 329363 3389 330637
66100 3388 329902 3395 331098
66200 3393 330436 3400 331564
66300 3397 330977 3406 332023
66400 3403 331412 3409 332588
66500 3409 331834 3413 333166
66600 3413 332266 3414 333734
66700 3419 332758 3418 334242
66800 3420 333307 3426 334693
66900 3425 333729 3432 335271
67000 3425 334300 3436 335700
67100 3431 334835 3437 336165
67200 3431 335337 3442 336663
67300 3435 335844 3443 337156
67400 3438 336402 3444 337598
67500 3441 336959 3447 338041
67600 3441 337401 3451 338599
67700 3444 337915 3453 339085
67800 3449 338384 3459 339616
67900 3456 338891 3467 340109
68000 3457 339331 3470 340669
68100 3460 339859 3475 341141
68200 3466 340357 3475 341643
68300 3468 340870 3479 342130
68400 3471 341312 3483 342688
68500 3478 341656 3484 343344
68600 3482 342085 3487 343915
68700 3485 342525 3489 344475
68800 3490 343007 3497 344993
68900 3496 343528 3502 345472
69000 3496 344014 3502 345986
69100 3501 344551 3503 346449
69200 3506 344960 3511 347040
69300 3512 345456 3517 347544
69400 3515 346044 3524 347956
69500 3519 346503 3527 348497
69600 3522 347075 3530 348925
69700 3531 347541 3532 349459
69800 3533 347979 3535 350021
69900 3537 348514 3538 350486
70000 3545 349010 3544 350990
70100 3549 349554 3546 351446
70200 3553 350019 3548 351981
70300 3553 350599 3553 352401
70400 3561 351113 3555 352887
70500 3567 351670 3561 353330
70600 3574 352097 3570 353903
70700 3583 352560 3577 354440
70800 3589 353042 3582 354958
70900 3594 353474 3584 355526
71000 3598 354062 3586 355938
71100 3601 354574 3593 356426
71200 3606 355118 3600 356882
71300 3607 355586 3600 357414
71400 3610 356165 3604 357835
71500 3615 356645 3609 358355
71600 3618 357041 3611 358959
71700 3624 357528 3614 359472
71800 3629 358002 3619 359998
71900 3636 358420 3626 360580
72000 3641 358886 3630 361114
72100 3649 359347 3631 361653
72200 3653 359808 3635 362192
72300 3661 360220 3641 362780
72400 3662 360581 3645 363419
72500 3666 361022 3646 363978
72600 3670 361605 3652 364395
72700 3674 362146 3656 364854
72800 3678 362669 3661 365331
72900 3685 363220 3669 365780
73000 3690 363740 3670 366260
73100 3691 364270 3673 366730
73200 3691 364813 3674 367187
73300 3693 365373 3676 367627
73400 3697 365791 3679 368209
73500 3700 366235 3683 368765
73600 3706 366694 3686 369306
73700 3710 367194 3687 369806
73800 3713 367759 3689 370241
73900 3719 368241 3692 370759
74000 3725 368720 3700 371280
74100 3728 369164 3707 371836
74200 3738 369759 3711 372241
74300 3741 370310 3718 372690
74400 3742 370808 3722 373192
74500 3746 371278 3728 373722
74600 3750 371802 3734 374198
74700 3752 372469 3738 374531
74800 3756 372981 3740 375019
74900 3760 373411 3742 375589
75000 3763 373912 3745 376088
75100 3768 374390 3747 376610
75200 3774 374756 3752 377244
75300 3779 375174 3755 377826
75400 3783 375591 3759 378409
75500 3792 376025 3763 378975
75600 3797 376374 3767 379626
75700 3803 376712 3769 380288
75800 3805 377140 3774 380860
75900 3809 377593 3779 381407
76000 3812 378200 3788 381800
76100 3815 378627 3794 382373
76200 3817 379159 3797 382841
76300 3820 379670 3801 383330
76400 3823 380050 3805 383950
76500 3826 380510 3810 384490
76600 3831 381022 3814 384978
76700 3833 381323 3817 385677
76800 3840 381733 3820 386267
76900 3846 382266 3824 386734
77000 3852 382833 3834 387167
77100 3858 383394 3841 387606
77200 3863 383977 3848 388023
77300 3867 384523 3855 388477
77400 3874 385024 3865 388976
77500 3876 385534 3872 389466
77600 3878 386106 3876 389894
77700 3884 386613 3877 390387
77800 3890 387004 3880 390996
77900 3891 387557 3886 391443
78000 3894 388116 3891 391884
78100 3896 388648 3896 392352
78200 3904 389164 3899 392836
78300 3910 389645 3904 393355
78400 3915 390135 3905 393865
78500 3921 390625 3910 394375
78600 3926 391265 3913 394735
78700 3933 391681 3919 395319
78800 3934 392185 3923 395815
78900 3940 392677 3932 396323
79000 3947 393173 3938 396827
79100 3950 393709 3940 397291
79200 3954 394219 3943 397781
79300 3960 394783 3951 398217
79400 3964 395272 3957 398728
79500 3967 395744 3962 399256
79600 3969 396113 3963 399887
79700 3971 396720 3964 400280
79800 3973 397182 3968 400818
79900 3976 397642 3968 401358
80000 3981 398267 3970 401733
80100 3982 398766 3973 402234
80200 3982 399201 3975 402799
80300 3983 399784 3979 403216
80400 3987 400228 3982 403772
80500 3991 400555 3989 404445
80600 3994 401037 3994 404963
80700 3998 401400 3999 405600
80800 4000 401773 4003 406227
80900 4002 402203 4010 406797
81000 4013 402726 4014 407274
81100 4017 403242 4021 407758
81200 4022 403663 4029 408337
81300 4028 404146 4031 408854
81400 4034 404521 4036 409479
81500 4038 404997 4040 410003
81600 4042 405501 4045 410499
81700 4050 406006 4054 410994
81800 4055 406478 4059 411522
81900 4058 407064 4063 411936
82000 4066 407604 4068 412396
82100 4068 408090 4071 412910
82200 4074 408705 4073 413295
82300 4079 409171 4076 413829
82400 4086 409703 4082 414297
82500 4090 410179 4085 414821
82600 4094 410612 4089 415388
82700 4100 411024 4091 415976
82800 4104 411399 4094 416601
82900 4111 411785 4096 417215
83000 4118 412205 4102 417795
83100 4124 412612 4115 418388
83200 4129 413008 4122 418992
83300 4133 413376 4125 419624
83400 4141 413768 4135 420232
83500 4144 414325 4138 420675
83600 4150 414866 4142 421134
83700 4154 415255 4143 421745
83800 4162 415796 4145 422204
83900 4167 416270 4151 422730
84000 4170 416738 4156 423262
84100 4172 417296 4161 423704
84200 4181 417809 4163 424191
84300 4190 418362 4167 424638
84400 4193 418883 4170 425117
84500 4197 419379 4172 425621
84600 4201 419870 4175 426130
84700 4208 420359 4178 426641
84800 4210 420770 4179 427230
84900 4213 421217 4184 427783
85000 4217 421740 4185 428260
85100 4225 422322 4190 428678
85200 4227 422784 4194 429216
85300 4232 423372 4198 429628
85400 4234 423895 4201 430105
85500 4239 424395 4211 430605
85600 4246 424867 4214 431133
85700 4251 425357 4221 431643
85800 4254 425755 4225 432245
85900 4257 426214 4228 432786
86000 4258 426724 4231 433276
86100 4262 427196 4232 433804
86200 4264 427622 4239 434378
86300 4268 428240 4244 434760
86400 4271 428848 4245 435152
86500 4273 429345 4250 435655
86600 4278 429811 4254 436189
86700 4281 430203 4259 436797
86800 4284 430650 4263 437350
86900 4292 431127 4270 437873
87000 4301 431637 4271 438363
87100 4302 432123 4274 438877
87200 4304 432496 4277 439504
87300 4308 432917 4280 440083
87400 4314 433471 4284 440529
87500 4320 434020 4287 440980
87600 4327 434615 4296 441385
87700 4329 435058 4299 441942
87800 4330 435451 4302 442549
87900 4335 435835 4305 443165
88000 4340 436366 4311 443634
88100 4346 436837 4314 444163
88200 4348 437394 4320 444606
88300 4357 437926 4324 445074
88400 4360 438508 4326 445492
88500 4362 438979 4331 446021
88600 4366 439490 4335 446510
88700 4370 440002 4340 446998
88800 4375 440536 4345 447464
88900 4377 441019 4346 447981
89000 4384 441572 4349 448428
89100 4388 442067 4351 448933
89200 4397 442621 4355 449379
89300 4403 443162 4362 449838
89400 4406 443734 4365 450266
89500 4416 444252 4367 450748
89600 4419 444747 4372 451253
89700 4427 445179 4379 451821
89800 4430 445699 4381 452301
89900 4435 446105 4383 452895
90000 4442 446638 4390 453362
90100 4449 447199 4397 453801
90200 4452 447670 4398 454330
90300 4453 448091 4400 454909
90400 4461 448596 4404 455404
90500 4463 449166 4411 455834
90600 4466 449621 4422 456379
90700 4472 450033 4426 456967
90800 4476 450460 4427 457540
90900 4482 450989 4434 458011
91000 4486 451506 4443 458494
91100 4488 452050 4446 458950
91200 4492 452590 4452 459410
91300 4498 453138 4454 459862
91400 4503 453639 4462 460361
91500 4505 454269 4468 460731
91600 4514 454794 4473 461206
91700 4517 455279 4475 461721
91800 4521 455754 4478 462246
91900 4524 456163 4482 462837
92000 4526 456704 4486 463296
92100 4535 457206 4494 463794
92200 4539 457632 4497 464368
92300 4541 458073 4497 464927
92400 4544 458457 4500 465543
92500 4547 459000 4503 466000
92600 4551 459546 4505 466454
92700 4553 460087 4508 466913
92800 4554 460633 4514 467367
92900 4557 461118 4522 467882
93000 4559 461575 4527 468425
93100 4562 462100 4528 468900
93200 4566 462615 4530 469385
93300 4569 463112 4534 469888
93400 4578 463671 4538 470329
93500 4589 464261 4548 470739
93600 4591 464754 4550 471246
93700 4594 465253 4556 471747
93800 4596 465752 4557 472248
93900 4599 466178 4562 472822
94000 4607 466765 4565 473235
94100 4615 467278 4569 473722
94200 4621 467748 4576 474252
94300 4629 468251 4578 474749
94400 4638 468713 4582 475287
94500 4641 469176 4588 475824
94600 4646 469801 4590 476199
94700 4653 470278 4592 476722
94800 4655 470954 4594 477046
94900 4658 471483 4600 477517
95000 4662 471865 4606 478135
95100 4664 472298 4609 478702
95200 4667 472881 4609 479119
95300 4672 473413 4613 479587
95400 4674 473971 4616 480029
95500 4677 474385 4618 480615
95600 4685 474909 4626 481091
95700 4687 475389 4629 481611
95800 4690 475932 4633 482068
95900 4695 476425 4636 482575
96000 4700 476849 4643 483151
96100 4705 477264 4646 483736
96200 4710 477679 4649 484321
96300 4715 478205 4653 484795
96400 4717 478772 4657 485228
96500 4720 479403 4661 485597
96600 4727 479885 4666 486115
96700 4732 480488 4670 486512
96800 4739 480965 4678 487035
96900 4747 481530 4680 487470
97000 4751 482006 4685 487994
97100 4755 482435 4696 488565
97200 4756 482938 4704 489062
97300 4758 483401 4713 489599
97400 4761 483874 4717 490126
97500 4763 484387 4720 490613
97600 4767 484912 4722 491088
97700 4767 485335 4724 491665
97800 4768 485763 4727 492237
97900 4771 486303 4731 492697
98000 4775 486817 4735 493183
98100 4782 487344 4740 493656
98200 4790 487798 4744 494202
98300 4796 488266 4751 494734
98400 4803 488694 4754 495306
98500 4805 489146 4755 495854
98600 4812 489522 4759 496478
98700 4815 489981 4761 497019
98800 4819 490574 4762 497426
98900 4829 491020 4768 497980
99000 4833 491474 4777 498526
99100 4834 491988 4780 499012
99200 4838 492486 4784 499514
99300 4840 492945 4787 500055
99400 4849 493402 4789 500598
99500 4853 493926 4792 501074
99600 4863 494504 4796 501496
99700 4864 495084 4799 501916
99800 4869 495640 4806 502360
99900 4873 496138 4809 502862
100000 4878 496653 4818 503347
100100 4885 497116 4819 503884
100200 4889 497660 4825 504340
100300 4895 498151 4826 504849
100400 4897 498707 4829 505293
100500 4899 499193 4836 505807
100600 4900 499781 4839 506219
100700 4910 500294 4846 506706
100800 4915 500800 4849 507200
100900 4920 501302 4853 507698
101000 4926 501732 4858 508268
101100 4933 502395 4861 508605
101200 4939 502907 4866 509093
101300 4943 503447 4870 509553
101400 4945 503969 4871 510031
101500 4950 504500 4874 510500
101600 4955 504840 4876 511160
101700 4959 505346 4882 511654
101800 4963 505814 4888 512186
101900 4967 506293 4892 512707
102000 4969 506802 4896 513198
102100 4973 507218 4899 513782
102200 4975 507683 4903 514317
102300 4981 508128 4903 514872
102400 4985 508578 4904 515422
102500 4987 509024 4908 515976
102600 4990 509461 4913 516539
102700 4994 509867 4916 517133
102800 4998 510390 4920 517610
102900 5003 510883 4927 518117
103000 5011 511398 4939 518602
103100 5015 511827 4941 519173
103200 5023 512245 4943 519755
103300 5024 512694 4947 520306
103400 5027 513190 4952 520810
103500 5030 513670 4956 521330
103600 5035 514171 4959 521829
103700 5041 514601 4962 522399
103800 5043 515062 4964 522938
103900 5044 515593 4971 523407
104000 5044 516064 4974 523936
104100 5047 516572 4978 524428
104200 5050 517107 4980 524893
104300 5053 517609 4983 525391
104400 5054 517998 4987 526002
104500 5057 518517 4987 526483
104600 5058 519001 4994 526999
104700 5063 519496 4997 527504
104800 5065 520038 4999 527962
104900 5066 520550 5002 528450
105000 5070 521055 5006 528945
105100 5071 521615 5010 529385
105200 5073 522188 5014 529812
105300 5075 522665 5018 530335
105400 5076 523118 5022 530882
105500 5085 523656 5026 531344
105600 5087 524230 5031 531770
105700 5092 524661 5037 532339
105800 5097 525068 5037 532932
105900 5101 525557 5046 533443
106000 5106 526042 5052 533958
106100 5112 526577 5053 534423
106200 5114 527191 5057 534809
106300 5116 527805 5062 535195
106400 5119 528374 5066 535626
106500 5123 528920 5070 536080
106600 5128 529455 5074 536545
106700 5130 529936 5078 537064
106800 5132 530440 5081 537560
106900 5133 530994 5083 538006
107000 5135 531506 5085 538494
107100 5136 532041 5088 538959
107200 5142 532516 5090 539484
107300 5149 533033 5097 539967
107400 5151 533494 5099 540506
107500 5154 533909 5101 541091
107600 5159 534455 5106 541545
107700 5161 534911 5110 542089
107800 5166 535350 5117 542650
107900 5174 535817 5127 543183
108000 5175 536300 5128 543700
108100 5178 536749 5130 544251
108200 5181 537317 5134 544683
108300 5183 537841 5138 545159
108400 5189 538346 5144 545654
108500 5190 538872 5149 546128
108600 5196 539372 5151 546628
108700 5199 539815 5160 547185
108800 5203 540349 5166 547651
108900 5207 540782 5173 548218
109000 5213 541233 5175 548767
109100 5216 541733 5177 549267
109200 5217 542241 5180 549759
109300 5221 542884 5188 550116
109400 5225 543356 5192 550644
109500 5227 543869 5196 551131
109600 5231 544380 5205 551620
109700 5236 544891 5205 552109
109800 5244 545376 5214 552624
109900 5246 545803 5215 553197
110000 5251 546224 5220 553776
110100 5255 546670 5230 554330
110200 5256 547178 5233 554822
110300 5258 547523 5234 555477
110400 5264 548022 5240 555978
110500 5274 548555 5246 556445
110600 5281 549035 5252 556965
110700 5285 549500 5258 557500
110800 5291 549920 5267 558080
110900 5300 550365 5270 558635
111000 5303 550810 5279 559190
111100 5306 551282 5283 559718
111200 5311 551720 5285 560280
111300 5313 552294 5290 560706
111400 5314 552776 5292 561224
111500 5321 553175 5293 561825
111600 5323 553598 5296 562402
111700 5328 554144 5298 562856
111800 5337 554605 5305 563395
111900 5340 555040 5314 563960
112000 5343 555521 5315 564479
112100 5348 555966 5319 565034
112200 5357 556500 5323 565500
112300 5364 557002 5328 565998
112400 5372 557521 5336 566479
112500 5377 558097 5341 566903
112600 5386 558682 5352 567318
112700 5388 559178 5354 567822
112800 5389 559669 5358 568331
112900 5391 560250 5362 568750
113000 5395 560742 5369 569258
113100 5400 561210 5373 569790
113200 5406 561691 5383 570309
113300 5411 562256 5384 570744
113400 5418 562779 5391 571221
113500 5424 563287 5394 571713
113600 5426 563810 5397 572190
113700 5429 564419 5401 572581
113800 5434 564965 5401 573035
113900 5444 565451 5408 573549
114000 5447 565894 5411 574106
114100 5452 566377 5413 574623
114200 5458 566893 5414 575107
114300 5461 567370 5418 575630
114400 5472 567868 5428 576132
114500 5476 568322 5432 576678
114600 5482 568766 5439 577234
114700 5486 569237 5441 577763
114800 5487 569621 5445 578379
114900 5493 570034 5452 578966
115000 5498 570443 5456 579557
115100 5500 570964 5459 580036
115200 5507 571406 5464 580594
115300 5512 571911 5466 581089
115400 5518 572491 5468 581509
115500 5521 573068 5471 581932
115600 5524 573638 5476 582362
115700 5530 574154 5491 582846
115800 5537 574650 5497 583350
115900 5542 575106 5502 583894
116000 5542 575541 5503 584459
116100 5544 576064 5511 584936
116200 5546 576527 5511 585473
116300 5552 577009 5515 585991
116400 5553 577500 5520 586500
116500 5559 578002 5522 586998
116600 5567 578567 5527 587433
116700 5568 579087 5532 587913
116800 5571 579521 5537 588479
116900 5573 579993 5538 589007
117000 5580 580515 5546 589485
117100 5588 581076 5551 589924
117200 5593 581642 5556 590358
117300 5603 582156 5559 590844
117400 5608 582494 5568 591506
117500 5610 583045 5576 591955
117600 5617 583554 5580 592446
117700 5622 583991 5582 593009
117800 5627 584413 5586 593587
117900 5635 584790 5591 594210
118000 5641 585273 5598 594727
118100 5649 585716 5600 595284
118200 5651 586213 5603 595787
118300 5659 586772 5609 596228
118400 5659 587308 5612 596692
118500 5663 587844 5616 597156
118600 5672 588351 5623 597649
118700 5677 588883 5629 598117
118800 5681 589425 5634 598575
118900 5688 589841 5643 599159
119000 5694 590328 5649 599672
119100 5703 590792 5652 600208
119200 5704 591307 5654 600693
119300 5709 591824 5658 601176
119400 5716 592237 5662 601763
119500 5722 592727 5668 602273
119600 5726 593272 5672 602728
119700 5732 593791 5677 603209
119800 5738 594276 5680 603724
119900 5739 594840 5683 604160
120000 5744 595331 5688 604669
120100 5747 595796 5692 605204
120200 5752 596231 5696 605769
120300 5756 596645 5704 606355
120400 5758 597147 5710 606853
120500 5763 597666 5714 607334
120600 5765 598087 5719 607913
120700 5771 598461 5719 608539
120800 5773 598920 5722 609080
120900 5777 599223 5729 609777
121000 5780 599717 5735 610283
121100 5783 600203 5738 610797
121200 5785 600736 5741 611264
121300 5787 601199 5741 611801
121400 5791 601712 5742 612288
121500 5792 602131 5746 612869
121600 5797 602615 5751 613385
121700 5799 603169 5754 613831
121800 5803 603657 5758 614343
121900 5808 604157 5760 614843
122000 5815 604636 5772 615364
122100 5816 605178 5774 615822
122200 5822 605672 5777 616328
122300 5828 606171 5778 616829
122400 5833 606688 5783 617312
122500 5839 607261 5786 617739
122600 5844 607789 5797 618211
122700 5844 608304 5801 618696
122800 5845 608750 5803 619250
122900 5851 609270 5808 619730
123000 5855 609733 5812 620267
123100 5858 610203 5816 620797
123200 5860 610755 5818 621245
123300 5864 611178 5819 621822
123400 5871 611620 5828 622380
123500 5874 612121 5830 622879
123600 5877 612593 5831 623407
123700 5882 613128 5838 623872
123800 5889 613653 5845 624347
123900 5894 614155 5850 624845
124000 5903 614699 5856 625301
124100 5908 615137 5861 625863
124200 5913 615540 5864 626460
124300 5916 616029 5874 626971
124400 5919 616511 5877 627489
124500 5927 616966 5883 628034
124600 5937 617498 5890 628502
124700 5943 617948 5898 629052
124800 5947 618407 5900 629593
124900 5948 618925 5903 630075
125000 5948 619477 5906 630523
125100 5951 619892 5909 631108
125200 5954 620310 5909 631690
125300 5959 620786 5911 632214
125400 5966 621211 5914 632789
125500 5969 621669 5915 633331
125600 5977 622208 5918 633792
125700 5982 622714 5923 634286
125800 5985 623305 5928 634695
125900 5992 623835 5932 635165
126000 5996 624262 5937 635738
126100 5999 624780 5939 636220
126200 6003 625341 5941 636659
126300 6005 625884 5946 637116
126400 6014 626443 5954 637557
126500 6018 626992 5962 638008
126600 6023 627530 5965 638470
126700 6026 628055 5970 638945
126800 6026 628539 5972 639461
126900 6029 629068 5974 639932
127000 6032 629482 5979 640518
127100 6034 629904 5985 641096
127200 6036 630490 5990 641510
127300 6040 630962 5995 642038
127400 6042 631442 6000 642558
127500 6045 631935 6006 643065
127600 6049 632324 6010 643676
127700 6056 632816 6018 644184
127800 6057 633358 6024 644642
127900 6059 633929 6027 645071
128000 6060 634498 6031 645502
128100 6063 634995 6033 646005
128200 6065 635539 6038 646461
128300 6065 635976 6041 647024
128400 6068 636594 6043 647406
128500 6071 637245 6051 647755
128600 6075 637703 6056 648297
128700 6080 638230 6061 648770
128800 6089 638772 6067 649228
128900 6095 639263 6071 649737
129000 6097 639776 6072 650224
129100 6102 640297 6073 650703
129200 6103 641009 6079 650991
129300 6112 641547 6081 651453
129400 6114 642056 6085 651944
129500 6115 642538 6087 652462
129600 6125 643116 6094 652884
129700 6129 643657 6098 653343
129800 6131 644179 6106 653821
129900 6136 644634 6109 654366
130000 6143 645207 6117 654793
130100 6154 645842 6121 655158
130200 6163 646344 6122 655656
130300 6169 646789 6125 656211
130400 6175 647319 6128 656681
130500 6181 647790 6129 657210
130600 6187 648301 6136 657699
130700 6197 648803 6144 658197
130800 6202 649323 6150 658677
130900 6205 649787 6151 659213
131000 6207 650315 6151 659685
131100 6213 650780 6156 660220
131200 6220 651270 6162 660730
131300 6228 651804 6165 661196
131400 6234 652258 6169 661742
131500 6236 652794 6176 662206
131600 6240 653309 6185 662691
131700 6245 653833 6189 663167
131800 6246 654357 6192 663643
131900 6248 654858 6193 664142
132000 6248 655434 6196 664566
132100 6252 655938 6199 665062
132200 6257 656514 6202 665486
132300 6260 657066 6205 665934
132400 6264 657523 6208 666477
132500 6267 658110 6213 666890
132600 6271 658658 6217 667342
132700 6275 659190 6225 667810
132800 6277 659807 6228 668193
132900 6285 660357 6231 668643
133000 6289 660855 6235 669145
133100 6292 661326 6242 669674
133200 6294 661706 6246 670294
133300 6303 662108 6251 670892
133400 6309 662650 6254 671350
133500 6311 663149 6255 671851
133600 6314 663623 6257 672377
133700 6316 664106 6261 672894
133800 6322 664611 6265 673389
133900 6325 665182 6272 673818
134000 6330 665742 6280 674258
134100 6333 666343 6283 674657
134200 6340 666890 6293 675110
134300 6345 667348 6294 675652
134400 6347 667807 6300 676193
134500 6352 668243 6304 676757
134600 6356 668712 6307 677288
134700 6362 669173 6312 677827
134800 6368 669654 6316 678346
134900 6369 670073 6323 678927
135000 6374 670732 6327 679268
135100 6374 671233 6329 679767
135200 6377 671582 6330 680418
135300 6382 672105 6333 680895
135400 6387 672694 6340 681306
135500 6392 673225 6345 681775
135600 6395 673766 6347 682234
135700 6397 674271 6357 682729
135800 6399 674722 6362 683278
135900 6402 675227 6367 683773
136000 6407 675737 6369 684263
136100 6412 676244 6373 684756
136200 6416 676699 6379 685301
136300 6422 677204 6379 685796
136400 6424 677658 6385 686342
136500 6428 678134 6390 686866
136600 6435 678573 6393 687427
136700 6437 679070 6396 687930
136800 6441 679509 6402 688491
136900 6444 679971 6414 689029
137000 6445 680481 6420 689519
137100 6446 680973 6425 690027
137200 6448 681556 6427 690444
137300 6452 682063 6429 690937
137400 6455 682550 6437 691450
137500 6459 683057 6443 691943
137600 6462 683593 6446 692407
137700 6468 684151 6448 692849
137800 6472 684626 6453 693374
137900 6478 685141 6459 693859
138000 6483 685677 6470 694323
138100 6488 686288 6478 694712
138200 6490 686718 6480 695282
138300 6493 687330 6483 695670
138400 6502 687824 6489 696176
138500 6508 688249 6491 696751
138600 6510 688730 6496 697270
138700 6515 689207 6500 697793
138800 6524 689700 6504 698300
138900 6525 690203 6505 698797
139000 6529 690739 6509 699261
139100 6532 691202 6518 699798
139200 6534 691662 6523 700338
139300 6536 692142 6526 700858
139400 6539 692643 6533 701357
139500 6544 693050 6539 701950
139600 6546 693556 6540 702444
139700 6550 694010 6547 702990
139800 6557 694497 6554 703503
139900 6563 695029 6557 703971
140000 6569 695542 6558 704458
140100 6583 696033 6561 704967
140200 6589 696531 6564 705469
140300 6594 696981 6569 706019
140400 6599 697537 6572 706463
140500 6607 698140 6577 706860
140600 6611 698568 6585 707432
140700 6612 698929 6590 708071
140800 6614 699344 6592 708656
140900 6617 699871 6594 709129
141000 6623 700400 6598 709600
141100 6630 700896 6601 710104
141200 6632 701392 6605 710608
141300 6632 701901 6608 711099
141400 6634 702457 6609 711543
141500 6637 702984 6614 712016
141600 6638 703554 6618 712446
141700 6640 704037 6620 712963
141800 6643 704521 6622 713479
141900 6646 704975 6629 714025
142000 6649 705495 6637 714505
142100 6655 706037 6642 714963
142200 6662 706634 6648 715366
142300 6663 707037 6652 715963
142400 6667 707610 6654 716390
142500 6674 708233 6662 716767
142600 6681 708795 6671 717205
142700 6682 709326 6674 717674
142800 6684 709843 6676 718157
142900 6689 710383 6678 718617
143000 6696 710951 6682 719049
143100 6703 711463 6688 719537
143200 6707 711987 6695 720013
143300 6712 712532 6702 720468
143400 6716 713040 6705 720960
143500 6720 713596 6706 721404
143600 6726 714188 6710 721812
143700 6726 714761 6711 722239
143800 6731 715264 6716 722736
143900 6741 715720 6720 723280
144000 6747 716113 6726 723887
144100 6750 716499 6731 724501
144200 6752 716941 6733 725059
144300 6753 717351 6741 725649
144400 6753 717858 6743 726142
144500 6757 718474 6749 726526
144600 6763 718953 6754 727047
144700 6768 719502 6754 727498
144800 6774 720077 6760 727923
144900 6781 720613 6766 728387
145000 6782 721242 6774 728758
145100 6785 721902 6776 729098
145200 6789 722397 6780 729603
145300 6796 722906 6786 730094
145400 6801 723361 6787 730639
145500 6807 723837 6790 731163
145600 6811 724368 6794 731632
145700 6821 724994 6801 732006
145800 6825 725486 6806 732514
145900 6828 725936 6808 733064
146000 6832 726462 6815 733538
146100 6838 726995 6823 734005
146200 6841 727594 6829 734406
146300 6849 728011 6835 734989
146400 6852 728533 6839 735467
146500 6856 729005 6846 735995
146600 6857 729541 6849 736459
146700 6859 729997 6852 737003
146800 6862 730478 6853 737522
146900 6867 730914 6855 738086
147000 6872 731306 6857 738694
147100 6876 731769 6861 739231
147200 6877 732314 6864 739686
147300 6881 732832 6867 740168
147400 6882 733279 6868 740721
147500 6886 733896 6871 741104
147600 6888 734447 6872 741553
147700 6895 735018 6874 741982
147800 6901 735535 6882 742465
147900 6906 736010 6887 742990
148000 6911 736550 6892 743450
148100 6913 736974 6895 744026
148200 6920 737493 6901 744507
148300 6925 738065 6906 744935
148400 6928 738654 6910 745346
148500 6930 739156 6913 745844
148600 6939 739660 6922 746340
148700 6944 740236 6924 746764
148800 6947 740713 6929 747287
148900 6950 741238 6932 747762
149000 6953 741698 6936 748302
149100 6960 742199 6942 748801
149200 6965 742681 6943 749319
149300 6969 743198 6948 749802
149400 6974 743622 6952 750378
149500 6975 744221 6956 750779
149600 6978 744545 6962 751455
149700 6981 744916 6969 752084
149800 6985 745241 6970 752759
149900 6986 745807 6975 753193
150000 6988 746234 6978 753766
150100 6988 746806 6982 754194
150200 6994 747304 6986 754696
150300 6997 747857 6989 755143
150400 7000 748356 6991 755644
150500 7003 748925 6993 756075
150600 7005 749437 6995 756563
150700 7008 749945 7000 757055
150800 7012 750412 7002 757588
150900 7013 750884 7003 758116
151000 7016 751360 7009 758640
151100 7023 751791 7011 759209
151200 7029 752201 7012 759799
151300 7035 752741 7017 760259
151400 7038 753281 7024 760719
151500 7041 753667 7028 761333
151600 7043 754137 7034 761863
151700 7044 754680 7035 762320
151800 7047 755168 7036 762832
151900 7052 755588 7040 763412
152000 7055 756114 7045 763886
152100 7059 756660 7051 764340
152200 7066 757187 7058 764813
152300 7068 757711 7060 765289
152400 7074 758206 7064 765794
152500 7077 758757 7071 766243
152600 7081 759276 7074 766724
152700 7088 759791 7080 767209
152800 7092 760262 7084 767738
152900 7096 760845 7094 768155
153000 7100 761320 7096 768680
153100 7104 761943 7098 769057
153200 7107 762412 7101 769588
153300 7110 762914 7105 770086
153400 7112 763472 7108 770528
153500 7120 764039 7112 770961
153600 7127 764594 7113 771406
153700 7129 765091 7115 771909
153800 7134 765456 7122 772544
153900 7138 766065 7127 772935
154000 7141 766588 7130 773412
154100 7146 767116 7137 773884
154200 7152 767660 7140 774340
154300 7155 768070 7140 774930
154400 7156 768511 7142 775489
154500 7160 769005 7146 775995
154600 7164 769513 7150 776487
154700 7167 770105 7154 776895
154800 7175 770636 7159 777364
154900 7179 771137 7160 777863
155000 7186 771652 7161 778348
155100 7193 772170 7168 778830
155200 7198 772687 7173 779313
155300 7203 773155 7175 779845
155400 7206 773637 7178 780363
155500 7209 774152 7182 780848
155600 7211 774655 7193 781345
155700 7212 775163 7197 781837
155800 7214 775589 7198 782411
155900 7218 776031 7204 782969
156000 7223 776510 7207 783490
156100 7229 777059 7213 783941
156200 7230 777543 7213 784457
156300 7235 778081 7222 784919
156400 7236 778584 7224 785416
156500 7238 779067 7225 785933
156600 7241 779583 7227 786417
156700 7247 780160 7235 786840
156800 7257 780716 7237 787284
156900 7262 781207 7241 787793
157000 7265 781692 7243 788308
157100 7268 782150 7246 788850
157200 7274 782627 7249 789373
157300 7275 783039 7252 789961
157400 7277 783595 7255 790405
157500 7279 784088 7256 790912
157600 7284 784557 7262 791443
157700 7286 785180 7264 791820
157800 7295 785670 7274 792330
157900 7300 786183 7276 792817
158000 7300 786608 7276 793392
158100 7303 787131 7277 793869
158200 7308 787717 7281 794283
158300 7314 788228 7285 794772
158400 7318 788642 7289 795358
158500 7323 789101 7291 795899
158600 7327 789679 7293 796321
158700 7330 790357 7298 796643
158800 7334 790888 7299 797112
158900 7338 791522 7302 797478
159000 7351 792071 7309 797929
159100 7363 792562 7315 798438
159200 7366 793148 7317 798852
159300 7369 793722 7325 799278
159400 7373 794256 7331 799744
159500 7379 794848 7332 800152
159600 7380 795321 7335 800679
159700 7389 795821 7340 801179
159800 7393 796233 7344 801767
159900 7397 796612 7348 802388
160000 7400 797077 7350 802923
160100 7402 797564 7353 803436
160200 7403 798066 7357 803934
160300 7405 798594 7359 804406
160400 7409 799079 7360 804921
160500 7413 799548 7368 805452
160600 7414 800120 7372 805880
160700 7415 800645 7376 806355
160800 7416 801243 7382 806757
160900 7420 801873 7386 807127
161000 7425 802349 7390 807651
161100 7431 802815 7390 808185
161200 7433 803412 7398 808588
161300 7434 803885 7399 809115
161400 7438 804436 7401 809564
161500 7445 804959 7405 810041
161600 7448 805441 7411 810559
161700 7452 805956 7417 811044
161800 7454 806505 7419 811495
161900 7458 806947 7425 812053
162000 7460 807449 7428 812551
162100 7462 807845 7432 813155
162200 7464 808331 7437 813669
162300 7465 808830 7440 814170
162400 7469 809362 7444 814638
162500 7472 809825 7446 815175
162600 7474 810414 7454 815586
162700 7478 810856 7457 816144
162800 7481 811340 7461 816660
162900 7484 811891 7466 817109
163000 7485 812282 7472 817718
163100 7489 812809 7474 818191
163200 7492 813255 7476 818745
163300 7496 813749 7479 819251
163400 7499 814200 7484 819800
163500 7503 814681 7490 820319
163600 7507 815212 7495 820788
163700 7509 815719 7501 821281
163800 7515 816259 7501 821741
163900 7518 816738 7507 822262
164000 7524 817315 7512 822685
164100 7528 817802 7516 823198
164200 7530 818354 7517 823646
164300 7533 818802 7521 824198
164400 7535 819296 7526 824704
164500 7536 819703 7528 825297
164600 7539 820222 7529 825778
164700 7542 820670 7534 826330
164800 7544 821138 7537 826862
164900 7546 821656 7541 827344
165000 7547 822271 7543 827729
165100 7549 822834 7550 828166
165200 7552 823319 7551 828681
165300 7560 823765 7563 829235
165400 7563 824286 7567 829714
165500 7565 824798 7573 830202
165600 7570 825240 7582 830760
165700 7575 825732 7589 831268
165800 7580 826255 7591 831745
165900 7582 826692 7596 832308
166000 7592 827171 7603 832829
166100 7594 827670 7605 833330
166200 7598 828149 7606 833851
166300 7605 828594 7610 834406
166400 7607 829019 7615 834981
166500 7611 829458 7624 835542
166600 7615 829941 7629 836059
166700 7621 830379 7636 836621
166800 7629 830899 7639 837101
166900 7629 831326 7640 837674
167000 7634 831830 7644 838170
167100 7637 832308 7649 838692
167200 7640 832772 7652 839228
167300 7640 833218 7661 839782
167400 7642 833754 7664 840246
167500 7646 834262 7669 840738
167600 7654 834695 7677 841305
167700 7661 835148 7681 841852
167800 7671 835669 7686 842331
167900 7677 836150 7693 842850
168000 7678 836578 7698 843422
168100 7681 836938 7704 844062
168200 7683 837433 7715 844567
168300 7688 837862 7720 845138
168400 7690 838381 7726 845619
168500 7696 838899 7729 846101
168600 7704 839380 7734 846620
168700 7706 839870 7740 847130
168800 7709 840418 7740 847582
168900 7712 840954 7745 848046
169000 7714 841453 7750 848547
169100 7722 841977 7755 849023
169200 7725 842475 7760 849525
169300 7726 842788 7764 850212
169400 7732 843250 7770 850750
169500 7733 843696 7774 851304
169600 7735 844178 7776 851822
169700 7737 844655 7780 852345
169800 7744 845100 7785 852900
169900 7747 845598 7787 853402
170000 7748 846055 7796 853945
170100 7750 846427 7803 854573
170200 7754 846906 7808 855094
170300 7759 847436 7813 855564
170400 7762 847929 7815 856071
170500 7763 848375 7820 856625
170600 7766 848905 7827 857095
170700 7769 849420 7829 857580
170800 7772 849960 7832 858040
170900 7774 850469 7836 858531
171000 7779 850960 7839 859040
171100 7783 851536 7841 859464
171200 7788 852141 7844 859859
171300 7797 852679 7852 860321
171400 7800 853200 7853 860800
171500 7803 853748 7855 861252
171600 7804 854194 7860 861806
171700 7811 854684 7863 862316
171800 7815 855156 7865 862844
171900 7821 855648 7869 863352
172000 7828 856202 7872 863798
172100 7828 856649 7873 864351
172200 7831 857111 7877 864889
172300 7837 857568 7881 865432
172400 7840 857976 7885 866024
172500 7842 858497 7890 866503
172600 7848 858954 7893 867046
172700 7850 859421 7896 867579
172800 7852 859911 7901 868089
172900 7854 860356 7905 868644
173000 7856 860756 7909 869244
173100 7857 861279 7914 869721
173200 7861 861809 7919 870191
173300 7868 862301 7925 870699
173400 7872 862705 7929 871295
173500 7878 863150 7930 871850
173600 7880 863682 7934 872318
173700 7886 864113 7938 872887
173800 7889 864600 7940 873400
173900 7892 865053 7945 873947
174000 7903 865694 7947 874306
174100 7910 866128 7954 874872
174200 7914 866588 7958 875412
174300 7915 867071 7960 875929
174400 7919 867555 7964 876445
174500 7926 868006 7967 876994
174600 7928 868538 7970 877462
174700 7935 869162 7971 877838
174800 7942 869634 7973 878366
174900 7946 870140 7973 878860
175000 7950 870612 7980 879388
175100 7954 870991 7984 880009
175200 7957 871472 7988 880528
175300 7958 871928 7991 881072
175400 7963 872472 7996 881528
175500 7970 872969 8002 882031
175600 7979 873428 8009 882572
175700 7985 873937 8011 883063
175800 7990 874444 8015 883556
175900 7999 874933 8018 884067
176000 8007 875383 8020 884617
176100 8013 875880 8023 885120
176200 8015 876316 8029 885684
176300 8022 876728 8034 886272
176400 8026 877213 8036 886787
176500 8031 877666 8041 887334
176600 8033 878202 8043 887798
176700 8037 878736 8047 888264
176800 8040 879206 8049 888794
176900 8046 879532 8052 889468
177000 8056 879968 8057 890032
177100 8062 880585 8061 890415
177200 8063 881100 8063 890900
177300 8068 881696 8071 891304
177400 8073 882179 8076 891821
177500 8075 882602 8081 892398
177600 8076 883084 8084 892916
177700 8081 883529 8086 893471
177800 8084 884019 8089 893981
177900 8090 884406 8093 894594
178000 8094 884937 8101 895063
178100 8098 885439 8109 895561
178200 8099 885866 8111 896134
178300 8102 886305 8112 896695
178400 8106 886810 8117 897190
178500 8112 887371 8122 897629
178600 8116 887907 8126 898093
178700 8119 888403 8130 898597
178800 8124 888988 8134 899012
178900 8128 889507 8139 899493
179000 8137 890014 8145 899986
179100 8141 890400 8147 900600
179200 8146 890907 8153 901093
179300 8150 891507 8158 901493
179400 8159 892019 8168 901981
179500 8166 892545 8178 902455
179600 8173 893078 8183 902922
179700 8179 893614 8185 903386
179800 8184 894128 8190 903872
179900 8189 894526 8192 904474
180000 8191 894918 8198 905082
180100 8194 895306 8202 905694
180200 8195 895773 8205 906227
180300 8197 896257 8208 906743
180400 8202 896755 8210 907245
180500 8205 897302 8216 907698
180600 8210 897906 8221 908094
180700 8213 898440 8227 908560
180800 8220 898901 8231 909099
180900 8229 899305 8238 909695
181000 8232 899761 8241 910239
181100 8236 900178 8241 910822
181200 8238 900624 8245 911376
181300 8246 901079 8252 911921
181400 8249 901616 8256 912384
181500 8254 902209 8260 912791
181600 8257 902556 8264 913444
181700 8264 902954 8268 914046
181800 8270 903563 8277 914437
181900 8275 904055 8282 914945
182000 8279 904595 8284 915405
182100 8284 905113 8287 915887
182200 8289 905623 8289 916377
182300 8292 906111 8293 916889
182400 8296 906666 8298 917334
182500 8304 907209 8309 917791
182600 8310 907648 8311 918352
182700 8312 908167 8315 918833
182800 8318 908675 8318 919325
182900 8323 909136 8321 919864
183000 8327 909733 8324 920267
183100 8331 910137 8330 920863
183200 8332 910593 8337 921407
183300 8341 911126 8342 921874
183400 8347 911621 8345 922379
183500 8352 912132 8350 922868
183600 8355 912563 8352 923437
183700 8359 913091 8356 923909
183800 8363 913515 8366 924485
183900 8369 914049 8369 924951
184000 8374 914432 8370 925568
184100 8385 914935 8377 926065
184200 8390 915388 8379 926612
184300 8396 915881 8381 927119
184400 8399 916346 8386 927654
184500 8404 916873 8390 928127
184600 8411 917386 8396 928614
184700 8416 917770 8404 929230
184800 8422 918400 8408 929600
184900 8426 918928 8412 930072
185000 8433 919467 8419 930533
185100 8442 920058 8426 930942
185200 8447 920624 8429 931376
185300 8451 921178 8434 931822
185400 8454 921656 8436 932344
185500 8457 921982 8443 933018
185600 8462 922407 8446 933593
185700 8468 922889 8450 934111
185800 8471 923294 8451 934706
185900 8473 923908 8452 935092
186000 8477 924249 8454 935751
186100 8479 924769 8454 936231
186200 8480 925196 8459 936804
186300 8481 925734 8460 937266
186400 8484 926412 8465 937588
186500 8488 926824 8470 938176
186600 8493 927317 8475 938683
186700 8499 927778 8479 939222
186800 8502 928192 8481 939808
186900 8506 928573 8483 940427
187000 8513 929031 8490 940969
187100 8516 929496 8493 941504
187200 8521 929927 8496 942073
187300 8526 930312 8498 942688
187400 8529 930737 8499 943263
187500 8533 931185 8504 943815
187600 8538 931655 8505 944345
187700 8541 932164 8507 944836
187800 8542 932763 8508 945237
187900 8544 933350 8513 945650
188000 8548 933833 8517 946167
188100 8556 934344 8522 946656
188200 8559 934784 8526 947216
188300 8566 935241 8530 947759
188400 8569 935737 8535 948263
188500 8572 936259 8540 948741
188600 8575 936733 8543 949267
188700 8577 937139 8544 949861
188800 8581 937519 8547 950481
188900 8587 937930 8555 951070
189000 8592 938397 8562 951603
189100 8596 938867 8564 952133
189200 8598 939313 8565 952687
189300 8600 939778 8568 953222
189400 8604 940248 8572 953752
189500 8607 940714 8577 954286
189600 8614 941208 8583 954792
189700 8618 941658 8585 955342
189800 8619 942121 8586 955879
189900 8623 942602 8590 956398
190000 8631 943016 8594 956984
190100 8633 943488 8601 957512
190200 8638 943898 8608 958102
190300 8643 944484 8608 958516
190400 8644 945057 8610 958943
190500 8648 945574 8613 959426
190600 8651 946068 8616 959932
190700 8654 946598 8619 960402
190800 8658 947202 8622 960798
190900 8667 947748 8629 961252
191000 8671 948409 8632 961591
191100 8675 948868 8641 962132
191200 8679 949481 8644 962519
191300 8684 949961 8650 963039
191400 8690 950516 8656 963484
191500 8697 950922 8665 964078
191600 8702 951245 8667 964755
191700 8706 951753 8673 965247
191800 8715 952278 8680 965722
191900 8727 952755 8685 966245
192000 8730 953251 8687 966749
192100 8732 953747 8693 967253
192200 8739 954363 8700 967637
192300 8746 954820 8705 968180
192400 8751 955368 8711 968632
192500 8754 955887 8719 969113
192600 8760 956417 8725 969583
192700 8764 956954 8734 970046
192800 8765 957515 8734 970485
192900 8765 957952 8739 971048
193000 8767 958410 8743 971590
193100 8768 958920 8748 972080
193200 8769 959507 8750 972493
193300 8776 960116 8755 972884
193400 8781 960695 8761 973305
193500 8789 961145 8766 973855
193600 8795 961673 8771 974327
193700 8800 962203 8774 974797
193800 8803 962805 8777 975195
193900 8809 963356 8782 975644
194000 8811 963804 8788 976196
194100 8815 964351 8793 976649
194200 8820 964902 8798 977098
194300 8823 965338 8798 977662
194400 8827 965858 8799 978142
194500 8836 966324 8802 978676
194600 8844 966845 8813 979155
194700 8848 967369 8819 979631
194800 8849 967844 8824 980156
194900 8854 968382 8829 980618
195000 8865 968984 8837 981016
195100 8866 969501 8844 981499
195200 8866 970057 8848 981943
195300 8872 970695 8851 982305
195400 8874 971158 8856 982842
195500 8876 971657 8864 983343
195600 8877 972195 8866 983805
195700 8885 972789 8871 984211
195800 8896 973349 8876 984651
195900 8899 973829 8878 985171
196000 8902 974335 8879 985665
196100 8909 974709 8883 986291
196200 8917 975168 8884 986832
196300 8918 975597 8887 987403
196400 8921 976135 8890 987865
196500 8929 976689 8893 988311
196600 8930 977205 8895 988795
196700 8931 977718 8896 989282
196800 8935 978055 8900 989945
196900 8944 978420 8906 990580
197000 8946 978893 8909 991107
197100 8947 979355 8912 991645
197200 8951 979823 8914 992177
197300 8953 980352 8917 992648
197400 8958 980792 8922 993208
197500 8965 981326 8929 993674
197600 8967 981858 8933 994142
197700 8971 982403 8937 994597
197800 8974 983022 8942 994978
197900 8977 983553 8947 995447
198000 8984 984095 8950 995905
198100 8987 984657 8952 996343
198200 8999 985264 8956 996736
198300 9001 985735 8958 997265
198400 9005 986200 8961 997800
198500 9007 986701 8967 998299
198600 9010 987168 8969 998832
198700 9013 987594 8976 999406
198800 9022 988015 8985 999985
198900 9024 988534 8988 1000466
199000 9027 989027 8994 1000973
199100 9032 989500 8999 1001500
199200 9038 990098 9006 1001902
199300 9046 990661 9010 1002339
199400 9056 991165 9019 1002835
199500 9063 991509 9026 1003491
199600 9071 992114 9030 1003886
199700 9083 992654 9037 1004346
199800 9090 993230 9038 1004770
199900 9095 993755 9042 1005245
200000 9099 994268 9053 1005732
