#! FIELDS timestep dup_succ dup_attempts kill_succ kill_attempts
#! SET timestep 0.5
#! SET kernel_bandwidth [0.05 0.05]
#! SET kt 1.0
100 14 69 10 31
200 22 108 20 92
300 29 146 28 154
400 37 198 37 202
500 42 251 43 249
600 46 309 48 291
700 51 374 53 326
800 58 430 61 370
900 64 480 71 420
1000 72 550 75 450
1100 75 616 84 484
1200 84 672 88 528
1300 94 730 92 570
1400 105 796 99 604
1500 113 846 105 654
1600 124 914 109 686
1700 128 970 114 730
1800 137 1034 122 766
1900 146 1101 128 799
2000 153 1165 131 835
2100 162 1231 139 869
2200 176 1287 146 913
2300 187 1348 151 952
2400 193 1410 159 990
2500 198 1466 166 1034
2600 207 1513 175 1087
2700 212 1571 180 1129
2800 221 1630 186 1170
2900 230 1695 188 1205
3000 240 1760 195 1240
3100 249 1822 202 1278
3200 256 1889 211 1311
3300 263 1950 213 1350
3400 273 2006 218 1394
3500 277 2073 223 1427
3600 285 2121 231 1479
3700 292 2183 241 1517
3800 297 2237 252 1563
3900 303 2285 256 1615
4000 311 2348 265 1652
4100 314 2401 267 1699
4200 322 2454 274 1746
4300 329 2518 282 1782
4400 340 2576 287 1824
4500 344 2634 289 1866
4600 350 2691 299 1909
4700 354 2761 305 1939
4800 360 2825 308 1975
4900 366 2877 318 2023
5000 377 2932 325 2068
5100 387 2989 332 2111
5200 396 3049 345 2151
5300 403 3107 355 2193
5400 412 3161 361 2239
5500 419 3219 368 2281
5600 429 3283 370 2317
5700 434 3347 376 2353
5800 442 3406 381 2394
5900 450 3461 385 2439
6000 454 3509 393 2491
6100 464 3569 403 2531
6200 470 3623 410 2577
6300 476 3674 416 2626
6400 484 3732 423 2668
6500 494 3800 430 2700
6600 501 3861 436 2739
6700 510 3912 439 2788
6800 519 3976 445 2824
6900 524 4030 454 2870
7000 528 4085 461 2915
7100 533 4142 466 2958
7200 538 4193 472 3007
7300 549 4252 478 3048
7400 556 4311 481 3089
7500 564 4374 485 3126
7600 569 4438 488 3162
7700 573 4495 493 3205
7800 581 4553 500 3247
7900 585 4618 507 3282
8000 597 4671 515 3329
8100 600 4730 521 3370
8200 605 4778 527 3422
8300 611 4832 538 3468
8400 623 4899 545 3501
8500 635 4957 550 3543
8600 643 5012 559 3588
8700 649 5061 566 3639
8800 654 5112 573 3688
8900 663 5166 581 3734
9000 676 5220 587 3780
9100 686 5274 593 3826
9200 691 5333 598 3867
9300 700 5398 603 3902
9400 708 5453 610 3947
9500 715 5515 614 3985
9600 726 5562 627 4038
9700 737 5622 638 4078
9800 749 5686 644 4114
9900 762 5748 649 4152
10000 770 5809 657 4191
10100 778 5867 664 4233
10200 785 5925 674 4275
10300 794 5986 680 4314
10400 801 6043 686 4357
10500 814 6098 695 4402
10600 820 6164 702 4436
10700 827 6215 712 4485
10800 835 6276 714 4524
10900 844 6335 724 4565
11000 854 6395 734 4605
11100 862 6456 740 4644
11200 869 6525 747 4675
11300 883 6585 754 4715
11400 887 6633 765 4767
11500 896 6685 778 4815
11600 901 6740 783 4860
11700 909 6794 792 4906
11800 919 6851 796 4949
11900 928 6910 801 4990
12000 933 6966 809 5034
12100 942 7026 818 5074
12200 953 7086 825 5114
12300 959 7149 833 5151
12400 965 7198 843 5202
12500 974 7256 849 5244
12600 980 7324 857 5276
12700 990 7384 868 5316
12800 999 7448 874 5352
12900 1007 7510 883 5390
13000 1018 7571 888 5429
13100 1025 7618 896 5482
13200 1034 7675 907 5525
13300 1041 7733 911 5567
13400 1046 7791 915 5609
13500 1058 7857 924 5643
13600 1068 7914 931 5686
13700 1083 7975 942 5725
13800 1091 8036 955 5764
13900 1104 8094 965 5806
14000 1112 8162 972 5838
14100 1120 8219 979 5881
14200 1131 8279 986 5921
14300 1143 8338 996 5962
14400 1154 8397 1003 6003
14500 1160 8455 1014 6045
14600 1174 8517 1018 6083
14700 1181 8559 1024 6141
14800 1189 8621 1035 6179
14900 1199 8682 1047 6218
15000 1210 8740 1059 6260
15100 1221 8795 1065 6305
15200 1232 8852 1074 6348
15300 1244 8906 1083 6394
15400 1253 8971 1091 6429
15500 1258 9026 1098 6474
15600 1265 9073 1105 6527
15700 1272 9130 1113 6570
15800 1289 9190 1122 6610
15900 1301 9255 1131 6645
16000 1310 9305 1140 6695
16100 1315 9368 1150 6732
16200 1330 9424 1159 6776
16300 1337 9488 1163 6812
16400 1346 9543 1172 6857
16500 1356 9601 1178 6899
16600 1363 9652 1186 6948
16700 1375 9704 1195 6996
16800 1380 9763 1202 7037
16900 1395 9824 1213 7076
17000 1404 9877 1222 7123
17100 1413 9928 1224 7172
17200 1427 9995 1231 7205
17300 1438 10061 1238 7239
17400 1451 10130 1246 7270
17500 1461 10198 1256 7302
17600 1474 10265 1261 7335
17700 1479 10317 1271 7383
17800 1486 10378 1279 7422
17900 1492 10434 1283 7466
18000 1506 10502 1292 7498
18100 1509 10552 1295 7548
18200 1518 10614 1302 7586
18300 1527 10681 1312 7619
18400 1537 10736 1319 7664
18500 1549 10801 1330 7699
18600 1560 10862 1336 7738
18700 1563 10930 1341 7770
18800 1577 10995 1350 7805
18900 1582 11061 1359 7839
19000 1593 11125 1366 7875
19100 1603 11174 1370 7926
19200 1608 11229 1374 7971
19300 1616 11294 1382 8006
19400 1623 11348 1388 8052
19500 1631 11409 1399 8091
19600 1639 11473 1411 8127
19700 1647 11525 1420 8175
19800 1658 11588 1424 8212
19900 1668 11650 1431 8250
20000 1680 11712 1436 8288
20100 1688 11774 1446 8326
20200 1696 11838 1451 8362
20300 1705 11902 1459 8398
20400 1708 11963 1464 8437
20500 1718 12031 1469 8469
20600 1723 12094 1475 8506
20700 1729 12152 1486 8548
20800 1738 12218 1495 8582
20900 1743 12276 1502 8624
21000 1751 12340 1510 8660
21100 1766 12405 1519 8695
21200 1773 12471 1526 8729
21300 1778 12531 1531 8769
21400 1785 12598 1539 8802
21500 1793 12657 1546 8843
21600 1800 12713 1552 8887
21700 1805 12774 1560 8926
21800 1820 12831 1564 8969
21900 1827 12889 1570 9011
22000 1834 12955 1580 9045
22100 1848 13011 1586 9089
22200 1858 13061 1594 9139
22300 1868 13125 1604 9175
22400 1877 13191 1607 9209
22500 1885 13258 1613 9242
22600 1895 13329 1620 9271
22700 1903 13384 1626 9316
22800 1910 13443 1636 9357
22900 1918 13506 1645 9394
23000 1924 13566 1652 9434
23100 1929 13633 1661 9467
23200 1938 13693 1669 9507
23300 1948 13755 1680 9545
23400 1958 13812 1690 9588
23500 1966 13869 1702 9631
23600 1974 13926 1707 9674
23700 1984 13986 1717 9714
23800 1994 14038 1723 9762
23900 2000 14093 1728 9807
24000 2009 14141 1732 9859
24100 2020 14200 1737 9900
24200 2028 14264 1750 9936
24300 2036 14326 1756 9974
24400 2042 14387 1763 10013
24500 2048 14445 1769 10055
24600 2060 14504 1779 10096
24700 2071 14566 1786 10134
24800 2081 14628 1794 10172
24900 2088 14687 1805 10213
25000 2097 14755 1811 10245
25100 2105 14811 1821 10289
25200 2112 14863 1828 10337
25300 2122 14930 1839 10370
25400 2135 14994 1848 10406
25500 2148 15053 1855 10447
25600 2158 15114 1864 10486
25700 2170 15169 1871 10531
25800 2176 15233 1880 10567
25900 2186 15288 1889 10612
26000 2194 15341 1894 10659
26100 2205 15398 1902 10702
26200 2211 15455 1913 10745
26300 2221 15513 1922 10787
26400 2231 15568 1929 10832
26500 2235 15623 1942 10877
26600 2242 15678 1948 10922
26700 2247 15738 1955 10962
26800 2254 15795 1963 11005
26900 2264 15861 1972 11039
27000 2273 15918 1978 11082
27100 2283 15983 1987 11117
27200 2288 16045 1992 11155
27300 2294 16111 1998 11189
27400 2309 16168 2008 11232
27500 2318 16237 2012 11263
27600 2324 16296 2022 11304
27700 2331 16357 2027 11343
27800 2334 16414 2035 11386
27900 2342 16466 2041 11434
28000 2350 16519 2053 11481
28100 2360 16577 2063 11523
28200 2369 16637 2067 11563
28300 2381 16694 2073 11606
28400 2387 16752 2080 11648
28500 2403 16816 2089 11684
28600 2412 16876 2096 11724
28700 2422 16937 2102 11763
28800 2430 17000 2105 11800
28900 2441 17062 2113 11838
29000 2446 17125 2122 11875
29100 2457 17193 2126 11907
29200 2465 17251 2131 11949
29300 2476 17326 2142 11974
29400 2486 17390 2158 12010
29500 2496 17446 2164 12054
29600 2505 17505 2170 12095
29700 2515 17557 2180 12143
29800 2521 17620 2188 12180
29900 2527 17679 2202 12221
30000 2537 17737 2207 12263
30100 2544 17794 2212 12306
30200 2550 17855 2219 12345
30300 2558 17926 2230 12374
30400 2565 17977 2238 12423
30500 2575 18050 2248 12450
30600 2581 18115 2254 12485
30700 2586 18162 2259 12538
30800 2589 18229 2269 12571
30900 2603 18289 2278 12611
31000 2611 18344 2285 12656
31100 2628 18399 2293 12701
31200 2635 18460 2299 12740
31300 2636 18512 2305 12788
31400 2647 18574 2312 12826
31500 2652 18629 2321 12871
31600 2661 18700 2329 12900
31700 2671 18759 2333 12941
31800 2682 18815 2342 12985
31900 2691 18868 2349 13032
32000 2699 18933 2356 13067
32100 2710 18992 2366 13108
32200 2717 19039 2373 13161
32300 2728 19091 2381 13209
32400 2737 19153 2389 13247
32500 2747 19218 2395 13282
32600 2754 19279 2402 13321
32700 2761 19334 2409 13366
32800 2767 19387 2415 13413
32900 2774 19441 2420 13459
33000 2780 19507 2428 13493
33100 2784 19561 2438 13539
33200 2796 19624 2443 13576
33300 2806 19686 2451 13614
33400 2819 19744 2458 13656
33500 2826 19802 2466 13698
33600 2841 19860 2473 13740
33700 2851 19924 2481 13776
33800 2859 19986 2488 13814
33900 2866 20045 2497 13855
34000 2878 20104 2505 13896
34100 2885 20164 2513 13936
34200 2895 20230 2518 13970
34300 2903 20290 2526 14010
34400 2911 20346 2533 14054
34500 2919 20399 2540 14101
34600 2926 20460 2552 14140
34700 2935 20514 2556 14186
34800 2944 20565 2561 14235
34900 2950 20619 2569 14281
35000 2956 20676 2584 14324
35100 2965 20735 2588 14365
35200 2974 20795 2597 14405
35300 2980 20853 2603 14447
35400 2989 20915 2615 14485
35500 2996 20972 2621 14528
35600 3003 21039 2628 14561
35700 3013 21106 2631 14594
35800 3020 21167 2637 14633
35900 3027 21226 2643 14674
36000 3035 21283 2650 14717
36100 3043 21333 2656 14767
36200 3048 21384 2659 14816
36300 3060 21445 2668 14855
36400 3066 21502 2676 14898
36500 3071 21563 2677 14937
36600 3079 21622 2680 14978
36700 3087 21676 2682 15024
36800 3097 21736 2691 15064
36900 3107 21794 2700 15106
37000 3115 21846 2705 15154
37100 3127 21902 2709 15198
37200 3133 21964 2716 15236
37300 3142 22022 2723 15278
37400 3148 22072 2730 15328
37500 3155 22125 2736 15375
37600 3170 22192 2742 15408
37700 3183 22265 2751 15435
37800 3191 22314 2756 15486
37900 3199 22375 2763 15525
38000 3206 22426 2771 15574
38100 3214 22483 2778 15617
38200 3226 22547 2785 15653
38300 3237 22604 2790 15696
38400 3249 22664 2795 15736
38500 3260 22729 2801 15771
38600 3271 22796 2814 15804
38700 3281 22858 2822 15842
38800 3287 22922 2829 15878
38900 3298 22992 2841 15908
39000 3306 23045 2845 15955
39100 3313 23107 2854 15993
39200 3323 23168 2860 16032
39300 3331 23225 2867 16075
39400 3339 23277 2872 16123
39500 3349 23347 2877 16153
39600 3358 23403 2882 16197
39700 3367 23467 2891 16233
39800 3379 23523 2901 16277
39900 3388 23584 2911 16316
40000 3395 23643 2918 16357
40100 3407 23698 2933 16402
40200 3415 23757 2943 16443
40300 3426 23816 2951 16484
40400 3432 23872 2960 16528
40500 3443 23931 2967 16569
40600 3453 23984 2976 16616
40700 3458 24035 2983 16665
40800 3468 24103 2990 16697
40900 3476 24172 2997 16728
41000 3483 24236 3006 16764
41100 3488 24299 3013 16801
41200 3491 24352 3017 16848
41300 3499 24419 3021 16881
41400 3505 24482 3026 16918
41500 3515 24542 3037 16958
41600 3524 24594 3042 17006
41700 3540 24657 3053 17043
41800 3554 24722 3063 17078
41900 3558 24779 3072 17121
42000 3569 24835 3081 17165
42100 3576 24898 3085 17202
42200 3587 24963 3095 17237
42300 3600 25028 3100 17272
42400 3605 25094 3108 17306
42500 3609 25152 3119 17348
42600 3617 25219 3127 17381
42700 3626 25292 3135 17408
42800 3635 25352 3140 17448
42900 3644 25414 3146 17486
43000 3655 25471 3157 17529
43100 3660 25533 3165 17567
43200 3669 25594 3171 17606
43300 3678 25649 3178 17651
43400 3688 25706 3188 17694
43500 3698 25768 3200 17732
43600 3704 25824 3215 17776
43700 3710 25885 3225 17815
43800 3721 25953 3234 17847
43900 3728 26007 3241 17893
44000 3739 26067 3246 17933
44100 3750 26119 3257 17981
44200 3763 26192 3265 18008
44300 3771 26256 3274 18044
44400 3779 26316 3285 18084
44500 3786 26374 3295 18126
44600 3794 26433 3305 18167
44700 3797 26490 3311 18210
44800 3808 26545 3323 18255
44900 3817 26599 3336 18301
45000 3821 26667 3343 18333
45100 3830 26725 3350 18375
45200 3838 26775 3356 18425
45300 3845 26836 3366 18464
45400 3853 26886 3371 18514
45500 3861 26942 3379 18558
45600 3870 26996 3390 18604
45700 3880 27058 3399 18642
45800 3886 27110 3403 18690
45900 3893 27162 3411 18738
46000 3898 27222 3418 18778
46100 3910 27278 3427 18822
46200 3918 27328 3434 18872
46300 3933 27394 3440 18906
46400 3942 27455 3444 18945
46500 3950 27508 3449 18992
46600 3959 27566 3455 19034
46700 3970 27624 3463 19076
46800 3974 27677 3473 19123
46900 3981 27734 3480 19166
47000 3986 27792 3488 19208
47100 3992 27850 3491 19250
47200 4002 27910 3500 19290
47300 4014 27966 3511 19334
47400 4023 28020 3515 19380
47500 4034 28074 3522 19426
47600 4044 28132 3535 19468
47700 4052 28194 3541 19506
47800 4061 28246 3552 19554
47900 4072 28304 3560 19596
48000 4082 28353 3569 19647
48100 4088 28410 3571 19690
48200 4094 28464 3580 19736
48300 4111 28524 3590 19776
48400 4118 28584 3596 19816
48500 4124 28645 3607 19855
48600 4135 28701 3619 19899
48700 4144 28772 3626 19928
48800 4155 28845 3633 19955
48900 4165 28906 3637 19994
49000 4175 28963 3646 20037
49100 4187 29027 3655 20073
49200 4198 29083 3663 20117
49300 4205 29137 3670 20163
49400 4221 29200 3680 20200
49500 4230 29257 3688 20243
49600 4238 29317 3698 20283
49700 4246 29364 3706 20336
49800 4251 29422 3711 20378
49900 4261 29482 3720 20418
50000 4273 29540 3730 20460
50100 4281 29601 3740 20499
50200 4291 29662 3743 20538
50300 4308 29723 3748 20577
50400 4315 29787 3758 20613
50500 4326 29849 3768 20651
50600 4333 29906 3771 20694
50700 4339 29958 3782 20742
50800 4349 30017 3792 20783
50900 4355 30072 3802 20828
51000 4369 30127 3810 20873
51100 4378 30185 3816 20915
51200 4389 30239 3821 20961
51300 4403 30297 3827 21003
51400 4407 30353 3835 21047
51500 4416 30407 3841 21093
51600 4428 30475 3853 21125
51700 4442 30530 3857 21170
51800 4448 30584 3863 21216
51900 4458 30639 3873 21261
52000 4465 30694 3882 21306
52100 4471 30751 3885 21349
52200 4482 30812 3894 21388
52300 4493 30867 3902 21433
52400 4501 30923 3912 21477
52500 4507 30990 3918 21510
52600 4520 31047 3922 21553
52700 4528 31104 3926 21596
52800 4534 31166 3934 21634
52900 4541 31228 3940 21672
53000 4549 31283 3945 21717
53100 4561 31342 3951 21758
53200 4575 31397 3962 21803
53300 4584 31453 3971 21847
53400 4597 31509 3983 21891
53500 4608 31567 3988 21933
53600 4618 31629 3995 21971
53700 4632 31680 4003 22020
53800 4646 31751 4014 22049
53900 4656 31815 4023 22085
54000 4663 31879 4028 22121
54100 4669 31943 4033 22157
54200 4677 32002 4043 22198
54300 4686 32070 4049 22230
54400 4693 32131 4057 22269
54500 4699 32193 4063 22307
54600 4709 32247 4073 22353
54700 4719 32313 4075 22387
54800 4729 32375 4081 22425
54900 4740 32433 4093 22467
55000 4749 32493 4097 22507
55100 4760 32547 4104 22553
55200 4768 32606 4113 22594
55300 4774 32658 4123 22642
55400 4778 32715 4129 22685
55500 4789 32779 4136 22721
55600 4800 32835 4143 22765
55700 4814 32897 4148 22803
55800 4828 32966 4155 22834
55900 4834 33020 4156 22880
56000 4839 33081 4164 22919
56100 4849 33138 4169 22962
56200 4857 33204 4176 22996
56300 4872 33263 4183 23037
56400 4880 33321 4189 23079
56500 4892 33390 4199 23110
56600 4902 33454 4207 23146
56700 4907 33515 4213 23185
56800 4914 33568 4218 23232
56900 4920 33625 4222 23275
57000 4931 33688 4230 23312
57100 4938 33740 4238 23360
57200 4950 33793 4244 23407
57300 4964 33858 4251 23442
57400 4972 33908 4262 23492
57500 4983 33967 4265 23533
57600 4989 34017 4274 23583
57700 5003 34086 4282 23614
57800 5010 34137 4292 23663
57900 5015 34195 4299 23705
58000 5023 34254 4306 23746
58100 5033 34308 4309 23792
58200 5043 34364 4320 23836
58300 5050 34422 4330 23878
58400 5064 34487 4338 23913
58500 5071 34547 4345 23953
58600 5076 34608 4353 23992
58700 5088 34666 4359 24034
58800 5094 34719 4369 24081
58900 5102 34774 4379 24126
59000 5115 34829 4386 24171
59100 5121 34880 4393 24220
59200 5130 34941 4398 24259
59300 5139 34987 4407 24313
59400 5144 35052 4414 24348
59500 5151 35111 4423 24389
59600 5159 35170 4428 24430
59700 5167 35234 4439 24466
59800 5182 35288 4447 24512
59900 5188 35342 4455 24558
60000 5197 35413 4459 24587
60100 5202 35471 4473 24629
60200 5208 35527 4478 24673
60300 5213 35586 4488 24714
60400 5219 35649 4495 24751
60500 5227 35715 4503 24785
60600 5235 35775 4511 24825
60700 5246 35834 4519 24866
60800 5252 35895 4526 24905
60900 5262 35959 4540 24941
61000 5266 36018 4546 24982
61100 5275 36071 4555 25029
61200 5281 36136 4566 25064
61300 5289 36203 4575 25097
61400 5296 36265 4582 25135
61500 5308 36326 4588 25174
61600 5316 36396 4597 25204
61700 5323 36462 4603 25238
61800 5335 36518 4612 25282
61900 5341 36585 4618 25315
62000 5348 36644 4623 25356
62100 5354 36701 4629 25399
62200 5357 36753 4638 25447
62300 5362 36816 4646 25484
62400 5375 36874 4654 25526
62500 5383 36928 4659 25572
62600 5390 36983 4664 25617
62700 5400 37044 4670 25656
62800 5407 37097 4681 25703
62900 5414 37148 4689 25752
63000 5424 37219 4694 25781
63100 5433 37270 4697 25830
63200 5441 37334 4705 25866
63300 5450 37396 4713 25904
63400 5457 37453 4718 25947
63500 5467 37510 4727 25990
63600 5474 37573 4731 26027
63700 5480 37631 4744 26069
63800 5487 37693 4752 26107
63900 5495 37765 4758 26135
64000 5503 37827 4764 26173
64100 5511 37881 4766 26219
64200 5524 37942 4772 26258
64300 5530 38010 4782 26290
64400 5535 38058 4791 26342
64500 5548 38118 4800 26382
64600 5558 38174 4811 26426
64700 5572 38241 4823 26459
64800 5584 38309 4827 26491
64900 5594 38376 4831 26524
65000 5605 38438 4838 26562
65100 5618 38497 4843 26603
65200 5627 38559 4853 26641
65300 5632 38616 4856 26684
65400 5644 38675 4862 26725
65500 5655 38729 4872 26771
65600 5665 38790 4880 26810
65700 5671 38850 4892 26850
65800 5678 38916 4899 26884
65900 5688 38984 4905 26916
66000 5696 39047 4914 26953
66100 5703 39096 4924 27004
66200 5714 39168 4932 27032
66300 5720 39227 4941 27073
66400 5724 39277 4951 27123
66500 5731 39330 4958 27170
66600 5741 39397 4967 27203
66700 5750 39445 4974 27255
66800 5758 39514 4980 27286
66900 5762 39581 4988 27319
67000 5773 39645 4993 27355
67100 5781 39706 5000 27394
67200 5787 39775 5004 27425
67300 5797 39831 5015 27469
67400 5805 39886 5024 27514
67500 5814 39945 5034 27555
67600 5824 40000 5042 27600
67700 5834 40057 5052 27643
67800 5842 40123 5061 27677
67900 5852 40181 5068 27719
68000 5858 40233 5078 27767
68100 5870 40293 5085 27807
68200 5876 40354 5091 27846
68300 5885 40415 5101 27885
68400 5894 40477 5108 27923
68500 5900 40543 5116 27957
68600 5908 40599 5125 28001
68700 5915 40658 5133 28042
68800 5926 40706 5138 28094
68900 5930 40772 5147 28128
69000 5941 40828 5152 28172
69100 5954 40885 5162 28215
69200 5961 40946 5167 28254
69300 5977 41006 5178 28294
69400 5988 41074 5186 28326
69500 5996 41137 5190 28363
69600 6006 41186 5195 28414
69700 6014 41247 5203 28453
69800 6020 41303 5210 28497
69900 6030 41369 5220 28531
70000 6037 41430 5230 28570
70100 6043 41493 5237 28607
70200 6052 41552 5245 28648
70300 6065 41607 5254 28693
70400 6073 41665 5258 28735
70500 6084 41738 5264 28762
70600 6093 41796 5270 28804
70700 6098 41847 5276 28853
70800 6105 41911 5282 28889
70900 6120 41971 5292 28929
71000 6122 42031 5295 28969
71100 6135 42091 5305 29009
71200 6144 42154 5314 29046
71300 6151 42203 5327 29097
71400 6164 42265 5333 29135
71500 6175 42323 5340 29177
71600 6186 42385 5346 29215
71700 6196 42449 5356 29251
71800 6205 42501 5362 29299
71900 6210 42553 5367 29347
72000 6221 42622 5375 29378
72100 6232 42689 5383 29411
72200 6241 42752 5392 29448
72300 6250 42810 5397 29490
72400 6254 42877 5405 29523
72500 6261 42942 5412 29558
72600 6271 42998 5421 29602
72700 6277 43057 5427 29643
72800 6286 43111 5433 29689
72900 6298 43168 5441 29732
73000 6307 43227 5448 29773
73100 6316 43281 5456 29819
73200 6322 43339 5466 29861
73300 6328 43392 5476 29908
73400 6335 43448 5482 29952
73500 6347 43516 5488 29984
73600 6358 43582 5492 30018
73700 6369 43649 5501 30051
73800 6377 43705 5507 30095
73900 6383 43759 5517 30141
74000 6395 43815 5522 30185
74100 6406 43869 5529 30231
74200 6416 43934 5538 30266
74300 6425 43999 5545 30301
74400 6431 44053 5550 30347
74500 6438 44110 5561 30390
74600 6441 44169 5563 30431
74700 6455 44228 5575 30472
74800 6464 44292 5583 30508
74900 6475 44353 5590 30547
75000 6484 44412 5595 30588
75100 6488 44468 5597 30632
75200 6501 44527 5605 30673
75300 6512 44589 5611 30711
75400 6519 44648 5617 30752
75500 6528 44699 5622 30801
75600 6531 44757 5637 30843
75700 6543 44812 5646 30888
75800 6550 44877 5654 30923
75900 6559 44936 5663 30964
76000 6567 44994 5669 31006
76100 6577 45039 5682 31061
76200 6582 45094 5690 31106
76300 6593 45156 5698 31144
76400 6604 45219 5705 31181
76500 6616 45282 5712 31218
76600 6622 45342 5722 31258
76700 6628 45399 5729 31301
76800 6635 45456 5737 31344
76900 6642 45512 5742 31388
77000 6649 45570 5748 31430
77100 6657 45636 5756 31464
77200 6664 45693 5767 31507
77300 6675 45751 5777 31549
77400 6681 45807 5785 31593
77500 6694 45871 5795 31629
77600 6700 45927 5803 31673
77700 6711 45991 5816 31709
77800 6723 46061 5827 31739
77900 6730 46129 5836 31771
78000 6738 46188 5841 31812
78100 6744 46231 5846 31869
78200 6754 46293 5852 31907
78300 6764 46356 5860 31944
78400 6771 46402 5867 31998
78500 6782 46465 5882 32035
78600 6792 46530 5891 32070
78700 6800 46590 5895 32110
78800 6806 46652 5903 32148
78900 6814 46712 5911 32188
79000 6822 46759 5919 32241
79100 6828 46811 5928 32289
79200 6832 46868 5930 32332
79300 6839 46931 5934 32369
79400 6848 46990 5939 32410
79500 6861 47052 5947 32448
79600 6867 47108 5954 32492
79700 6874 47175 5963 32525
79800 6881 47233 5969 32567
79900 6890 47303 5977 32597
80000 6900 47363 5982 32637
80100 6905 47417 5992 32683
80200 6911 47473 5999 32727
80300 6922 47532 6002 32768
80400 6931 47593 6010 32807
80500 6949 47648 6019 32852
80600 6955 47705 6026 32895
80700 6964 47761 6040 32939
80800 6975 47818 6050 32982
80900 6984 47876 6054 33024
81000 6994 47943 6058 33057
81100 7004 48004 6062 33096
81200 7008 48074 6065 33126
81300 7015 48130 6072 33170
81400 7020 48192 6080 33208
81500 7029 48249 6090 33251
81600 7037 48309 6101 33291
81700 7047 48365 6108 33335
81800 7058 48426 6117 33374
81900 7070 48483 6124 33417
82000 7078 48539 6132 33461
82100 7086 48604 6137 33496
82200 7097 48667 6145 33533
82300 7109 48722 6156 33578
82400 7117 48779 6164 33621
82500 7128 48837 6172 33663
82600 7135 48894 6184 33706
82700 7143 48953 6190 33747
82800 7154 49010 6198 33790
82900 7168 49076 6205 33824
83000 7174 49135 6213 33865
83100 7179 49198 6222 33902
83200 7186 49256 6232 33944
83300 7196 49310 6237 33990
83400 7205 49367 6248 34033
83500 7215 49428 6255 34072
83600 7223 49488 6262 34112
83700 7231 49555 6267 34145
83800 7239 49610 6275 34190
83900 7249 49664 6276 34236
84000 7258 49726 6285 34274
84100 7266 49784 6299 34316
84200 7278 49848 6304 34352
84300 7286 49914 6306 34386
84400 7294 49972 6314 34428
84500 7304 50030 6321 34470
84600 7314 50087 6332 34513
84700 7324 50152 6342 34548
84800 7333 50211 6347 34589
84900 7340 50269 6355 34631
85000 7344 50329 6365 34671
85100 7355 50393 6374 34707
85200 7367 50453 6387 34747
85300 7376 50511 6388 34789
85400 7383 50570 6397 34830
85500 7387 50631 6404 34869
85600 7389 50680 6408 34920
85700 7397 50735 6417 34965
85800 7408 50798 6425 35002
85900 7416 50855 6431 35045
86000 7422 50913 6439 35087
86100 7432 50980 6447 35120
86200 7440 51039 6455 35161
86300 7443 51097 6461 35203
86400 7451 51155 6465 35245
86500 7458 51215 6472 35285
86600 7466 51266 6481 35334
86700 7469 51323 6487 35377
86800 7479 51387 6494 35413
86900 7488 51446 6500 35454
87000 7494 51498 6507 35502
87100 7503 51560 6515 35540
87200 7511 51628 6518 35572
87300 7521 51690 6524 35610
87400 7528 51748 6528 35652
87500 7533 51805 6536 35695
87600 7541 51860 6542 35740
87700 7550 51910 6548 35790
87800 7560 51969 6555 35831
87900 7569 52037 6566 35863
88000 7576 52087 6568 35913
88100 7586 52148 6571 35952
88200 7593 52210 6579 35990
88300 7602 52276 6586 36024
88400 7615 52337 6596 36063
88500 7623 52400 6607 36100
88600 7634 52458 6616 36142
88700 7642 52521 6626 36179
88800 7650 52571 6631 36229
88900 7659 52631 6638 36269
89000 7668 52697 6647 36303
89100 7676 52748 6653 36352
89200 7680 52800 6661 36400
89300 7685 52869 6667 36431
89400 7693 52921 6676 36479
89500 7699 52979 6682 36521
89600 7704 53031 6688 36569
89700 7711 53097 6695 36603
89800 7723 53165 6707 36635
89900 7736 53224 6713 36676
90000 7743 53288 6722 36712
90100 7757 53352 6726 36748
90200 7763 53407 6733 36793
90300 7775 53465 6743 36835
90400 7782 53519 6748 36881
90500 7788 53580 6758 36920
90600 7795 53646 6766 36954
90700 7804 53707 6777 36993
90800 7810 53762 6784 37038
90900 7816 53832 6791 37068
91000 7823 53883 6795 37117
91100 7832 53955 6803 37145
91200 7837 53999 6807 37201
91300 7842 54051 6816 37249
91400 7852 54101 6824 37299
91500 7859 54157 6829 37343
91600 7868 54221 6835 37379
91700 7882 54275 6839 37425
91800 7887 54326 6848 37474
91900 7891 54384 6853 37516
92000 7899 54453 6861 37547
92100 7908 54513 6866 37587
92200 7917 54568 6872 37632
92300 7930 54637 6879 37663
92400 7942 54704 6888 37696
92500 7945 54754 6892 37746
92600 7953 54817 6907 37783
92700 7965 54877 6914 37823
92800 7972 54932 6922 37868
92900 7983 55002 6927 37898
93000 7996 55066 6934 37934
93100 8007 55123 6944 37977
93200 8011 55184 6951 38016
93300 8017 55254 6957 38046
93400 8027 55317 6967 38083
93500 8034 55374 6977 38126
93600 8043 55437 6983 38163
93700 8052 55493 6993 38207
93800 8058 55555 6995 38245
93900 8065 55612 7005 38288
94000 8076 55683 7012 38317
94100 8085 55747 7021 38353
94200 8090 55804 7030 38396
94300 8097 55862 7040 38438
94400 8103 55918 7053 38482
94500 8115 55977 7061 38523
94600 8125 56033 7066 38567
94700 8136 56091 7070 38609
94800 8146 56157 7074 38643
94900 8155 56224 7081 38676
95000 8172 56291 7093 38709
95100 8183 56347 7101 38753
95200 8192 56400 7107 38800
95300 8203 56466 7116 38834
95400 8214 56520 7124 38880
95500 8218 56575 7126 38925
95600 8227 56632 7127 38968
95700 8235 56691 7134 39009
95800 8241 56743 7147 39057
95900 8251 56797 7153 39103
96000 8261 56855 7160 39145
96100 8269 56924 7168 39176
96200 8280 56987 7171 39213
96300 8291 57042 7178 39258
96400 8298 57105 7184 39295
96500 8307 57159 7190 39341
96600 8319 57221 7196 39379
96700 8325 57285 7202 39415
96800 8331 57344 7206 39456
96900 8336 57408 7214 39492
97000 8344 57461 7220 39539
97100 8353 57523 7226 39577
97200 8364 57578 7233 39622
97300 8374 57644 7240 39656
97400 8386 57705 7247 39695
97500 8397 57761 7255 39739
97600 8409 57820 7262 39780
97700 8418 57880 7270 39820
97800 8421 57936 7274 39864
97900 8433 57997 7281 39903
98000 8438 58052 7287 39948
98100 8445 58109 7291 39991
98200 8456 58170 7302 40030
98300 8466 58227 7310 40073
98400 8471 58281 7319 40119
98500 8481 58343 7328 40157
98600 8486 58410 7334 40190
98700 8504 58469 7339 40231
98800 8515 58524 7346 40276
98900 8523 58574 7355 40326
99000 8537 58639 7362 40361
99100 8543 58704 7375 40396
99200 8557 58771 7378 40429
99300 8564 58830 7382 40470
99400 8576 58895 7391 40505
99500 8582 58956 7398 40544
99600 8596 59013 7408 40587
99700 8605 59068 7416 40632
99800 8616 59126 7421 40674
99900 8625 59188 7424 40712
100000 8636 59248 7430 40752
100100 8650 59302 7443 40798
100200 8657 59358 7450 40842
100300 8665 59423 7463 40877
100400 8676 59487 7471 40913
100500 8685 59550 7482 40950
100600 8691 59609 7487 40991
100700 8698 59672 7491 41028
100800 8708 59728 7498 41072
100900 8717 59790 7509 41110
101000 8723 59846 7517 41154
101100 8731 59906 7521 41194
101200 8738 59964 7526 41236
101300 8747 60025 7540 41275
101400 8757 60077 7548 41323
101500 8763 60127 7553 41373
101600 8771 60198 7561 41402
101700 8785 60261 7568 41439
101800 8793 60324 7576 41476
101900 8802 60386 7583 41514
102000 8807 60444 7589 41556
102100 8811 60497 7596 41603
102200 8818 60557 7602 41643
102300 8821 60600 7608 41700
102400 8828 60656 7611 41744
102500 8836 60716 7617 41784
102600 8846 60776 7621 41824
102700 8855 60843 7628 41857
102800 8868 60904 7636 41896
102900 8877 60969 7645 41931
103000 8884 61024 7649 41976
103100 8888 61072 7656 42028
103200 8897 61141 7663 42059
103300 8902 61202 7673 42098
103400 8910 61255 7679 42145
103500 8917 61314 7689 42186
103600 8928 61363 7696 42237
103700 8940 61427 7704 42273
103800 8947 61482 7711 42318
103900 8956 61546 7720 42354
104000 8963 61607 7730 42393
104100 8971 61659 7734 42441
104200 8986 61727 7743 42473
104300 8999 61790 7746 42510
104400 9012 61851 7753 42549
104500 9027 61918 7760 42582
104600 9035 61974 7769 42626
104700 9041 62040 7779 42660
104800 9053 62105 7785 42695
104900 9060 62163 7799 42737
105000 9070 62220 7812 42780
105100 9074 62276 7819 42824
105200 9082 62335 7827 42865
105300 9092 62392 7831 42908
105400 9100 62462 7838 42938
105500 9114 62536 7849 42964
105600 9126 62599 7863 43001
105700 9135 62661 7874 43039
105800 9140 62722 7880 43078
105900 9148 62785 7889 43115
106000 9157 62836 7895 43164
106100 9163 62897 7902 43203
106200 9179 62955 7912 43245
106300 9188 63014 7921 43286
106400 9195 63068 7932 43332
106500 9207 63125 7939 43375
106600 9219 63179 7947 43421
106700 9227 63231 7952 43469
106800 9235 63297 7964 43503
106900 9245 63368 7970 43532
107000 9250 63427 7979 43573
107100 9257 63483 7985 43617
107200 9268 63529 7989 43671
107300 9280 63580 7998 43720
107400 9283 63636 8006 43764
107500 9293 63697 8013 43803
107600 9298 63766 8020 43834
107700 9312 63825 8026 43875
107800 9321 63880 8032 43920
107900 9331 63939 8041 43961
108000 9342 64001 8048 43999
108100 9352 64055 8053 44045
108200 9361 64109 8059 44091
108300 9366 64168 8065 44132
108400 9376 64228 8071 44172
108500 9382 64285 8075 44215
108600 9391 64351 8079 44249
108700 9397 64399 8082 44301
108800 9405 64458 8090 44342
108900 9416 64517 8104 44383
109000 9422 64560 8111 44440
109100 9428 64621 8122 44479
109200 9436 64669 8130 44531
109300 9446 64729 8136 44571
109400 9457 64797 8144 44603
109500 9466 64858 8155 44642
109600 9477 64915 8160 44685
109700 9487 64980 8172 44720
109800 9495 65037 8181 44763
109900 9502 65090 8183 44810
110000 9512 65144 8190 44856
110100 9521 65209 8197 44891
110200 9526 65273 8201 44927
110300 9534 65320 8212 44980
110400 9545 65379 8221 45021
110500 9556 65452 8228 45048
110600 9567 65504 8237 45096
110700 9575 65565 8247 45135
110800 9584 65624 8254 45176
110900 9593 65668 8263 45232
111000 9601 65729 8270 45271
111100 9610 65788 8278 45312
111200 9615 65839 8280 45361
111300 9621 65889 8290 45411
111400 9629 65943 8299 45457
111500 9641 66005 8307 45495
111600 9651 66055 8315 45545
111700 9662 66127 8327 45573
111800 9670 66189 8335 45611
111900 9682 66247 8341 45653
112000 9691 66306 8351 45694
112100 9705 66376 8363 45724
112200 9715 66434 8369 45766
112300 9718 66492 8378 45808
112400 9729 66547 8389 45853
112500 9734 66601 8397 45899
112600 9743 66663 8407 45937
112700 9748 66719 8417 45981
112800 9753 66780 8426 46020
112900 9768 66841 8434 46059
113000 9780 66906 8445 46094
113100 9786 66962 8453 46138
113200 9797 67021 8456 46179
113300 9811 67083 8465 46217
113400 9821 67156 8475 46244
113500 9829 67210 8487 46290
113600 9835 67267 8494 46333
113700 9845 67325 8499 46375
113800 9855 67382 8507 46418
113900 9863 67438 8514 46462
114000 9874 67488 8524 46512
114100 9885 67540 8529 46560
114200 9891 67596 8536 46604
114300 9899 67645 8546 46655
114400 9905 67698 8552 46702
114500 9912 67756 8562 46744
114600 9925 67819 8569 46781
114700 9933 67880 8576 46820
114800 9940 67938 8583 46862
114900 9949 68004 8592 46896
115000 9956 68064 8598 46936
115100 9966 68126 8604 46974
115200 9970 68182 8613 47018
115300 9977 68243 8619 47057
115400 9982 68297 8626 47103
115500 9993 68364 8639 47136
115600 10003 68422 8644 47178
115700 10011 68479 8648 47221
115800 10023 68546 8652 47254
115900 10031 68598 8661 47302
116000 10042 68659 8672 47341
116100 10051 68719 8681 47381
116200 10060 68773 8687 47427
116300 10065 68841 8695 47459
116400 10072 68901 8704 47499
116500 10080 68955 8714 47545
116600 10083 69009 8721 47591
116700 10091 69067 8728 47633
116800 10099 69123 8735 47677
116900 10108 69185 8744 47715
117000 10112 69260 8750 47740
117100 10120 69324 8758 47776
117200 10130 69387 8765 47813
117300 10136 69438 8773 47862
117400 10141 69492 8784 47908
117500 10151 69547 8793 47953
117600 10161 69596 8801 48004
117700 10164 69650 8809 48050
117800 10173 69708 8816 48092
117900 10184 69761 8828 48139
118000 10194 69818 8840 48182
118100 10204 69877 8845 48223
118200 10207 69937 8850 48263
118300 10214 69994 8860 48306
118400 10224 70054 8868 48346
118500 10232 70116 8876 48384
118600 10241 70176 8882 48424
118700 10249 70236 8890 48464
118800 10261 70297 8898 48503
118900 10268 70349 8907 48551
119000 10273 70410 8911 48590
119100 10286 70478 8918 48622
119200 10292 70543 8922 48657
119300 10300 70603 8928 48697
119400 10303 70658 8936 48742
119500 10310 70712 8943 48788
119600 10319 70783 8951 48817
119700 10329 70844 8960 48856
119800 10338 70896 8970 48904
119900 10347 70946 8976 48954
120000 10361 71001 8983 48999
120100 10368 71056 8987 49044
120200 10382 71112 8993 49088
120300 10392 71171 9001 49129
120400 10402 71227 9008 49173
120500 10410 71282 9014 49218
120600 10422 71332 9021 49268
120700 10433 71405 9030 49295
120800 10443 71462 9041 49338
120900 10446 71519 9046 49381
121000 10451 71574 9058 49426
121100 10464 71637 9064 49463
121200 10471 71696 9071 49504
121300 10479 71764 9080 49536
121400 10490 71822 9085 49578
121500 10498 71882 9094 49618
121600 10505 71937 9102 49663
121700 10517 71999 9107 49701
121800 10523 72063 9114 49737
121900 10527 72118 9120 49782
122000 10537 72184 9128 49816
122100 10544 72247 9135 49853
122200 10550 72299 9145 49901
122300 10556 72365 9151 49935
122400 10563 72428 9161 49972
122500 10574 72494 9166 50006
122600 10583 72552 9177 50048
122700 10595 72613 9181 50087
122800 10605 72671 9190 50129
122900 10610 72727 9201 50173
123000 10619 72779 9205 50221
123100 10625 72836 9210 50264
123200 10635 72897 9218 50303
123300 10645 72951 9225 50349
123400 10653 73016 9233 50384
123500 10661 73085 9243 50415
123600 10671 73139 9255 50461
123700 10681 73201 9266 50499
123800 10689 73259 9273 50541
123900 10697 73314 9279 50586
124000 10702 73370 9287 50630
124100 10712 73432 9295 50668
124200 10718 73478 9302 50722
124300 10726 73532 9315 50768
124400 10733 73589 9325 50811
124500 10739 73648 9333 50852
124600 10748 73700 9341 50900
124700 10754 73760 9348 50940
124800 10762 73816 9359 50984
124900 10768 73872 9364 51028
125000 10778 73938 9369 51062
125100 10788 74002 9377 51098
125200 10795 74064 9384 51136
125300 10802 74124 9391 51176
125400 10820 74194 9402 51206
125500 10833 74252 9408 51248
125600 10839 74305 9416 51295
125700 10847 74363 9418 51337
125800 10857 74428 9425 51372
125900 10865 74484 9433 51416
126000 10875 74542 9441 51458
126100 10879 74601 9449 51499
126200 10883 74655 9454 51545
126300 10891 74716 9460 51584
126400 10899 74773 9469 51627
126500 10907 74831 9478 51669
126600 10913 74890 9485 51710
126700 10923 74954 9491 51746
126800 10936 75012 9500 51788
126900 10946 75066 9510 51834
127000 10956 75131 9515 51869
127100 10965 75193 9523 51907
127200 10976 75248 9529 51952
127300 10990 75298 9537 52002
127400 11004 75360 9546 52040
127500 11014 75422 9551 52078
127600 11024 75477 9558 52123
127700 11030 75528 9562 52172
127800 11042 75595 9574 52205
127900 11053 75654 9582 52246
128000 11062 75712 9592 52288
128100 11070 75778 9597 52322
128200 11074 75832 9602 52368
128300 11086 75892 9610 52408
128400 11096 75945 9619 52455
128500 11098 76009 9625 52491
128600 11104 76070 9634 52530
128700 11117 76132 9640 52568
128800 11126 76193 9647 52607
128900 11134 76244 9658 52656
129000 11142 76305 9665 52695
129100 11154 76370 9675 52730
129200 11160 76422 9681 52778
129300 11167 76476 9691 52824
129400 11175 76540 9703 52860
129500 11184 76600 9714 52900
129600 11194 76663 9722 52937
129700 11201 76721 9729 52979
129800 11207 76777 9734 53023
129900 11215 76828 9744 53072
130000 11222 76888 9753 53112
130100 11224 76940 9756 53160
130200 11232 76996 9761 53204
130300 11243 77052 9769 53248
130400 11253 77108 9779 53292
130500 11263 77172 9787 53328
130600 11266 77226 9795 53374
130700 11273 77280 9799 53420
130800 11280 77342 9808 53458
130900 11285 77390 9816 53510
131000 11292 77443 9820 53557
131100 11302 77507 9827 53593
131200 11309 77560 9832 53640
131300 11318 77614 9838 53686
131400 11322 77673 9845 53727
131500 11328 77727 9853 53773
131600 11338 77774 9860 53826
131700 11348 77831 9868 53869
131800 11357 77895 9876 53905
131900 11365 77955 9885 53945
132000 11374 78010 9894 53990
132100 11382 78072 9908 54028
132200 11387 78129 9914 54071
132300 11392 78189 9918 54111
132400 11399 78249 9923 54151
132500 11406 78307 9928 54193
132600 11413 78370 9933 54230
132700 11423 78421 9941 54279
132800 11434 78481 9951 54319
132900 11442 78540 9959 54360
133000 11448 78597 9967 54403
133100 11457 78667 9978 54433
133200 11461 78729 9983 54471
133300 11471 78786 9990 54514
133400 11479 78844 9996 54556
133500 11485 78898 10004 54602
133600 11490 78956 10013 54644
133700 11498 79021 10023 54679
133800 11509 79082 10033 54718
133900 11526 79142 10038 54758
134000 11533 79203 10051 54797
134100 11541 79262 10056 54838
134200 11552 79309 10064 54891
134300 11562 79381 10073 54919
134400 11574 79442 10082 54958
134500 11583 79504 10090 54996
134600 11592 79561 10096 55039
134700 11597 79623 10104 55077
134800 11608 79679 10112 55121
134900 11617 79735 10121 55165
135000 11625 79788 10130 55212
135100 11633 79840 10135 55260
135200 11642 79898 10144 55302
135300 11650 79957 10151 55343
135400 11663 80014 10161 55386
135500 11673 80073 10170 55427
135600 11680 80129 10175 55471
135700 11691 80189 10179 55511
135800 11700 80250 10185 55550
135900 11709 80314 10190 55586
136000 11713 80375 10199 55625
136100 11721 80436 10208 55664
136200 11729 80499 10216 55701
136300 11736 80562 10221 55738
136400 11743 80621 10230 55779
136500 11752 80687 10238 55813
136600 11758 80740 10250 55860
136700 11766 80805 10257 55895
136800 11770 80856 10261 55944
136900 11774 80906 10265 55994
137000 11786 80964 10274 56036
137100 11793 81023 10287 56077
137200 11801 81080 10292 56120
137300 11807 81139 10300 56161
137400 11817 81196 10309 56204
137500 11829 81258 10313 56242
137600 11837 81319 10320 56281
137700 11845 81377 10326 56323
137800 11856 81438 10336 56362
137900 11862 81496 10343 56404
138000 11872 81549 10350 56451
138100 11877 81604 10359 56496
138200 11881 81660 10367 56540
138300 11891 81723 10375 56577
138400 11901 81781 10381 56619
138500 11903 81843 10388 56657
138600 11914 81908 10394 56692
138700 11923 81973 10401 56727
138800 11931 82033 10409 56767
138900 11944 82088 10417 56812
139000 11959 82152 10425 56848
139100 11969 82209 10437 56891
139200 11979 82264 10444 56936
139300 11985 82333 10456 56967
139400 11996 82388 10465 57012
139500 12007 82447 10473 57053
139600 12019 82514 10481 57086
139700 12030 82575 10487 57125
139800 12037 82635 10494 57165
139900 12049 82702 10502 57198
140000 12055 82765 10507 57235
140100 12061 82817 10515 57283
140200 12070 82884 10524 57316
140300 12077 82939 10528 57361
140400 12079 83008 10536 57392
140500 12088 83071 10540 57429
140600 12097 83136 10546 57464
140700 12104 83197 10553 57503
140800 12113 83256 10561 57544
140900 12121 83311 10564 57589
141000 12129 83368 10570 57632
141100 12136 83425 10578 57675
141200 12147 83482 10587 57718
141300 12154 83543 10592 57757
141400 12165 83595 10598 57805
141500 12174 83656 10605 57844
141600 12186 83707 10613 57893
141700 12199 83758 10621 57942
141800 12212 83813 10630 57987
141900 12225 83870 10641 58030
142000 12241 83931 10652 58069
142100 12254 83995 10656 58105
142200 12263 84056 10663 58144
142300 12272 84120 10669 58180
142400 12287 84183 10685 58217
142500 12297 84250 10693 58250
142600 12302 84312 10702 58288
142700 12311 84378 10708 58322
142800 12323 84433 10716 58367
142900 12331 84490 10724 58410
143000 12340 84556 10732 58444
143100 12344 84622 10740 58478
143200 12357 84669 10753 58531
143300 12365 84735 10767 58565
143400 12378 84795 10771 58605
143500 12386 84850 10779 58650
143600 12397 84904 10788 58696
143700 12404 84960 10793 58740
143800 12420 85031 10800 58769
143900 12431 85101 10803 58799
144000 12439 85160 10818 58840
144100 12443 85202 10825 58898
144200 12451 85256 10836 58944
144300 12459 85313 10842 58987
144400 12470 85373 10852 59027
144500 12476 85433 10855 59067
144600 12481 85477 10863 59123
144700 12487 85537 10875 59163
144800 12492 85597 10883 59203
144900 12505 85657 10889 59243
145000 12521 85719 10895 59281
145100 12527 85780 10902 59320
145200 12531 85832 10910 59368
145300 12538 85899 10920 59401
145400 12551 85956 10929 59444
145500 12559 86018 10940 59482
145600 12564 86083 10953 59517
145700 12572 86141 10964 59559
145800 12582 86198 10978 59602
145900 12596 86258 10988 59642
146000 12606 86319 10998 59681
146100 12611 86380 11008 59720
146200 12621 86444 11015 59756
146300 12637 86504 11026 59796
146400 12643 86551 11040 59849
146500 12654 86607 11050 59893
146600 12660 86655 11054 59945
146700 12668 86713 11065 59987
146800 12677 86770 11072 60030
146900 12681 86821 11076 60079
147000 12690 86877 11083 60123
147100 12701 86936 11091 60164
147200 12714 86993 11103 60207
147300 12723 87048 11116 60252
147400 12729 87105 11124 60295
147500 12742 87166 11129 60334
147600 12751 87230 11138 60370
147700 12761 87288 11148 60412
147800 12771 87355 11157 60445
147900 12778 87406 11163 60494
148000 12782 87459 11165 60541
148100 12797 87523 11171 60577
148200 12804 87582 11180 60618
148300 12805 87644 11186 60656
148400 12819 87708 11197 60692
148500 12826 87776 11202 60724
148600 12838 87837 11208 60763
148700 12848 87895 11218 60805
148800 12856 87958 11226 60842
148900 12859 88010 11232 60890
149000 12868 88069 11242 60931
149100 12876 88124 11247 60976
149200 12881 88179 11251 61021
149300 12893 88243 11258 61057
149400 12900 88292 11264 61108
149500 12910 88348 11271 61152
149600 12920 88408 11274 61192
149700 12926 88473 11281 61227
149800 12934 88539 11291 61261
149900 12945 88606 11298 61294
150000 12952 88660 11308 61340
150100 12960 88720 11314 61380
150200 12970 88784 11324 61416
150300 12976 88837 11333 61463
150400 12987 88898 11342 61502
150500 12993 88948 11350 61552
150600 12999 89001 11356 61599
150700 13008 89054 11364 61646
150800 13017 89118 11370 61682
150900 13028 89181 11376 61719
151000 13042 89234 11381 61766
151100 13049 89290 11389 61810
151200 13056 89343 11396 61857
151300 13063 89393 11405 61907
151400 13071 89448 11418 61952
151500 13082 89510 11425 61990
151600 13092 89577 11433 62023
151700 13099 89635 11442 62065
151800 13113 89691 11446 62109
151900 13121 89753 11453 62147
152000 13128 89809 11461 62191
152100 13134 89871 11466 62229
152200 13140 89919 11471 62281
152300 13146 89974 11477 62326
152400 13153 90039 11480 62361
152500 13166 90095 11489 62405
152600 13174 90154 11498 62446
152700 13187 90207 11502 62493
152800 13197 90272 11510 62528
152900 13201 90333 11517 62567
153000 13215 90388 11528 62612
153100 13225 90448 11534 62652
153200 13237 90498 11540 62702
153300 13246 90558 11547 62742
153400 13254 90614 11555 62786
153500 13264 90669 11558 62831
153600 13278 90722 11567 62878
153700 13286 90780 11573 62920
153800 13296 90845 11582 62955
153900 13307 90902 11589 62998
154000 13313 90966 11599 63034
154100 13322 91030 11603 63070
154200 13331 91092 11608 63108
154300 13340 91150 11613 63150
154400 13355 91215 11620 63185
154500 13368 91271 11626 63229
154600 13376 91327 11634 63273
154700 13386 91387 11644 63313
154800 13396 91452 11653 63348
154900 13404 91518 11662 63382
155000 13415 91573 11670 63427
155100 13427 91632 11683 63468
155200 13436 91692 11693 63508
155300 13442 91746 11702 63554
155400 13449 91805 11714 63595
155500 13461 91863 11726 63637
155600 13475 91920 11732 63680
155700 13485 91984 11741 63716
155800 13495 92048 11748 63752
155900 13504 92107 11758 63793
156000 13510 92158 11766 63842
156100 13517 92213 11773 63887
156200 13523 92269 11780 63931
156300 13530 92329 11787 63971
156400 13536 92389 11794 64011
156500 13543 92440 11803 64060
156600 13557 92504 11814 64096
156700 13564 92557 11816 64143
156800 13573 92615 11822 64185
156900 13585 92665 11836 64235
157000 13589 92725 11843 64275
157100 13599 92778 11850 64322
157200 13609 92837 11861 64363
157300 13618 92892 11867 64408
157400 13633 92954 11876 64446
157500 13644 93015 11885 64485
157600 13655 93067 11893 64533
157700 13668 93121 11904 64579
157800 13679 93177 11914 64623
157900 13683 93236 11922 64664
158000 13699 93300 11928 64700
158100 13715 93358 11932 64742
158200 13724 93412 11940 64788
158300 13732 93468 11947 64832
158400 13744 93521 11957 64879
158500 13756 93573 11965 64927
158600 13762 93628 11974 64972
158700 13769 93679 11984 65021
158800 13775 93740 11991 65060
158900 13786 93794 11997 65106
159000 13800 93861 12009 65139
159100 13803 93921 12019 65179
159200 13815 93976 12029 65224
159300 13829 94030 12038 65270
159400 13839 94079 12047 65321
159500 13848 94137 12057 65363
159600 13853 94193 12062 65407
159700 13858 94246 12070 65454
159800 13867 94308 12079 65492
159900 13873 94366 12085 65534
160000 13878 94422 12099 65578
160100 13886 94470 12107 65630
160200 13896 94525 12117 65675
160300 13907 94589 12126 65711
160400 13924 94650 12133 65750
160500 13932 94710 12141 65790
160600 13942 94769 12148 65831
160700 13954 94832 12155 65868
160800 13965 94897 12161 65903
160900 13978 94956 12164 65944
161000 13989 95008 12171 65992
161100 13993 95067 12178 66033
161200 14000 95128 12187 66072
161300 14009 95190 12189 66110
161400 14015 95253 12196 66147
161500 14026 95315 12209 66185
161600 14033 95376 12216 66224
161700 14040 95435 12224 66265
161800 14048 95489 12235 66311
161900 14056 95553 12241 66347
162000 14067 95609 12256 66391
162100 14076 95664 12262 66436
162200 14083 95726 12271 66474
162300 14091 95788 12279 66512
162400 14100 95855 12287 66545
162500 14107 95914 12301 66586
162600 14116 95980 12310 66620
162700 14125 96036 12316 66664
162800 14139 96107 12324 66693
162900 14146 96165 12334 66735
163000 14156 96224 12342 66776
163100 14167 96284 12349 66816
163200 14177 96335 12355 66865
163300 14181 96398 12364 66902
163400 14190 96457 12372 66943
163500 14201 96517 12377 66983
163600 14208 96582 12381 67018
163700 14220 96646 12385 67054
163800 14226 96699 12394 67101
163900 14234 96761 12399 67139
164000 14242 96815 12406 67185
164100 14250 96875 12412 67225
164200 14258 96932 12422 67268
164300 14270 96998 12429 67302
164400 14276 97050 12438 67350
164500 14285 97113 12444 67387
164600 14296 97185 12452 67415
164700 14309 97245 12462 67455
164800 14318 97303 12469 67497
164900 14325 97362 12479 67538
165000 14339 97419 12485 67581
165100 14348 97477 12491 67623
165200 14356 97532 12498 67668
165300 14366 97583 12509 67717
165400 14374 97641 12518 67759
165500 14385 97701 12526 67799
165600 14399 97759 12539 67841
165700 14410 97817 12548 67883
165800 14417 97867 12556 67933
165900 14430 97915 12565 67985
166000 14435 97966 12571 68034
166100 14441 98033 12577 68067
166200 14450 98090 12586 68110
166300 14456 98146 12597 68154
166400 14465 98198 12608 68202
166500 14474 98257 12615 68243
166600 14483 98319 12624 68281
166700 14494 98381 12634 68319
166800 14503 98435 12643 68365
166900 14516 98495 12652 68405
167000 14526 98552 12660 68448
167100 14536 98621 12666 68479
167200 14543 98690 12677 68510
167300 14557 98745 12685 68555
167400 14566 98803 12693 68597
167500 14574 98867 12706 68633
167600 14584 98920 12712 68680
167700 14593 98986 12718 68714
167800 14599 99045 12724 68755
167900 14605 99110 12729 68790
168000 14616 99167 12742 68833
168100 14621 99222 12752 68878
168200 14632 99277 12764 68923
168300 14637 99337 12770 68963
168400 14646 99395 12780 69005
168500 14655 99466 12788 69034
168600 14670 99524 12799 69076
168700 14681 99582 12808 69118
168800 14697 99642 12815 69158
168900 14704 99691 12827 69209
169000 14718 99756 12839 69244
169100 14727 99813 12848 69287
169200 14742 99871 12852 69329
169300 14753 99926 12864 69374
169400 14756 99982 12873 69418
169500 14767 100035 12882 69465
169600 14774 100095 12889 69505
169700 14784 100162 12898 69538
169800 14796 100223 12905 69577
169900 14805 100279 12912 69621
170000 14815 100333 12918 69667
170100 14823 100386 12923 69714
170200 14830 100449 12934 69751
170300 14838 100503 12942 69797
170400 14847 100562 12948 69838
170500 14857 100625 12956 69875
170600 14872 100685 12965 69915
170700 14880 100747 12976 69953
170800 14893 100812 12980 69988
170900 14899 100873 12988 70027
171000 14910 100933 12993 70067
171100 14922 100993 12995 70107
171200 14929 101055 13003 70145
171300 14944 101110 13011 70190
171400 14952 101166 13017 70234
171500 14961 101230 13025 70270
171600 14969 101292 13033 70308
171700 14980 101345 13042 70355
171800 14991 101407 13052 70393
171900 14998 101464 13058 70436
172000 15008 101518 13067 70482
172100 15016 101578 13073 70522
172200 15024 101636 13079 70564
172300 15031 101702 13088 70598
172400 15041 101759 13097 70641
172500 15046 101820 13109 70680
172600 15057 101884 13116 70716
172700 15067 101936 13127 70764
172800 15073 101990 13138 70810
172900 15083 102054 13144 70846
173000 15095 102119 13149 70881
173100 15099 102174 13157 70926
173200 15106 102232 13168 70968
173300 15114 102292 13177 71008
173400 15122 102352 13186 71048
173500 15133 102415 13195 71085
173600 15142 102476 13205 71124
173700 15152 102529 13212 71171
173800 15161 102587 13219 71213
173900 15168 102660 13224 71240
174000 15176 102717 13237 71283
174100 15186 102777 13246 71323
174200 15193 102842 13254 71358
174300 15198 102895 13260 71405
174400 15207 102952 13271 71448
174500 15216 103010 13286 71490
174600 15226 103065 13294 71535
174700 15236 103132 13304 71568
174800 15245 103195 13312 71605
174900 15254 103256 13322 71644
175000 15261 103316 13333 71684
175100 15271 103375 13341 71725
175200 15283 103428 13348 71772
175300 15293 103495 13351 71805
175400 15306 103561 13362 71839
175500 15315 103609 13367 71891
175600 15323 103663 13374 71937
175700 15330 103723 13382 71977
175800 15339 103774 13390 72026
175900 15349 103829 13397 72071
176000 15362 103879 13406 72121
176100 15371 103935 13417 72165
176200 15382 103987 13422 72213
176300 15390 104044 13430 72256
176400 15400 104110 13440 72290
176500 15407 104165 13444 72335
176600 15416 104232 13455 72368
176700 15422 104285 13463 72415
176800 15434 104349 13475 72451
176900 15448 104406 13482 72494
177000 15457 104468 13489 72532
177100 15465 104531 13495 72569
177200 15473 104598 13509 72602
177300 15483 104652 13514 72648
177400 15492 104710 13524 72690
177500 15504 104777 13532 72723
177600 15515 104836 13542 72764
177700 15522 104895 13553 72805
177800 15536 104957 13560 72843
177900 15547 105024 13569 72876
178000 15552 105078 13574 72922
178100 15561 105139 13578 72961
178200 15571 105195 13583 73005
178300 15581 105255 13588 73045
178400 15591 105327 13596 73073
178500 15597 105381 13603 73119
178600 15604 105444 13615 73156
178700 15611 105504 13618 73196
178800 15619 105566 13625 73234
178900 15632 105621 13634 73279
179000 15641 105685 13642 73315
179100 15652 105755 13651 73345
179200 15661 105826 13661 73374
179300 15672 105891 13669 73409
179400 15684 105957 13674 73443
179500 15692 106020 13680 73480
179600 15707 106073 13688 73527
179700 15715 106134 13699 73566
179800 15728 106199 13706 73601
179900 15739 106249 13714 73651
180000 15749 106308 13721 73692
180100 15759 106369 13729 73731
180200 15768 106421 13743 73779
180300 15779 106473 13753 73827
180400 15785 106530 13758 73870
180500 15793 106592 13767 73908
180600 15802 106656 13773 73944
180700 15811 106711 13780 73989
180800 15825 106769 13789 74031
180900 15833 106815 13798 74085
181000 15842 106869 13809 74131
181100 15851 106928 13821 74172
181200 15863 106986 13826 74214
181300 15877 107048 13834 74252
181400 15886 107108 13840 74292
181500 15898 107160 13851 74340
181600 15909 107217 13861 74383
181700 15915 107276 13871 74424
181800 15927 107335 13880 74465
181900 15934 107394 13892 74506
182000 15946 107452 13904 74548
182100 15954 107498 13911 74602
182200 15966 107557 13918 74643
182300 15976 107610 13928 74690
182400 15983 107667 13935 74733
182500 15994 107733 13947 74767
182600 16001 107793 13954 74807
182700 16010 107845 13960 74855
182800 16014 107902 13966 74898
182900 16028 107961 13976 74939
183000 16036 108015 13980 74985
183100 16047 108062 13987 75038
183200 16059 108122 13993 75078
183300 16065 108175 14006 75125
183400 16072 108233 14015 75167
183500 16080 108290 14019 75210
183600 16088 108348 14026 75252
183700 16095 108407 14031 75293
183800 16106 108459 14035 75341
183900 16117 108515 14043 75385
184000 16130 108579 14051 75421
184100 16136 108635 14060 75465
184200 16144 108696 14068 75504
184300 16154 108769 14074 75531
184400 16164 108824 14082 75576
184500 16171 108878 14088 75622
184600 16178 108939 14093 75661
184700 16186 109004 14100 75696
184800 16195 109061 14112 75739
184900 16203 109124 14119 75776
185000 16212 109178 14126 75822
185100 16220 109231 14134 75869
185200 16231 109297 14141 75903
185300 16236 109351 14145 75949
185400 16246 109414 14154 75986
185500 16258 109473 14163 76027
185600 16264 109526 14177 76074
185700 16283 109586 14186 76114
185800 16299 109655 14195 76145
185900 16311 109721 14201 76179
186000 16327 109784 14207 76216
186100 16342 109853 14218 76247
186200 16349 109911 14228 76289
186300 16361 109978 14238 76322
186400 16371 110036 14244 76364
186500 16376 110089 14250 76411
186600 16387 110150 14259 76450
186700 16393 110207 14274 76493
186800 16399 110260 14281 76540
186900 16409 110316 14289 76584
187000 16420 110381 14297 76619
187100 16426 110439 14304 76661
187200 16436 110493 14312 76707
187300 16445 110551 14318 76749
187400 16456 110607 14323 76793
187500 16465 110664 14326 76836
187600 16475 110731 14337 76869
187700 16484 110784 14344 76916
187800 16492 110831 14356 76969
187900 16503 110885 14365 77015
188000 16513 110943 14372 77057
188100 16530 111001 14381 77099
188200 16537 111055 14391 77145
188300 16551 111116 14398 77184
188400 16560 111178 14405 77222
188500 16569 111242 14415 77258
188600 16580 111299 14422 77301
188700 16592 111357 14433 77343
188800 16600 111414 14440 77386
188900 16616 111474 14448 77426
189000 16624 111532 14458 77468
189100 16637 111583 14467 77517
189200 16644 111649 14471 77551
189300 16656 111708 14482 77592
189400 16664 111771 14489 77629
189500 16673 111833 14499 77667
189600 16680 111887 14507 77713
189700 16687 111947 14515 77753
189800 16696 112007 14527 77793
189900 16705 112064 14532 77836
190000 16712 112123 14541 77877
190100 16723 112189 14554 77911
190200 16726 112252 14564 77948
190300 16740 112312 14570 77988
190400 16754 112371 14579 78029
190500 16764 112421 14583 78079
190600 16768 112473 14589 78127
190700 16778 112542 14602 78158
190800 16784 112598 14608 78202
190900 16793 112653 14616 78247
191000 16800 112712 14624 78288
191100 16807 112767 14634 78333
191200 16819 112833 14643 78367
191300 16829 112896 14651 78404
191400 16839 112946 14659 78454
191500 16848 113016 14668 78484
191600 16855 113075 14673 78525
191700 16867 113139 14677 78561
191800 16878 113200 14679 78600
191900 16884 113260 14687 78640
192000 16896 113325 14695 78675
192100 16904 113387 14701 78713
192200 16909 113448 14708 78752
192300 16918 113505 14717 78795
192400 16923 113559 14723 78841
192500 16932 113617 14729 78883
192600 16935 113672 14736 78928
192700 16948 113729 14744 78971
192800 16959 113794 14752 79006
192900 16972 113848 14759 79052
193000 16984 113913 14764 79087
193100 16991 113973 14770 79127
193200 16999 114032 14778 79168
193300 17013 114093 14786 79207
193400 17019 114143 14789 79257
193500 17024 114199 14796 79301
193600 17038 114260 14803 79340
193700 17048 114320 14811 79380
193800 17054 114391 14818 79409
193900 17062 114457 14825 79443
194000 17070 114509 14832 79491
194100 17078 114569 14838 79531
194200 17088 114634 14844 79566
194300 17102 114700 14855 79600
194400 17111 114760 14861 79640
194500 17124 114820 14866 79680
194600 17133 114879 14871 79721
194700 17141 114936 14879 79764
194800 17147 114991 14889 79809
194900 17161 115054 14897 79846
195000 17170 115111 14905 79889
195100 17175 115167 14911 79933
195200 17186 115219 14920 79981
195300 17199 115280 14938 80020
195400 17204 115340 14943 80060
195500 17212 115399 14953 80101
195600 17221 115453 14960 80147
195700 17224 115506 14967 80194
195800 17231 115566 14971 80234
195900 17242 115627 14980 80273
196000 17251 115683 14989 80317
196100 17263 115745 14998 80355
196200 17268 115807 15007 80393
196300 17282 115869 15012 80431
196400 17292 115923 15022 80477
196500 17303 115980 15029 80520
196600 17313 116036 15038 80564
196700 17321 116100 15044 80600
196800 17330 116161 15055 80639
196900 17334 116209 15062 80691
197000 17345 116265 15069 80735
197100 17356 116328 15079 80772
197200 17364 116389 15089 80811
197300 17370 116442 15095 80858
197400 17382 116501 15103 80899
197500 17394 116567 15113 80933
197600 17407 116622 15122 80978
197700 17416 116684 15132 81016
197800 17424 116752 15141 81048
197900 17431 116811 15153 81089
198000 17444 116860 15160 81140
198100 17451 116921 15169 81179
198200 17461 116981 15179 81219
198300 17471 117038 15186 81262
198400 17474 117095 15191 81305
198500 17479 117160 15200 81340
198600 17487 117218 15209 81382
198700 17499 117279 15215 81421
198800 17510 117335 15223 81465
198900 17519 117390 15233 81510
199000 17525 117450 15238 81550
199100 17533 117514 15249 81586
199200 17541 117575 15255 81625
199300 17551 117641 15261 81659
199400 17560 117700 15270 81700
199500 17566 117762 15278 81738
199600 17575 117823 15287 81777
199700 17583 117886 15298 81814
199800 17597 117953 15306 81847
199900 17605 118007 15311 81893
200000 17615 118058 15318 81942
