#! FIELDS timestep dup_succ dup_attempts kill_succ kill_attempts
#! SET timestep 0.5
#! SET kernel_bandwidth [0.3 0.3]
#! SET kt 1.0
100 90 300 100 700
200 189 646 222 1354
300 282 991 336 2009
400 389 1441 452 2559
500 464 1878 529 3122
600 508 2363 561 3637
700 543 2878 581 4122
800 575 3412 608 4588
900 595 3869 627 5131
1000 608 4336 639 5664
1100 627 4842 656 6158
1200 642 5399 669 6601
1300 657 5892 676 7108
1400 664 6498 685 7502
1500 676 7041 699 7959
1600 689 7493 712 8507
1700 695 8022 720 8978
1800 710 8441 727 9559
1900 721 8882 739 10118
2000 733 9345 759 10655
2100 740 9877 779 11123
2200 755 10330 792 11670
2300 768 10772 802 12228
2400 781 11342 815 12658
2500 798 11857 838 13143
2600 815 12353 850 13647
2700 833 12814 867 14186
2800 847 13262 886 14738
2900 860 13779 900 15221
3000 876 14223 912 15777
3100 888 14683 924 16317
3200 903 15163 942 16837
3300 910 15552 956 17448
3400 920 16021 969 17979
3500 938 16487 987 18513
3600 954 16945 1005 19055
3700 966 17407 1018 19593
3800 981 17823 1031 20177
3900 994 18317 1042 20683
4000 1006 18811 1055 21189
4100 1021 19306 1063 21694
4200 1039 19769 1090 22231
4300 1058 20298 1103 22702
4400 1073 20795 1121 23205
4500 1084 21284 1136 23716
4600 1099 21770 1156 24230
4700 1119 22278 1170 24722
4800 1128 22837 1184 25163
4900 1148 23284 1204 25716
5000 1166 23741 1224 26259
5100 1181 24268 1234 26732
5200 1191 24784 1247 27216
5300 1203 25323 1258 27677
5400 1220 25835 1272 28165
5500 1228 26325 1283 28675
5600 1238 26831 1301 29169
5700 1250 27287 1308 29713
5800 1261 27771 1321 30229
5900 1271 28299 1336 30701
6000 1277 28802 1347 31198
6100 1292 29313 1373 31687
6200 1303 29781 1392 32219
6300 1313 30253 1401 32747
6400 1330 30691 1413 33309
6500 1342 31160 1424 33840
6600 1357 31643 1439 34357
6700 1368 32039 1455 34961
6800 1376 32550 1474 35450
6900 1391 33055 1491 35945
7000 1397 33582 1497 36418
7100 1408 34105 1507 36895
7200 1425 34632 1516 37368
7300 1434 35143 1519 37857
7400 1442 35621 1531 38379
7500 1463 36058 1546 38942
7600 1477 36490 1560 39510
7700 1488 37001 1577 39999
7800 1501 37511 1594 40489
7900 1520 38012 1606 40988
8000 1532 38554 1619 41446
8100 1549 39058 1633 41942
8200 1558 39528 1651 42472
8300 1577 40040 1663 42960
8400 1590 40593 1676 43407
8500 1602 41071 1687 43929
8600 1610 41525 1693 44475
8700 1626 42028 1708 44972
8800 1636 42499 1715 45501
8900 1644 42964 1727 46036
9000 1659 43399 1733 46601
9100 1666 43936 1746 47064
9200 1676 44410 1764 47590
9300 1692 44845 1785 48155
9400 1712 45341 1803 48659
9500 1732 45810 1821 49190
9600 1747 46231 1828 49769
9700 1764 46693 1849 50307
9800 1777 47200 1863 50800
9900 1792 47689 1886 51311
10000 1808 48192 1900 51808
10100 1818 48657 1919 52343
10200 1836 49163 1945 52837
10300 1848 49660 1958 53340
10400 1859 50182 1971 53818
10500 1871 50707 1982 54293
10600 1893 51239 2001 54761
10700 1912 51731 2019 55269
10800 1926 52246 2029 55754
10900 1939 52729 2038 56271
11000 1955 53183 2053 56817
11100 1967 53624 2061 57376
11200 1982 54053 2074 57947
11300 1996 54567 2085 58433
11400 2017 55058 2099 58942
11500 2033 55569 2115 59431
11600 2039 56033 2130 59967
11700 2050 56476 2138 60524
11800 2063 56976 2149 61024
11900 2078 57479 2168 61521
12000 2089 57984 2180 62016
12100 2100 58485 2195 62515
12200 2116 58980 2206 63020
12300 2134 59398 2230 63602
12400 2151 59896 2242 64104
12500 2165 60374 2254 64626
12600 2177 60904 2264 65096
12700 2192 61424 2287 65576
12800 2208 61987 2304 66013
12900 2218 62422 2311 66578
13000 2235 62884 2328 67116
13100 2250 63359 2345 67641
13200 2271 63807 2355 68193
13300 2283 64213 2368 68787
13400 2300 64682 2386 69318
13500 2311 65206 2393 69794
13600 2322 65703 2406 70297
13700 2338 66242 2422 70758
13800 2351 66766 2434 71234
13900 2380 67275 2453 71725
14000 2394 67757 2468 72243
14100 2408 68215 2477 72785
14200 2424 68724 2492 73276
14300 2445 69255 2509 73745
14400 2463 69787 2522 74213
14500 2483 70308 2543 74692
14600 2503 70818 2553 75182
14700 2515 71335 2562 75665
14800 2528 71844 2582 76156
14900 2540 72282 2593 76718
15000 2552 72775 2600 77225
15100 2562 73254 2611 77746
15200 2575 73835 2620 78165
15300 2592 74375 2640 78625
15400 2602 74861 2658 79139
15500 2615 75307 2672 79693
15600 2628 75771 2685 80229
15700 2643 76225 2695 80775
15800 2656 76684 2707 81316
15900 2668 77106 2718 81894
16000 2682 77574 2730 82426
16100 2691 77961 2745 83039
16200 2703 78517 2758 83483
16300 2713 79043 2773 83957
16400 2729 79528 2786 84472
16500 2737 80053 2798 84947
16600 2749 80533 2808 85467
16700 2759 80986 2821 86014
16800 2772 81510 2840 86490
16900 2791 82021 2854 86979
17000 2805 82535 2863 87465
17100 2814 83007 2874 87993
17200 2822 83472 2890 88528
17300 2830 84029 2901 88971
17400 2846 84488 2914 89512
17500 2858 85027 2930 89973
17600 2873 85489 2945 90511
17700 2883 86020 2953 90980
17800 2896 86505 2966 91495
17900 2905 87001 2983 91999
18000 2912 87481 2996 92519
18100 2924 87960 3007 93040
18200 2940 88477 3019 93523
18300 2955 88976 3030 94024
18400 2969 89504 3052 94496
18500 2979 90015 3071 94985
18600 2991 90488 3084 95512
18700 3002 90935 3098 96065
18800 3016 91362 3109 96638
18900 3030 91819 3122 97181
19000 3047 92314 3142 97686
19100 3064 92819 3160 98181
19200 3078 93279 3176 98721
19300 3107 93739 3194 99261
19400 3127 94275 3207 99725
19500 3148 94774 3216 100226
19600 3152 95231 3225 100769
19700 3163 95763 3236 101237
19800 3180 96312 3249 101688
19900 3195 96905 3262 102095
20000 3204 97415 3273 102585
20100 3221 97898 3290 103102
20200 3244 98396 3316 103604
20300 3256 98861 3326 104139
20400 3273 99346 3340 104654
20500 3286 99839 3354 105161
20600 3297 100342 3370 105658
20700 3311 100894 3384 106106
20800 3323 101432 3391 106568
20900 3338 101962 3399 107038
21000 3355 102456 3407 107544
21100 3369 102929 3417 108071
21200 3384 103382 3431 108618
21300 3395 103836 3446 109164
21400 3412 104302 3459 109698
21500 3424 104753 3484 110247
21600 3435 105207 3492 110793
21700 3454 105687 3516 111313
21800 3469 106222 3528 111778
21900 3483 106767 3546 112233
22000 3493 107298 3555 112702
22100 3508 107788 3569 113212
22200 3523 108262 3584 113738
22300 3533 108782 3594 114218
22400 3548 109267 3605 114733
22500 3560 109771 3621 115229
22600 3574 110263 3631 115737
22700 3590 110765 3643 116235
22800 3599 111259 3653 116741
22900 3611 111737 3661 117263
23000 3626 112264 3673 117736
23100 3642 112765 3691 118235
23200 3657 113267 3710 118733
23300 3666 113707 3719 119293
23400 3682 114212 3731 119788
23500 3694 114739 3742 120261
23600 3705 115269 3753 120731
23700 3715 115871 3769 121129
23800 3728 116380 3786 121620
23900 3735 116855 3798 122145
24000 3741 117355 3809 122645
24100 3758 117843 3823 123157
24200 3769 118360 3840 123640
24300 3784 118900 3855 124100
24400 3795 119396 3875 124604
24500 3808 119894 3887 125106
24600 3826 120389 3908 125611
24700 3838 120836 3920 126164
24800 3849 121364 3935 126636
24900 3861 121907 3950 127093
25000 3868 122397 3960 127603
25100 3881 122826 3973 128174
25200 3895 123352 3994 128648
25300 3910 123907 4008 129093
25400 3925 124406 4024 129594
25500 3945 124823 4043 130177
25600 3951 125303 4056 130697
25700 3965 125889 4072 131111
25800 3976 126396 4077 131604
25900 3988 126931 4088 132069
26000 3999 127523 4104 132477
26100 4012 127988 4114 133012
26200 4023 128437 4124 133563
26300 4034 129003 4137 133997
26400 4044 129474 4153 134526
26500 4058 129937 4172 135063
26600 4076 130407 4187 135593
26700 4088 130914 4195 136086
26800 4103 131410 4203 136590
26900 4117 131959 4221 137041
27000 4127 132513 4234 137487
27100 4145 133026 4242 137974
27200 4165 133584 4258 138416
27300 4182 134070 4279 138930
27400 4191 134589 4297 139411
27500 4209 135086 4306 139914
27600 4218 135533 4321 140467
27700 4229 136028 4332 140972
27800 4247 136522 4343 141478
27900 4259 136911 4354 142089
28000 4275 137465 4364 142535
28100 4291 137865 4378 143135
28200 4304 138337 4383 143663
28300 4320 138742 4390 144258
28400 4335 139219 4410 144781
28500 4351 139772 4426 145228
28600 4362 140348 4448 145652
28700 4374 140866 4468 146134
28800 4395 141369 4482 146631
28900 4402 141859 4499 147141
29000 4414 142412 4509 147588
29100 4428 142917 4519 148083
29200 4434 143407 4528 148593
29300 4452 143887 4546 149113
29400 4459 144447 4560 149553
29500 4468 145017 4570 149983
29600 4479 145538 4579 150462
29700 4498 146035 4592 150965
29800 4512 146571 4605 151429
29900 4526 147067 4619 151933
30000 4543 147519 4635 152481
30100 4565 148047 4660 152953
30200 4580 148541 4679 153459
30300 4596 149043 4694 153957
30400 4614 149579 4715 154421
30500 4622 150056 4723 154944
30600 4634 150564 4733 155436
30700 4651 151011 4745 155989
30800 4668 151518 4760 156482
30900 4681 152095 4769 156905
31000 4693 152503 4788 157497
31100 4706 153016 4798 157984
31200 4721 153494 4808 158506
31300 4732 153965 4823 159035
31400 4738 154490 4830 159510
31500 4756 154977 4851 160023
31600 4772 155522 4859 160478
31700 4792 155997 4873 161003
31800 4811 156484 4891 161516
31900 4819 157029 4902 161971
32000 4833 157506 4923 162494
32100 4845 158029 4932 162971
32200 4860 158514 4958 163486
32300 4876 159039 4970 163961
32400 4886 159546 4986 164454
32500 4897 160098 5003 164902
32600 4910 160647 5016 165353
32700 4922 161148 5035 165852
32800 4938 161555 5047 166445
32900 4958 162059 5063 166941
33000 4974 162547 5078 167453
33100 4987 163042 5087 167958
33200 5004 163550 5097 168450
33300 5017 164008 5108 168992
33400 5029 164444 5125 169556
33500 5048 164844 5141 170156
33600 5061 165329 5155 170671
33700 5072 165803 5165 171197
33800 5087 166321 5174 171679
33900 5105 166859 5192 172141
34000 5117 167417 5200 172583
34100 5138 167959 5219 173041
34200 5150 168390 5232 173610
34300 5163 168837 5252 174163
34400 5169 169290 5260 174710
34500 5184 169820 5273 175180
34600 5197 170334 5289 175666
34700 5212 170842 5307 176158
34800 5226 171333 5314 176667
34900 5234 171836 5327 177164
35000 5246 172365 5340 177635
35100 5263 172918 5357 178082
35200 5277 173422 5367 178578
35300 5291 173972 5384 179028
35400 5302 174466 5395 179534
35500 5317 175009 5410 179991
35600 5328 175565 5428 180435
35700 5343 176111 5446 180889
35800 5360 176633 5455 181367
35900 5370 177156 5473 181844
36000 5383 177643 5484 182357
36100 5401 178138 5494 182862
36200 5420 178632 5508 183368
36300 5434 179071 5526 183929
36400 5449 179499 5542 184501
36500 5459 179973 5567 185027
36600 5473 180443 5584 185557
36700 5480 180932 5597 186068
36800 5495 181485 5607 186515
36900 5508 181983 5621 187017
37000 5522 182497 5634 187503
37100 5531 182976 5650 188024
37200 5541 183513 5663 188487
37300 5551 183938 5678 189062
37400 5562 184418 5691 189582
37500 5571 184904 5703 190096
37600 5586 185362 5710 190638
37700 5609 185851 5728 191149
37800 5623 186318 5743 191682
37900 5640 186788 5757 192212
38000 5666 187293 5770 192707
38100 5675 187821 5782 193179
38200 5685 188368 5797 193632
38300 5696 188831 5814 194169
38400 5714 189355 5831 194645
38500 5729 189870 5836 195130
38600 5746 190398 5849 195602
38700 5756 190917 5866 196083
38800 5765 191421 5883 196579
38900 5782 191881 5900 197119
39000 5803 192434 5922 197566
39100 5812 192995 5937 198005
39200 5829 193530 5952 198470
39300 5841 194048 5965 198952
39400 5856 194567 5976 199433
39500 5871 195124 5997 199876
39600 5893 195672 6016 200328
39700 5905 196177 6037 200823
39800 5921 196674 6056 201326
39900 5937 197195 6071 201805
40000 5941 197651 6082 202349
40100 5958 198169 6097 202831
40200 5963 198707 6110 203293
40300 5981 199242 6128 203758
40400 6000 199690 6137 204310
40500 6021 200165 6148 204835
40600 6033 200700 6167 205300
40700 6059 201272 6180 205728
40800 6081 201761 6192 206239
40900 6095 202271 6202 206729
41000 6110 202783 6209 207217
41100 6123 203322 6221 207678
41200 6135 203841 6230 208159
41300 6143 204412 6239 208588
41400 6158 204922 6254 209078
41500 6173 205416 6264 209584
41600 6182 205946 6277 210054
41700 6198 206397 6299 210603
41800 6213 206897 6313 211103
41900 6232 207426 6329 211574
42000 6253 207943 6345 212057
42100 6270 208415 6363 212585
42200 6284 208905 6375 213095
42300 6294 209343 6391 213657
42400 6304 209884 6405 214116
42500 6318 210415 6420 214585
42600 6336 210929 6433 215071
42700 6344 211461 6448 215539
42800 6352 211950 6460 216050
42900 6365 212442 6476 216558
43000 6384 212986 6490 217014
43100 6396 213480 6507 217520
43200 6414 214012 6524 217988
43300 6422 214547 6532 218453
43400 6438 215018 6548 218982
43500 6454 215522 6559 219478
43600 6471 215965 6568 220035
43700 6483 216487 6577 220513
43800 6490 216912 6587 221088
43900 6510 217410 6604 221590
44000 6525 217877 6620 222123
44100 6536 218423 6631 222577
44200 6560 218868 6649 223132
44300 6574 219369 6665 223631
44400 6590 219863 6678 224137
44500 6598 220414 6698 224586
44600 6614 220865 6709 225135
44700 6627 221354 6722 225646
44800 6640 221889 6733 226111
44900 6652 222363 6748 226637
45000 6668 222890 6764 227110
45100 6693 223377 6787 227623
45200 6707 223863 6797 228137
45300 6731 224343 6811 228657
45400 6739 224852 6819 229148
45500 6757 225376 6831 229624
45600 6776 225821 6843 230179
45700 6789 226315 6861 230685
45800 6804 226784 6869 231216
45900 6818 227302 6880 231698
46000 6832 227793 6900 232207
46100 6843 228296 6914 232704
46200 6852 228777 6926 233223
46300 6867 229281 6946 233719
46400 6881 229766 6962 234234
46500 6890 230300 6976 234700
46600 6902 230848 6987 235152
46700 6919 231358 6998 235642
46800 6940 231843 7016 236157
46900 6956 232364 7032 236636
47000 6969 232879 7046 237121
47100 6981 233298 7058 237702
47200 6998 233799 7077 238201
47300 7011 234284 7086 238716
47400 7024 234787 7100 239213
47500 7041 235273 7112 239727
47600 7057 235792 7123 240208
47700 7068 236330 7136 240670
47800 7082 236810 7148 241190
47900 7097 237266 7161 241734
48000 7113 237753 7179 242247
48100 7123 238280 7198 242720
48200 7143 238784 7212 243216
48300 7161 239295 7232 243705
48400 7173 239803 7252 244197
48500 7185 240269 7260 244731
48600 7194 240798 7275 245202
48700 7214 241328 7292 245672
48800 7236 241797 7309 246203
48900 7246 242331 7320 246669
49000 7259 242866 7336 247134
49100 7286 243308 7354 247692
49200 7298 243798 7364 248202
49300 7319 244294 7375 248706
49400 7326 244790 7390 249210
49500 7338 245295 7402 249705
49600 7348 245783 7415 250217
49700 7357 246299 7428 250701
49800 7368 246770 7438 251230
49900 7380 247238 7448 251762
50000 7386 247729 7460 252271
50100 7393 248206 7471 252794
50200 7409 248692 7487 253308
50300 7427 249216 7501 253784
50400 7442 249708 7517 254292
50500 7457 250223 7531 254777
50600 7472 250748 7545 255252
50700 7484 251254 7562 255746
50800 7500 251802 7577 256198
50900 7510 252350 7590 256650
51000 7524 252824 7612 257176
51100 7542 253300 7629 257700
51200 7559 253717 7645 258283
51300 7571 254217 7655 258783
51400 7583 254690 7664 259310
51500 7589 255180 7676 259820
51600 7605 255634 7690 260366
51700 7619 256100 7699 260900
51800 7639 256562 7712 261438
51900 7645 257008 7724 261992
52000 7653 257507 7738 262493
52100 7674 257957 7752 263043
52200 7684 258466 7763 263534
52300 7698 258942 7783 264058
52400 7716 259463 7796 264537
52500 7732 259905 7814 265095
52600 7742 260458 7828 265542
52700 7760 260945 7838 266055
52800 7773 261388 7852 266612
52900 7784 261838 7865 267162
53000 7800 262260 7871 267740
53100 7820 262699 7882 268301
53200 7830 263189 7895 268811
53300 7847 263696 7901 269304
53400 7861 264172 7916 269828
53500 7875 264609 7928 270391
53600 7895 265105 7941 270895
53700 7904 265670 7952 271330
53800 7918 266240 7963 271760
53900 7925 266688 7975 272312
54000 7936 267283 7989 272717
54100 7948 267791 8000 273209
54200 7961 268274 8024 273726
54300 7978 268769 8039 274231
54400 7989 269231 8047 274769
54500 8003 269752 8059 275248
54600 8015 270276 8070 275724
54700 8029 270796 8087 276204
54800 8052 271298 8100 276702
54900 8068 271829 8123 277171
55000 8089 272404 8134 277596
55100 8107 272897 8150 278103
55200 8118 273411 8163 278589
55300 8140 273884 8180 279116
55400 8145 274321 8192 279679
55500 8162 274865 8207 280135
55600 8176 275433 8222 280567
55700 8191 275994 8235 281006
55800 8210 276471 8253 281529
55900 8221 276961 8260 282039
56000 8229 277468 8274 282532
56100 8241 277946 8285 283054
56200 8258 278440 8303 283560
56300 8279 278984 8324 284016
56400 8292 279499 8341 284501
56500 8307 279989 8352 285011
56600 8322 280501 8366 285499
56700 8330 280937 8383 286063
56800 8349 281409 8400 286591
56900 8362 281910 8413 287090
57000 8372 282428 8424 287572
57100 8380 282933 8437 288067
57200 8395 283435 8455 288565
57300 8411 283965 8467 289035
57400 8425 284470 8474 289530
57500 8439 284975 8485 290025
57600 8459 285447 8498 290553
57700 8470 285950 8509 291050
57800 8486 286411 8521 291589
57900 8503 286850 8534 292150
58000 8514 287342 8545 292658
58100 8527 287840 8558 293160
58200 8537 288277 8576 293723
58300 8555 288790 8589 294210
58400 8573 289345 8607 294655
58500 8588 289885 8620 295115
58600 8604 290361 8652 295639
58700 8617 290798 8667 296202
58800 8636 291257 8684 296743
58900 8646 291744 8704 297256
59000 8663 292260 8718 297740
59100 8673 292701 8734 298299
59200 8683 293216 8745 298784
59300 8694 293620 8763 299380
59400 8720 294138 8783 299862
59500 8729 294554 8796 300446
59600 8743 295004 8808 300996
59700 8763 295509 8815 301491
59800 8776 296018 8838 301982
59900 8787 296579 8849 302421
60000 8802 297049 8867 302951
60100 8820 297569 8878 303431
60200 8835 298067 8893 303933
60300 8846 298549 8902 304451
60400 8860 298987 8916 305013
60500 8878 299486 8929 305514
60600 8884 299987 8941 306013
60700 8893 300429 8954 306571
60800 8906 300859 8975 307141
60900 8918 301360 8989 307640
61000 8936 301778 9009 308222
61100 8948 302259 9018 308741
61200 8962 302728 9029 309272
61300 8982 303176 9046 309824
61400 8998 303673 9061 310327
61500 9004 304134 9071 310866
61600 9012 304576 9085 311424
61700 9022 305036 9102 311964
61800 9038 305509 9107 312491
61900 9051 305978 9118 313022
62000 9068 306428 9134 313572
62100 9078 306950 9151 314050
62200 9096 307485 9168 314515
62300 9108 307933 9180 315067
62400 9124 308417 9195 315583
62500 9135 308914 9215 316086
62600 9148 309430 9232 316570
62700 9160 309852 9247 317148
62800 9181 310315 9270 317685
62900 9192 310792 9282 318208
63000 9205 311253 9299 318747
63100 9216 311859 9310 319141
63200 9225 312343 9319 319657
63300 9238 312832 9333 320168
63400 9250 313341 9344 320659
63500 9271 313885 9361 321115
63600 9282 314329 9377 321671
63700 9299 314839 9398 322161
63800 9310 315354 9414 322646
63900 9329 315848 9427 323152
64000 9341 316411 9446 323589
64100 9351 316914 9465 324086
64200 9362 317385 9476 324615
64300 9378 317911 9488 325089
64400 9394 318363 9502 325637
64500 9409 318891 9517 326109
64600 9430 319444 9542 326556
64700 9437 319944 9556 327056
64800 9452 320341 9586 327659
64900 9462 320885 9600 328115
65000 9476 321416 9619 328584
65100 9486 321894 9633 329106
65200 9498 322368 9640 329632
65300 9515 322871 9649 330129
65400 9525 323396 9665 330604
65500 9534 323918 9680 331082
65600 9549 324406 9703 331594
65700 9563 324931 9717 332069
65800 9590 325439 9731 332561
65900 9610 325980 9742 333020
66000 9626 326477 9751 333523
66100 9645 326995 9763 334005
66200 9658 327536 9774 334464
66300 9668 327977 9787 335023
66400 9683 328454 9800 335546
66500 9700 328940 9806 336060
66600 9721 329481 9822 336519
66700 9735 329995 9832 337005
66800 9748 330498 9841 337502
66900 9759 331005 9852 337995
67000 9775 331492 9866 338508
67100 9787 331995 9883 339005
67200 9799 332522 9895 339478
67300 9804 332998 9912 340002
67400 9824 333575 9934 340425
67500 9835 334079 9950 340921
67600 9843 334529 9965 341471
67700 9857 334981 9976 342019
67800 9868 335442 9990 342558
67900 9882 335898 10002 343102
68000 9897 336369 10014 343631
68100 9907 336909 10028 344091
68200 9921 337376 10041 344624
68300 9937 337857 10058 345143
68400 9950 338389 10067 345611
68500 9962 338902 10081 346098
68600 9969 339412 10098 346588
68700 9983 339945 10105 347055
68800 10003 340401 10123 347599
68900 10014 340887 10141 348113
69000 10035 341413 10157 348587
69100 10056 341898 10174 349102
69200 10066 342413 10180 349587
69300 10088 342919 10190 350081
69400 10101 343511 10202 350489
69500 10111 343974 10215 351026
69600 10119 344495 10222 351505
69700 10125 345020 10235 351980
69800 10141 345483 10254 352517
69900 10154 346022 10269 352978
70000 10171 346501 10277 353499
70100 10184 347077 10294 353923
70200 10195 347634 10305 354366
70300 10211 348159 10323 354841
70400 10225 348673 10329 355327
70500 10244 349210 10338 355790
70600 10258 349766 10353 356234
70700 10277 350346 10364 356654
70800 10291 350804 10384 357196
70900 10300 351376 10398 357624
71000 10316 351878 10420 358122
71100 10329 352442 10434 358558
71200 10339 352968 10455 359032
71300 10353 353437 10462 359563
71400 10368 353955 10479 360045
71500 10376 354448 10497 360552
71600 10393 354923 10513 361077
71700 10405 355361 10523 361639
71800 10414 355922 10536 362078
71900 10426 356408 10546 362592
72000 10446 356906 10554 363094
72100 10463 357404 10565 363596
72200 10471 357877 10570 364123
72300 10486 358310 10577 364690
72400 10497 358770 10588 365230
72500 10504 359297 10598 365703
72600 10522 359815 10609 366185
72700 10543 360290 10630 366710
72800 10557 360825 10637 367175
72900 10581 361300 10653 367700
73000 10594 361803 10669 368197
73100 10608 362292 10682 368708
73200 10624 362882 10696 369118
73300 10642 363458 10708 369542
73400 10654 363958 10720 370042
73500 10663 364448 10734 370552
73600 10671 364980 10753 371020
73700 10684 365513 10768 371487
73800 10695 365933 10775 372067
73900 10705 366445 10793 372555
74000 10718 366917 10806 373083
74100 10726 367444 10820 373556
74200 10740 368005 10833 373995
74300 10759 368474 10846 374526
74400 10774 369000 10863 375000
74500 10788 369541 10875 375459
74600 10802 369993 10887 376007
74700 10818 370455 10898 376545
74800 10833 370940 10908 377060
74900 10844 371482 10919 377518
75000 10862 371997 10938 378003
75100 10883 372476 10954 378524
75200 10900 372961 10960 379039
75300 10911 373536 10973 379464
75400 10925 373994 10986 380006
75500 10943 374524 10997 380476
75600 10957 375017 11008 380983
75700 10977 375471 11024 381529
75800 10987 375958 11033 382042
75900 10998 376437 11043 382563
76000 11005 376926 11055 383074
76100 11026 377412 11065 383588
76200 11040 377982 11084 384018
76300 11055 378425 11095 384575
76400 11070 378842 11111 385158
76500 11087 379351 11128 385649
76600 11095 379878 11139 386122
76700 11107 380449 11149 386551
76800 11121 380962 11163 387038
76900 11134 381425 11172 387575
77000 11145 381920 11186 388080
77100 11155 382485 11203 388515
77200 11172 383046 11217 388954
77300 11189 383553 11230 389447
77400 11203 384058 11247 389942
77500 11215 384504 11259 390496
77600 11228 384957 11275 391043
77700 11248 385439 11286 391561
77800 11269 385890 11301 392110
77900 11287 386352 11317 392648
78000 11305 386851 11333 393149
78100 11317 387332 11342 393668
78200 11339 387811 11353 394189
78300 11350 388384 11366 394616
78400 11363 388872 11382 395128
78500 11372 389425 11398 395575
78600 11386 389915 11407 396085
78700 11396 390430 11426 396570
78800 11411 390916 11442 397084
78900 11424 391437 11453 397563
79000 11436 392001 11469 397999
79100 11448 392514 11477 398486
79200 11460 392992 11485 399008
79300 11481 393507 11494 399493
79400 11496 393995 11505 400005
79500 11512 394576 11517 400424
79600 11528 395103 11527 400897
79700 11542 395656 11542 401344
79800 11560 396155 11555 401845
79900 11573 396617 11571 402383
80000 11584 397096 11591 402904
80100 11597 397609 11606 403391
80200 11610 398091 11621 403909
80300 11626 398534 11634 404466
80400 11638 399077 11644 404923
80500 11652 399514 11661 405486
80600 11666 399950 11674 406050
80700 11674 400443 11685 406557
80800 11682 400898 11703 407102
80900 11699 401333 11709 407667
81000 11721 401843 11723 408157
81100 11737 402397 11734 408603
81200 11751 402882 11751 409118
81300 11757 403399 11764 409601
81400 11769 403917 11779 410083
81500 11784 404433 11789 410567
81600 11800 404910 11800 411090
81700 11822 405414 11815 411586
81800 11838 405868 11826 412132
81900 11854 406331 11837 412669
82000 11871 406796 11855 413204
82100 11889 407335 11867 413665
82200 11898 407810 11882 414190
82300 11913 408265 11892 414735
82400 11921 408713 11905 415287
82500 11937 409188 11920 415812
82600 11951 409721 11934 416279
82700 11970 410268 11942 416732
82800 11989 410737 11960 417263
82900 11998 411199 11968 417801
83000 12019 411671 11981 418329
83100 12041 412219 11992 418781
83200 12055 412678 12004 419322
83300 12068 413186 12019 419814
83400 12089 413670 12037 420330
83500 12103 414141 12043 420859
83600 12117 414668 12052 421332
83700 12122 415151 12062 421849
83800 12131 415602 12073 422398
83900 12142 416058 12090 422942
84000 12152 416554 12099 423446
84100 12164 417040 12109 423960
84200 12177 417510 12121 424490
84300 12192 417991 12139 425009
84400 12213 418497 12159 425503
84500 12223 418980 12173 426020
84600 12234 419472 12187 426528
84700 12244 419947 12197 427053
84800 12259 420532 12217 427468
84900 12273 421034 12233 427966
85000 12293 421562 12244 428438
85100 12303 422006 12255 428994
85200 12319 422506 12269 429494
85300 12338 423036 12286 429964
85400 12355 423554 12303 430446
85500 12368 424073 12319 430927
85600 12380 424603 12329 431397
85700 12394 425090 12340 431910
85800 12404 425520 12362 432480
85900 12420 425978 12371 433022
86000 12442 426373 12388 433627
86100 12456 426815 12401 434185
86200 12471 427349 12420 434651
86300 12486 427858 12430 435142
86400 12501 428308 12448 435692
86500 12513 428823 12461 436177
86600 12527 429321 12466 436679
86700 12539 429833 12476 437167
86800 12554 430365 12492 437635
86900 12559 430859 12505 438141
87000 12570 431266 12517 438734
87100 12581 431748 12533 439252
87200 12600 432251 12538 439749
87300 12614 432703 12548 440297
87400 12626 433175 12564 440825
87500 12638 433654 12576 441346
87600 12660 434061 12587 441939
87700 12673 434557 12595 442443
87800 12685 435008 12608 442992
87900 12704 435544 12631 443456
88000 12713 436016 12644 443984
88100 12729 436517 12660 444483
88200 12743 437018 12673 444982
88300 12758 437483 12680 445517
88400 12769 437971 12696 446029
88500 12778 438507 12699 446493
88600 12790 438994 12711 447006
88700 12803 439475 12730 447525
88800 12813 439960 12745 448040
88900 12830 440470 12765 448530
89000 12839 440999 12774 449001
89100 12853 441487 12785 449513
89200 12869 442005 12790 449995
89300 12879 442513 12803 450487
89400 12893 443019 12819 450981
89500 12905 443506 12833 451494
89600 12922 444041 12846 451959
89700 12937 444515 12867 452485
89800 12964 445035 12885 452965
89900 12980 445516 12903 453484
90000 12997 446056 12920 453944
90100 13013 446522 12942 454478
90200 13027 447019 12952 454981
90300 13040 447592 12969 455408
90400 13054 448093 12984 455907
90500 13068 448566 12999 456434
90600 13080 448987 13017 457013
90700 13091 449503 13039 457497
90800 13098 450052 13049 457948
90900 13104 450538 13065 458462
91000 13112 451071 13072 458929
91100 13131 451568 13085 459432
91200 13152 452033 13105 459967
91300 13166 452537 13117 460463
91400 13176 453037 13131 460963
91500 13192 453524 13141 461476
91600 13214 454045 13155 461955
91700 13227 454472 13161 462528
91800 13242 454970 13177 463030
91900 13257 455527 13193 463473
92000 13272 456092 13203 463908
92100 13288 456558 13214 464442
92200 13307 457033 13232 464967
92300 13316 457561 13243 465439
92400 13333 458114 13265 465886
92500 13361 458658 13284 466342
92600 13374 459170 13302 466830
92700 13382 459589 13306 467411
92800 13392 460118 13317 467882
92900 13415 460674 13332 468326
93000 13429 461128 13354 468872
93100 13446 461674 13368 469326
93200 13456 462175 13383 469825
93300 13468 462677 13388 470323
93400 13480 463123 13401 470877
93500 13498 463627 13409 471373
93600 13510 464156 13424 471844
93700 13529 464643 13436 472357
93800 13546 465172 13451 472828
93900 13560 465682 13462 473318
94000 13578 466193 13479 473807
94100 13598 466684 13500 474316
94200 13611 467113 13517 474887
94300 13624 467588 13529 475412
94400 13637 468097 13540 475903
94500 13651 468609 13553 476391
94600 13666 469196 13571 476804
94700 13679 469703 13588 477297
94800 13691 470188 13602 477812
94900 13707 470674 13621 478326
95000 13722 471192 13634 478808
95100 13740 471683 13648 479317
95200 13753 472252 13672 479748
95300 13769 472794 13690 480206
95400 13781 473227 13706 480773
95500 13793 473748 13722 481252
95600 13813 474224 13732 481776
95700 13826 474749 13740 482251
95800 13842 475235 13748 482765
95900 13851 475637 13762 483363
96000 13866 476132 13782 483868
96100 13875 476584 13798 484416
96200 13885 477081 13809 484919
96300 13894 477583 13823 485417
96400 13907 478151 13833 485849
96500 13923 478624 13846 486376
96600 13940 479099 13854 486901
96700 13958 479642 13863 487358
96800 13976 480181 13876 487819
96900 13988 480736 13889 488264
97000 14003 481189 13900 488811
97100 14018 481742 13916 489258
97200 14037 482317 13931 489683
97300 14049 482894 13939 490106
97400 14063 483352 13952 490648
97500 14085 483934 13968 491066
97600 14096 484421 13986 491579
97700 14113 484857 13996 492143
97800 14119 485372 14016 492628
97900 14131 485859 14030 493141
98000 14154 486383 14046 493617
98100 14172 486849 14061 494151
98200 14183 487370 14072 494630
98300 14198 487907 14083 495093
98400 14212 488448 14096 495552
98500 14225 488975 14110 496025
98600 14237 489466 14119 496534
98700 14257 489926 14132 497074
98800 14273 490362 14141 497638
98900 14292 490855 14156 498145
99000 14306 491339 14162 498661
99100 14318 491847 14175 499153
99200 14332 492295 14183 499705
99300 14338 492789 14194 500211
99400 14350 493214 14205 500786
99500 14363 493676 14216 501324
99600 14371 494174 14223 501826
99700 14387 494675 14238 502325
99800 14404 495204 14253 502796
99900 14413 495681 14271 503319
100000 14427 496205 14284 503795
100100 14437 496751 14295 504249
100200 14455 497203 14318 504797
100300 14468 497705 14328 505295
100400 14475 498189 14339 505811
100500 14484 498744 14357 506256
100600 14496 499283 14376 506717
100700 14511 499756 14400 507244
100800 14527 500273 14416 507727
100900 14545 500751 14434 508249
101000 14568 501237 14451 508763
101100 14585 501757 14472 509243
101200 14599 502266 14492 509734
101300 14604 502829 14511 510171
101400 14622 503239 14519 510761
101500 14643 503765 14541 511235
101600 14654 504236 14555 511764
101700 14659 504747 14568 512253
101800 14675 505288 14581 512712
101900 14685 505834 14600 513166
102000 14693 506305 14609 513695
102100 14707 506751 14626 514249
102200 14725 507294 14644 514706
102300 14738 507807 14653 515193
102400 14752 508283 14666 515717
102500 14762 508772 14671 516228
102600 14775 509169 14685 516831
102700 14799 509666 14703 517334
102800 14816 510148 14719 517852
102900 14829 510673 14736 518327
103000 14843 511218 14750 518782
103100 14859 511764 14756 519236
103200 14864 512198 14767 519802
103300 14880 512705 14785 520295
103400 14893 513198 14800 520802
103500 14910 513710 14815 521290
103600 14931 514195 14833 521805
103700 14950 514692 14846 522308
103800 14969 515236 14862 522764
103900 14980 515809 14873 523191
104000 14990 516355 14892 523645
104100 15015 516832 14907 524168
104200 15024 517320 14919 524680
104300 15044 517825 14930 525175
104400 15058 518392 14946 525608
104500 15070 518848 14962 526152
104600 15086 519329 14971 526671
104700 15097 519815 14987 527185
104800 15112 520306 14999 527694
104900 15124 520759 15008 528241
105000 15137 521316 15024 528684
105100 15148 521809 15040 529191
105200 15157 522325 15052 529675
105300 15166 522824 15067 530176
105400 15182 523331 15081 530669
105500 15192 523820 15094 531180
105600 15206 524315 15107 531685
105700 15220 524830 15125 532170
105800 15233 525340 15140 532660
105900 15244 525859 15150 533141
106000 15252 526388 15164 533612
106100 15262 526867 15178 534133
106200 15273 527386 15185 534614
106300 15288 527891 15196 535109
106400 15304 528341 15208 535659
106500 15317 528792 15219 536208
106600 15331 529221 15236 536779
106700 15341 529656 15251 537344
106800 15354 530177 15263 537823
106900 15368 530636 15281 538364
107000 15379 531165 15294 538835
107100 15389 531736 15304 539264
107200 15404 532218 15313 539782
107300 15420 532665 15326 540335
107400 15436 533135 15336 540865
107500 15447 533603 15362 541397
107600 15454 534102 15373 541898
107700 15471 534567 15393 542433
107800 15489 535058 15408 542942
107900 15511 535611 15433 543389
108000 15522 536104 15448 543896
108100 15537 536562 15475 544438
108200 15556 537013 15482 544987
108300 15579 537518 15501 545482
108400 15597 538034 15519 545966
108500 15607 538533 15525 546467
108600 15623 539081 15534 546919
108700 15640 539574 15546 547426
108800 15651 540052 15560 547948
108900 15664 540526 15572 548474
109000 15677 540994 15585 549006
109100 15691 541545 15603 549455
109200 15695 542045 15615 549955
109300 15703 542561 15623 550439
109400 15709 543091 15639 550909
109500 15719 543613 15654 551387
109600 15742 544118 15667 551882
109700 15757 544673 15680 552327
109800 15765 545168 15693 552832
109900 15776 545670 15713 553330
110000 15801 546157 15730 553843
110100 15815 546665 15744 554335
110200 15828 547212 15755 554788
110300 15844 547744 15771 555256
110400 15853 548167 15787 555833
110500 15874 548696 15805 556304
110600 15884 549148 15835 556852
110700 15905 549629 15847 557371
110800 15916 550059 15861 557941
110900 15936 550534 15881 558466
111000 15954 551079 15892 558921
111100 15965 551552 15905 559448
111200 15983 552038 15929 559962
111300 15996 552538 15940 560462
111400 16011 552953 15952 561047
111500 16025 553425 15965 561575
111600 16046 553929 15979 562071
111700 16053 554514 15996 562486
111800 16069 554967 16013 563033
111900 16080 555549 16027 563451
112000 16092 556064 16042 563936
112100 16106 556560 16060 564440
112200 16114 557111 16071 564889
112300 16132 557606 16081 565394
112400 16146 558105 16098 565895
112500 16160 558516 16112 566484
112600 16178 558968 16131 567032
112700 16191 559450 16144 567550
112800 16203 559896 16156 568104
112900 16214 560377 16171 568623
113000 16230 560840 16185 569160
113100 16244 561300 16194 569700
113200 16259 561803 16208 570197
113300 16274 562351 16226 570649
113400 16288 562851 16243 571149
113500 16302 563357 16251 571643
113600 16322 563890 16265 572110
113700 16332 564405 16275 572595
113800 16341 564885 16282 573115
113900 16354 565332 16296 573668
114000 16372 565895 16318 574105
114100 16389 566340 16333 574660
114200 16396 566779 16351 575221
114300 16408 567340 16365 575660
114400 16430 567839 16379 576161
114500 16443 568291 16392 576709
114600 16462 568851 16406 577149
114700 16479 569329 16428 577671
114800 16496 569858 16445 578142
114900 16505 570389 16460 578611
115000 16516 570882 16474 579118
115100 16528 571356 16494 579644
115200 16544 571824 16512 580176
115300 16563 572337 16529 580663
115400 16575 572833 16540 581167
115500 16597 573351 16552 581649
115600 16605 573789 16566 582211
115700 16620 574290 16580 582710
115800 16638 574780 16596 583220
115900 16654 575269 16615 583731
116000 16668 575781 16625 584219
116100 16680 576333 16634 584667
116200 16691 576883 16645 585117
116300 16705 577419 16657 585581
116400 16716 577958 16669 586042
116500 16733 578467 16680 586533
116600 16745 578902 16699 587098
116700 16762 579370 16723 587630
116800 16781 579818 16737 588182
116900 16792 580290 16747 588710
117000 16807 580790 16765 589210
117100 16815 581297 16778 589703
117200 16824 581801 16786 590199
117300 16833 582285 16801 590715
117400 16852 582685 16818 591315
117500 16865 583208 16830 591792
117600 16879 583778 16845 592222
117700 16889 584207 16863 592793
117800 16908 584684 16877 593316
117900 16922 585163 16892 593837
118000 16936 585665 16905 594335
118100 16963 586183 16919 594817
118200 16984 586713 16939 595287
118300 17001 587115 16961 595885
118400 17012 587597 16969 596403
118500 17031 588111 16991 596889
118600 17043 588583 16999 597417
118700 17057 589104 17014 597896
118800 17069 589619 17025 598381
118900 17086 590116 17030 598884
119000 17096 590581 17049 599419
119100 17109 591083 17062 599917
119200 17120 591584 17083 600416
119300 17129 592028 17101 600972
119400 17146 592593 17111 601407
119500 17158 593091 17129 601909
119600 17174 593621 17146 602379
119700 17188 594113 17153 602887
119800 17208 594587 17167 603413
119900 17223 595018 17181 603982
120000 17232 595519 17195 604481
120100 17244 596093 17209 604907
120200 17263 596552 17222 605448
120300 17277 597056 17235 605944
120400 17288 597490 17243 606510
120500 17304 598019 17256 606981
120600 17316 598552 17274 607448
120700 17331 599012 17291 607988
120800 17351 599553 17306 608447
120900 17372 600062 17319 608938
121000 17381 600557 17329 609443
121100 17402 601047 17347 609953
121200 17411 601536 17362 610464
121300 17424 601974 17380 611026
121400 17447 602469 17398 611531
121500 17463 603017 17412 611983
121600 17483 603518 17425 612482
121700 17499 604026 17433 612974
121800 17506 604465 17444 613535
121900 17519 604939 17457 614061
122000 17540 605428 17471 614572
122100 17554 605821 17488 615179
122200 17562 606370 17506 615630
122300 17585 606894 17523 616106
122400 17600 607361 17542 616639
122500 17618 607906 17557 617094
122600 17629 608397 17574 617603
122700 17640 608864 17593 618136
122800 17659 609371 17607 618629
122900 17676 609866 17619 619134
123000 17687 610437 17627 619563
123100 17700 610934 17645 620066
123200 17715 611475 17666 620525
123300 17731 612018 17681 620982
123400 17744 612509 17698 621491
123500 17754 613015 17715 621985
123600 17776 613516 17730 622484
123700 17787 613918 17744 623082
123800 17802 614365 17763 623635
123900 17818 614912 17783 624088
124000 17838 615365 17800 624635
124100 17851 615917 17816 625083
124200 17864 616390 17834 625610
124300 17883 616887 17846 626113
124400 17900 617358 17856 626642
124500 17921 617806 17865 627194
124600 17935 618308 17883 627692
124700 17946 618834 17896 628166
124800 17963 619284 17912 628716
124900 17980 619855 17930 629145
125000 17988 620347 17947 629653
125100 17996 620844 17962 630156
125200 18007 621333 17982 630667
125300 18022 621822 17996 631178
125400 18037 622386 18005 631614
125500 18063 622870 18011 632130
125600 18075 623429 18025 632571
125700 18085 623958 18043 633042
125800 18094 624462 18055 633538
125900 18108 625044 18071 633956
126000 18128 625562 18088 634438
126100 18141 626086 18101 634914
126200 18156 626544 18108 635456
126300 18173 627093 18124 635907
126400 18186 627534 18143 636466
126500 18204 627998 18159 637002
126600 18216 628525 18172 637475
126700 18226 629028 18180 637972
126800 18239 629448 18201 638552
126900 18250 629915 18208 639085
127000 18268 630378 18220 639622
127100 18286 630880 18239 640120
127200 18302 631363 18255 640637
127300 18314 631868 18259 641132
127400 18319 632386 18277 641614
127500 18332 632865 18298 642135
127600 18343 633352 18304 642648
127700 18351 633860 18319 643140
127800 18367 634388 18331 643612
127900 18380 634889 18339 644111
128000 18394 635349 18352 644651
128100 18408 635793 18365 645207
128200 18423 636240 18376 645760
128300 18441 636691 18390 646309
128400 18455 637229 18405 646771
128500 18467 637723 18418 647277
128600 18478 638157 18431 647843
128700 18490 638671 18445 648329
128800 18503 639121 18465 648879
128900 18516 639644 18480 649356
129000 18529 640167 18499 649833
129100 18543 640705 18512 650295
129200 18556 641200 18530 650800
129300 18572 641702 18546 651298
129400 18594 642207 18552 651793
129500 18606 642707 18565 652293
129600 18618 643218 18583 652782
129700 18633 643708 18593 653292
129800 18651 644183 18602 653817
129900 18664 644673 18609 654327
130000 18676 645182 18617 654818
130100 18695 645686 18631 655314
130200 18707 646148 18646 655852
130300 18712 646675 18664 656325
130400 18726 647171 18673 656829
130500 18742 647587 18682 657413
130600 18766 648005 18702 657995
130700 18776 648456 18717 658544
130800 18790 648943 18732 659057
130900 18813 649479 18751 659521
131000 18829 649997 18759 660003
131100 18843 650560 18773 660440
131200 18861 651137 18785 660863
131300 18874 651575 18801 661425
131400 18894 652049 18813 661951
131500 18902 652542 18820 662458
131600 18912 653040 18834 662960
131700 18930 653563 18849 663437
131800 18942 654048 18868 663952
131900 18958 654566 18888 664434
132000 18966 655017 18905 664983
132100 18983 655498 18927 665502
132200 18999 656016 18943 665984
132300 19014 656462 18954 666538
132400 19030 656976 18974 667024
132500 19039 657506 18984 667494
132600 19056 657961 19000 668039
132700 19072 658403 19014 668597
132800 19081 658918 19019 669082
132900 19105 659414 19038 669586
133000 19122 659989 19049 670011
133100 19140 660461 19062 670539
133200 19149 660949 19070 671051
133300 19160 661462 19084 671538
133400 19167 661959 19095 672041
133500 19183 662436 19112 672564
133600 19198 662880 19128 673120
133700 19215 663392 19142 673608
133800 19229 663839 19150 674161
133900 19249 664392 19166 674608
134000 19258 664831 19181 675169
134100 19272 665372 19197 675628
134200 19286 665890 19220 676110
134300 19296 666357 19232 676643
134400 19305 666897 19243 677103
134500 19321 667468 19251 677532
134600 19335 668019 19259 677981
134700 19343 668549 19273 678451
134800 19363 669110 19285 678890
134900 19378 669571 19294 679429
135000 19390 670043 19305 679957
135100 19407 670539 19330 680461
135200 19418 671059 19345 680941
135300 19430 671572 19355 681428
135400 19444 672079 19373 681921
135500 19459 672576 19390 682424
135600 19472 673121 19405 682879
135700 19484 673595 19414 683405
135800 19497 674047 19423 683953
135900 19515 674595 19440 684405
136000 19525 675109 19452 684891
136100 19541 675630 19466 685370
136200 19558 676121 19473 685879
136300 19577 676596 19491 686404
136400 19587 677017 19502 686983
136500 19607 677481 19513 687519
136600 19620 678017 19523 687983
136700 19632 678518 19538 688482
136800 19648 679089 19549 688911
136900 19664 679560 19561 689440
137000 19675 680057 19578 689943
137100 19693 680570 19594 690430
137200 19709 681098 19607 690902
137300 19722 681598 19627 691402
137400 19733 682132 19638 691868
137500 19747 682605 19658 692395
137600 19761 683084 19669 692916
137700 19769 683558 19684 693442
137800 19775 684036 19694 693964
137900 19781 684497 19706 694503
138000 19798 684975 19721 695025
138100 19810 685499 19731 695501
138200 19830 686044 19749 695956
138300 19842 686516 19758 696484
138400 19856 686977 19775 697023
138500 19867 687449 19790 697551
138600 19876 687920 19800 698080
138700 19891 688440 19814 698560
138800 19901 688916 19826 699084
138900 19906 689423 19839 699577
139000 19912 689877 19852 700123
139100 19929 690381 19870 700619
139200 19943 690833 19886 701167
139300 19954 691313 19901 701687
139400 19968 691810 19914 702190
139500 19985 692335 19925 702665
139600 19999 692817 19939 703183
139700 20009 693318 19949 703682
139800 20026 693789 19958 704211
139900 20039 694274 19978 704726
140000 20048 694732 19991 705268
140100 20058 695173 20000 705827
140200 20071 695658 20012 706342
140300 20081 696164 20028 706836
140400 20096 696672 20037 707328
140500 20112 697119 20049 707881
140600 20126 697544 20059 708456
140700 20139 697978 20075 709022
140800 20147 698541 20088 709459
140900 20169 699090 20105 709910
141000 20184 699541 20116 710459
141100 20197 700036 20130 710964
141200 20216 700563 20147 711437
141300 20232 701096 20163 711904
141400 20239 701650 20174 712350
141500 20252 702045 20184 712955
141600 20262 702565 20192 713435
141700 20273 703095 20210 713905
141800 20289 703647 20228 714353
141900 20303 704122 20245 714878
142000 20323 704612 20258 715388
142100 20332 705135 20267 715865
142200 20339 705602 20285 716398
142300 20350 706115 20293 716885
142400 20364 706631 20314 717369
142500 20373 707172 20325 717828
142600 20390 707727 20336 718273
142700 20405 708252 20353 718748
142800 20418 708770 20364 719230
142900 20429 709279 20378 719721
143000 20441 709729 20388 720271
143100 20446 710238 20403 720762
143200 20462 710747 20420 721253
143300 20478 711246 20443 721754
143400 20489 711700 20455 722300
143500 20500 712226 20471 722774
143600 20516 712699 20487 723301
143700 20526 713177 20494 723823
143800 20546 713716 20504 724284
143900 20558 714228 20516 724772
144000 20576 714769 20529 725231
144100 20587 715359 20539 725641
144200 20598 715916 20562 726084
144300 20612 716346 20580 726654
144400 20626 716833 20593 727167
144500 20642 717324 20613 727676
144600 20658 717833 20627 728167
144700 20673 718380 20649 728620
144800 20691 718821 20664 729179
144900 20703 719332 20676 729668
145000 20717 719877 20688 730123
145100 20735 720353 20706 730647
145200 20746 720879 20720 731121
145300 20761 721410 20735 731590
145400 20776 721897 20744 732103
145500 20794 722395 20758 732605
145600 20808 722839 20766 733161
145700 20827 723358 20777 733642
145800 20844 723825 20794 734175
145900 20858 724311 20804 734689
146000 20876 724818 20814 735182
146100 20894 725350 20822 735650
146200 20904 725804 20834 736196
146300 20914 726366 20852 736634
146400 20926 726907 20863 737093
146500 20934 727440 20873 737560
146600 20948 728000 20886 738000
146700 20965 728528 20900 738472
146800 20981 729104 20917 738896
146900 20998 729616 20929 739384
147000 21017 730098 20946 739902
147100 21029 730557 20958 740443
147200 21045 731068 20973 740932
147300 21063 731599 20990 741401
147400 21081 732038 21010 741962
147500 21093 732579 21028 742421
147600 21111 733034 21041 742966
147700 21135 733531 21055 743469
147800 21152 734049 21068 743951
147900 21170 734493 21085 744507
148000 21186 735040 21101 744960
148100 21197 735469 21114 745531
148200 21210 735977 21129 746023
148300 21221 736496 21142 746504
148400 21240 736998 21150 747002
148500 21259 737544 21163 747456
148600 21272 738058 21177 747942
148700 21280 738560 21192 748440
148800 21294 739082 21201 748918
148900 21307 739571 21211 749429
149000 21319 740064 21220 749936
149100 21330 740588 21236 750412
149200 21345 741087 21248 750913
149300 21357 741631 21263 751369
149400 21372 742113 21276 751887
149500 21386 742654 21293 752346
149600 21392 743131 21308 752869
149700 21405 743550 21313 753450
149800 21415 744036 21326 753964
149900 21424 744513 21346 754487
150000 21439 745074 21363 754926
150100 21449 745557 21373 755443
150200 21460 746038 21392 755962
150300 21479 746437 21411 756563
150400 21493 746916 21424 757084
150500 21504 747390 21438 757610
150600 21515 747827 21448 758173
150700 21525 748297 21457 758703
150800 21546 748782 21472 759218
150900 21558 749301 21489 759699
151000 21566 749821 21507 760179
151100 21573 750355 21515 760645
151200 21582 750825 21530 761175
151300 21596 751273 21540 761727
151400 21611 751793 21558 762207
151500 21625 752309 21567 762691
151600 21634 752755 21583 763245
151700 21657 753298 21600 763702
151800 21672 753782 21620 764218
151900 21689 754327 21629 764673
152000 21702 754801 21643 765199
152100 21711 755238 21657 765762
152200 21728 755720 21674 766280
152300 21742 756216 21694 766784
152400 21760 756703 21713 767297
152500 21779 757203 21728 767797
152600 21789 757655 21742 768345
152700 21797 758155 21750 768845
152800 21811 758650 21768 769350
152900 21833 759148 21785 769852
153000 21842 759604 21806 770396
153100 21857 760071 21820 770929
153200 21874 760537 21826 771463
153300 21884 761006 21837 771994
153400 21899 761534 21848 772466
153500 21914 762051 21866 772949
153600 21932 762588 21879 773412
153700 21949 763099 21895 773901
153800 21964 763585 21906 774415
153900 21979 764063 21919 774937
154000 21998 764556 21933 775444
154100 22012 765060 21942 775940
154200 22021 765533 21953 776467
154300 22032 766026 21967 776974
154400 22043 766564 21974 777436
154500 22057 767082 21982 777918
154600 22075 767562 22000 778438
154700 22089 768072 22013 778928
154800 22101 768576 22023 779424
154900 22114 769096 22031 779904
155000 22133 769547 22046 780453
155100 22149 770019 22065 780981
155200 22165 770464 22077 781536
155300 22177 770985 22089 782015
155400 22184 771462 22100 782538
155500 22196 771954 22113 783046
155600 22205 772421 22125 783579
155700 22217 772788 22137 784212
155800 22230 773229 22147 784771
155900 22238 773744 22165 785256
156000 22252 774255 22180 785745
156100 22268 774719 22189 786281
156200 22284 775269 22202 786731
156300 22297 775705 22212 787295
156400 22316 776251 22227 787749
156500 22333 776778 22234 788222
156600 22346 777249 22255 788751
156700 22362 777791 22267 789209
156800 22375 778311 22282 789689
156900 22391 778803 22294 790197
157000 22411 779285 22305 790715
157100 22424 779735 22318 791265
157200 22438 780242 22332 791758
157300 22446 780744 22343 792256
157400 22464 781245 22361 792755
157500 22475 781778 22372 793222
157600 22491 782243 22388 793757
157700 22505 782695 22402 794305
157800 22517 783162 22410 794838
157900 22528 783638 22425 795362
158000 22543 784076 22437 795924
158100 22559 784544 22457 796456
158200 22576 785026 22485 796974
158300 22593 785504 22496 797496
158400 22612 786011 22512 797989
158500 22624 786529 22520 798471
158600 22636 787022 22535 798978
158700 22651 787488 22550 799512
158800 22660 787993 22566 800007
158900 22682 788538 22583 800462
159000 22696 789020 22592 800980
159100 22709 789564 22605 801436
159200 22722 790000 22616 802000
159300 22738 790531 22636 802469
159400 22753 791012 22645 802988
159500 22766 791486 22667 803514
159600 22776 791950 22683 804050
159700 22789 792462 22693 804538
159800 22805 792979 22709 805021
159900 22818 793453 22720 805547
160000 22825 793931 22733 806069
160100 22841 794472 22741 806528
160200 22864 794973 22760 807027
160300 22877 795486 22777 807514
160400 22888 795995 22791 808005
160500 22903 796544 22807 808456
160600 22919 797047 22824 808953
160700 22942 797552 22836 809448
160800 22953 798014 22847 809986
160900 22968 798458 22866 810542
161000 22979 798944 22878 811056
161100 22993 799418 22893 811582
161200 22999 799854 22906 812146
161300 23015 800334 22921 812666
161400 23031 800801 22927 813199
161500 23035 801288 22939 813712
161600 23050 801801 22947 814199
161700 23063 802268 22966 814732
161800 23082 802734 22980 815266
161900 23106 803257 22999 815743
162000 23119 803796 23009 816204
162100 23130 804338 23022 816662
162200 23144 804829 23031 817171
162300 23156 805339 23048 817661
162400 23175 805802 23055 818198
162500 23186 806297 23075 818703
162600 23201 806803 23084 819197
162700 23216 807301 23093 819699
162800 23233 807750 23111 820250
162900 23243 808196 23124 820804
163000 23259 808641 23143 821359
163100 23269 809103 23152 821897
163200 23287 809698 23169 822302
163300 23301 810204 23192 822796
163400 23311 810701 23207 823299
163500 23322 811196 23219 823804
163600 23330 811636 23228 824364
163700 23352 812113 23240 824887
163800 23364 812554 23256 825446
163900 23379 813028 23266 825972
164000 23393 813504 23278 826496
164100 23407 814013 23298 826987
164200 23419 814544 23311 827456
164300 23438 815064 23321 827936
164400 23453 815513 23331 828487
164500 23463 816015 23347 828985
164600 23474 816567 23355 829433
164700 23487 817091 23366 829909
164800 23501 817650 23376 830350
164900 23516 818074 23386 830926
165000 23533 818553 23401 831447
165100 23546 819050 23423 831950
165200 23556 819577 23431 832423
165300 23567 820093 23444 832907
165400 23577 820570 23451 833430
165500 23586 821080 23465 833920
165600 23597 821585 23479 834415
165700 23616 822100 23495 834900
165800 23635 822566 23513 835434
165900 23654 823042 23527 835958
166000 23667 823512 23549 836488
166100 23680 824038 23563 836962
166200 23698 824562 23577 837438
166300 23711 825049 23591 837951
166400 23726 825510 23610 838490
166500 23737 826017 23625 838983
166600 23744 826529 23633 839471
166700 23755 827034 23649 839966
166800 23772 827575 23671 840425
166900 23781 828133 23689 840867
167000 23795 828615 23705 841385
167100 23812 829142 23720 841858
167200 23835 829655 23743 842345
167300 23852 830097 23753 842903
167400 23865 830556 23763 843444
167500 23879 831030 23780 843970
167600 23890 831599 23799 844401
167700 23895 832093 23813 844907
167800 23905 832659 23826 845341
167900 23916 833189 23844 845811
168000 23931 833640 23856 846360
168100 23949 834145 23869 846855
168200 23960 834707 23892 847293
168300 23978 835248 23906 847752
168400 23990 835700 23919 848300
168500 24002 836244 23934 848756
168600 24011 836746 23944 849254
168700 24023 837196 23955 849804
168800 24038 837752 23972 850248
168900 24051 838322 23985 850678
169000 24066 838826 23997 851174
169100 24084 839338 24019 851662
169200 24097 839882 24032 852118
169300 24124 840396 24053 852604
169400 24134 840892 24070 853108
169500 24148 841348 24089 853652
169600 24167 841793 24108 854207
169700 24174 842258 24119 854742
169800 24181 842761 24125 855239
169900 24194 843208 24139 855792
170000 24208 843781 24152 856219
170100 24221 844280 24168 856720
170200 24229 844814 24180 857186
170300 24258 845348 24199 857652
170400 24274 845847 24211 858153
170500 24285 846406 24220 858594
170600 24303 846909 24246 859091
170700 24324 847414 24265 859586
170800 24340 847861 24278 860139
170900 24357 848347 24299 860653
171000 24380 848878 24314 861122
171100 24398 849284 24319 861716
171200 24417 849787 24340 862213
171300 24427 850208 24348 862792
171400 24443 850721 24367 863279
171500 24458 851211 24383 863789
171600 24466 851742 24389 864258
171700 24484 852222 24404 864778
171800 24499 852784 24419 865216
171900 24507 853324 24429 865676
172000 24519 853842 24440 866158
172100 24538 854389 24453 866611
172200 24551 854812 24462 867188
172300 24569 855374 24479 867626
172400 24576 855877 24493 868123
172500 24591 856406 24511 868594
172600 24605 856967 24523 869033
172700 24627 857388 24538 869612
172800 24647 857844 24553 870156
172900 24661 858347 24560 870653
173000 24677 858901 24571 871099
173100 24691 859335 24582 871665
173200 24702 859858 24597 872142
173300 24726 860323 24615 872677
173400 24746 860851 24629 873149
173500 24760 861370 24644 873630
173600 24773 861882 24658 874118
173700 24794 862433 24676 874567
173800 24806 862973 24685 875027
173900 24821 863457 24703 875543
174000 24835 863969 24723 876031
174100 24843 864394 24736 876606
174200 24854 864883 24759 877117
174300 24875 865341 24769 877659
174400 24888 865865 24790 878135
174500 24896 866413 24801 878587
174600 24910 866888 24808 879112
174700 24921 867359 24824 879641
174800 24939 867879 24833 880121
174900 24949 868384 24843 880616
175000 24968 868893 24857 881107
175100 24984 869366 24875 881634
175200 25001 869806 24901 882194
175300 25014 870266 24911 882734
175400 25025 870802 24922 883198
175500 25038 871305 24930 883695
175600 25060 871766 24938 884234
175700 25069 872230 24947 884770
175800 25085 872699 24958 885301
175900 25098 873138 24980 885862
176000 25117 873697 24996 886303
176100 25129 874249 25006 886751
176200 25143 874785 25023 887215
176300 25157 875301 25042 887699
176400 25166 875780 25052 888220
176500 25182 876313 25064 888687
176600 25195 876821 25077 889179
176700 25206 877303 25089 889697
176800 25214 877753 25096 890247
176900 25221 878270 25109 890730
177000 25241 878790 25127 891210
177100 25254 879269 25141 891731
177200 25270 879776 25152 892224
177300 25279 880333 25161 892667
177400 25286 880841 25171 893159
177500 25299 881347 25181 893653
177600 25307 881801 25190 894199
177700 25321 882346 25207 894654
177800 25332 882897 25219 895103
177900 25346 883378 25233 895622
178000 25364 883849 25246 896151
178100 25375 884371 25258 896629
178200 25385 884852 25273 897148
178300 25398 885297 25285 897703
178400 25406 885769 25293 898231
178500 25418 886285 25306 898715
178600 25435 886769 25321 899231
178700 25455 887300 25339 899700
178800 25465 887814 25346 900186
178900 25473 888311 25348 900689
179000 25481 888823 25364 901177
179100 25492 889289 25376 901711
179200 25501 889803 25392 902197
179300 25513 890322 25404 902678
179400 25524 890816 25420 903184
179500 25538 891335 25437 903665
179600 25550 891780 25445 904220
179700 25566 892341 25460 904659
179800 25576 892829 25477 905171
179900 25591 893313 25492 905687
180000 25616 893772 25510 906228
180100 25628 894248 25522 906752
180200 25647 894775 25532 907225
180300 25662 895253 25546 907747
180400 25681 895765 25558 908235
180500 25699 896294 25568 908706
180600 25710 896766 25583 909234
180700 25724 897262 25593 909738
180800 25735 897796 25601 910204
180900 25744 898313 25614 910687
181000 25756 898768 25623 911232
181100 25771 899274 25636 911726
181200 25781 899770 25650 912230
181300 25798 900205 25661 912795
181400 25807 900670 25674 913330
181500 25822 901182 25687 913818
181600 25837 901684 25704 914316
181700 25851 902233 25717 914767
181800 25865 902742 25735 915258
181900 25885 903209 25746 915791
182000 25895 903727 25757 916273
182100 25909 904183 25774 916817
182200 25922 904656 25787 917344
182300 25927 905115 25795 917885
182400 25947 905587 25817 918413
182500 25958 906125 25829 918875
182600 25976 906643 25844 919357
182700 25988 907178 25858 919822
182800 26002 907660 25871 920340
182900 26024 908195 25881 920805
183000 26034 908733 25891 921267
183100 26043 909283 25899 921717
183200 26051 909767 25909 922233
183300 26066 910229 25930 922771
183400 26074 910635 25947 923365
183500 26091 911138 25955 923862
183600 26109 911557 25972 924443
183700 26122 912061 25987 924939
183800 26128 912523 25993 925477
183900 26145 913010 26002 925990
184000 26159 913426 26011 926574
184100 26171 913903 26025 927097
184200 26181 914402 26044 927598
184300 26192 914933 26054 928067
184400 26211 915451 26067 928549
184500 26223 915949 26079 929051
184600 26234 916474 26098 929526
184700 26250 916922 26106 930078
184800 26266 917422 26115 930578
184900 26282 917869 26129 931131
185000 26303 918332 26147 931668
185100 26317 918788 26169 932212
185200 26332 919313 26181 932687
185300 26342 919859 26194 933141
185400 26358 920429 26204 933571
185500 26371 920922 26221 934078
185600 26384 921410 26240 934590
185700 26408 921919 26262 935081
185800 26425 922401 26270 935599
185900 26436 922972 26280 936028
186000 26445 923522 26291 936478
186100 26463 924012 26302 936988
186200 26475 924493 26313 937507
186300 26484 925009 26328 937991
186400 26507 925506 26343 938494
186500 26514 926029 26349 938971
186600 26533 926557 26364 939443
186700 26544 927087 26387 939913
186800 26557 927627 26396 940373
186900 26573 928074 26409 940926
187000 26593 928564 26424 941436
187100 26605 929094 26439 941906
187200 26620 929533 26456 942467
187300 26642 930052 26474 942948
187400 26660 930597 26484 943403
187500 26671 931098 26499 943902
187600 26681 931553 26514 944447
187700 26690 931971 26524 945029
187800 26700 932446 26533 945554
187900 26714 932947 26556 946053
188000 26726 933412 26566 946588
188100 26734 933875 26571 947125
188200 26753 934366 26586 947634
188300 26769 934921 26604 948079
188400 26783 935470 26616 948530
188500 26800 935964 26628 949036
188600 26816 936414 26642 949586
188700 26830 936905 26654 950095
188800 26844 937395 26666 950605
188900 26858 937826 26670 951174
189000 26872 938293 26683 951707
189100 26888 938727 26698 952273
189200 26906 939204 26705 952796
189300 26921 939787 26719 953213
189400 26937 940269 26736 953731
189500 26966 940796 26756 954204
189600 26977 941287 26767 954713
189700 26991 941826 26778 955174
189800 27009 942316 26797 955684
189900 27018 942772 26810 956228
190000 27037 943304 26826 956696
190100 27051 943872 26837 957128
190200 27063 944324 26849 957676
190300 27081 944830 26867 958170
190400 27092 945300 26876 958700
190500 27096 945747 26887 959253
190600 27111 946252 26902 959748
190700 27124 946718 26914 960282
190800 27139 947228 26927 960772
190900 27151 947766 26947 961234
191000 27164 948230 26958 961770
191100 27179 948701 26966 962299
191200 27193 949173 26983 962827
191300 27210 949643 26997 963357
191400 27224 950105 27013 963895
191500 27241 950610 27028 964390
191600 27258 951143 27044 964857
191700 27274 951709 27057 965291
191800 27286 952197 27067 965803
191900 27296 952667 27083 966333
192000 27313 953151 27094 966849
192100 27329 953633 27118 967367
192200 27343 954141 27134 967859
192300 27352 954627 27148 968373
192400 27361 955113 27167 968887
192500 27376 955646 27179 969354
192600 27385 956075 27187 969925
192700 27400 956549 27197 970451
192800 27416 957071 27206 970929
192900 27427 957572 27220 971428
193000 27441 958105 27234 971895
193100 27455 958652 27260 972348
193200 27489 959194 27280 972806
193300 27505 959663 27299 973337
193400 27526 960135 27312 973865
193500 27540 960600 27330 974400
193600 27556 961105 27341 974895
193700 27573 961611 27360 975389
193800 27585 962143 27374 975857
193900 27598 962655 27388 976345
194000 27619 963188 27407 976812
194100 27627 963751 27419 977249
194200 27643 964224 27436 977776
194300 27663 964744 27455 978256
194400 27673 965213 27469 978787
194500 27690 965750 27485 979250
194600 27711 966282 27496 979718
194700 27728 966802 27510 980198
194800 27749 967301 27524 980699
194900 27758 967761 27536 981239
195000 27772 968255 27547 981745
195100 27796 968711 27562 982289
195200 27804 969246 27577 982754
195300 27821 969767 27591 983233
195400 27830 970280 27603 983720
195500 27836 970769 27619 984231
195600 27846 971203 27631 984797
195700 27856 971671 27640 985329
195800 27862 972185 27651 985815
195900 27884 972750 27666 986250
196000 27894 973205 27675 986795
196100 27904 973725 27687 987275
196200 27920 974187 27702 987813
196300 27939 974704 27722 988296
196400 27958 975213 27742 988787
196500 27970 975746 27756 989254
196600 27979 976234 27770 989766
196700 27998 976780 27792 990220
196800 28011 977296 27800 990704
196900 28024 977819 27814 991181
197000 28045 978288 27824 991712
197100 28052 978707 27836 992293
197200 28074 979159 27847 992841
197300 28090 979678 27862 993322
197400 28099 980228 27886 993772
197500 28118 980724 27901 994276
197600 28133 981216 27918 994784
197700 28151 981687 27940 995313
197800 28173 982194 27966 995806
197900 28189 982741 27972 996259
198000 28198 983237 27990 996763
198100 28208 983717 28004 997283
198200 28221 984264 28018 997736
198300 28238 984749 28031 998251
198400 28257 985275 28047 998725
198500 28265 985808 28053 999192
198600 28282 986310 28075 999690
198700 28297 986813 28088 1000187
198800 28319 987268 28094 1000732
198900 28332 987726 28106 1001274
199000 28352 988242 28122 1001758
199100 28371 988758 28139 1002242
199200 28387 989276 28151 1002724
199300 28399 989813 28161 1003187
199400 28413 990336 28178 1003664
199500 28424 990789 28189 1004211
199600 28434 991263 28200 1004737
199700 28445 991801 28216 1005199
199800 28457 992297 28233 1005703
199900 28469 992839 28249 1006161
200000 28481 993308 28265 1006692
