#! FIELDS timestep dup_succ dup_attempts kill_succ kill_attempts
#! SET timestep 0.5
#! SET kernel_bandwidth [0.4 0.4]
#! SET kt 1.0
100 70 260 95 740
200 153 567 204 1433
300 252 896 331 2104
400 341 1328 455 2672
500 427 1851 522 3149
600 473 2393 569 3607
700 496 2960 603 4040
800 511 3491 621 4509
900 520 3979 645 5021
1000 536 4530 655 5470
1100 542 4993 661 6007
1200 549 5488 668 6512
1300 553 6017 679 6983
1400 561 6546 689 7454
1500 576 7022 697 7978
1600 583 7492 716 8508
1700 585 8016 724 8984
1800 597 8519 732 9481
1900 608 9060 745 9940
2000 619 9498 752 10502
2100 628 9998 760 11002
2200 642 10449 770 11551
2300 648 10938 779 12062
2400 652 11413 787 12587
2500 664 11941 793 13059
2600 670 12506 803 13494
2700 677 12933 812 14067
2800 686 13434 824 14566
2900 695 13850 832 15150
3000 706 14321 841 15679
3100 714 14798 849 16202
3200 722 15348 863 16652
3300 731 15888 871 17112
3400 746 16417 883 17583
3500 757 16885 898 18115
3600 774 17350 906 18650
3700 783 17861 913 19139
3800 789 18395 920 19605
3900 802 18873 931 20127
4000 810 19280 947 20720
4100 821 19780 955 21220
4200 835 20278 960 21722
4300 844 20737 969 22263
4400 856 21272 985 22728
4500 873 21788 995 23212
4600 880 22252 1004 23748
4700 892 22749 1025 24251
4800 908 23254 1035 24746
4900 915 23704 1044 25296
5000 922 24208 1055 25792
5100 930 24736 1066 26264
5200 940 25245 1072 26755
5300 950 25807 1083 27193
5400 959 26332 1091 27668
5500 968 26842 1099 28158
5600 972 27325 1108 28675
5700 981 27806 1123 29194
5800 989 28357 1131 29643
5900 995 28838 1135 30162
6000 1005 29333 1142 30667
6100 1008 29791 1155 31209
6200 1020 30315 1168 31685
6300 1027 30836 1176 32164
6400 1044 31356 1184 32644
6500 1059 31854 1193 33146
6600 1070 32316 1202 33684
6700 1077 32787 1216 34213
6800 1089 33292 1223 34708
6900 1097 33735 1236 35265
7000 1103 34144 1243 35856
7100 1110 34640 1248 36360
7200 1116 35113 1259 36887
7300 1122 35587 1267 37413
7400 1131 36108 1278 37892
7500 1138 36576 1283 38424
7600 1144 37031 1288 38969
7700 1154 37616 1296 39384
7800 1163 38085 1306 39915
7900 1178 38554 1317 40446
8000 1190 39093 1325 40907
8100 1199 39640 1331 41360
8200 1212 40107 1339 41893
8300 1217 40570 1346 42430
8400 1229 41150 1356 42850
8500 1234 41691 1369 43309
8600 1244 42177 1377 43823
8700 1254 42693 1389 44307
8800 1267 43226 1403 44774
8900 1271 43770 1410 45230
9000 1278 44294 1419 45706
9100 1290 44816 1427 46184
9200 1295 45260 1439 46740
9300 1304 45767 1444 47233
9400 1309 46190 1454 47810
9500 1317 46684 1459 48316
9600 1333 47109 1472 48891
9700 1347 47614 1478 49386
9800 1362 48149 1489 49851
9900 1369 48628 1509 50372
10000 1387 49099 1522 50901
10100 1405 49636 1538 51364
10200 1414 50089 1552 51911
10300 1427 50526 1567 52474
10400 1440 51024 1573 52976
10500 1453 51554 1590 53446
10600 1464 52016 1605 53984
10700 1470 52474 1611 54526
10800 1480 53066 1622 54934
10900 1493 53635 1632 55365
11000 1501 54159 1645 55841
11100 1505 54740 1658 56260
11200 1515 55344 1669 56656
11300 1524 55842 1678 57158
11400 1533 56407 1691 57593
11500 1548 56871 1697 58129
11600 1565 57393 1705 58607
11700 1571 57881 1715 59119
11800 1579 58429 1723 59571
11900 1589 58919 1733 60081
12000 1602 59445 1742 60555
12100 1615 59983 1750 61017
12200 1629 60493 1760 61507
12300 1633 60986 1767 62014
12400 1644 61441 1773 62559
12500 1647 61938 1783 63062
12600 1654 62516 1790 63484
12700 1660 62972 1795 64028
12800 1674 63461 1810 64539
12900 1682 63882 1818 65118
13000 1686 64475 1828 65525
13100 1693 64961 1844 66039
13200 1709 65415 1854 66585
13300 1725 65951 1864 67049
13400 1736 66401 1871 67599
13500 1747 66876 1874 68124
13600 1756 67420 1881 68580
13700 1764 67929 1888 69071
13800 1777 68460 1902 69540
13900 1785 69020 1909 69980
14000 1793 69419 1913 70581
14100 1805 69966 1926 71034
14200 1816 70470 1938 71530
14300 1829 71002 1953 71998
14400 1841 71409 1964 72591
14500 1853 71862 1975 73138
14600 1861 72367 1982 73633
14700 1866 72850 1991 74150
14800 1881 73302 2003 74698
14900 1895 73736 2011 75264
15000 1903 74295 2016 75705
15100 1915 74776 2022 76224
15200 1929 75202 2035 76798
15300 1936 75728 2035 77272
15400 1946 76201 2049 77799
15500 1951 76795 2056 78205
15600 1957 77248 2065 78752
15700 1960 77913 2071 79087
15800 1974 78465 2081 79535
15900 1982 78891 2097 80109
16000 1999 79347 2104 80653
16100 2007 79804 2116 81196
16200 2017 80347 2126 81653
16300 2021 80873 2137 82127
16400 2030 81416 2146 82584
16500 2038 81983 2155 83017
16600 2047 82484 2163 83516
16700 2059 82981 2173 84019
16800 2065 83464 2177 84536
16900 2078 83957 2190 85043
17000 2085 84420 2200 85580
17100 2094 84914 2208 86086
17200 2100 85464 2215 86536
17300 2110 85936 2223 87064
17400 2118 86442 2233 87558
17500 2126 86992 2243 88008
17600 2130 87528 2252 88472
17700 2138 87942 2257 89058
17800 2150 88410 2269 89590
17900 2154 88859 2283 90141
18000 2163 89343 2287 90657
18100 2166 89779 2295 91221
18200 2173 90285 2304 91715
18300 2179 90801 2314 92199
18400 2188 91277 2324 92723
18500 2201 91855 2342 93145
18600 2212 92289 2360 93711
18700 2216 92736 2364 94264
18800 2227 93221 2369 94779
18900 2237 93725 2375 95275
19000 2245 94164 2387 95836
19100 2254 94619 2394 96381
19200 2268 95046 2400 96954
19300 2280 95541 2410 97459
19400 2286 96032 2418 97968
19500 2294 96513 2433 98487
19600 2308 97026 2440 98974
19700 2318 97490 2451 99510
19800 2329 98026 2461 99974
19900 2343 98582 2465 100418
20000 2361 99056 2477 100944
20100 2378 99525 2492 101475
20200 2387 100057 2501 101943
20300 2401 100590 2510 102410
20400 2409 101102 2520 102898
20500 2413 101640 2531 103360
20600 2428 102191 2548 103809
20700 2436 102737 2556 104263
20800 2443 103245 2566 104755
20900 2454 103726 2570 105274
21000 2461 104156 2575 105844
21100 2471 104659 2583 106341
21200 2478 105131 2589 106869
21300 2484 105576 2596 107424
21400 2494 106122 2607 107878
21500 2507 106501 2616 108499
21600 2514 106921 2622 109079
21700 2524 107430 2632 109570
21800 2536 107900 2647 110100
21900 2546 108447 2654 110553
22000 2551 108955 2660 111045
22100 2565 109447 2670 111553
22200 2575 109888 2672 112112
22300 2581 110389 2683 112611
22400 2596 110937 2696 113063
22500 2603 111523 2705 113477
22600 2610 111995 2712 114005
22700 2617 112445 2721 114555
22800 2625 112996 2727 115004
22900 2636 113530 2737 115470
23000 2638 113949 2743 116051
23100 2649 114548 2750 116452
23200 2659 115090 2761 116910
23300 2675 115580 2770 117420
23400 2692 116050 2784 117950
23500 2702 116545 2794 118455
23600 2710 117102 2807 118898
23700 2726 117585 2812 119415
23800 2731 118033 2820 119967
23900 2747 118563 2827 120437
24000 2758 119066 2836 120934
24100 2770 119620 2847 121380
24200 2779 120060 2856 121940
24300 2787 120508 2862 122492
24400 2798 120999 2879 123001
24500 2804 121474 2889 123526
24600 2812 121931 2897 124069
24700 2819 122415 2909 124585
24800 2829 122838 2917 125162
24900 2841 123319 2930 125681
25000 2854 123836 2938 126164
25100 2872 124298 2952 126702
25200 2877 124706 2962 127294
25300 2890 125121 2972 127879
25400 2900 125617 2978 128383
25500 2907 126167 2991 128833
25600 2913 126676 3000 129324
25700 2923 127189 3008 129811
25800 2935 127626 3019 130374
25900 2944 128080 3026 130920
26000 2948 128569 3039 131431
26100 2960 128987 3049 132013
26200 2969 129484 3059 132516
26300 2978 129944 3069 133056
26400 2982 130441 3083 133559
26500 2988 130895 3090 134105
26600 2996 131362 3096 134638
26700 3003 131845 3104 135155
26800 3020 132304 3108 135696
26900 3030 132750 3119 136250
27000 3038 133293 3126 136707
27100 3051 133836 3134 137164
27200 3061 134321 3142 137679
27300 3071 134858 3151 138142
27400 3082 135360 3162 138640
27500 3090 135910 3174 139090
27600 3101 136414 3178 139586
27700 3112 136964 3187 140036
27800 3123 137460 3198 140540
27900 3133 137918 3206 141082
28000 3143 138383 3213 141617
28100 3155 138893 3218 142107
28200 3162 139371 3222 142629
28300 3168 139897 3236 143103
28400 3184 140410 3248 143590
28500 3193 141008 3256 143992
28600 3201 141484 3265 144516
28700 3212 141985 3275 145015
28800 3219 142508 3289 145492
28900 3224 143002 3297 145998
29000 3231 143458 3302 146542
29100 3239 144015 3317 146985
29200 3247 144587 3322 147413
29300 3250 145080 3331 147920
29400 3263 145588 3339 148412
29500 3271 146081 3346 148919
29600 3279 146591 3355 149409
29700 3285 147123 3361 149877
29800 3290 147599 3370 150401
29900 3302 148108 3377 150892
30000 3318 148699 3385 151301
30100 3324 149226 3392 151774
30200 3332 149771 3397 152229
30300 3340 150265 3409 152735
30400 3352 150802 3421 153198
30500 3364 151283 3430 153717
30600 3377 151853 3434 154147
30700 3382 152332 3449 154668
30800 3393 152798 3457 155202
30900 3399 153372 3468 155628
31000 3407 153930 3473 156070
31100 3413 154409 3483 156591
31200 3422 154915 3495 157085
31300 3433 155425 3504 157575
31400 3443 155925 3511 158075
31500 3451 156378 3522 158622
31600 3456 156795 3528 159205
31700 3466 157267 3537 159733
31800 3475 157786 3542 160214
31900 3485 158292 3557 160708
32000 3497 158800 3572 161200
32100 3507 159354 3584 161646
32200 3514 159813 3590 162187
32300 3522 160284 3599 162716
32400 3532 160748 3608 163252
32500 3541 161196 3612 163804
32600 3550 161649 3619 164351
32700 3559 162081 3632 164919
32800 3569 162511 3638 165489
32900 3580 163027 3646 165973
33000 3585 163533 3660 166467
33100 3596 163982 3670 167018
33200 3612 164459 3679 167541
33300 3624 164965 3693 168035
33400 3632 165425 3707 168575
33500 3640 165908 3717 169092
33600 3654 166407 3726 169593
33700 3663 166892 3735 170108
33800 3677 167400 3742 170600
33900 3683 167833 3749 171167
34000 3686 168358 3761 171642
34100 3697 168837 3779 172163
34200 3707 169332 3789 172668
34300 3716 169804 3793 173196
34400 3721 170363 3801 173637
34500 3728 170839 3813 174161
34600 3738 171317 3819 174683
34700 3743 171838 3827 175162
34800 3746 172378 3833 175622
34900 3751 172866 3846 176134
35000 3763 173312 3855 176688
35100 3771 173859 3865 177141
35200 3782 174344 3871 177656
35300 3788 174905 3878 178095
35400 3803 175479 3888 178521
35500 3810 176085 3901 178915
35600 3821 176607 3913 179393
35700 3835 177138 3924 179862
35800 3842 177656 3928 180344
35900 3852 178138 3934 180862
36000 3862 178736 3943 181264
36100 3871 179190 3952 181810
36200 3881 179658 3961 182342
36300 3888 180217 3972 182783
36400 3894 180711 3979 183289
36500 3906 181129 3986 183871
36600 3912 181655 3991 184345
36700 3917 182196 4004 184804
36800 3923 182694 4015 185306
36900 3931 183215 4027 185785
37000 3936 183680 4031 186320
37100 3948 184155 4039 186845
37200 3959 184684 4045 187316
37300 3970 185192 4055 187808
37400 3980 185668 4062 188332
37500 3983 186051 4072 188949
37600 3994 186608 4080 189392
37700 4010 187093 4087 189907
37800 4017 187636 4097 190364
37900 4022 188157 4105 190843
38000 4032 188705 4114 191295
38100 4040 189235 4126 191765
38200 4045 189698 4144 192302
38300 4059 190214 4151 192786
38400 4068 190816 4167 193184
38500 4070 191297 4177 193703
38600 4076 191809 4183 194191
38700 4080 192252 4191 194748
38800 4093 192767 4203 195233
38900 4096 193244 4208 195756
39000 4115 193666 4217 196334
39100 4122 194217 4235 196783
39200 4136 194694 4250 197306
39300 4151 195137 4259 197863
39400 4163 195578 4266 198422
39500 4169 196051 4272 198949
39600 4177 196558 4281 199442
39700 4182 197030 4284 199970
39800 4193 197552 4290 200448
39900 4200 197956 4300 201044
40000 4215 198423 4305 201577
40100 4233 198962 4312 202038
40200 4242 199572 4324 202428
40300 4252 200090 4331 202910
40400 4260 200628 4338 203372
40500 4266 201172 4348 203828
40600 4273 201725 4362 204275
40700 4281 202226 4371 204774
40800 4287 202795 4381 205205
40900 4300 203350 4386 205650
41000 4308 203901 4398 206099
41100 4320 204388 4407 206612
41200 4333 204883 4414 207117
41300 4341 205376 4422 207624
41400 4349 205837 4431 208163
41500 4360 206315 4446 208685
41600 4369 206775 4454 209225
41700 4379 207290 4466 209710
41800 4394 207754 4480 210246
41900 4409 208242 4490 210758
42000 4419 208828 4499 211172
42100 4440 209271 4514 211729
42200 4454 209753 4529 212247
42300 4462 210210 4538 212790
42400 4478 210737 4547 213263
42500 4490 211210 4563 213790
42600 4504 211757 4572 214243
42700 4518 212249 4585 214751
42800 4529 212759 4593 215241
42900 4538 213225 4601 215775
43000 4548 213692 4610 216308
43100 4554 214102 4615 216898
43200 4565 214576 4624 217424
43300 4572 215127 4639 217873
43400 4582 215581 4643 218419
43500 4587 216098 4651 218902
43600 4598 216625 4660 219375
43700 4610 217136 4665 219864
43800 4620 217647 4676 220353
43900 4627 218172 4686 220828
44000 4636 218678 4700 221322
44100 4643 219210 4712 221790
44200 4659 219741 4722 222259
44300 4667 220162 4732 222838
44400 4676 220561 4741 223439
44500 4688 221110 4751 223890
44600 4700 221579 4765 224421
44700 4705 222000 4774 225000
44800 4716 222442 4787 225558
44900 4730 222904 4792 226096
45000 4741 223404 4799 226596
45100 4750 223877 4815 227123
45200 4761 224338 4823 227662
45300 4768 224871 4832 228129
45400 4785 225387 4845 228613
45500 4803 225945 4859 229055
45600 4810 226431 4869 229569
45700 4816 226914 4878 230086
45800 4830 227381 4887 230619
45900 4838 227797 4893 231203
46000 4852 228233 4902 231767
46100 4865 228634 4911 232366
46200 4875 229114 4920 232886
46300 4885 229624 4926 233376
46400 4892 230155 4934 233845
46500 4900 230665 4951 234335
46600 4906 231130 4952 234870
46700 4911 231717 4967 235283
46800 4923 232218 4977 235782
46900 4938 232718 4993 236282
47000 4947 233235 5001 236765
47100 4953 233708 5012 237292
47200 4969 234219 5027 237781
47300 4977 234647 5045 238353
47400 4988 235088 5051 238912
47500 4996 235622 5061 239378
47600 5001 236109 5067 239891
47700 5013 236578 5077 240422
47800 5019 237083 5084 240917
47900 5038 237576 5100 241424
48000 5049 238107 5110 241893
48100 5053 238593 5117 242407
48200 5066 239047 5128 242953
48300 5081 239569 5142 243431
48400 5093 239973 5153 244027
48500 5097 240469 5161 244531
48600 5104 241020 5166 244980
48700 5113 241576 5172 245424
48800 5127 242110 5179 245890
48900 5132 242616 5194 246384
49000 5140 243154 5202 246846
49100 5148 243646 5212 247354
49200 5156 244127 5224 247873
49300 5164 244690 5235 248310
49400 5176 245175 5240 248825
49500 5190 245692 5254 249308
49600 5205 246239 5262 249761
49700 5218 246721 5270 250279
49800 5220 247174 5281 250826
49900 5232 247580 5291 251420
50000 5246 248138 5305 251862
50100 5257 248644 5310 252356
50200 5263 249178 5316 252822
50300 5272 249700 5321 253300
50400 5290 250199 5339 253801
50500 5305 250738 5350 254262
50600 5312 251219 5358 254781
50700 5319 251761 5374 255239
50800 5328 252190 5379 255810
50900 5338 252664 5390 256336
51000 5347 253162 5398 256838
51100 5355 253645 5403 257355
51200 5364 254145 5416 257855
51300 5370 254637 5423 258363
51400 5378 255096 5431 258904
51500 5389 255586 5441 259414
51600 5400 256119 5448 259881
51700 5412 256699 5452 260301
51800 5420 257201 5459 260799
51900 5429 257673 5468 261327
52000 5433 258146 5475 261854
52100 5441 258546 5489 262454
52200 5446 259034 5500 262966
52300 5451 259521 5508 263479
52400 5460 260026 5515 263974
52500 5468 260479 5525 264521
52600 5478 260919 5535 265081
52700 5488 261422 5544 265578
52800 5498 261868 5556 266132
52900 5508 262331 5567 266669
53000 5514 262854 5575 267146
53100 5520 263373 5588 267627
53200 5529 263890 5598 268110
53300 5541 264421 5611 268579
53400 5554 264823 5618 269177
53500 5556 265319 5623 269681
53600 5569 265807 5631 270193
53700 5584 266251 5643 270749
53800 5591 266887 5652 271113
53900 5601 267392 5666 271608
54000 5609 267821 5671 272179
54100 5615 268287 5675 272713
54200 5619 268739 5683 273261
54300 5622 269273 5692 273727
54400 5633 269776 5699 274224
54500 5640 270339 5703 274661
54600 5643 270853 5712 275147
54700 5659 271330 5725 275670
54800 5679 271802 5732 276198
54900 5684 272257 5741 276743
55000 5701 272817 5748 277183
55100 5712 273253 5752 277747
55200 5721 273719 5761 278281
55300 5727 274164 5779 278836
55400 5739 274635 5790 279365
55500 5750 275145 5801 279855
55600 5756 275607 5813 280393
55700 5774 276119 5830 280881
55800 5779 276624 5834 281376
55900 5790 277130 5843 281870
56000 5808 277702 5848 282298
56100 5820 278178 5862 282822
56200 5837 278601 5879 283399
56300 5848 279139 5892 283861
56400 5857 279605 5901 284395
56500 5872 280074 5913 284926
56600 5883 280535 5920 285465
56700 5898 280992 5928 286008
56800 5903 281463 5938 286537
56900 5919 281984 5944 287016
57000 5928 282490 5950 287510
57100 5937 282961 5958 288039
57200 5943 283485 5966 288515
57300 5949 283967 5973 289033
57400 5955 284484 5986 289516
57500 5966 285001 5992 289999
57600 5973 285501 6000 290499
57700 5980 285995 6003 291005
57800 5988 286492 6012 291508
57900 5996 286977 6021 292023
58000 6002 287469 6026 292531
58100 6009 287976 6035 293024
58200 6016 288470 6043 293530
58300 6033 288984 6056 294016
58400 6044 289465 6070 294535
58500 6054 289913 6084 295087
58600 6066 290435 6093 295565
58700 6078 291026 6114 295974
58800 6091 291519 6127 296481
58900 6096 291996 6137 297004
59000 6111 292436 6141 297564
59100 6119 292933 6147 298067
59200 6130 293453 6159 298547
59300 6141 293968 6172 299032
59400 6160 294545 6179 299455
59500 6166 294996 6189 300004
59600 6174 295547 6196 300453
59700 6194 296073 6211 300927
59800 6205 296607 6221 301393
59900 6213 297132 6226 301868
60000 6226 297660 6232 302340
60100 6237 298198 6238 302802
60200 6246 298739 6246 303261
60300 6257 299305 6253 303695
60400 6268 299719 6260 304281
60500 6275 300196 6262 304804
60600 6284 300729 6272 305271
60700 6305 301168 6284 305832
60800 6318 301615 6291 306385
60900 6327 302150 6305 306850
61000 6338 302644 6314 307356
61100 6347 303111 6326 307889
61200 6355 303652 6340 308348
61300 6362 304170 6354 308830
61400 6376 304717 6367 309283
61500 6385 305194 6377 309806
61600 6395 305634 6398 310366
61700 6406 306077 6407 310923
61800 6413 306620 6417 311380
61900 6421 307111 6432 311889
62000 6428 307560 6437 312440
62100 6437 308063 6445 312937
62200 6443 308566 6449 313434
62300 6454 309073 6459 313927
62400 6466 309554 6469 314446
62500 6475 310087 6478 314913
62600 6482 310592 6487 315408
62700 6488 311054 6501 315946
62800 6499 311529 6517 316471
62900 6509 312028 6536 316972
63000 6517 312442 6541 317558
63100 6523 312867 6546 318133
63200 6532 313352 6555 318648
63300 6543 313795 6561 319205
63400 6553 314318 6566 319682
63500 6565 314765 6580 320235
63600 6571 315220 6592 320780
63700 6578 315693 6603 321307
63800 6590 316194 6612 321806
63900 6607 316656 6623 322344
64000 6613 317180 6632 322820
64100 6625 317656 6652 323344
64200 6637 318102 6658 323898
64300 6643 318619 6666 324381
64400 6649 319115 6677 324885
64500 6664 319652 6687 325348
64600 6676 320157 6697 325843
64700 6685 320681 6703 326319
64800 6694 321071 6711 326929
64900 6707 321446 6722 327554
65000 6715 321844 6734 328156
65100 6727 322245 6740 328755
65200 6741 322664 6751 329336
65300 6751 323187 6766 329813
65400 6759 323759 6782 330241
65500 6771 324331 6793 330669
65600 6775 324859 6806 331141
65700 6788 325353 6814 331647
65800 6797 325779 6824 332221
65900 6806 326269 6830 332731
66000 6822 326737 6847 333263
66100 6834 327236 6860 333764
66200 6840 327735 6866 334265
66300 6856 328197 6876 334803
66400 6873 328627 6889 335373
66500 6890 329132 6899 335868
66600 6901 329658 6909 336342
66700 6911 330182 6917 336818
66800 6918 330685 6928 337315
66900 6935 331250 6940 337750
67000 6941 331702 6948 338298
67100 6946 332168 6959 338832
67200 6962 332615 6968 339385
67300 6972 333146 6977 339854
67400 6977 333619 6985 340381
67500 6980 334072 6992 340928
67600 6991 334553 7004 341447
67700 7004 334993 7013 342007
67800 7011 335448 7025 342552
67900 7019 335910 7037 343090
68000 7028 336437 7047 343563
68100 7039 336937 7063 344063
68200 7047 337420 7070 344580
68300 7054 337899 7074 345101
68400 7063 338357 7084 345643
68500 7071 338900 7098 346100
68600 7076 339416 7112 346584
68700 7083 339908 7117 347092
68800 7097 340432 7132 347568
68900 7105 340966 7147 348034
69000 7116 341529 7163 348471
69100 7132 342095 7171 348905
69200 7141 342593 7179 349407
69300 7147 343151 7190 349849
69400 7152 343609 7201 350391
69500 7157 344078 7210 350922
69600 7173 344677 7220 351323
69700 7182 345179 7232 351821
69800 7197 345724 7250 352276
69900 7204 346249 7254 352751
70000 7211 346811 7262 353189
70100 7218 347325 7272 353675
70200 7224 347804 7284 354196
70300 7229 348338 7291 354662
70400 7234 348836 7300 355164
70500 7250 349301 7306 355699
70600 7259 349844 7312 356156
70700 7270 350360 7327 356640
70800 7281 350824 7338 357176
70900 7293 351262 7344 357738
71000 7310 351765 7357 358235
71100 7314 352283 7367 358717
71200 7325 352771 7372 359229
71300 7329 353296 7380 359704
71400 7339 353732 7391 360268
71500 7349 354196 7404 360804
71600 7356 354652 7421 361348
71700 7367 355172 7433 361828
71800 7377 355591 7445 362409
71900 7385 356118 7457 362882
72000 7404 356581 7473 363419
72100 7412 357103 7484 363897
72200 7419 357574 7490 364426
72300 7424 358040 7499 364960
72400 7435 358539 7503 365461
72500 7449 359046 7515 365954
72600 7456 359517 7524 366483
72700 7465 359959 7535 367041
72800 7474 360357 7544 367643
72900 7479 360859 7551 368141
73000 7486 361413 7559 368587
73100 7492 361935 7567 369065
73200 7495 362402 7571 369598
73300 7502 362869 7584 370131
73400 7516 363339 7596 370661
73500 7521 363810 7604 371190
73600 7540 364280 7619 371720
73700 7552 364781 7632 372219
73800 7558 365297 7643 372703
73900 7571 365797 7652 373203
74000 7580 366279 7668 373721
74100 7585 366722 7669 374278
74200 7589 367188 7677 374812
74300 7600 367691 7690 375309
74400 7611 368191 7700 375809
74500 7619 368650 7708 376350
74600 7627 369101 7719 376899
74700 7644 369543 7727 377457
74800 7648 370015 7734 377985
74900 7657 370476 7744 378524
75000 7665 370999 7750 379001
75100 7676 371486 7763 379514
75200 7685 371949 7776 380051
75300 7691 372458 7784 380542
75400 7705 372934 7794 381066
75500 7721 373422 7807 381578
75600 7731 373952 7811 382048
75700 7740 374487 7823 382513
75800 7754 374995 7838 383005
75900 7762 375414 7852 383586
76000 7771 375860 7859 384140
76100 7779 376412 7869 384588
76200 7785 376899 7881 385101
76300 7787 377517 7892 385483
76400 7794 377970 7901 386030
76500 7806 378466 7917 386534
76600 7817 379039 7933 386961
76700 7832 379553 7947 387447
76800 7845 380089 7954 387911
76900 7848 380565 7962 388435
77000 7853 381141 7969 388859
77100 7871 381556 7978 389444
77200 7883 382086 7989 389914
77300 7892 382576 7996 390424
77400 7902 383072 8005 390928
77500 7909 383512 8011 391488
77600 7919 383976 8026 392024
77700 7929 384521 8031 392479
77800 7938 384954 8040 393046
77900 7941 385385 8042 393615
78000 7955 385856 8048 394144
78100 7970 386307 8061 394693
78200 7980 386814 8066 395186
78300 7991 387411 8079 395589
78400 7994 387826 8086 396174
78500 8000 388388 8096 396612
78600 8009 388860 8105 397140
78700 8019 389416 8118 397584
78800 8025 389869 8131 398131
78900 8034 390322 8135 398678
79000 8041 390828 8144 399172
79100 8050 391271 8156 399729
79200 8064 391717 8165 400283
79300 8072 392133 8172 400867
79400 8080 392577 8181 401423
79500 8106 393097 8189 401903
79600 8114 393560 8200 402440
79700 8126 394131 8205 402869
79800 8135 394610 8215 403390
79900 8139 395133 8221 403867
80000 8146 395607 8227 404393
80100 8160 396046 8237 404954
80200 8167 396482 8243 405518
80300 8179 396925 8250 406075
80400 8184 397340 8259 406660
80500 8192 397866 8268 407134
80600 8194 398341 8280 407659
80700 8205 398809 8291 408191
80800 8214 399217 8297 408783
80900 8226 399638 8309 409362
81000 8236 400023 8325 409977
81100 8247 400499 8334 410501
81200 8256 400899 8344 411101
81300 8263 401325 8357 411675
81400 8273 401791 8367 412209
81500 8289 402263 8375 412737
81600 8304 402785 8380 413215
81700 8309 403242 8384 413758
81800 8317 403710 8394 414290
81900 8327 404244 8403 414756
82000 8337 404756 8414 415244
82100 8345 405258 8427 415742
82200 8357 405698 8437 416302
82300 8375 406240 8450 416760
82400 8382 406777 8462 417223
82500 8392 407302 8476 417698
82600 8402 407752 8482 418248
82700 8414 408255 8493 418745
82800 8430 408761 8505 419239
82900 8438 409238 8517 419762
83000 8449 409809 8528 420191
83100 8460 410311 8536 420689
83200 8476 410888 8543 421112
83300 8486 411423 8556 421577
83400 8494 411866 8565 422134
83500 8500 412367 8580 422633
83600 8506 412829 8589 423171
83700 8516 413374 8596 423626
83800 8522 413814 8612 424186
83900 8532 414319 8621 424681
84000 8533 414820 8628 425180
84100 8540 415266 8640 425734
84200 8549 415678 8658 426322
84300 8560 416067 8667 426933
84400 8566 416556 8676 427444
84500 8572 417014 8686 427986
84600 8580 417545 8689 428455
84700 8591 418164 8698 428836
84800 8596 418707 8713 429293
84900 8600 419129 8718 429871
85000 8611 419551 8728 430449
85100 8624 420029 8734 430971
85200 8632 420623 8750 431377
85300 8651 421064 8761 431936
85400 8660 421623 8766 432377
85500 8670 422120 8778 432880
85600 8678 422545 8794 433455
85700 8690 423031 8803 433969
85800 8712 423537 8812 434463
85900 8719 423990 8820 435010
86000 8729 424447 8829 435553
86100 8738 424896 8836 436104
86200 8745 425402 8844 436598
86300 8751 425869 8853 437131
86400 8764 426317 8863 437683
86500 8771 426760 8872 438240
86600 8785 427221 8878 438779
86700 8794 427754 8890 439246
86800 8801 428193 8898 439807
86900 8811 428690 8926 440310
87000 8822 429068 8932 440932
87100 8835 429487 8940 441513
87200 8851 429939 8955 442061
87300 8867 430337 8959 442663
87400 8874 430740 8968 443260
87500 8887 431296 8972 443704
87600 8897 431836 8979 444164
87700 8906 432348 8990 444652
87800 8910 432795 9000 445205
87900 8919 433253 9005 445747
88000 8924 433733 9010 446267
88100 8929 434252 9018 446748
88200 8935 434754 9020 447246
88300 8941 435264 9029 447736
88400 8949 435821 9034 448179
88500 8957 436313 9041 448687
88600 8962 436838 9052 449162
88700 8974 437342 9067 449658
88800 8979 437817 9084 450183
88900 8990 438303 9093 450697
89000 8998 438816 9103 451184
89100 9003 439374 9110 451626
89200 9011 439758 9120 452242
89300 9018 440210 9128 452790
89400 9024 440727 9130 453273
89500 9039 441220 9145 453780
89600 9057 441705 9156 454295
89700 9063 442287 9158 454713
89800 9076 442864 9175 455136
89900 9088 443402 9179 455598
90000 9092 443851 9194 456149
90100 9100 444437 9195 456563
90200 9106 445007 9205 456993
90300 9120 445503 9214 457497
90400 9131 445922 9222 458078
90500 9142 446471 9227 458529
90600 9154 446985 9239 459015
90700 9170 447527 9252 459473
90800 9181 448004 9262 459996
90900 9191 448482 9272 460518
91000 9202 449025 9288 460975
91100 9206 449527 9295 461473
91200 9212 450034 9301 461966
91300 9218 450563 9307 462437
91400 9230 451088 9314 462912
91500 9235 451621 9320 463379
91600 9250 452144 9336 463856
91700 9259 452636 9342 464364
91800 9270 453164 9356 464836
91900 9274 453619 9362 465381
92000 9284 454138 9370 465862
92100 9299 454651 9379 466349
92200 9315 455164 9392 466836
92300 9321 455702 9402 467298
92400 9336 456116 9406 467884
92500 9345 456547 9414 468453
92600 9350 457035 9421 468965
92700 9363 457503 9429 469497
92800 9374 458038 9440 469962
92900 9383 458636 9444 470364
93000 9384 459122 9455 470878
93100 9399 459644 9470 471356
93200 9406 460118 9484 471882
93300 9417 460564 9495 472436
93400 9432 461053 9507 472947
93500 9444 461529 9520 473471
93600 9445 462019 9531 473981
93700 9449 462547 9538 474453
93800 9457 463038 9544 474962
93900 9472 463503 9552 475497
94000 9483 464035 9561 475965
94100 9492 464582 9571 476418
94200 9496 465007 9579 476993
94300 9500 465509 9584 477491
94400 9507 466019 9590 477981
94500 9514 466570 9596 478430
94600 9524 467096 9608 478904
94700 9533 467647 9620 479353
94800 9540 468178 9627 479822
94900 9544 468712 9639 480288
95000 9558 469217 9648 480783
95100 9565 469683 9652 481317
95200 9570 470199 9662 481801
95300 9589 470706 9670 482294
95400 9600 471216 9683 482784
95500 9607 471681 9701 483319
95600 9618 472232 9709 483768
95700 9628 472719 9714 484281
95800 9634 473183 9721 484817
95900 9641 473700 9729 485300
96000 9653 474173 9739 485827
96100 9662 474616 9747 486384
96200 9678 475163 9760 486837
96300 9687 475606 9771 487394
96400 9698 476137 9777 487863
96500 9701 476587 9788 488413
96600 9708 477150 9797 488850
96700 9723 477595 9807 489405
96800 9738 478121 9820 489879
96900 9748 478664 9832 490336
97000 9756 479151 9841 490849
97100 9775 479643 9855 491357
97200 9788 480117 9869 491883
97300 9801 480656 9881 492344
97400 9812 481140 9894 492860
97500 9822 481605 9904 493395
97600 9831 482068 9913 493932
97700 9837 482597 9920 494403
97800 9841 483057 9928 494943
97900 9845 483573 9940 495427
98000 9853 484114 9944 495886
98100 9860 484529 9957 496471
98200 9873 485057 9971 496943
98300 9884 485569 9979 497431
98400 9903 486068 9988 497932
98500 9918 486511 9998 498489
98600 9926 487103 10013 498897
98700 9935 487610 10026 499390
98800 9943 488049 10037 499951
98900 9947 488530 10050 500470
99000 9956 489046 10058 500954
99100 9967 489528 10067 501472
99200 9978 490039 10077 501961
99300 9994 490541 10086 502459
99400 10006 490974 10099 503026
99500 10014 491466 10114 503534
99600 10024 492005 10117 503995
99700 10035 492505 10120 504495
99800 10038 493035 10126 504965
99900 10047 493457 10136 505543
100000 10054 493925 10141 506075
100100 10064 494474 10149 506526
100200 10071 494867 10161 507133
100300 10088 495372 10175 507628
100400 10096 495796 10186 508204
100500 10108 496325 10201 508675
100600 10115 496771 10211 509229
100700 10127 497244 10220 509756
100800 10136 497755 10228 510245
100900 10148 498227 10238 510773
101000 10158 498799 10248 511201
101100 10171 499350 10258 511650
101200 10186 499866 10267 512134
101300 10204 500429 10277 512571
101400 10214 500874 10290 513126
101500 10229 501358 10301 513642
101600 10242 501878 10318 514122
101700 10253 502469 10325 514531
101800 10261 502953 10329 515047
101900 10271 503521 10346 515479
102000 10279 504048 10358 515952
102100 10288 504533 10367 516467
102200 10299 504991 10382 517009
102300 10311 505474 10391 517526
102400 10318 505922 10400 518078
102500 10325 506334 10410 518666
102600 10333 506870 10418 519130
102700 10345 507385 10424 519615
102800 10361 507895 10435 520105
102900 10367 508419 10446 520581
103000 10380 508891 10454 521109
103100 10390 509369 10462 521631
103200 10399 509942 10467 522058
103300 10416 510467 10478 522533
103400 10427 510931 10486 523069
103500 10432 511451 10494 523549
103600 10448 512028 10516 523972
103700 10458 512498 10527 524502
103800 10474 513040 10530 524960
103900 10483 513561 10535 525439
104000 10496 514135 10540 525865
104100 10508 514606 10545 526394
104200 10517 515084 10559 526916
104300 10527 515604 10575 527396
104400 10540 516098 10581 527902
104500 10544 516605 10597 528395
104600 10553 517152 10603 528848
104700 10569 517619 10617 529381
104800 10577 518130 10627 529870
104900 10586 518636 10641 530364
105000 10598 519088 10645 530912
105100 10608 519586 10663 531414
105200 10619 520088 10669 531912
105300 10633 520600 10683 532400
105400 10643 521129 10686 532871
105500 10653 521604 10693 533396
105600 10659 522084 10701 533916
105700 10671 522601 10716 534399
105800 10676 523132 10724 534868
105900 10685 523622 10731 535378
106000 10689 524071 10738 535929
106100 10697 524569 10747 536431
106200 10704 525015 10757 536985
106300 10712 525425 10766 537575
106400 10718 525864 10773 538136
106500 10727 526378 10781 538622
106600 10732 526837 10787 539163
106700 10735 527275 10799 539725
106800 10749 527710 10818 540290
106900 10759 528172 10831 540828
107000 10765 528598 10844 541402
107100 10777 529123 10849 541877
107200 10785 529626 10858 542374
107300 10790 530135 10869 542865
107400 10799 530668 10882 543332
107500 10807 531199 10887 543801
107600 10819 531719 10897 544281
107700 10823 532180 10902 544820
107800 10835 532723 10914 545277
107900 10844 533286 10927 545714
108000 10858 533816 10937 546184
108100 10863 534280 10946 546720
108200 10874 534734 10956 547266
108300 10883 535202 10966 547798
108400 10899 535681 10984 548319
108500 10910 536188 10996 548812
108600 10926 536684 11015 549316
108700 10932 537206 11019 549794
108800 10938 537781 11030 550219
108900 10948 538294 11041 550706
109000 10958 538805 11047 551195
109100 10980 539290 11057 551710
109200 10987 539775 11065 552225
109300 10999 540279 11070 552721
109400 11010 540783 11078 553217
109500 11018 541385 11087 553615
109600 11025 541886 11091 554114
109700 11037 542372 11095 554628
109800 11046 542777 11104 555223
109900 11054 543286 11120 555714
110000 11063 543779 11131 556221
110100 11072 544248 11142 556752
110200 11086 544735 11158 557265
110300 11091 545307 11166 557693
110400 11102 545844 11173 558156
110500 11108 546359 11179 558641
110600 11119 546890 11188 559110
110700 11134 547372 11208 559628
110800 11141 547783 11215 560217
110900 11152 548320 11221 560680
111000 11169 548751 11233 561249
111100 11178 549290 11244 561710
111200 11185 549799 11249 562201
111300 11194 550272 11255 562728
111400 11200 550761 11264 563239
111500 11215 551257 11272 563743
111600 11230 551752 11285 564248
111700 11238 552203 11304 564797
111800 11244 552701 11313 565299
111900 11250 553167 11324 565833
112000 11263 553693 11330 566307
112100 11272 554165 11342 566835
112200 11280 554619 11348 567381
112300 11288 555070 11360 567930
112400 11297 555579 11371 568421
112500 11303 556116 11378 568884
112600 11311 556665 11387 569335
112700 11321 557128 11399 569872
112800 11332 557629 11408 570371
112900 11339 558059 11415 570941
113000 11351 558550 11428 571450
113100 11356 559023 11431 571977
113200 11371 559516 11448 572484
113300 11383 560033 11457 572967
113400 11392 560581 11465 573419
113500 11401 561090 11472 573910
113600 11409 561556 11477 574444
113700 11430 562126 11489 574874
113800 11437 562631 11501 575369
113900 11446 563038 11511 575962
114000 11455 563568 11522 576432
114100 11467 564115 11534 576885
114200 11476 564555 11544 577445
114300 11482 565047 11550 577953
114400 11490 565573 11557 578427
114500 11498 566117 11565 578883
114600 11505 566629 11571 579371
114700 11514 567175 11577 579825
114800 11520 567748 11583 580252
114900 11525 568267 11591 580733
115000 11531 568689 11598 581311
115100 11539 569137 11615 581863
115200 11552 569614 11631 582386
115300 11562 570114 11647 582886
115400 11565 570560 11657 583440
115500 11573 571092 11663 583908
115600 11585 571593 11672 584407
115700 11598 572153 11695 584847
115800 11603 572674 11705 585326
115900 11615 573158 11719 585842
116000 11622 573703 11726 586297
116100 11626 574168 11730 586832
116200 11631 574711 11741 587289
116300 11648 575114 11753 587886
116400 11664 575598 11771 588402
116500 11674 576075 11778 588925
116600 11680 576465 11784 589535
116700 11692 576948 11801 590052
116800 11699 577434 11810 590566
116900 11708 577916 11821 591084
117000 11718 578366 11830 591634
117100 11730 578902 11842 592098
117200 11740 579405 11850 592595
117300 11745 579912 11858 593088
117400 11756 580365 11869 593635
117500 11772 580880 11878 594120
117600 11786 581406 11890 594594
117700 11798 581929 11895 595071
117800 11813 582487 11905 595513
117900 11831 583009 11918 595991
118000 11842 583501 11925 596499
118100 11853 584036 11935 596964
118200 11869 584620 11947 597380
118300 11875 585095 11950 597905
118400 11885 585657 11961 598343
118500 11900 586200 11971 598800
118600 11913 586715 11984 599285
118700 11916 587190 11992 599810
118800 11929 587656 12004 600344
118900 11938 588089 12014 600911
119000 11950 588560 12021 601440
119100 11957 589088 12034 601912
119200 11958 589608 12038 602392
119300 11967 590088 12045 602912
119400 11981 590568 12055 603432
119500 11988 591149 12063 603851
119600 11999 591635 12071 604365
119700 12016 592125 12084 604875
119800 12023 592608 12097 605392
119900 12031 593121 12111 605879
120000 12039 593589 12115 606411
120100 12047 594079 12122 606921
120200 12055 594621 12128 607379
120300 12065 595126 12136 607874
120400 12071 595612 12142 608388
120500 12081 596179 12152 608821
120600 12092 596699 12164 609301
120700 12100 597183 12169 609817
120800 12108 597701 12184 610299
120900 12119 598261 12195 610739
121000 12129 598725 12206 611275
121100 12138 599200 12211 611800
121200 12143 599701 12217 612299
121300 12147 600144 12234 612856
121400 12156 600598 12251 613402
121500 12167 601089 12259 613911
121600 12171 601559 12265 614441
121700 12176 602050 12276 614950
121800 12184 602562 12281 615438
121900 12193 603060 12290 615940
122000 12210 603564 12298 616436
122100 12217 604068 12311 616932
122200 12228 604638 12321 617362
122300 12235 605171 12332 617829
122400 12245 605714 12340 618286
122500 12257 606217 12349 618783
122600 12266 606730 12359 619270
122700 12279 607248 12369 619752
122800 12287 607714 12376 620286
122900 12305 608206 12384 620794
123000 12313 608755 12390 621245
123100 12321 609259 12398 621741
123200 12333 609808 12404 622192
123300 12338 610306 12417 622694
123400 12347 610821 12424 623179
123500 12355 611380 12432 623620
123600 12371 611797 12440 624203
123700 12382 612302 12454 624698
123800 12399 612766 12468 625234
123900 12407 613306 12486 625694
124000 12419 613782 12495 626218
124100 12424 614276 12506 626724
124200 12429 614746 12511 627254
124300 12437 615208 12518 627792
124400 12450 615727 12527 628273
124500 12458 616234 12533 628766
124600 12473 616765 12545 629235
124700 12484 617273 12555 629727
124800 12489 617843 12565 630157
124900 12505 618335 12591 630665
125000 12517 618866 12602 631134
125100 12524 619342 12605 631658
125200 12535 619850 12612 632150
125300 12544 620339 12616 632661
125400 12549 620852 12624 633148
125500 12560 621303 12633 633697
125600 12566 621849 12648 634151
125700 12573 622380 12658 634620
125800 12582 622892 12665 635108
125900 12592 623269 12673 635731
126000 12602 623793 12684 636207
126100 12612 624200 12695 636800
126200 12623 624674 12700 637326
126300 12634 625304 12703 637696
126400 12646 625872 12712 638128
126500 12660 626363 12720 638637
126600 12670 626906 12733 639094
126700 12683 627471 12743 639529
126800 12690 627994 12763 640006
126900 12702 628444 12774 640556
127000 12709 628991 12784 641009
127100 12716 629507 12789 641493
127200 12722 629962 12794 642038
127300 12730 630397 12801 642603
127400 12737 630866 12808 643134
127500 12744 631332 12820 643668
127600 12752 631799 12834 644201
127700 12762 632265 12847 644735
127800 12775 632734 12859 645266
127900 12781 633205 12865 645795
128000 12793 633629 12878 646371
128100 12802 634163 12895 646837
128200 12812 634708 12911 647292
128300 12818 635224 12917 647776
128400 12835 635801 12931 648199
128500 12843 636254 12938 648746
128600 12851 636782 12949 649218
128700 12862 637256 12955 649744
128800 12877 637749 12964 650251
128900 12885 638231 12977 650769
129000 12901 638691 12983 651309
129100 12909 639171 12989 651829
129200 12918 639681 13003 652319
129300 12934 640180 13008 652820
129400 12942 640696 13015 653304
129500 12949 641274 13026 653726
129600 12955 641812 13041 654188
129700 12964 642329 13051 654671
129800 12978 642733 13057 655267
129900 12986 643156 13063 655844
130000 13000 643687 13072 656313
130100 13011 644160 13080 656840
130200 13021 644564 13090 657436
130300 13031 645093 13101 657907
130400 13034 645566 13110 658434
130500 13044 646095 13119 658905
130600 13049 646579 13129 659421
130700 13063 647053 13142 659947
130800 13073 647557 13152 660443
130900 13076 648062 13161 660938
131000 13084 648492 13175 661508
131100 13089 648988 13189 662012
131200 13098 649522 13196 662478
131300 13109 649992 13208 663008
131400 13120 650446 13224 663554
131500 13129 650983 13231 664017
131600 13144 651478 13242 664522
131700 13149 651986 13246 665014
131800 13162 652492 13256 665508
131900 13176 653047 13271 665953
132000 13190 653547 13277 666453
132100 13195 653990 13283 667010
132200 13204 654527 13290 667473
132300 13208 655020 13293 667980
132400 13216 655467 13304 668533
132500 13224 655985 13313 669015
132600 13235 656502 13326 669498
132700 13241 657046 13339 669954
132800 13252 657552 13347 670448
132900 13258 658023 13352 670977
133000 13261 658524 13361 671476
133100 13270 659006 13370 671994
133200 13289 659512 13378 672488
133300 13299 659986 13385 673014
133400 13309 660546 13393 673454
133500 13316 661001 13404 673999
133600 13328 661508 13409 674492
133700 13336 661978 13418 675022
133800 13347 662472 13435 675528
133900 13355 662927 13440 676073
134000 13368 663407 13452 676593
134100 13377 663968 13458 677032
134200 13388 664467 13466 677533
134300 13396 665017 13470 677983
134400 13399 665521 13476 678479
134500 13410 666015 13483 678985
134600 13420 666586 13492 679414
134700 13422 667153 13504 679847
134800 13433 667609 13517 680391
134900 13442 668181 13530 680819
135000 13451 668634 13535 681366
135100 13455 669103 13545 681897
135200 13462 669665 13553 682335
135300 13472 670275 13568 682725
135400 13486 670762 13580 683238
135500 13494 671258 13587 683742
135600 13497 671771 13595 684229
135700 13507 672146 13601 684854
135800 13520 672654 13614 685346
135900 13530 673149 13617 685851
136000 13539 673693 13624 686307
136100 13542 674198 13629 686802
136200 13553 674698 13645 687302
136300 13566 675192 13653 687808
136400 13573 675717 13663 688283
136500 13577 676224 13670 688776
136600 13592 676737 13679 689263
136700 13603 677196 13688 689804
136800 13614 677662 13695 690338
136900 13625 678113 13701 690887
137000 13636 678530 13706 691470
137100 13644 679019 13714 691981
137200 13652 679544 13721 692456
137300 13661 680114 13730 692886
137400 13665 680599 13738 693401
137500 13678 681095 13748 693905
137600 13689 681587 13755 694413
137700 13697 682047 13763 694953
137800 13707 682638 13772 695362
137900 13718 683191 13777 695809
138000 13722 683799 13787 696201
138100 13725 684165 13792 696835
138200 13731 684692 13799 697308
138300 13746 685156 13810 697844
138400 13754 685649 13821 698351
138500 13764 686154 13835 698846
138600 13773 686610 13842 699390
138700 13785 687203 13855 699797
138800 13797 687748 13868 700252
138900 13808 688215 13877 700785
139000 13817 688691 13888 701309
139100 13821 689218 13899 701782
139200 13830 689643 13902 702357
139300 13834 690087 13906 702913
139400 13843 690576 13918 703424
139500 13845 691073 13930 703927
139600 13856 691596 13942 704404
139700 13864 692060 13949 704940
139800 13878 692606 13961 705394
139900 13888 693093 13969 705907
140000 13895 693520 13978 706480
140100 13901 694010 13984 706990
140200 13908 694510 13990 707490
140300 13918 695026 13999 707974
140400 13927 695563 14008 708437
140500 13942 696096 14015 708904
140600 13950 696533 14027 709467
140700 13961 696931 14038 710069
140800 13965 697347 14050 710653
140900 13974 697821 14068 711179
141000 13984 698249 14083 711751
141100 13994 698752 14091 712248
141200 14007 699286 14103 712714
141300 14014 699791 14109 713209
141400 14029 700327 14122 713673
141500 14034 700794 14127 714206
141600 14041 701317 14135 714683
141700 14048 701864 14143 715136
141800 14055 702381 14152 715619
141900 14063 702885 14163 716115
142000 14073 703405 14180 716595
142100 14080 703911 14188 717089
142200 14087 704445 14199 717555
142300 14104 704923 14214 718077
142400 14115 705413 14225 718587
142500 14127 705954 14237 719046
142600 14138 706421 14244 719579
142700 14161 706927 14253 720073
142800 14168 707415 14260 720585
142900 14177 707902 14273 721098
143000 14189 708424 14279 721576
143100 14202 708919 14286 722081
143200 14213 709350 14297 722650
143300 14227 709906 14308 723094
143400 14237 710388 14317 723612
143500 14244 710846 14325 724154
143600 14250 711445 14330 724555
143700 14256 711888 14338 725112
143800 14262 712385 14348 725615
143900 14276 712895 14372 726105
144000 14287 713363 14375 726637
144100 14303 713833 14382 727167
144200 14313 714279 14386 727721
144300 14317 714693 14394 728307
144400 14322 715118 14407 728882
144500 14337 715591 14415 729409
144600 14349 716041 14423 729959
144700 14362 716528 14437 730472
144800 14371 716981 14446 731019
144900 14380 717458 14451 731542
145000 14385 717958 14463 732042
145100 14391 718420 14470 732580
145200 14401 718880 14477 733120
145300 14409 719455 14490 733545
145400 14415 719926 14499 734074
145500 14423 720329 14506 734671
145600 14434 720898 14519 735102
145700 14449 721393 14530 735607
145800 14460 721871 14546 736129
145900 14476 722380 14563 736620
146000 14487 722758 14574 737242
146100 14500 723252 14591 737748
146200 14515 723718 14608 738282
146300 14523 724261 14615 738739
146400 14539 724802 14627 739198
146500 14545 725266 14637 739734
146600 14560 725758 14645 740242
146700 14569 726236 14659 740764
146800 14584 726740 14666 741260
146900 14592 727162 14670 741838
147000 14603 727644 14682 742356
147100 14610 728173 14695 742827
147200 14624 728668 14700 743332
147300 14633 729119 14711 743881
147400 14644 729549 14726 744451
147500 14662 729955 14742 745045
147600 14671 730507 14752 745493
147700 14680 731031 14766 745969
147800 14692 731504 14779 746496
147900 14707 731983 14788 747017
148000 14712 732498 14798 747502
148100 14715 732943 14808 748057
148200 14720 733481 14813 748519
148300 14733 733989 14825 749011
148400 14743 734454 14837 749546
148500 14755 734988 14847 750012
148600 14769 735522 14853 750478
148700 14779 736000 14858 751000
148800 14785 736408 14863 751592
148900 14793 736924 14870 752076
149000 14806 737432 14885 752568
149100 14810 737886 14898 753114
149200 14820 738370 14911 753630
149300 14828 738832 14925 754168
149400 14839 739308 14933 754692
149500 14856 739819 14940 755181
149600 14861 740365 14951 755635
149700 14868 740774 14960 756226
149800 14875 741292 14972 756708
149900 14885 741798 14983 757202
150000 14899 742362 14997 757638
150100 14907 742883 15006 758117
150200 14917 743414 15012 758586
150300 14925 743913 15022 759087
150400 14930 744412 15036 759588
150500 14937 744960 15046 760040
150600 14944 745483 15054 760517
150700 14954 745889 15061 761111
150800 14961 746370 15072 761630
150900 14983 746929 15083 762071
151000 14991 747405 15091 762595
151100 15000 747821 15098 763179
151200 15007 748237 15103 763763
151300 15014 748710 15115 764290
151400 15026 749212 15125 764788
151500 15035 749702 15132 765298
151600 15050 750205 15139 765795
151700 15066 750668 15146 766332
151800 15082 751200 15152 766800
151900 15096 751754 15158 767246
152000 15104 752305 15162 767695
152100 15112 752746 15174 768254
152200 15125 753161 15183 768839
152300 15140 753699 15193 769301
152400 15150 754225 15204 769775
152500 15158 754808 15212 770192
152600 15166 755357 15225 770643
152700 15179 755874 15232 771126
152800 15188 756354 15247 771646
152900 15197 756828 15255 772172
153000 15206 757294 15265 772706
153100 15215 757747 15273 773253
153200 15225 758183 15278 773817
153300 15234 758668 15286 774332
153400 15238 759099 15295 774901
153500 15244 759568 15303 775432
153600 15247 760076 15313 775924
153700 15259 760569 15319 776431
153800 15267 760996 15328 777004
153900 15278 761533 15338 777467
154000 15284 762002 15346 777998
154100 15292 762483 15353 778517
154200 15299 762965 15362 779035
154300 15308 763340 15373 779660
154400 15315 763858 15381 780142
154500 15323 764336 15388 780664
154600 15330 764843 15400 781157
154700 15337 765319 15410 781681
154800 15343 765768 15415 782232
154900 15357 766263 15426 782737
155000 15370 766747 15436 783253
155100 15380 767303 15450 783697
155200 15387 767760 15460 784240
155300 15394 768256 15470 784744
155400 15404 768754 15482 785246
155500 15407 769236 15495 785764
155600 15411 769744 15506 786256
155700 15422 770234 15514 786766
155800 15427 770816 15523 787184
155900 15434 771321 15530 787679
156000 15447 771850 15536 788150
156100 15459 772385 15544 788615
156200 15463 772959 15555 789041
156300 15473 773399 15557 789601
156400 15479 773883 15566 790117
156500 15487 774418 15573 790582
156600 15498 774853 15593 791147
156700 15510 775387 15608 791613
156800 15513 775805 15620 792195
156900 15522 776293 15627 792707
157000 15534 776843 15633 793157
157100 15540 777350 15644 793650
157200 15544 777862 15648 794138
157300 15549 778253 15654 794747
157400 15555 778755 15659 795245
157500 15562 779207 15669 795793
157600 15567 779717 15676 796283
157700 15575 780182 15685 796818
157800 15583 780705 15699 797295
157900 15592 781157 15707 797843
158000 15598 781722 15708 798278
158100 15606 782218 15714 798782
158200 15622 782727 15723 799273
158300 15634 783253 15729 799747
158400 15640 783737 15741 800263
158500 15645 784260 15750 800740
158600 15657 784777 15753 801223
158700 15666 785283 15762 801717
158800 15678 785759 15769 802241
158900 15688 786304 15779 802696
159000 15697 786795 15782 803205
159100 15705 787271 15787 803729
159200 15711 787755 15795 804245
159300 15720 788204 15805 804796
159400 15728 788689 15810 805311
159500 15740 789158 15820 805842
159600 15751 789621 15835 806379
159700 15765 790129 15848 806871
159800 15769 790611 15852 807389
159900 15783 791115 15860 807885
160000 15793 791689 15869 808311
160100 15802 792189 15878 808811
160200 15813 792706 15899 809294
160300 15826 793263 15909 809737
160400 15831 793770 15917 810230
160500 15843 794280 15928 810720
160600 15853 794833 15943 811167
160700 15861 795289 15951 811711
160800 15875 795778 15967 812222
160900 15883 796244 15969 812756
161000 15901 796768 15982 813232
161100 15909 797231 15996 813769
161200 15926 797684 16008 814316
161300 15933 798174 16016 814826
161400 15936 798691 16021 815309
161500 15944 799210 16026 815790
161600 15951 799714 16036 816286
161700 15958 800222 16041 816778
161800 15972 800748 16048 817252
161900 15982 801219 16057 817781
162000 15990 801722 16067 818278
162100 16000 802239 16076 818761
162200 16009 802751 16088 819249
162300 16021 803222 16099 819778
162400 16032 803627 16112 820373
162500 16047 804131 16120 820869
162600 16057 804668 16130 821332
162700 16075 805154 16138 821846
162800 16083 805557 16146 822443
162900 16092 806044 16155 822956
163000 16110 806548 16168 823452
163100 16121 807042 16171 823958
163200 16133 807562 16184 824438
163300 16147 808011 16198 824989
163400 16155 808513 16206 825487
163500 16165 808971 16216 826029
163600 16176 809510 16223 826490
163700 16183 809912 16230 827088
163800 16191 810386 16234 827614
163900 16202 810860 16246 828140
164000 16211 811391 16261 828609
164100 16218 811889 16269 829111
164200 16223 812451 16276 829549
164300 16230 812966 16281 830034
164400 16236 813454 16286 830546
164500 16252 813950 16295 831050
164600 16269 814526 16311 831474
164700 16273 815078 16320 831922
164800 16287 815529 16327 832471
164900 16307 816056 16333 832944
165000 16312 816482 16343 833518
165100 16321 817013 16354 833987
165200 16332 817499 16360 834501
165300 16337 817909 16367 835091
165400 16342 818435 16368 835565
165500 16351 818990 16377 836010
165600 16355 819460 16387 836540
165700 16367 820025 16400 836975
165800 16382 820503 16408 837497
165900 16388 821045 16414 837955
166000 16396 821623 16424 838377
166100 16410 822184 16435 838816
166200 16414 822698 16442 839302
166300 16419 823164 16451 839836
166400 16430 823591 16453 840409
166500 16438 823957 16457 841043
166600 16446 824545 16462 841455
166700 16455 825102 16478 841898
166800 16460 825546 16486 842454
166900 16469 825989 16491 843011
167000 16472 826403 16499 843597
167100 16476 826865 16506 844135
167200 16487 827347 16520 844653
167300 16494 827763 16524 845237
167400 16507 828239 16537 845761
167500 16516 828749 16546 846251
167600 16530 829313 16553 846687
167700 16543 829847 16562 847153
167800 16549 830333 16567 847667
167900 16561 830844 16586 848156
168000 16575 831383 16599 848617
168100 16583 831913 16614 849087
168200 16594 832387 16625 849613
168300 16607 832939 16630 850061
168400 16613 833459 16640 850541
168500 16627 833965 16649 851035
168600 16633 834486 16655 851514
168700 16644 835010 16666 851990
168800 16652 835481 16681 852519
168900 16667 835937 16692 853063
169000 16674 836463 16700 853537
169100 16679 836895 16711 854105
169200 16688 837319 16716 854681
169300 16697 837897 16725 855103
169400 16702 838334 16732 855666
169500 16714 838814 16737 856186
169600 16721 839330 16748 856670
169700 16731 839842 16754 857158
169800 16741 840303 16765 857697
169900 16745 840862 16771 858138
170000 16749 841323 16780 858677
170100 16756 841793 16787 859207
170200 16764 842294 16796 859706
170300 16774 842882 16809 860118
170400 16781 843411 16819 860589
170500 16793 843914 16834 861086
170600 16803 844380 16839 861620
170700 16811 844891 16845 862109
170800 16817 845373 16856 862627
170900 16825 845915 16858 863085
171000 16831 846329 16869 863671
171100 16843 846824 16880 864176
171200 16853 847334 16888 864666
171300 16860 847887 16894 865113
171400 16872 848335 16904 865665
171500 16882 848851 16916 866149
171600 16889 849252 16932 866748
171700 16898 849791 16940 867209
171800 16916 850208 16950 867792
171900 16923 850684 16961 868316
172000 16939 851243 16969 868757
172100 16953 851743 16981 869257
172200 16961 852182 16992 869818
172300 16971 852709 17002 870291
172400 16980 853209 17016 870791
172500 16992 853676 17027 871324
172600 17004 854141 17043 871859
172700 17015 854647 17057 872353
172800 17027 855106 17075 872894
172900 17034 855605 17093 873395
173000 17050 856081 17097 873919
173100 17061 856733 17100 874267
173200 17071 857275 17104 874725
173300 17078 857818 17110 875182
173400 17090 858333 17116 875667
173500 17099 858801 17126 876199
173600 17104 859300 17137 876700
173700 17114 859832 17148 877168
173800 17124 860354 17157 877646
173900 17137 860909 17169 878091
174000 17147 861350 17175 878650
174100 17158 861765 17185 879235
174200 17170 862283 17193 879717
174300 17178 862797 17199 880203
174400 17184 863186 17208 880814
174500 17192 863604 17221 881396
174600 17202 864097 17234 881903
174700 17208 864590 17246 882410
174800 17219 865061 17258 882939
174900 17228 865547 17268 883453
175000 17232 866083 17274 883917
175100 17241 866581 17284 884419
175200 17252 867066 17299 884934
175300 17256 867540 17302 885460
175400 17274 867970 17310 886030
175500 17286 868422 17320 886578
175600 17291 868844 17327 887156
175700 17301 869326 17332 887674
175800 17312 869883 17345 888117
175900 17317 870324 17359 888676
176000 17331 870743 17370 889257
176100 17346 871260 17378 889740
176200 17351 871846 17384 890154
176300 17359 872360 17388 890640
176400 17374 872963 17399 891037
176500 17384 873538 17409 891462
176600 17392 874071 17414 891929
176700 17399 874565 17421 892435
176800 17412 875079 17429 892921
176900 17420 875546 17435 893454
177000 17431 876039 17442 893961
177100 17443 876664 17449 894336
177200 17458 877049 17460 894951
177300 17466 877569 17468 895431
177400 17476 877982 17472 896018
177500 17481 878453 17477 896547
177600 17487 878878 17489 897122
177700 17494 879407 17498 897593
177800 17501 879882 17510 898118
177900 17510 880400 17524 898600
178000 17524 880845 17539 899155
178100 17540 881280 17547 899720
178200 17547 881779 17555 900221
178300 17556 882290 17568 900710
178400 17566 882810 17577 901190
178500 17573 883329 17586 901671
178600 17577 883801 17591 902199
178700 17584 884294 17600 902706
178800 17593 884830 17610 903170
178900 17600 885402 17618 903598
179000 17606 885881 17624 904119
179100 17619 886416 17634 904584
179200 17627 886915 17647 905085
179300 17641 887414 17655 905586
179400 17653 887888 17666 906112
179500 17666 888320 17672 906680
179600 17677 888783 17684 907217
179700 17687 889246 17696 907754
179800 17698 889762 17700 908238
179900 17705 890310 17713 908690
180000 17712 890719 17715 909281
180100 17722 891180 17727 909820
180200 17732 891667 17734 910333
180300 17743 892141 17748 910859
180400 17749 892614 17754 911386
180500 17766 893130 17764 911870
180600 17776 893617 17774 912383
180700 17781 894104 17775 912896
180800 17796 894556 17788 913444
180900 17805 895098 17794 913902
181000 17816 895601 17805 914399
181100 17823 896122 17809 914878
181200 17837 896630 17814 915370
181300 17850 897120 17823 915880
181400 17856 897591 17830 916409
181500 17864 898075 17839 916925
181600 17873 898554 17846 917446
181700 17884 898995 17854 918005
181800 17890 899547 17864 918453
181900 17905 900009 17875 918991
182000 17906 900479 17881 919521
182100 17917 900980 17895 920020
182200 17922 901377 17902 920623
182300 17939 901849 17916 921151
182400 17950 902305 17926 921695
182500 17961 902825 17937 922175
182600 17971 903326 17952 922674
182700 17979 903864 17960 923136
182800 17983 904330 17966 923670
182900 17993 904902 17974 924098
183000 18001 905390 17984 924610
183100 18007 905890 17991 925110
183200 18018 906319 18004 925681
183300 18030 906775 18011 926225
183400 18045 907271 18022 926729
183500 18057 907795 18036 927205
183600 18067 908300 18042 927700
183700 18076 908896 18049 928104
183800 18090 909409 18060 928591
183900 18093 909900 18069 929100
184000 18102 910398 18078 929602
184100 18109 910963 18081 930037
184200 18115 911482 18088 930518
184300 18123 911939 18103 931061
184400 18134 912400 18110 931600
184500 18147 912892 18120 932108
184600 18154 913356 18129 932644
184700 18168 913831 18140 933169
184800 18177 914420 18151 933580
184900 18182 914795 18163 934205
185000 18187 915284 18178 934716
185100 18201 915768 18191 935232
185200 18222 916298 18204 935702
185300 18228 916801 18216 936199
185400 18241 917377 18227 936623
185500 18252 917862 18235 937138
185600 18265 918305 18248 937695
185700 18272 918800 18255 938200
185800 18282 919351 18266 938649
185900 18287 919900 18273 939100
186000 18298 920427 18284 939573
186100 18307 920966 18296 940034
186200 18314 921459 18300 940541
186300 18329 921905 18311 941095
186400 18335 922401 18326 941599
186500 18345 922897 18332 942103
186600 18350 923408 18341 942592
186700 18359 923908 18353 943092
186800 18376 924397 18371 943603
186900 18394 924883 18379 944117
187000 18401 925396 18388 944604
187100 18404 925886 18397 945114
187200 18409 926379 18403 945621
187300 18417 926916 18411 946084
187400 18423 927461 18419 946539
187500 18433 927955 18430 947045
187600 18445 928473 18443 947527
187700 18451 928948 18455 948052
187800 18461 929383 18467 948617
187900 18472 929817 18479 949183
188000 18479 930276 18490 949724
188100 18487 930760 18498 950240
188200 18495 931217 18505 950783
188300 18507 931630 18513 951370
188400 18513 932089 18516 951911
188500 18523 932620 18529 952380
188600 18539 933087 18537 952913
188700 18547 933579 18546 953421
188800 18553 934065 18556 953935
188900 18568 934574 18572 954426
189000 18580 935013 18583 954987
189100 18590 935557 18593 955443
189200 18603 936074 18607 955926
189300 18614 936564 18619 956436
189400 18628 937144 18631 956856
189500 18635 937668 18639 957332
189600 18647 938160 18650 957840
189700 18655 938676 18660 958324
189800 18670 939173 18670 958827
189900 18676 939612 18675 959388
190000 18683 940110 18682 959890
190100 18690 940641 18690 960359
190200 18710 941081 18701 960919
190300 18722 941578 18719 961422
190400 18735 942107 18726 961893
190500 18743 942573 18734 962427
190600 18750 943141 18739 962859
190700 18755 943651 18745 963349
190800 18767 944152 18752 963848
190900 18777 944632 18759 964368
191000 18790 945126 18767 964874
191100 18805 945635 18781 965365
191200 18818 946159 18791 965841
191300 18834 946700 18800 966300
191400 18841 947228 18812 966772
191500 18850 947737 18822 967263
191600 18860 948195 18840 967805
191700 18876 948629 18850 968371
191800 18893 949114 18863 968886
191900 18902 949560 18872 969440
192000 18910 950070 18882 969930
192100 18914 950555 18892 970445
192200 18928 951096 18901 970904
192300 18936 951553 18911 971447
192400 18947 952075 18921 971925
192500 18952 952585 18926 972415
192600 18963 953119 18937 972881
192700 18976 953631 18946 973369
192800 18992 954146 18954 973854
192900 19001 954706 18965 974294
193000 19006 955226 18967 974774
193100 19020 955772 18982 975228
193200 19028 956275 18993 975725
193300 19040 956714 19006 976286
193400 19055 957207 19018 976793
193500 19063 957747 19031 977253
193600 19071 958280 19043 977720
193700 19081 958781 19049 978219
193800 19094 959193 19061 978807
193900 19108 959661 19066 979339
194000 19119 960133 19076 979867
194100 19130 960673 19086 980327
194200 19140 961150 19101 980850
194300 19148 961647 19111 981353
194400 19156 962212 19121 981788
194500 19161 962757 19127 982243
194600 19169 963194 19129 982806
194700 19179 963623 19135 983377
194800 19188 964115 19143 983885
194900 19197 964613 19148 984387
195000 19204 965123 19158 984877
195100 19212 965593 19166 985407
195200 19222 966087 19174 985913
195300 19237 966699 19187 986301
195400 19250 967293 19195 986707
195500 19266 967811 19211 987189
195600 19274 968337 19219 987663
195700 19286 968878 19231 988122
195800 19299 969416 19241 988584
195900 19314 969949 19248 989051
196000 19320 970360 19260 989640
196100 19330 970777 19264 990223
196200 19339 971227 19270 990773
196300 19350 971599 19275 991401
196400 19357 972033 19283 991967
196500 19371 972507 19295 992493
196600 19379 973017 19298 992983
196700 19388 973487 19310 993513
196800 19399 973970 19330 994030
196900 19409 974439 19341 994561
197000 19417 974940 19353 995060
197100 19434 975386 19366 995614
197200 19442 975884 19375 996116
197300 19457 976407 19386 996593
197400 19471 976875 19397 997125
197500 19477 977364 19406 997636
197600 19482 977845 19415 998155
197700 19493 978330 19427 998670
197800 19504 978878 19443 999122
197900 19518 979418 19449 999582
198000 19526 979929 19456 1000071
198100 19538 980411 19461 1000589
198200 19547 980843 19472 1001157
198300 19559 981283 19482 1001717
198400 19572 981782 19490 1002218
198500 19586 982269 19506 1002731
198600 19594 982746 19515 1003254
198700 19600 983177 19529 1003823
198800 19610 983652 19542 1004348
198900 19619 984155 19551 1004845
199000 19627 984616 19562 1005384
199100 19641 985070 19569 1005930
199200 19647 985641 19581 1006359
199300 19661 986098 19592 1006902
199400 19675 986604 19602 1007396
199500 19682 987090 19615 1007910
199600 19694 987638 19627 1008362
199700 19703 988120 19650 1008880
199800 19714 988635 19665 1009365
199900 19728 989149 19674 1009851
200000 19734 989636 19684 1010364
