#! FIELDS timestep dup_succ dup_attempts kill_succ kill_attempts
#! SET timestep 0.5
#! SET kernel_bandwidth [0.6 0.6]
#! SET kt 1.0
100 79 181 69 819
200 158 455 167 1545
300 249 805 270 2195
400 322 1259 352 2741
500 375 1682 398 3318
600 408 2038 440 3962
700 435 2403 467 4597
800 464 2802 486 5198
900 486 3216 502 5784
1000 507 3627 511 6373
1100 518 4133 524 6867
1200 535 4628 540 7372
1300 536 5065 552 7935
1400 545 5426 565 8574
1500 549 5806 575 9194
1600 555 6216 581 9784
1700 556 6735 583 10265
1800 558 7253 586 10747
1900 568 7716 588 11284
2000 573 8245 594 11755
2100 580 8754 601 12246
2200 592 9311 609 12689
2300 601 9819 615 13181
2400 607 10266 617 13734
2500 610 10772 619 14228
2600 616 11277 625 14723
2700 620 11705 627 15295
2800 627 12212 634 15788
2900 635 12730 637 16270
3000 641 13236 645 16764
3100 646 13744 648 17256
3200 652 14205 656 17795
3300 656 14656 661 18344
3400 663 15190 668 18810
3500 667 15737 670 19263
3600 669 16215 674 19785
3700 673 16681 681 20319
3800 674 17129 687 20871
3900 679 17595 690 21405
4000 687 18053 698 21947
4100 695 18513 700 22487
4200 701 19010 703 22990
4300 704 19407 705 23593
4400 706 19964 715 24036
4500 713 20444 717 24556
4600 718 20954 722 25046
4700 722 21544 725 25456
4800 726 22113 733 25887
4900 734 22594 739 26406
5000 741 23103 744 26897
5100 746 23609 751 27391
5200 750 24118 752 27882
5300 756 24631 759 28369
5400 761 25108 766 28892
5500 767 25607 775 29393
5600 771 26095 785 29905
5700 773 26639 787 30361
5800 783 27070 797 30930
5900 788 27629 804 31371
6000 795 28091 810 31909
6100 796 28590 812 32410
6200 809 29075 823 32925
6300 815 29594 831 33406
6400 820 30031 837 33969
6500 824 30462 841 34538
6600 827 31036 850 34964
6700 835 31490 858 35510
6800 841 31908 864 36092
6900 846 32410 870 36590
7000 847 32938 878 37062
7100 853 33557 888 37443
7200 857 33987 890 38013
7300 864 34448 897 38552
7400 870 34919 904 39081
7500 875 35453 910 39547
7600 880 36006 911 39994
7700 885 36396 917 40604
7800 896 36932 924 41068
7900 903 37486 931 41514
8000 911 38000 937 42000
8100 915 38486 942 42514
8200 918 38912 949 43088
8300 926 39424 953 43576
8400 927 39860 956 44140
8500 933 40339 963 44661
8600 937 40789 967 45211
8700 938 41316 971 45684
8800 942 41845 974 46155
8900 951 42306 979 46694
9000 956 42775 982 47225
9100 957 43214 986 47786
9200 961 43785 994 48215
9300 963 44261 1000 48739
9400 971 44743 1005 49257
9500 979 45170 1011 49830
9600 983 45661 1024 50339
9700 989 46102 1034 50898
9800 996 46610 1040 51390
9900 998 47060 1043 51940
10000 1004 47641 1048 52359
10100 1012 48174 1053 52826
10200 1015 48646 1061 53354
10300 1027 49096 1067 53904
10400 1033 49690 1075 54310
10500 1039 50112 1087 54888
10600 1040 50501 1091 55499
10700 1043 50941 1096 56059
10800 1047 51373 1101 56627
10900 1049 51868 1106 57132
11000 1052 52386 1114 57614
11100 1057 52911 1117 58089
11200 1060 53414 1118 58586
11300 1063 53819 1121 59181
11400 1066 54234 1127 59766
11500 1072 54692 1135 60308
11600 1079 55199 1141 60801
11700 1088 55683 1147 61317
11800 1097 56160 1158 61840
11900 1098 56603 1161 62397
12000 1104 57107 1170 62893
12100 1115 57555 1179 63445
12200 1126 58003 1189 63997
12300 1132 58546 1204 64454
12400 1136 59024 1208 64976
12500 1139 59422 1214 65578
12600 1146 59882 1221 66118
12700 1157 60321 1233 66679
12800 1162 60845 1237 67155
12900 1166 61383 1239 67617
13000 1173 61867 1245 68133
13100 1182 62296 1249 68704
13200 1187 62866 1255 69134
13300 1193 63375 1257 69625
13400 1199 63917 1262 70083
13500 1204 64428 1266 70572
13600 1208 64962 1272 71038
13700 1215 65371 1279 71629
13800 1220 65834 1281 72166
13900 1231 66184 1287 72816
14000 1241 66686 1293 73314
14100 1252 67243 1303 73757
14200 1261 67782 1311 74218
14300 1264 68233 1320 74767
14400 1268 68778 1326 75222
14500 1271 69181 1329 75819
14600 1277 69748 1334 76252
14700 1281 70250 1337 76750
14800 1286 70717 1345 77283
14900 1289 71226 1350 77774
15000 1294 71622 1356 78378
15100 1300 72170 1359 78830
15200 1307 72686 1362 79314
15300 1309 73163 1364 79837
15400 1314 73692 1371 80308
15500 1318 74175 1374 80825
15600 1321 74689 1382 81311
15700 1329 75209 1389 81791
15800 1333 75723 1398 82277
15900 1336 76223 1400 82777
16000 1346 76783 1409 83217
16100 1354 77171 1411 83829
16200 1356 77651 1413 84349
16300 1361 78155 1425 84845
16400 1368 78621 1434 85379
16500 1377 79136 1441 85864
16600 1384 79620 1449 86380
16700 1387 80126 1450 86874
16800 1389 80663 1452 87337
16900 1398 81204 1458 87796
17000 1403 81639 1466 88361
17100 1406 82118 1468 88882
17200 1411 82542 1473 89458
17300 1412 83037 1477 89963
17400 1418 83588 1483 90412
17500 1423 84106 1490 90894
17600 1429 84518 1492 91482
17700 1434 84995 1499 92005
17800 1442 85460 1506 92540
17900 1444 85967 1514 93033
18000 1447 86424 1514 93576
18100 1453 86930 1520 94070
18200 1457 87504 1526 94496
18300 1463 88028 1531 94972
18400 1469 88563 1533 95437
18500 1474 89056 1542 95944
18600 1480 89659 1548 96341
18700 1493 90215 1552 96785
18800 1496 90668 1558 97332
18900 1508 91233 1566 97767
19000 1511 91756 1572 98244
19100 1514 92335 1575 98665
19200 1522 92846 1583 99154
19300 1533 93391 1588 99609
19400 1543 93933 1603 100067
19500 1549 94474 1605 100526
19600 1553 94946 1609 101054
19700 1558 95411 1615 101589
19800 1565 95862 1620 102138
19900 1570 96388 1621 102612
20000 1574 96840 1625 103160
20100 1584 97414 1635 103586
20200 1591 98051 1639 103949
20300 1594 98547 1647 104453
20400 1596 99093 1652 104907
20500 1600 99575 1658 105425
20600 1606 100142 1662 105858
20700 1608 100548 1663 106452
20800 1615 100995 1672 107005
20900 1622 101462 1674 107538
21000 1628 101986 1679 108014
21100 1630 102490 1684 108510
21200 1640 102952 1690 109048
21300 1645 103432 1691 109568
21400 1649 103852 1696 110148
21500 1655 104395 1700 110605
21600 1659 104951 1702 111049
21700 1663 105450 1707 111550
21800 1672 105910 1714 112090
21900 1675 106473 1720 112527
22000 1682 107020 1726 112980
22100 1686 107582 1731 113418
22200 1688 108094 1733 113906
22300 1695 108602 1735 114398
22400 1699 109069 1740 114931
22500 1709 109542 1743 115458
22600 1711 110031 1751 115969
22700 1715 110517 1758 116483
22800 1716 111110 1760 116890
22900 1719 111599 1769 117401
23000 1723 112114 1771 117886
23100 1731 112534 1776 118466
23200 1736 113011 1782 118989
23300 1737 113553 1787 119447
23400 1741 113968 1791 120032
23500 1745 114370 1791 120630
23600 1754 114834 1796 121166
23700 1763 115387 1804 121613
23800 1766 115835 1814 122165
23900 1773 116340 1818 122660
24000 1776 116786 1825 123214
24100 1783 117310 1832 123690
24200 1793 117809 1833 124191
24300 1796 118297 1841 124703
24400 1803 118731 1846 125269
24500 1807 119208 1848 125792
24600 1811 119757 1853 126243
24700 1816 120235 1858 126765
24800 1823 120755 1862 127245
24900 1827 121222 1863 127778
25000 1829 121775 1871 128225
25100 1834 122348 1876 128652
25200 1839 122786 1882 129214
25300 1843 123235 1890 129765
25400 1849 123759 1896 130241
25500 1859 124388 1904 130612
25600 1860 124877 1910 131123
25700 1871 125374 1917 131626
25800 1877 125826 1921 132174
25900 1881 126330 1925 132670
26000 1883 126823 1929 133177
26100 1887 127277 1933 133723
26200 1892 127731 1941 134269
26300 1899 128258 1950 134742
26400 1905 128770 1957 135230
26500 1911 129236 1963 135764
26600 1914 129841 1969 136159
26700 1922 130489 1976 136511
26800 1928 130994 1981 137006
26900 1934 131507 1986 137493
27000 1943 131984 1991 138016
27100 1946 132550 1992 138450
27200 1953 133028 2000 138972
27300 1959 133576 2004 139424
27400 1963 134041 2007 139959
27500 1968 134521 2010 140479
27600 1970 135033 2015 140967
27700 1975 135544 2019 141456
27800 1979 136082 2024 141918
27900 1984 136572 2028 142428
28000 1986 137021 2037 142979
28100 1994 137600 2044 143400
28200 2001 138117 2049 143883
28300 2007 138568 2054 144432
28400 2014 139073 2059 144927
28500 2015 139590 2063 145410
28600 2022 140200 2068 145800
28700 2036 140734 2077 146266
28800 2043 141308 2086 146692
28900 2050 141841 2091 147159
29000 2059 142348 2099 147652
29100 2065 142836 2107 148164
29200 2070 143327 2113 148673
29300 2074 143763 2116 149237
29400 2080 144273 2119 149727
29500 2088 144689 2125 150311
29600 2093 145186 2131 150814
29700 2097 145708 2137 151292
29800 2100 146254 2138 151746
29900 2107 146699 2145 152301
30000 2115 147237 2151 152763
30100 2119 147675 2155 153325
30200 2126 148176 2163 153824
30300 2133 148660 2166 154340
30400 2137 149202 2169 154798
30500 2141 149707 2178 155293
30600 2145 150327 2184 155673
30700 2148 150890 2192 156110
30800 2153 151477 2199 156523
30900 2157 151867 2202 157133
31000 2165 152416 2208 157584
31100 2171 152938 2212 158062
31200 2178 153445 2215 158555
31300 2191 153924 2223 159076
31400 2197 154477 2235 159523
31500 2202 154920 2238 160080
31600 2207 155388 2244 160612
31700 2208 155906 2249 161094
31800 2209 156438 2253 161562
31900 2215 156876 2259 162124
32000 2217 157476 2262 162524
32100 2227 157921 2266 163079
32200 2235 158365 2273 163635
32300 2240 159007 2277 163993
32400 2242 159501 2279 164499
32500 2247 160002 2282 164998
32600 2253 160474 2288 165526
32700 2261 160980 2293 166020
32800 2267 161523 2297 166477
32900 2270 161938 2302 167062
33000 2278 162433 2305 167567
33100 2281 162897 2309 168103
33200 2284 163357 2314 168643
33300 2294 163933 2324 169067
33400 2301 164476 2330 169524
33500 2306 164996 2337 170004
33600 2306 165517 2342 170483
33700 2309 165982 2344 171018
33800 2317 166467 2355 171533
33900 2319 167009 2362 171991
34000 2323 167479 2366 172521
34100 2328 168010 2370 172990
34200 2332 168458 2377 173542
34300 2334 168989 2381 174011
34400 2338 169488 2391 174512
34500 2343 169896 2394 175104
34600 2348 170378 2401 175622
34700 2356 170860 2409 176140
34800 2360 171396 2423 176604
34900 2364 171776 2429 177224
35000 2369 172190 2441 177810
35100 2373 172753 2442 178247
35200 2378 173236 2446 178764
35300 2385 173742 2449 179258
35400 2391 174173 2456 179827
35500 2398 174648 2460 180352
35600 2404 175114 2463 180886
35700 2411 175638 2467 181362
35800 2415 176169 2469 181831
35900 2416 176714 2472 182286
36000 2430 177205 2480 182795
36100 2437 177697 2490 183303
36200 2441 178201 2495 183799
36300 2447 178705 2500 184295
36400 2451 179219 2505 184781
36500 2456 179790 2511 185210
36600 2463 180324 2516 185676
36700 2465 180917 2519 186083
36800 2472 181425 2530 186575
36900 2481 181992 2535 187008
37000 2485 182529 2542 187471
37100 2486 183044 2547 187956
37200 2491 183630 2551 188370
37300 2497 184194 2554 188806
37400 2501 184728 2563 189272
37500 2502 185377 2567 189623
37600 2504 185870 2570 190130
37700 2506 186306 2577 190694
37800 2511 186764 2585 191236
37900 2521 187211 2592 191789
38000 2527 187614 2598 192386
38100 2536 188178 2600 192822
38200 2543 188653 2605 193347
38300 2554 189247 2614 193753
38400 2559 189741 2620 194259
38500 2566 190259 2624 194741
38600 2572 190723 2631 195277
38700 2575 191154 2637 195846
38800 2578 191717 2643 196283
38900 2580 192267 2647 196733
39000 2582 192766 2653 197234
39100 2585 193307 2662 197693
39200 2588 193869 2668 198131
39300 2592 194348 2673 198652
39400 2600 194863 2675 199137
39500 2608 195369 2685 199631
39600 2614 195874 2688 200126
39700 2616 196293 2702 200707
39800 2621 196805 2708 201195
39900 2626 197282 2711 201718
40000 2630 197682 2714 202318
40100 2638 198110 2715 202890
40200 2645 198548 2720 203452
40300 2647 199025 2727 203975
40400 2652 199558 2729 204442
40500 2654 199974 2736 205026
40600 2660 200425 2742 205575
40700 2670 200866 2750 206134
40800 2675 201432 2761 206568
40900 2682 201813 2763 207187
41000 2689 202307 2768 207693
41100 2692 202692 2770 208308
41200 2698 203270 2776 208730
41300 2706 203750 2783 209250
41400 2714 204282 2785 209718
41500 2719 204788 2787 210212
41600 2721 205262 2790 210738
41700 2727 205818 2794 211182
41800 2730 206335 2798 211665
41900 2737 206902 2802 212098
42000 2745 207351 2808 212649
42100 2746 207883 2810 213117
42200 2755 208244 2816 213756
42300 2756 208789 2819 214211
42400 2757 209331 2829 214669
42500 2762 209817 2834 215183
42600 2769 210290 2840 215710
42700 2773 210868 2844 216132
42800 2775 211386 2848 216614
42900 2781 211827 2851 217173
43000 2788 212286 2855 217714
43100 2795 212759 2858 218241
43200 2801 213308 2865 218692
43300 2807 213760 2872 219240
43400 2812 214256 2878 219744
43500 2815 214733 2882 220267
43600 2820 215242 2884 220758
43700 2821 215769 2886 221231
43800 2823 216190 2890 221810
43900 2828 216762 2896 222238
44000 2833 217176 2903 222824
44100 2840 217698 2909 223302
44200 2848 218185 2916 223815
44300 2852 218687 2919 224313
44400 2857 219118 2920 224882
44500 2864 219553 2925 225447
44600 2871 220039 2931 225961
44700 2878 220573 2941 226427
44800 2884 221080 2949 226920
44900 2889 221631 2963 227369
45000 2895 222146 2968 227854
45100 2898 222657 2970 228343
45200 2902 223085 2977 228915
45300 2907 223601 2983 229399
45400 2914 224081 2990 229919
45500 2916 224660 2997 230340
45600 2921 225069 3000 230931
45700 2928 225543 3005 231457
45800 2940 226060 3012 231940
45900 2943 226473 3021 232527
46000 2952 226932 3024 233068
46100 2956 227366 3030 233634
46200 2964 227916 3047 234084
46300 2967 228448 3050 234552
46400 2972 228935 3051 235065
46500 2975 229419 3059 235581
46600 2985 229899 3066 236101
46700 2992 230393 3070 236607
46800 2998 230908 3074 237092
46900 3003 231486 3079 237514
47000 3003 231914 3081 238086
47100 3010 232467 3084 238533
47200 3013 232968 3088 239032
47300 3019 233496 3093 239504
47400 3027 233922 3100 240078
47500 3038 234433 3100 240567
47600 3043 234989 3105 241011
47700 3047 235453 3112 241547
47800 3052 235883 3121 242117
47900 3056 236384 3127 242616
48000 3061 236863 3136 243137
48100 3069 237333 3139 243667
48200 3080 237814 3146 244186
48300 3087 238360 3150 244640
48400 3096 238926 3153 245074
48500 3102 239397 3155 245603
48600 3108 239843 3159 246157
48700 3115 240373 3165 246627
48800 3120 240924 3174 247076
48900 3125 241369 3178 247631
49000 3138 241945 3183 248055
49100 3145 242554 3185 248446
49200 3149 242952 3194 249048
49300 3154 243420 3199 249580
49400 3160 243892 3205 250108
49500 3162 244376 3211 250624
49600 3166 244900 3212 251100
49700 3174 245373 3215 251627
49800 3179 245888 3220 252112
49900 3183 246322 3228 252678
50000 3190 246805 3236 253195
50100 3195 247209 3242 253791
50200 3199 247738 3249 254262
50300 3208 248250 3256 254750
50400 3219 248809 3265 255191
50500 3222 249349 3272 255651
50600 3229 249890 3279 256110
50700 3232 250382 3286 256618
50800 3243 250902 3293 257098
50900 3250 251428 3304 257572
51000 3256 251843 3306 258157
51100 3264 252336 3308 258664
51200 3272 252827 3315 259173
51300 3278 253294 3323 259706
51400 3278 253756 3326 260244
51500 3282 254251 3329 260749
51600 3289 254740 3337 261260
51700 3294 255211 3347 261789
51800 3296 255795 3355 262205
51900 3299 256296 3360 262704
52000 3302 256825 3363 263175
52100 3305 257377 3368 263623
52200 3307 257918 3371 264082
52300 3307 258464 3374 264536
52400 3314 259056 3385 264944
52500 3323 259592 3390 265408
52600 3329 260113 3400 265887
52700 3335 260611 3407 266389
52800 3340 261096 3417 266904
52900 3346 261524 3423 267476
53000 3348 262071 3426 267929
53100 3351 262626 3430 268374
53200 3359 263146 3434 268854
53300 3362 263710 3440 269290
53400 3372 264065 3443 269935
53500 3375 264446 3445 270554
53600 3382 264977 3451 271023
53700 3385 265417 3455 271583
53800 3392 265966 3461 272034
53900 3394 266432 3470 272568
54000 3398 266914 3476 273086
54100 3407 267447 3484 273553
54200 3414 268020 3488 273980
54300 3424 268525 3494 274475
54400 3428 269047 3496 274953
54500 3433 269551 3499 275449
54600 3443 270102 3506 275898
54700 3448 270708 3516 276292
54800 3455 271189 3522 276811
54900 3461 271636 3525 277364
55000 3470 272026 3534 277974
55100 3480 272512 3538 278488
55200 3489 273038 3544 278962
55300 3495 273454 3550 279546
55400 3497 274155 3556 279845
55500 3502 274544 3562 280456
55600 3510 275002 3570 280998
55700 3518 275532 3578 281468
55800 3525 276019 3583 281981
55900 3527 276516 3585 282484
56000 3531 277039 3589 282961
56100 3542 277607 3593 283393
56200 3549 278075 3596 283925
56300 3553 278644 3599 284356
56400 3559 279148 3599 284852
56500 3562 279622 3604 285378
56600 3565 280050 3607 285950
56700 3569 280600 3608 286400
56800 3574 281227 3615 286773
56900 3581 281727 3620 287273
57000 3587 282230 3626 287770
57100 3598 282611 3634 288389
57200 3600 283123 3635 288877
57300 3608 283683 3641 289317
57400 3614 284170 3644 289830
57500 3618 284639 3650 290361
57600 3625 285129 3654 290871
57700 3631 285629 3659 291371
57800 3640 286166 3666 291834
57900 3643 286578 3670 292422
58000 3648 287193 3672 292807
58100 3654 287754 3677 293246
58200 3658 288222 3681 293778
58300 3662 288627 3686 294373
58400 3664 289097 3692 294903
58500 3670 289665 3695 295335
58600 3671 290166 3698 295834
58700 3678 290640 3702 296360
58800 3693 291113 3708 296887
58900 3702 291743 3716 297257
59000 3705 292315 3719 297685
59100 3706 292866 3726 298134
59200 3713 293451 3730 298549
59300 3725 294013 3739 298987
59400 3729 294472 3742 299528
59500 3733 294913 3752 300087
59600 3735 295344 3755 300656
59700 3741 295842 3757 301158
59800 3743 296391 3759 301609
59900 3750 296872 3765 302128
60000 3756 297378 3770 302622
60100 3761 297883 3777 303117
60200 3771 298373 3781 303627
60300 3776 298842 3791 304158
60400 3786 299306 3797 304694
60500 3788 299832 3805 305168
60600 3791 300319 3808 305681
60700 3796 300734 3814 306266
60800 3806 301237 3820 306763
60900 3812 301679 3826 307321
61000 3817 302127 3832 307873
61100 3824 302660 3839 308340
61200 3832 303098 3843 308902
61300 3835 303576 3850 309424
61400 3836 304207 3853 309793
61500 3839 304691 3857 310309
61600 3844 305120 3863 310880
61700 3850 305627 3866 311373
61800 3857 306199 3875 311801
61900 3863 306668 3881 312332
62000 3866 307225 3888 312775
62100 3873 307758 3894 313242
62200 3881 308219 3906 313781
62300 3890 308644 3911 314356
62400 3899 309086 3916 314914
62500 3903 309508 3923 315492
62600 3907 310050 3926 315950
62700 3918 310594 3932 316406
62800 3920 311076 3938 316924
62900 3928 311519 3948 317481
63000 3935 311998 3956 318002
63100 3943 312424 3963 318576
63200 3946 312977 3966 319023
63300 3951 313467 3968 319533
63400 3955 313892 3972 320108
63500 3965 314364 3977 320636
63600 3970 314895 3983 321105
63700 3972 315241 3987 321759
63800 3979 315792 3989 322208
63900 3988 316402 4000 322598
64000 3994 316871 4004 323129
64100 3996 317378 4006 323622
64200 4003 317977 4010 324023
64300 4009 318548 4014 324452
64400 4015 319008 4026 324992
64500 4026 319541 4030 325459
64600 4032 320010 4034 325990
64700 4039 320524 4041 326476
64800 4041 321001 4045 326999
64900 4045 321572 4049 327428
65000 4049 322039 4054 327961
65100 4056 322517 4062 328483
65200 4060 323039 4064 328961
65300 4068 323528 4071 329472
65400 4075 323968 4072 330032
65500 4079 324506 4074 330494
65600 4087 325002 4082 330998
65700 4095 325511 4090 331489
65800 4099 326114 4095 331886
65900 4103 326504 4105 332496
66000 4109 326858 4112 333142
66100 4117 327367 4117 333633
66200 4117 327803 4119 334197
66300 4120 328222 4127 334778
66400 4122 328655 4130 335345
66500 4127 329139 4138 335861
66600 4130 329657 4138 336343
66700 4135 330092 4139 336908
66800 4139 330595 4142 337405
66900 4145 331104 4145 337896
67000 4147 331574 4149 338426
67100 4151 332091 4155 338909
67200 4154 332586 4158 339414
67300 4158 333068 4163 339932
67400 4166 333490 4167 340510
67500 4169 333959 4173 341041
67600 4171 334416 4180 341584
67700 4183 334952 4191 342048
67800 4187 335362 4199 342638
67900 4195 335818 4202 343182
68000 4204 336305 4206 343695
68100 4206 336796 4210 344204
68200 4208 337271 4215 344729
68300 4216 337740 4218 345260
68400 4219 338220 4224 345780
68500 4225 338682 4226 346318
68600 4232 339218 4230 346782
68700 4236 339813 4237 347187
68800 4240 340317 4241 347683
68900 4246 340817 4246 348183
69000 4254 341330 4251 348670
69100 4262 341738 4259 349262
69200 4269 342189 4266 349811
69300 4272 342696 4275 350304
69400 4279 343230 4280 350770
69500 4282 343705 4288 351295
69600 4286 344196 4290 351804
69700 4292 344741 4293 352259
69800 4300 345273 4298 352727
69900 4304 345830 4301 353170
70000 4312 346355 4304 353645
70100 4317 346835 4313 354165
70200 4324 347332 4322 354668
70300 4331 347863 4330 355137
70400 4336 348419 4336 355581
70500 4340 348807 4344 356193
70600 4344 349271 4348 356729
70700 4347 349764 4356 357236
70800 4353 350267 4360 357733
70900 4359 350762 4365 358238
71000 4367 351261 4372 358739
71100 4374 351769 4377 359231
71200 4377 352265 4384 359735
71300 4380 352726 4390 360274
71400 4384 353244 4395 360756
71500 4390 353841 4397 361159
71600 4392 354400 4401 361600
71700 4403 354856 4407 362144
71800 4407 355401 4414 362599
71900 4416 355807 4426 363193
72000 4424 356314 4431 363686
72100 4436 356814 4437 364186
72200 4441 357250 4445 364750
72300 4448 357715 4452 365285
72400 4453 358171 4456 365829
72500 4456 358526 4460 366474
72600 4466 359105 4462 366895
72700 4470 359560 4470 367440
72800 4472 360174 4475 367826
72900 4481 360757 4479 368243
73000 4483 361220 4483 368780
73100 4485 361832 4487 369168
73200 4492 362405 4496 369595
73300 4502 362881 4498 370119
73400 4504 363304 4504 370696
73500 4505 363826 4507 371174
73600 4512 364402 4513 371598
73700 4515 364864 4519 372136
73800 4523 365348 4527 372652
73900 4534 365799 4536 373201
74000 4540 366266 4540 373734
74100 4543 366720 4548 374280
74200 4551 367118 4553 374882
74300 4557 367588 4557 375412
74400 4560 368065 4563 375935
74500 4570 368607 4564 376393
74600 4574 369242 4566 376758
74700 4579 369727 4572 377273
74800 4585 370219 4577 377781
74900 4587 370785 4583 378215
75000 4593 371303 4587 378697
75100 4599 371831 4595 379169
75200 4604 372308 4603 379692
75300 4611 372762 4610 380238
75400 4620 373278 4621 380722
75500 4623 373787 4626 381213
75600 4631 374335 4629 381665
75700 4634 374892 4631 382108
75800 4637 375368 4643 382632
75900 4643 375776 4647 383224
76000 4650 376326 4654 383674
76100 4660 376815 4660 384185
76200 4665 377235 4665 384765
76300 4672 377862 4672 385138
76400 4676 378309 4679 385691
76500 4677 378809 4683 386191
76600 4680 379290 4685 386710
76700 4685 379829 4688 387171
76800 4691 380349 4692 387651
76900 4702 380893 4702 388107
77000 4706 381353 4706 388647
77100 4710 381916 4708 389084
77200 4718 382428 4712 389572
77300 4721 382878 4716 390122
77400 4723 383345 4721 390655
77500 4725 383877 4729 391123
77600 4735 384382 4733 391618
77700 4738 384785 4737 392215
77800 4740 385264 4741 392736
77900 4745 385893 4748 393107
78000 4749 386441 4753 393559
78100 4754 387025 4755 393975
78200 4759 387457 4761 394543
78300 4764 387896 4769 395104
78400 4770 388377 4779 395623
78500 4786 388781 4787 396219
78600 4795 389237 4792 396763
78700 4800 389691 4798 397309
78800 4805 390219 4801 397781
78900 4811 390646 4804 398354
79000 4815 391113 4810 398887
79100 4820 391579 4820 399421
79200 4822 392096 4823 399904
79300 4829 392629 4829 400371
79400 4842 393085 4840 400915
79500 4847 393517 4844 401483
79600 4850 393882 4847 402118
79700 4851 394323 4849 402677
79800 4857 394792 4855 403208
79900 4862 395248 4861 403752
80000 4864 395699 4863 404301
80100 4867 396263 4868 404737
80200 4872 396756 4871 405244
80300 4881 397274 4880 405726
80400 4893 397751 4887 406249
80500 4902 398243 4895 406757
80600 4906 398765 4901 407235
80700 4913 399249 4906 407751
80800 4920 399688 4913 408312
80900 4925 400172 4921 408828
81000 4925 400643 4925 409357
81100 4934 401067 4933 409933
81200 4938 401538 4940 410462
81300 4943 401910 4941 411090
81400 4949 402508 4944 411492
81500 4959 403136 4947 411864
81600 4963 403672 4956 412328
81700 4977 404149 4964 412851
81800 4985 404611 4971 413389
81900 4990 405137 4975 413863
82000 4994 405715 4986 414285
82100 4998 406247 4989 414753
82200 5004 406770 5000 415230
82300 5011 407314 5012 415686
82400 5016 407755 5016 416245
82500 5021 408263 5021 416737
82600 5025 408856 5032 417144
82700 5033 409363 5037 417637
82800 5038 409782 5043 418218
82900 5042 410166 5049 418834
83000 5045 410634 5058 419366
83100 5049 411071 5059 419929
83200 5060 411580 5062 420420
83300 5066 412098 5067 420902
83400 5072 412590 5071 421410
83500 5072 413030 5074 421970
83600 5076 413544 5077 422456
83700 5084 414089 5082 422911
83800 5091 414566 5083 423434
83900 5096 415013 5087 423987
84000 5104 415595 5096 424405
84100 5108 416054 5101 424946
84200 5114 416707 5104 425293
84300 5119 417244 5108 425756
84400 5122 417708 5115 426292
84500 5126 418203 5116 426797
84600 5127 418687 5122 427313
84700 5129 419125 5127 427875
84800 5137 419617 5130 428383
84900 5143 420104 5140 428896
85000 5147 420593 5148 429407
85100 5154 421117 5158 429883
85200 5161 421526 5160 430474
85300 5169 422035 5165 430965
85400 5174 422509 5180 431491
85500 5179 422931 5187 432069
85600 5183 423396 5196 432604
85700 5188 423939 5201 433061
85800 5193 424367 5202 433633
85900 5194 424841 5211 434159
86000 5198 425352 5214 434648
86100 5201 425931 5219 435069
86200 5208 426385 5223 435615
86300 5210 426903 5226 436097
86400 5216 427461 5236 436539
86500 5221 427968 5243 437032
86600 5228 428440 5247 437560
86700 5234 428922 5254 438078
86800 5238 429368 5262 438632
86900 5243 429715 5270 439285
87000 5249 430202 5274 439798
87100 5252 430745 5277 440255
87200 5255 431259 5280 440741
87300 5256 431752 5285 441248
87400 5260 432261 5289 441739
87500 5265 432814 5294 442186
87600 5271 433382 5300 442618
87700 5278 433843 5303 443157
87800 5282 434315 5307 443685
87900 5288 434845 5311 444155
88000 5295 435377 5316 444623
88100 5303 435821 5319 445179
88200 5306 436310 5322 445690
88300 5314 436897 5327 446103
88400 5320 437403 5336 446597
88500 5327 437838 5347 447162
88600 5330 438281 5353 447719
88700 5334 438805 5357 448195
88800 5340 439404 5361 448596
88900 5346 439853 5367 449147
89000 5350 440330 5374 449670
89100 5353 440909 5377 450091
89200 5357 441444 5385 450556
89300 5366 441950 5388 451050
89400 5370 442508 5393 451492
89500 5376 442973 5397 452027
89600 5383 443450 5399 452550
89700 5391 443911 5405 453089
89800 5398 444413 5411 453587
89900 5406 444906 5414 454094
90000 5412 445442 5417 454558
90100 5418 445933 5422 455067
90200 5426 446511 5426 455489
90300 5434 447119 5432 455881
90400 5440 447664 5440 456336
90500 5443 448175 5444 456825
90600 5447 448755 5450 457245
90700 5452 449248 5451 457752
90800 5455 449784 5453 458216
90900 5460 450234 5458 458766
91000 5468 450774 5464 459226
91100 5473 451238 5469 459762
91200 5478 451742 5474 460258
91300 5486 452254 5482 460746
91400 5495 452777 5494 461223
91500 5497 453331 5499 461669
91600 5499 453869 5503 462131
91700 5509 454419 5511 462581
91800 5520 454939 5522 463061
91900 5522 455419 5528 463581
92000 5527 455852 5532 464148
92100 5531 456311 5538 464689
92200 5538 456819 5542 465181
92300 5540 457360 5544 465640
92400 5547 457852 5549 466148
92500 5550 458287 5550 466713
92600 5555 458768 5555 467232
92700 5558 459242 5563 467758
92800 5560 459692 5568 468308
92900 5567 460149 5570 468851
93000 5572 460720 5573 469280
93100 5573 461279 5574 469721
93200 5580 461798 5581 470202
93300 5585 462298 5585 470702
93400 5590 462827 5587 471173
93500 5601 463271 5592 471729
93600 5609 463694 5593 472306
93700 5613 464169 5597 472831
93800 5617 464697 5608 473303
93900 5622 465054 5615 473946
94000 5628 465464 5625 474536
94100 5635 466006 5631 474994
94200 5641 466504 5634 475496
94300 5654 467027 5646 475973
94400 5655 467527 5650 476473
94500 5662 468077 5656 476923
94600 5665 468626 5660 477374
94700 5669 469166 5668 477834
94800 5674 469672 5672 478328
94900 5677 470274 5676 478726
95000 5682 470797 5679 479203
95100 5688 471378 5684 479622
95200 5693 471857 5693 480143
95300 5702 472351 5699 480649
95400 5704 472838 5702 481162
95500 5706 473210 5705 481790
95600 5709 473617 5713 482383
95700 5721 474220 5719 482780
95800 5722 474726 5724 483274
95900 5727 475234 5729 483766
96000 5733 475740 5733 484260
96100 5737 476259 5736 484741
96200 5740 476880 5736 485120
96300 5742 477359 5741 485641
96400 5748 477881 5747 486119
96500 5755 478427 5751 486573
96600 5764 478906 5756 487094
96700 5767 479332 5759 487668
96800 5767 479816 5764 488184
96900 5777 480335 5769 488665
97000 5788 480817 5773 489183
97100 5793 481303 5785 489697
97200 5797 481795 5792 490205
97300 5806 482301 5797 490699
97400 5812 482761 5805 491239
97500 5820 483219 5810 491781
97600 5826 483745 5811 492255
97700 5834 484058 5815 492942
97800 5837 484587 5821 493413
97900 5842 485118 5833 493882
98000 5850 485579 5835 494421
98100 5851 486099 5838 494901
98200 5856 486535 5840 495465
98300 5859 486992 5847 496008
98400 5866 487484 5857 496516
98500 5871 487956 5862 497044
98600 5877 488440 5875 497560
98700 5881 488894 5882 498106
98800 5885 489308 5885 498692
98900 5891 489791 5893 499209
99000 5898 490241 5896 499759
99100 5901 490733 5905 500267
99200 5906 491262 5909 500738
99300 5915 491762 5912 501238
99400 5919 492212 5913 501788
99500 5922 492664 5921 502336
99600 5931 493098 5926 502902
99700 5935 493521 5933 503479
99800 5942 494087 5940 503913
99900 5945 494580 5943 504420
100000 5949 495081 5945 504919
100100 5957 495474 5953 505526
100200 5961 495956 5960 506044
100300 5966 496480 5966 506520
100400 5972 496985 5976 507015
100500 5978 497513 5985 507487
100600 5981 497981 5988 508019
100700 5988 498413 5994 508587
100800 5995 498808 6002 509192
100900 6004 499358 6011 509642
101000 6011 499779 6016 510221
101100 6015 500308 6021 510692
101200 6021 500715 6026 511285
101300 6023 501228 6029 511772
101400 6031 501700 6036 512300
101500 6035 502199 6038 512801
101600 6041 502779 6046 513221
101700 6049 503246 6050 513754
101800 6054 503697 6055 514303
101900 6062 504147 6061 514853
102000 6067 504564 6066 515436
102100 6075 505071 6067 515929
102200 6081 505564 6071 516436
102300 6086 506110 6079 516890
102400 6092 506639 6083 517361
102500 6096 507101 6086 517899
102600 6101 507629 6094 518371
102700 6108 508092 6101 518908
102800 6113 508601 6105 519399
102900 6117 509147 6111 519853
103000 6122 509572 6115 520428
103100 6126 510044 6120 520956
103200 6131 510545 6126 521455
103300 6133 511007 6130 521993
103400 6138 511590 6135 522410
103500 6141 512107 6140 522893
103600 6147 512756 6144 523244
103700 6151 513325 6150 523675
103800 6157 513754 6155 524246
103900 6167 514194 6159 524806
104000 6173 514701 6163 525299
104100 6174 515236 6167 525764
104200 6178 515720 6170 526280
104300 6180 516271 6175 526729
104400 6185 516794 6180 527206
104500 6187 517324 6182 527676
104600 6194 517785 6189 528215
104700 6200 518282 6193 528718
104800 6206 518714 6198 529286
104900 6211 519138 6198 529862
105000 6214 519548 6200 530452
105100 6220 520012 6202 530988
105200 6226 520519 6211 531481
105300 6230 520914 6217 532086
105400 6238 521415 6221 532585
105500 6247 521877 6231 533123
105600 6255 522417 6240 533583
105700 6268 522845 6244 534155
105800 6271 523333 6253 534667
105900 6277 523727 6256 535273
106000 6281 524235 6260 535765
106100 6286 524735 6265 536265
106200 6293 525310 6267 536690
106300 6300 525750 6273 537250
106400 6302 526223 6276 537777
106500 6308 526783 6284 538217
106600 6314 527339 6286 538661
106700 6318 527818 6289 539182
106800 6328 528306 6296 539694
106900 6330 528794 6298 540206
107000 6335 529251 6301 540749
107100 6338 529802 6305 541198
107200 6344 530280 6310 541720
107300 6348 530733 6316 542267
107400 6348 531258 6321 542742
107500 6359 531665 6329 543335
107600 6371 532161 6337 543839
107700 6375 532631 6341 544369
107800 6382 533087 6347 544913
107900 6388 533547 6351 545453
108000 6390 534010 6358 545990
108100 6395 534510 6366 546490
108200 6399 534996 6374 547004
108300 6402 535438 6382 547562
108400 6411 535965 6387 548035
108500 6414 536475 6389 548525
108600 6423 537016 6394 548984
108700 6429 537544 6397 549456
108800 6433 538010 6401 549990
108900 6440 538433 6409 550567
109000 6452 538935 6413 551065
109100 6460 539430 6422 551570
109200 6467 539888 6427 552112
109300 6477 540406 6432 552594
109400 6482 540851 6437 553149
109500 6492 541400 6443 553600
109600 6498 541928 6446 554072
109700 6506 542436 6458 554564
109800 6510 542901 6465 555099
109900 6514 543300 6471 555700
110000 6519 543757 6475 556243
110100 6527 544265 6481 556735
110200 6529 544761 6487 557239
110300 6535 545331 6495 557669
110400 6540 545835 6498 558165
110500 6548 546321 6507 558679
110600 6555 546846 6513 559154
110700 6562 547317 6517 559683
110800 6568 547900 6524 560100
110900 6578 548230 6532 560770
111000 6584 548651 6536 561349
111100 6590 549098 6548 561902
111200 6595 549671 6555 562329
111300 6601 550277 6559 562723
111400 6604 550818 6564 563182
111500 6610 551308 6572 563692
111600 6612 551849 6574 564151
111700 6615 552407 6578 564593
111800 6623 552928 6584 565072
111900 6633 553517 6589 565483
112000 6646 554080 6593 565920
112100 6651 554515 6596 566485
112200 6656 554987 6601 567013
112300 6666 555375 6612 567625
112400 6669 555804 6616 568196
112500 6673 556293 6618 568707
112600 6676 556766 6624 569234
112700 6685 557180 6629 569820
112800 6691 557733 6631 570267
112900 6697 558238 6638 570762
113000 6701 558715 6641 571285
113100 6709 559243 6649 571757
113200 6715 559773 6654 572227
113300 6722 560310 6661 572690
113400 6729 560791 6668 573209
113500 6733 561315 6679 573685
113600 6737 561799 6683 574201
113700 6740 562197 6686 574803
113800 6748 562721 6688 575279
113900 6753 563217 6691 575783
114000 6756 563677 6698 576323
114100 6764 564209 6707 576791
114200 6768 564706 6711 577294
114300 6770 565177 6713 577823
114400 6772 565605 6716 578395
114500 6781 566156 6718 578844
114600 6787 566707 6728 579293
114700 6797 567247 6746 579753
114800 6806 567753 6753 580247
114900 6812 568315 6760 580685
115000 6820 568854 6764 581146
115100 6826 569403 6765 581597
115200 6830 569987 6772 582013
115300 6836 570586 6776 582414
115400 6842 571054 6789 582946
115500 6844 571559 6795 583441
115600 6852 572083 6797 583917
115700 6856 572684 6801 584316
115800 6863 573191 6807 584809
115900 6864 573729 6810 585271
116000 6866 574211 6816 585789
116100 6870 574640 6820 586360
116200 6875 575021 6826 586979
116300 6883 575525 6827 587475
116400 6884 575968 6832 588032
116500 6889 576515 6837 588485
116600 6896 576999 6846 589001
116700 6898 577467 6852 589533
116800 6910 577888 6860 590112
116900 6913 578368 6866 590632
117000 6923 578887 6871 591113
117100 6928 579472 6878 591528
117200 6935 579898 6884 592102
117300 6941 580439 6891 592561
117400 6945 580967 6897 593033
117500 6947 581434 6905 593566
117600 6955 581954 6914 594046
117700 6966 582422 6922 594578
117800 6972 582958 6928 595042
117900 6977 583396 6930 595604
118000 6987 583883 6938 596117
118100 6992 584322 6941 596678
118200 6995 584861 6942 597139
118300 7001 585359 6950 597641
118400 7009 585838 6954 598162
118500 7017 586377 6956 598623
118600 7024 586931 6965 599069
118700 7025 587407 6967 599593
118800 7031 587902 6971 600098
118900 7036 588268 6977 600732
119000 7044 588785 6984 601215
119100 7047 589314 6990 601686
119200 7048 589807 6992 602193
119300 7059 590335 7001 602665
119400 7068 590875 7004 603125
119500 7074 591334 7009 603666
119600 7083 591753 7013 604247
119700 7091 592123 7020 604877
119800 7095 592625 7028 605375
119900 7099 593201 7030 605799
120000 7108 593648 7038 606352
120100 7114 594082 7043 606918
120200 7118 594524 7053 607476
120300 7125 595027 7060 607973
120400 7131 595482 7065 608518
120500 7135 595962 7068 609038
120600 7138 596334 7071 609666
120700 7144 596840 7079 610160
120800 7150 597334 7086 610666
120900 7155 597802 7090 611198
121000 7156 598246 7094 611754
121100 7158 598749 7104 612251
121200 7165 599226 7107 612774
121300 7170 599632 7110 613368
121400 7174 600122 7112 613878
121500 7181 600682 7116 614318
121600 7186 601184 7125 614816
121700 7194 601695 7132 615305
121800 7197 602164 7139 615836
121900 7206 602687 7147 616313
122000 7211 603220 7162 616780
122100 7226 603791 7170 617209
122200 7235 604365 7182 617635
122300 7248 604896 7189 618104
122400 7250 605402 7192 618598
122500 7254 605892 7195 619108
122600 7263 606401 7202 619599
122700 7268 606826 7214 620174
122800 7275 607299 7217 620701
122900 7278 607836 7223 621164
123000 7280 608354 7228 621646
123100 7285 608848 7233 622152
123200 7294 609337 7236 622663
123300 7301 609795 7237 623205
123400 7310 610369 7245 623631
123500 7316 610910 7248 624090
123600 7324 611464 7258 624536
123700 7334 611884 7269 625116
123800 7344 612256 7273 625744
123900 7345 612740 7279 626260
124000 7351 613273 7282 626727
124100 7357 613716 7291 627284
124200 7369 614140 7300 627860
124300 7374 614610 7305 628390
124400 7385 615036 7314 628964
124500 7394 615505 7323 629495
124600 7401 616055 7331 629945
124700 7410 616495 7336 630505
124800 7415 617006 7338 630994
124900 7425 617427 7344 631573
125000 7427 617890 7346 632110
125100 7433 618463 7350 632537
125200 7438 618960 7350 633040
125300 7444 619476 7356 633524
125400 7446 619830 7360 634170
125500 7451 620300 7368 634700
125600 7458 620722 7375 635278
125700 7463 621231 7378 635769
125800 7470 621762 7384 636238
125900 7479 622264 7389 636736
126000 7486 622769 7393 637231
126100 7492 623209 7401 637791
126200 7495 623682 7407 638318
126300 7502 624304 7410 638696
126400 7515 624848 7420 639152
126500 7521 625291 7428 639709
126600 7524 625724 7429 640276
126700 7528 626235 7436 640765
126800 7533 626820 7444 641180
126900 7536 627324 7451 641676
127000 7539 627905 7456 642095
127100 7547 628387 7463 642613
127200 7552 628890 7466 643110
127300 7555 629343 7477 643657
127400 7562 629914 7479 644086
127500 7564 630378 7485 644622
127600 7569 630815 7488 645185
127700 7574 631262 7491 645738
127800 7579 631725 7497 646275
127900 7583 632201 7505 646799
128000 7590 632624 7510 647376
128100 7597 633154 7515 647846
128200 7602 633642 7522 648358
128300 7606 634108 7532 648892
128400 7614 634624 7536 649376
128500 7627 635174 7539 649826
128600 7630 635690 7540 650310
128700 7635 636273 7543 650727
128800 7639 636751 7546 651249
128900 7647 637244 7549 651756
129000 7649 637783 7553 652217
129100 7653 638331 7555 652669
129200 7657 638829 7567 653171
129300 7665 639357 7573 653643
129400 7671 639864 7579 654136
129500 7674 640387 7581 654613
129600 7680 640857 7588 655143
129700 7685 641337 7590 655663
129800 7690 641745 7599 656255
129900 7700 642289 7608 656711
130000 7705 642773 7611 657227
130100 7709 643259 7615 657741
130200 7714 643704 7623 658296
130300 7719 644262 7625 658738
130400 7724 644772 7632 659228
130500 7726 645245 7635 659755
130600 7732 645783 7639 660217
130700 7740 646314 7647 660686
130800 7749 646828 7655 661172
130900 7756 647302 7662 661698
131000 7769 647768 7667 662232
131100 7771 648328 7672 662672
131200 7776 648846 7680 663154
131300 7782 649401 7688 663599
131400 7785 649842 7694 664158
131500 7789 650319 7698 664681
131600 7798 650831 7705 665169
131700 7803 651250 7716 665750
131800 7813 651808 7720 666192
131900 7825 652340 7727 666660
132000 7833 652866 7731 667134
132100 7842 653402 7739 667598
132200 7844 653914 7744 668086
132300 7855 654472 7751 668528
132400 7860 655049 7756 668951
132500 7866 655538 7761 669462
132600 7871 656032 7763 669968
132700 7876 656549 7773 670451
132800 7877 657095 7776 670905
132900 7884 657611 7788 671389
133000 7889 658087 7792 671913
133100 7891 658619 7794 672381
133200 7895 659115 7795 672885
133300 7900 659633 7796 673367
133400 7909 660187 7804 673813
133500 7913 660797 7810 674203
133600 7920 661217 7817 674783
133700 7923 661574 7826 675426
133800 7933 662133 7842 675867
133900 7937 662591 7849 676409
134000 7946 663014 7854 676986
134100 7951 663492 7856 677508
134200 7953 664092 7859 677908
134300 7955 664530 7865 678470
134400 7959 664904 7870 679096
134500 7970 665306 7881 679694
134600 7980 665764 7885 680236
134700 7987 666199 7892 680801
134800 7993 666640 7898 681360
134900 7999 667141 7902 681859
135000 8009 667689 7904 682311
135100 8014 668275 7910 682725
135200 8019 668813 7914 683187
135300 8029 669408 7922 683592
135400 8035 669910 7923 684090
135500 8036 670422 7927 684578
135600 8042 670873 7929 685127
135700 8050 671412 7934 685588
135800 8058 671918 7940 686082
135900 8069 672545 7946 686455
136000 8074 673088 7951 686912
136100 8077 673618 7954 687382
136200 8087 674078 7963 687922
136300 8091 674599 7966 688401
136400 8094 675110 7969 688890
136500 8101 675600 7977 689400
136600 8103 676119 7987 689881
136700 8108 676663 7992 690337
136800 8110 677051 7994 690949
136900 8113 677533 7997 691467
137000 8117 678046 8011 691954
137100 8118 678564 8020 692436
137200 8129 679037 8024 692963
137300 8136 679498 8031 693502
137400 8141 679945 8037 694055
137500 8148 680455 8044 694545
137600 8159 680997 8046 695003
137700 8169 681540 8050 695460
137800 8172 682049 8057 695951
137900 8178 682522 8066 696478
138000 8187 682956 8070 697044
138100 8189 683474 8075 697526
138200 8193 683937 8080 698063
138300 8197 684383 8091 698617
138400 8205 684792 8096 699208
138500 8211 685256 8099 699744
138600 8213 685741 8105 700259
138700 8224 686262 8107 700738
138800 8226 686679 8110 701321
138900 8227 687144 8113 701856
139000 8233 687578 8124 702422
139100 8239 688068 8132 702932
139200 8245 688539 8143 703461
139300 8250 688980 8145 704020
139400 8253 689419 8153 704581
139500 8258 689892 8158 705108
139600 8263 690361 8162 705639
139700 8269 690881 8166 706119
139800 8277 691341 8167 706659
139900 8286 691836 8173 707164
140000 8288 692394 8174 707606
140100 8294 692873 8178 708127
140200 8302 693430 8184 708570
140300 8305 693994 8193 709006
140400 8308 694454 8197 709546
140500 8313 695014 8203 709986
140600 8318 695558 8209 710442
140700 8320 696073 8220 710927
140800 8323 696584 8227 711416
140900 8327 697127 8231 711873
141000 8333 697544 8244 712456
141100 8338 697971 8255 713029
141200 8347 698402 8265 713598
141300 8351 698867 8267 714133
141400 8356 699294 8272 714706
141500 8365 699791 8281 715209
141600 8373 700283 8287 715717
141700 8374 700731 8291 716269
141800 8383 701216 8296 716784
141900 8388 701701 8299 717299
142000 8391 702235 8308 717765
142100 8394 702832 8320 718168
142200 8403 703329 8329 718671
142300 8405 703858 8335 719142
142400 8408 704340 8338 719660
142500 8412 704787 8344 720213
142600 8421 705191 8350 720809
142700 8426 705696 8361 721304
142800 8436 706168 8369 721832
142900 8445 706602 8376 722398
143000 8454 707080 8379 722920
143100 8460 707623 8383 723377
143200 8466 708111 8387 723889
143300 8470 708455 8389 724545
143400 8473 709031 8395 724969
143500 8481 709525 8403 725475
143600 8487 710032 8406 725968
143700 8491 710488 8408 726512
143800 8495 711072 8412 726928
143900 8502 711543 8416 727457
144000 8504 712016 8424 727984
144100 8511 712562 8426 728438
144200 8515 713087 8429 728913
144300 8519 713526 8431 729474
144400 8520 714092 8435 729908
144500 8523 714679 8439 730321
144600 8534 715213 8442 730787
144700 8537 715737 8447 731263
144800 8542 716183 8453 731817
144900 8547 716625 8464 732375
145000 8550 717162 8467 732838
145100 8556 717687 8476 733313
145200 8561 718237 8485 733763
145300 8565 718695 8498 734305
145400 8571 719263 8500 734737
145500 8574 719770 8500 735230
145600 8578 720230 8504 735770
145700 8586 720658 8508 736342
145800 8594 721181 8508 736819
145900 8601 721609 8518 737391
146000 8605 722128 8521 737872
146100 8612 722615 8523 738385
146200 8613 723089 8527 738911
146300 8616 723590 8529 739410
146400 8620 724154 8534 739846
146500 8626 724703 8539 740297
146600 8633 725299 8545 740701
146700 8640 725863 8547 741137
146800 8648 726420 8553 741580
146900 8653 726972 8555 742028
147000 8660 727452 8559 742548
147100 8668 727941 8566 743059
147200 8676 728422 8571 743578
147300 8681 728786 8580 744214
147400 8682 729160 8589 744840
147500 8684 729668 8592 745332
147600 8690 730206 8597 745794
147700 8698 730753 8603 746247
147800 8705 731273 8608 746727
147900 8708 731683 8612 747317
148000 8715 732183 8619 747817
148100 8718 732684 8628 748316
148200 8726 733244 8638 748756
148300 8733 733807 8644 749193
148400 8737 734342 8655 749658
148500 8741 734785 8660 750215
148600 8747 735199 8666 750801
148700 8754 735659 8671 751341
148800 8758 736198 8674 751802
148900 8763 736719 8678 752281
149000 8768 737201 8680 752799
149100 8773 737785 8683 753215
149200 8783 738268 8684 753732
149300 8785 738768 8685 754232
149400 8789 739231 8689 754769
149500 8793 739814 8695 755186
149600 8794 740292 8699 755708
149700 8797 740802 8708 756198
149800 8801 741253 8713 756747
149900 8807 741755 8717 757245
150000 8814 742243 8719 757757
150100 8818 742782 8724 758218
150200 8819 743253 8729 758747
150300 8826 743828 8736 759172
150400 8831 744376 8742 759624
150500 8836 744886 8747 760114
150600 8845 745358 8755 760642
150700 8850 745867 8762 761133
150800 8853 746355 8767 761645
150900 8860 746865 8776 762135
151000 8870 747351 8782 762649
151100 8879 747809 8786 763191
151200 8883 748270 8789 763730
151300 8883 748672 8793 764328
151400 8885 749146 8800 764854
151500 8890 749609 8805 765391
151600 8895 750073 8810 765927
151700 8901 750583 8816 766417
151800 8905 750988 8822 767012
151900 8911 751422 8824 767578
152000 8916 751868 8833 768132
152100 8924 752358 8836 768642
152200 8940 752907 8843 769093
152300 8949 753399 8851 769601
152400 8954 753899 8853 770101
152500 8959 754380 8858 770620
152600 8964 754864 8864 771136
152700 8966 755452 8869 771548
152800 8971 755937 8874 772063
152900 8978 756391 8875 772609
153000 8991 756919 8881 773081
153100 8999 757415 8889 773585
153200 9003 757939 8892 774061
153300 9008 758373 8895 774627
153400 9021 758809 8904 775191
153500 9025 759199 8909 775801
153600 9029 759622 8916 776378
153700 9030 760122 8920 776878
153800 9036 760664 8925 777336
153900 9040 761089 8928 777911
154000 9043 761549 8929 778451
154100 9052 762055 8937 778945
154200 9055 762561 8941 779439
154300 9058 763051 8944 779949
154400 9065 763544 8950 780456
154500 9074 764064 8954 780936
154600 9078 764505 8957 781495
154700 9086 764938 8965 782062
154800 9097 765430 8970 782570
154900 9102 766062 8979 782938
155000 9106 766629 8985 783371
155100 9110 767121 8990 783879
155200 9111 767749 8996 784251
155300 9114 768146 9001 784854
155400 9119 768627 9006 785373
155500 9125 769111 9010 785889
155600 9130 769531 9021 786469
155700 9136 769971 9025 787029
155800 9144 770457 9031 787543
155900 9148 770944 9036 788056
156000 9153 771423 9039 788577
156100 9158 771912 9043 789088
156200 9167 772400 9048 789600
156300 9179 772960 9055 790040
156400 9186 773440 9065 790560
156500 9192 773897 9068 791103
156600 9194 774314 9073 791686
156700 9202 774874 9076 792126
156800 9207 775349 9080 792651
156900 9207 775860 9083 793140
157000 9209 776248 9085 793752
157100 9212 776601 9087 794399
157200 9214 777018 9092 794982
157300 9221 777526 9097 795474
157400 9229 778068 9112 795932
157500 9233 778426 9116 796574
157600 9234 778958 9121 797042
157700 9236 779491 9128 797509
157800 9242 780001 9132 797999
157900 9244 780446 9138 798554
158000 9252 780952 9144 799048
158100 9257 781401 9147 799599
158200 9259 781855 9151 800145
158300 9262 782315 9155 800685
158400 9264 782823 9162 801177
158500 9270 783256 9170 801744
158600 9272 783699 9176 802301
158700 9283 784122 9187 802878
158800 9290 784729 9194 803271
158900 9294 785344 9197 803656
159000 9299 785936 9203 804064
159100 9302 786371 9206 804629
159200 9305 786926 9210 805074
159300 9309 787550 9217 805450
159400 9312 787980 9221 806020
159500 9314 788457 9225 806543
159600 9320 788942 9230 807058
159700 9336 789361 9237 807639
159800 9341 789780 9242 808220
159900 9346 790284 9250 808716
160000 9351 790778 9258 809222
160100 9355 791264 9263 809736
160200 9358 791748 9265 810252
160300 9361 792200 9265 810800
160400 9366 792632 9269 811368
160500 9368 793210 9274 811790
160600 9372 793666 9277 812334
160700 9377 794203 9280 812797
160800 9386 794828 9293 813172
160900 9390 795280 9295 813720
161000 9398 795623 9300 814377
161100 9405 796026 9304 814974
161200 9412 796463 9311 815537
161300 9416 796859 9315 816141
161400 9425 797428 9322 816572
161500 9431 797968 9325 817032
161600 9438 798415 9331 817585
161700 9446 798929 9337 818071
161800 9449 799446 9338 818554
161900 9453 799946 9341 819054
162000 9456 800425 9345 819575
162100 9462 800841 9350 820159
162200 9464 801334 9359 820666
162300 9470 801817 9365 821183
162400 9473 802260 9374 821740
162500 9478 802752 9381 822248
162600 9480 803343 9383 822657
162700 9484 803795 9391 823205
162800 9487 804212 9397 823788
162900 9497 804767 9402 824233
163000 9507 805258 9411 824742
163100 9514 805750 9416 825250
163200 9519 806248 9420 825752
163300 9526 806731 9421 826269
163400 9535 807189 9424 826811
163500 9545 807609 9433 827391
163600 9551 808127 9439 827873
163700 9554 808655 9442 828345
163800 9557 809097 9452 828903
163900 9563 809586 9454 829414
164000 9566 810140 9458 829860
164100 9571 810650 9465 830350
164200 9572 811203 9467 830797
164300 9578 811727 9473 831273
164400 9581 812205 9477 831795
164500 9589 812739 9480 832261
164600 9592 813291 9486 832709
164700 9595 813841 9489 833159
164800 9602 814266 9494 833734
164900 9607 814659 9499 834341
165000 9611 815112 9501 834888
165100 9619 815695 9511 835305
165200 9622 816162 9517 835838
165300 9624 816596 9519 836404
165400 9626 817148 9527 836852
165500 9636 817676 9532 837324
165600 9647 818225 9533 837775
165700 9649 818759 9536 838241
165800 9653 819279 9542 838721
165900 9661 819751 9543 839249
166000 9665 820207 9546 839793
166100 9667 820656 9551 840344
166200 9668 820996 9560 841004
166300 9677 821417 9570 841583
166400 9682 821882 9576 842118
166500 9686 822384 9580 842616
166600 9690 822881 9590 843119
166700 9693 823358 9594 843642
166800 9699 823890 9599 844110
166900 9702 824313 9604 844687
167000 9710 824854 9609 845146
167100 9719 825423 9616 845577
167200 9724 825977 9623 846023
167300 9730 826436 9632 846564
167400 9734 826981 9638 847019
167500 9736 827598 9645 847402
167600 9743 828291 9649 847709
167700 9750 828850 9656 848150
167800 9751 829350 9660 848650
167900 9754 829935 9664 849065
168000 9756 830443 9667 849557
168100 9764 830995 9670 850005
168200 9768 831479 9674 850521
168300 9770 831915 9677 851085
168400 9777 832460 9682 851540
168500 9783 832990 9682 852010
168600 9791 833495 9686 852505
168700 9797 833933 9692 853067
168800 9804 834463 9698 853537
168900 9811 834928 9706 854072
169000 9819 835393 9710 854607
169100 9823 835866 9718 855134
169200 9826 836376 9721 855624
169300 9836 836898 9727 856102
169400 9839 837375 9732 856625
169500 9847 837912 9740 857088
169600 9852 838464 9745 857536
169700 9859 838918 9749 858082
169800 9862 839434 9752 858566
169900 9870 840000 9759 859000
170000 9872 840470 9766 859530
170100 9881 840976 9769 860024
170200 9884 841429 9772 860571
170300 9886 841872 9784 861128
170400 9892 842339 9793 861661
170500 9898 842833 9800 862167
170600 9903 843307 9804 862693
170700 9906 843814 9808 863186
170800 9913 844295 9813 863705
170900 9919 844779 9821 864221
171000 9921 845345 9825 864655
171100 9932 845758 9826 865242
171200 9939 846200 9835 865800
171300 9943 846792 9844 866208
171400 9950 847329 9847 866671
171500 9953 847750 9857 867250
171600 9955 848146 9858 867854
171700 9962 848664 9860 868336
171800 9966 849166 9865 868834
171900 9967 849715 9869 869285
172000 9972 850165 9872 869835
172100 9979 850805 9876 870195
172200 9983 851378 9881 870622
172300 9991 851911 9887 871089
172400 9998 852426 9894 871574
172500 10008 852832 9898 872168
172600 10011 853335 9903 872665
172700 10016 853804 9908 873196
172800 10027 854278 9916 873722
172900 10033 854739 9922 874261
173000 10039 855235 9931 874765
173100 10046 855687 9939 875313
173200 10052 856140 9942 875860
173300 10056 856668 9949 876332
173400 10062 857210 9955 876790
173500 10075 857787 9963 877213
173600 10083 858230 9968 877770
173700 10089 858727 9974 878273
173800 10091 859246 9974 878754
173900 10096 859696 9977 879304
174000 10102 860189 9980 879811
174100 10104 860681 9982 880319
174200 10107 861187 9988 880813
174300 10110 861686 9995 881314
174400 10113 862189 9996 881811
174500 10118 862684 9999 882316
174600 10126 863145 10004 882855
174700 10129 863614 10009 883386
174800 10133 864103 10014 883897
174900 10139 864614 10019 884386
175000 10146 865139 10026 884861
175100 10153 865608 10030 885392
175200 10159 866072 10037 885928
175300 10167 866500 10042 886500
175400 10169 867006 10047 886994
175500 10173 867635 10049 887365
175600 10178 868269 10060 887731
175700 10185 868751 10073 888249
175800 10192 869293 10082 888707
175900 10200 869826 10085 889174
176000 10207 870406 10092 889594
176100 10211 870949 10095 890051
176200 10216 871428 10099 890572
176300 10220 871966 10103 891034
176400 10226 872475 10105 891525
176500 10231 872916 10118 892084
176600 10232 873369 10121 892631
176700 10237 873831 10126 893169
176800 10245 874354 10130 893646
176900 10252 874839 10132 894161
177000 10258 875420 10135 894580
177100 10260 875941 10141 895059
177200 10267 876395 10145 895605
177300 10270 876871 10149 896129
177400 10277 877405 10161 896595
177500 10282 877817 10169 897183
177600 10292 878299 10174 897701
177700 10296 878839 10176 898161
177800 10299 879358 10177 898642
177900 10303 879727 10179 899273
178000 10308 880209 10188 899791
178100 10313 880776 10194 900224
178200 10315 881282 10197 900718
178300 10319 881844 10205 901156
178400 10323 882291 10214 901709
178500 10328 882776 10226 902224
178600 10333 883223 10234 902777
178700 10339 883708 10240 903292
178800 10347 884139 10246 903861
178900 10354 884712 10252 904288
179000 10364 885219 10260 904781
179100 10371 885725 10264 905275
179200 10377 886256 10265 905744
179300 10382 886725 10270 906275
179400 10391 887217 10274 906783
179500 10394 887770 10283 907230
179600 10398 888240 10292 907760
179700 10404 888782 10300 908218
179800 10409 889327 10308 908673
179900 10414 889798 10317 909202
180000 10422 890310 10323 909690
180100 10425 890836 10326 910164
180200 10427 891310 10330 910690
180300 10430 891766 10336 911234
180400 10437 892225 10339 911775
180500 10442 892761 10342 912239
180600 10444 893314 10345 912686
180700 10450 893872 10356 913128
180800 10459 894474 10361 913526
180900 10464 894856 10368 914144
181000 10465 895303 10373 914697
181100 10470 895741 10380 915259
181200 10477 896253 10388 915747
181300 10480 896735 10394 916265
181400 10485 897150 10396 916850
181500 10490 897582 10401 917418
181600 10491 898135 10409 917865
181700 10494 898617 10410 918383
181800 10496 899068 10411 918932
181900 10502 899518 10418 919482
182000 10507 899978 10420 920022
182100 10513 900501 10426 920499
182200 10517 900976 10427 921024
182300 10523 901497 10430 921503
182400 10528 901933 10434 922067
182500 10534 902293 10439 922707
182600 10538 902768 10444 923232
182700 10548 903198 10449 923802
182800 10550 903676 10454 924324
182900 10558 904053 10459 924947
183000 10563 904490 10467 925510
183100 10569 904922 10470 926078
183200 10574 905535 10474 926465
183300 10580 906016 10480 926984
183400 10585 906553 10484 927447
183500 10595 907093 10487 927907
183600 10599 907586 10498 928414
183700 10605 908070 10501 928930
183800 10609 908573 10506 929427
183900 10615 909136 10511 929864
184000 10621 909623 10512 930377
184100 10626 910141 10520 930859
184200 10634 910565 10523 931435
184300 10638 911054 10528 931946
184400 10642 911650 10530 932350
184500 10649 912078 10537 932922
184600 10652 912549 10541 933451
184700 10662 912975 10548 934025
184800 10669 913532 10554 934468
184900 10675 914058 10562 934942
185000 10678 914389 10567 935611
185100 10682 914843 10571 936157
185200 10684 915423 10577 936577
185300 10691 915910 10584 937090
185400 10699 916347 10588 937653
185500 10707 916821 10594 938179
185600 10714 917289 10601 938711
185700 10718 917803 10613 939197
185800 10721 918311 10614 939689
185900 10728 918758 10624 940242
186000 10739 919265 10638 940735
186100 10742 919709 10643 941291
186200 10752 920217 10652 941783
186300 10756 920676 10657 942324
186400 10758 921106 10668 942894
186500 10760 921638 10673 943362
186600 10766 922097 10681 943903
186700 10771 922556 10685 944444
186800 10774 923068 10690 944932
186900 10779 923561 10693 945439
187000 10779 924072 10693 945928
187100 10784 924546 10704 946454
187200 10786 924947 10714 947053
187300 10790 925386 10718 947614
187400 10794 925916 10725 948084
187500 10799 926371 10729 948629
187600 10803 926842 10734 949158
187700 10808 927343 10736 949657
187800 10813 927818 10739 950182
187900 10817 928289 10742 950711
188000 10824 928879 10745 951121
188100 10830 929396 10752 951604
188200 10833 929977 10756 952023
188300 10845 930502 10762 952498
188400 10856 930973 10769 953027
188500 10866 931488 10774 953512
188600 10868 931996 10780 954004
188700 10872 932562 10783 954438
188800 10878 933009 10784 954991
188900 10882 933444 10788 955556
189000 10887 933894 10790 956106
189100 10888 934382 10794 956618
189200 10890 934798 10796 957202
189300 10894 935281 10799 957719
189400 10900 935776 10800 958224
189500 10907 936275 10809 958725
189600 10914 936672 10813 959328
189700 10917 937143 10816 959857
189800 10922 937656 10821 960344
189900 10925 938088 10823 960912
190000 10932 938578 10832 961422
190100 10936 939039 10837 961961
190200 10944 939559 10837 962441
190300 10946 940047 10841 962953
190400 10951 940466 10847 963534
190500 10954 940966 10857 964034
190600 10961 941551 10862 964449
190700 10967 942073 10865 964927
190800 10974 942573 10875 965427
190900 10981 943119 10881 965881
191000 10987 943588 10889 966412
191100 10989 944088 10892 966912
191200 10994 944529 10896 967471
191300 10997 945047 10900 967953
191400 10999 945554 10907 968446
191500 11005 946012 10915 968988
191600 11016 946529 10917 969471
191700 11026 946995 10923 970005
191800 11036 947424 10934 970576
191900 11042 947949 10940 971051
192000 11047 948433 10945 971567
192100 11050 948871 10952 972129
192200 11055 949322 10962 972678
192300 11061 949845 10966 973155
192400 11070 950320 10969 973680
192500 11071 950814 10972 974186
192600 11075 951349 10974 974651
192700 11079 952013 10977 974987
192800 11083 952490 10984 975510
192900 11095 952968 10989 976032
193000 11097 953434 10996 976566
193100 11098 953957 11001 977043
193200 11101 954405 11003 977595
193300 11105 954984 11008 978016
193400 11113 955472 11014 978528
193500 11118 955909 11017 979091
193600 11119 956358 11025 979642
193700 11122 956869 11028 980131
193800 11125 957367 11032 980633
193900 11131 957831 11037 981169
194000 11138 958232 11047 981768
194100 11146 958676 11054 982324
194200 11151 959159 11061 982841
194300 11154 959591 11073 983409
194400 11162 960002 11085 983998
194500 11168 960618 11090 984382
194600 11171 961191 11097 984809
194700 11178 961680 11103 985320
194800 11182 962225 11108 985775
194900 11188 962751 11112 986249
195000 11197 963286 11121 986714
195100 11199 963850 11125 987150
195200 11206 964404 11132 987596
195300 11214 964855 11139 988145
195400 11221 965294 11145 988706
195500 11227 965816 11152 989184
195600 11234 966266 11159 989734
195700 11242 966818 11165 990182
195800 11248 967364 11171 990636
195900 11252 967836 11175 991164
196000 11258 968328 11177 991672
196100 11264 968888 11183 992112
196200 11267 969353 11188 992647
196300 11270 969781 11193 993219
196400 11281 970215 11198 993785
196500 11287 970631 11203 994369
196600 11291 971144 11205 994856
196700 11296 971583 11215 995417
196800 11303 972186 11221 995814
196900 11305 972657 11226 996343
197000 11310 973117 11231 996883
197100 11315 973675 11235 997325
197200 11320 974174 11241 997826
197300 11324 974610 11243 998390
197400 11330 975115 11248 998885
197500 11333 975547 11251 999453
197600 11340 976072 11254 999928
197700 11343 976596 11258 1000404
197800 11349 977073 11260 1000927
197900 11352 977654 11262 1001346
198000 11356 978202 11273 1001798
198100 11362 978638 11284 1002362
198200 11369 979163 11286 1002837
198300 11376 979681 11295 1003319
198400 11380 980190 11299 1003810
198500 11385 980714 11304 1004286
198600 11391 981250 11311 1004750
198700 11398 981829 11316 1005171
198800 11405 982339 11321 1005661
198900 11413 982816 11331 1006184
199000 11419 983298 11339 1006702
199100 11424 983816 11345 1007184
199200 11429 984282 11353 1007718
199300 11435 984853 11358 1008147
199400 11443 985324 11363 1008676
199500 11451 985812 11369 1009188
199600 11459 986378 11375 1009622
199700 11471 986959 11381 1010041
199800 11482 987408 11385 1010592
199900 11489 987859 11387 1011141
200000 11502 988376 11392 1011624
