#! FIELDS timestep dup_succ dup_attempts kill_succ kill_attempts
#! SET timestep 0.5
#! SET kernel_bandwidth [1. 1.]
#! SET kt 1.0
100 60 172 58 828
200 123 428 135 1572
300 187 739 226 2261
400 266 1134 302 2866
500 316 1619 352 3381
600 362 2155 386 3845
700 389 2735 418 4265
800 415 3264 443 4736
900 434 3699 464 5301
1000 450 4121 477 5879
1100 465 4506 488 6494
1200 483 4913 508 7087
1300 500 5341 523 7659
1400 518 5787 533 8213
1500 531 6234 545 8766
1600 536 6666 556 9334
1700 541 7103 558 9897
1800 544 7555 564 10445
1900 548 8019 568 10981
2000 550 8515 572 11485
2100 552 8922 576 12078
2200 562 9439 580 12561
2300 566 10004 586 12996
2400 569 10513 591 13487
2500 571 11063 592 13937
2600 573 11584 592 14416
2700 574 12004 593 14996
2800 578 12412 596 15588
2900 580 12806 598 16194
3000 586 13293 601 16707
3100 587 13821 603 17179
3200 590 14351 606 17649
3300 590 14869 608 18131
3400 595 15260 613 18740
3500 596 15764 614 19236
3600 596 16311 614 19689
3700 598 16840 617 20160
3800 598 17261 618 20739
3900 599 17788 618 21212
4000 602 18291 619 21709
4100 604 18814 621 22186
4200 605 19269 621 22731
4300 607 19802 623 23198
4400 607 20326 624 23674
4500 607 20933 627 24067
4600 609 21453 627 24547
4700 609 21886 629 25114
4800 610 22325 631 25675
4900 612 22880 634 26120
5000 615 23418 637 26582
5100 616 23853 638 27147
5200 616 24413 638 27587
5300 619 24955 643 28045
5400 621 25437 646 28563
5500 621 25916 646 29084
5600 622 26327 648 29673
5700 622 26934 648 30066
5800 625 27542 650 30458
5900 625 27928 651 31072
6000 628 28240 653 31760
6100 629 28673 655 32327
6200 630 29126 658 32874
6300 634 29602 660 33398
6400 635 30076 663 33924
6500 637 30643 664 34357
6600 637 31232 664 34768
6700 641 31797 665 35203
6800 645 32338 666 35662
6900 647 32798 669 36202
7000 647 33355 672 36645
7100 649 33835 675 37165
7200 650 34468 677 37532
7300 652 35039 677 37961
7400 654 35450 678 38550
7500 657 35845 682 39155
7600 659 36294 688 39706
7700 662 36730 691 40270
7800 668 37179 694 40821
7900 668 37605 696 41395
8000 670 38085 699 41915
8100 671 38539 701 42461
8200 671 39044 703 42956
8300 673 39501 706 43499
8400 678 39991 709 44009
8500 680 40505 710 44495
8600 681 40986 713 45014
8700 683 41595 714 45405
8800 685 42087 714 45913
8900 689 42606 715 46394
9000 690 42949 717 47051
9100 693 43555 720 47445
9200 694 44094 720 47906
9300 695 44663 722 48337
9400 699 45169 724 48831
9500 701 45679 729 49321
9600 703 46303 729 49697
9700 705 46824 730 50176
9800 706 47233 731 50767
9900 708 47650 734 51350
10000 708 48281 736 51719
10100 710 48857 738 52143
10200 715 49396 739 52604
10300 716 49804 740 53196
10400 717 50306 740 53694
10500 718 50726 741 54274
10600 721 51177 741 54823
10700 722 51646 741 55354
10800 723 52029 743 55971
10900 725 52484 745 56516
11000 729 52817 746 57183
11100 731 53303 752 57697
11200 731 53739 752 58261
11300 733 54131 753 58869
11400 737 54808 753 59192
11500 738 55316 753 59684
11600 738 55846 754 60154
11700 742 56460 756 60540
11800 744 56946 764 61054
11900 747 57320 766 61680
12000 749 57687 771 62313
12100 751 58177 775 62823
12200 752 58787 782 63213
12300 755 59390 785 63610
12400 757 59871 787 64129
12500 760 60180 788 64820
12600 761 60741 788 65259
12700 761 61192 788 65808
12800 765 61618 793 66382
12900 767 62029 794 66971
13000 768 62488 796 67512
13100 773 62905 801 68095
13200 773 63384 802 68616
13300 778 63873 805 69127
13400 783 64423 806 69577
13500 788 65043 811 69957
13600 789 65546 811 70454
13700 789 66065 812 70935
13800 792 66517 813 71483
13900 793 66971 814 72029
14000 800 67457 820 72543
14100 804 67881 821 73119
14200 804 68364 822 73636
14300 804 68951 822 74049
14400 808 69552 827 74448
14500 808 70025 830 74975
14600 812 70445 831 75555
14700 812 71123 833 75877
14800 815 71611 834 76389
14900 816 72077 835 76923
15000 819 72693 835 77307
15100 820 73270 837 77730
15200 824 73569 840 78431
15300 825 73894 842 79106
15400 825 74194 842 79806
15500 829 74667 845 80333
15600 831 75150 846 80850
15700 833 75429 849 81571
15800 838 75707 852 82293
15900 845 76162 856 82838
16000 847 76765 860 83235
16100 851 77407 860 83593
16200 856 77941 864 84059
16300 860 78536 867 84464
16400 860 79061 871 84939
16500 860 79616 873 85384
16600 864 80132 880 85868
16700 867 80698 884 86302
16800 868 81209 886 86791
16900 868 81762 887 87238
17000 868 82059 888 87941
17100 873 82558 895 88442
17200 874 83139 898 88861
17300 875 83696 898 89304
17400 875 84232 898 89768
17500 876 84723 898 90277
17600 880 85176 902 90824
17700 881 85670 905 91330
17800 884 86241 908 91759
17900 885 86845 911 92155
18000 890 87353 914 92647
18100 892 87822 914 93178
18200 893 88387 918 93613
18300 893 89073 922 93927
18400 895 89671 924 94329
18500 895 90305 929 94695
18600 895 90720 930 95280
18700 895 91276 931 95724
18800 896 91829 933 96171
18900 904 92458 938 96542
19000 908 92968 942 97032
19100 909 93436 944 97564
19200 910 93954 946 98046
19300 915 94511 948 98489
19400 919 95019 952 98981
19500 921 95592 957 99408
19600 924 96164 960 99836
19700 925 96697 962 100303
19800 925 97199 964 100801
19900 930 97587 966 101413
20000 933 97929 969 102071
20100 935 98402 971 102598
20200 940 98908 973 103092
20300 944 99415 975 103585
20400 944 99880 979 104120
20500 948 100245 979 104755
20600 950 100809 983 105191
20700 952 101262 984 105738
20800 959 101703 988 106297
20900 962 102218 990 106782
21000 963 102659 991 107341
21100 966 103061 992 107939
21200 970 103596 996 108404
21300 973 104035 999 108965
21400 973 104451 1002 109549
21500 974 104994 1004 110006
21600 977 105310 1007 110690
21700 977 105772 1009 111228
21800 978 106187 1010 111813
21900 980 106727 1013 112273
22000 981 107245 1016 112755
22100 983 107783 1017 113217
22200 986 108179 1017 113821
22300 987 108654 1019 114346
22400 988 109291 1021 114709
22500 988 109846 1023 115154
22600 988 110468 1029 115532
22700 988 111084 1031 115916
22800 992 111645 1033 116355
22900 993 112081 1036 116919
23000 995 112564 1038 117436
23100 995 113083 1039 117917
23200 995 113566 1041 118434
23300 997 114118 1041 118882
23400 1000 114715 1043 119285
23500 1003 115247 1045 119753
23600 1006 115581 1046 120419
23700 1006 115987 1049 121013
23800 1014 116503 1052 121497
23900 1017 116942 1057 122058
24000 1018 117340 1057 122660
24100 1020 117936 1057 123064
24200 1024 118423 1059 123577
24300 1029 118902 1063 124098
24400 1032 119222 1066 124778
24500 1037 119523 1070 125477
24600 1042 119867 1075 126133
24700 1044 120261 1077 126739
24800 1050 120720 1081 127280
24900 1050 121270 1082 127730
25000 1052 121696 1083 128304
25100 1052 122153 1084 128847
25200 1053 122645 1085 129355
25300 1056 123035 1086 129965
25400 1060 123497 1091 130503
25500 1065 123993 1092 131007
25600 1065 124480 1092 131520
25700 1066 124949 1093 132051
25800 1066 125430 1095 132570
25900 1068 125877 1096 133123
26000 1068 126316 1097 133684
26100 1071 126793 1098 134207
26200 1074 127108 1101 134892
26300 1079 127436 1105 135564
26400 1081 127844 1107 136156
26500 1082 128288 1111 136712
26600 1083 128650 1112 137350
26700 1083 129090 1115 137910
26800 1085 129568 1117 138432
26900 1085 130060 1121 138940
27000 1085 130622 1125 139378
27100 1086 131181 1126 139819
27200 1087 131871 1127 140129
27300 1090 132512 1129 140488
27400 1093 132999 1131 141001
27500 1094 133532 1133 141468
27600 1097 133984 1134 142016
27700 1099 134559 1137 142441
27800 1100 134991 1137 143009
27900 1100 135437 1138 143563
28000 1103 135843 1140 144157
28100 1109 136276 1143 144724
28200 1110 136924 1146 145076
28300 1111 137418 1150 145582
28400 1112 137956 1152 146044
28500 1114 138508 1154 146492
28600 1116 139161 1162 146839
28700 1117 139897 1163 147103
28800 1118 140437 1164 147563
28900 1122 140965 1166 148035
29000 1123 141413 1167 148587
29100 1123 141672 1169 149328
29200 1126 141993 1176 150007
29300 1129 142480 1178 150520
29400 1132 143119 1178 150881
29500 1133 143653 1179 151347
29600 1136 144229 1182 151771
29700 1139 144767 1183 152233
29800 1143 145216 1188 152784
29900 1143 145758 1192 153242
30000 1145 146201 1192 153799
30100 1149 146723 1193 154277
30200 1150 147144 1196 154856
30300 1151 147577 1201 155423
30400 1152 148063 1205 155937
30500 1153 148520 1208 156480
30600 1154 149016 1209 156984
30700 1156 149628 1210 157372
30800 1156 150146 1213 157854
30900 1160 150553 1216 158447
31000 1164 151070 1217 158930
31100 1168 151540 1219 159460
31200 1168 152021 1221 159979
31300 1169 152442 1221 160558
31400 1173 152957 1221 161043
31500 1174 153514 1224 161486
31600 1176 154123 1226 161877
31700 1177 154603 1229 162397
31800 1178 155105 1236 162895
31900 1179 155696 1240 163304
32000 1185 156192 1244 163808
32100 1185 156656 1245 164344
32200 1187 157023 1246 164977
32300 1190 157452 1249 165548
32400 1190 157912 1252 166088
32500 1195 158262 1256 166738
32600 1196 158750 1258 167250
32700 1198 159238 1261 167762
32800 1200 159582 1261 168418
32900 1203 159954 1263 169046
33000 1204 160354 1264 169646
33100 1207 160778 1266 170222
33200 1207 161408 1268 170592
33300 1207 161958 1270 171042
33400 1209 162455 1274 171545
33500 1211 162956 1274 172044
33600 1213 163288 1276 172712
33700 1216 163719 1278 173281
33800 1218 164226 1279 173774
33900 1219 164733 1283 174267
34000 1223 165243 1286 174757
34100 1226 165789 1291 175211
34200 1227 166270 1293 175730
34300 1229 166775 1295 176225
34400 1230 167045 1298 176955
34500 1234 167442 1303 177558
34600 1238 167914 1306 178086
34700 1239 168366 1308 178634
34800 1241 168943 1310 179057
34900 1243 169422 1311 179578
35000 1243 169904 1314 180096
35100 1249 170238 1320 180762
35200 1249 170795 1322 181205
35300 1253 171239 1326 181761
35400 1256 171933 1330 182067
35500 1260 172517 1336 182483
35600 1261 172967 1338 183033
35700 1266 173429 1339 183571
35800 1268 173948 1341 184052
35900 1268 174478 1341 184522
36000 1270 175063 1342 184937
36100 1271 175650 1347 185350
36200 1272 176176 1350 185824
36300 1272 176755 1352 186245
36400 1276 177330 1355 186670
36500 1276 177954 1357 187046
36600 1278 178462 1358 187538
36700 1278 179035 1359 187965
36800 1280 179627 1359 188373
36900 1281 180199 1361 188801
37000 1281 180795 1361 189205
37100 1284 181278 1363 189722
37200 1286 181740 1364 190260
37300 1288 182165 1366 190835
37400 1289 182604 1367 191396
37500 1294 183138 1371 191862
37600 1296 183551 1374 192449
37700 1298 183955 1377 193045
37800 1299 184442 1377 193558
37900 1300 184912 1377 194088
38000 1302 185422 1381 194578
38100 1303 185970 1381 195030
38200 1304 186657 1386 195343
38300 1307 187032 1388 195968
38400 1310 187484 1391 196516
38500 1312 187989 1393 197011
38600 1317 188507 1399 197493
38700 1324 188987 1402 198013
38800 1325 189487 1404 198513
38900 1325 190021 1407 198979
39000 1326 190502 1408 199498
39100 1327 191030 1408 199970
39200 1328 191622 1409 200378
39300 1329 192172 1411 200828
39400 1330 192469 1412 201531
39500 1332 192780 1416 202220
39600 1332 193151 1416 202849
39700 1334 193594 1418 203406
39800 1338 194052 1423 203948
39900 1340 194490 1425 204510
40000 1342 194814 1427 205186
40100 1345 195247 1429 205753
40200 1346 195740 1433 206260
40300 1348 196089 1434 206911
40400 1349 196561 1434 207439
40500 1353 197058 1437 207942
40600 1354 197525 1440 208475
40700 1358 198172 1442 208828
40800 1358 198701 1443 209299
40900 1361 199221 1446 209779
41000 1367 199723 1449 210277
41100 1372 200253 1453 210747
41200 1374 200765 1454 211235
41300 1374 201136 1456 211864
41400 1378 201484 1458 212516
41500 1389 201881 1460 213119
41600 1391 202408 1461 213592
41700 1391 202842 1466 214158
41800 1394 203302 1467 214698
41900 1396 203966 1469 215034
42000 1398 204475 1472 215525
42100 1400 204955 1474 216045
42200 1402 205449 1481 216551
42300 1406 206033 1484 216967
42400 1408 206621 1484 217379
42500 1409 207146 1485 217854
42600 1409 207710 1487 218290
42700 1413 208198 1487 218802
42800 1419 208693 1489 219307
42900 1421 209129 1492 219871
43000 1422 209505 1494 220495
43100 1422 209989 1494 221011
43200 1424 210415 1494 221585
43300 1426 210913 1496 222087
43400 1431 211382 1501 222618
43500 1434 211995 1502 223005
43600 1438 212471 1505 223529
43700 1438 212907 1506 224093
43800 1442 213181 1508 224819
43900 1443 213701 1510 225299
44000 1443 214295 1511 225705
44100 1446 214831 1512 226169
44200 1448 215411 1513 226589
44300 1449 216046 1515 226954
44400 1452 216534 1519 227466
44500 1454 216872 1521 228128
44600 1457 217191 1524 228809
44700 1463 217631 1525 229369
44800 1464 218108 1526 229892
44900 1467 218561 1530 230439
45000 1468 218975 1533 231025
45100 1471 219403 1533 231597
45200 1473 219777 1536 232223
45300 1474 220251 1540 232749
45400 1474 220784 1542 233216
45500 1477 221303 1544 233697
45600 1482 221883 1548 234117
45700 1487 222483 1549 234517
45800 1489 223016 1549 234984
45900 1492 223554 1552 235446
46000 1494 224211 1555 235789
46100 1498 224624 1559 236376
46200 1501 224965 1562 237035
46300 1501 225570 1563 237430
46400 1501 226146 1564 237854
46500 1503 226667 1566 238333
46600 1504 227161 1570 238839
46700 1508 227612 1572 239388
46800 1511 228143 1573 239857
46900 1512 228540 1577 240460
47000 1514 229091 1578 240909
47100 1515 229694 1580 241306
47200 1518 230316 1583 241684
47300 1518 230879 1584 242121
47400 1521 231336 1587 242664
47500 1522 231756 1590 243244
47600 1524 232272 1592 243728
47700 1528 232888 1595 244112
47800 1530 233371 1596 244629
47900 1531 233930 1598 245070
48000 1536 234359 1602 245641
48100 1538 234902 1602 246098
48200 1544 235261 1605 246739
48300 1547 235793 1610 247207
48400 1550 236315 1618 247685
48500 1554 236737 1619 248263
48600 1554 237258 1624 248742
48700 1556 237774 1626 249226
48800 1558 238407 1630 249593
48900 1562 238820 1631 250180
49000 1564 239241 1631 250759
49100 1565 239740 1631 251260
49200 1568 240161 1632 251839
49300 1571 240733 1632 252267
49400 1572 241174 1632 252826
49500 1575 241590 1636 253410
49600 1579 242110 1639 253890
49700 1582 242769 1640 254231
49800 1588 243273 1642 254727
49900 1594 243691 1642 255309
50000 1597 244042 1643 255958
50100 1599 244456 1644 256544
50200 1601 245176 1646 256824
50300 1603 245809 1649 257191
50400 1604 246295 1650 257705
50500 1606 246725 1651 258275
50600 1607 247265 1653 258735
50700 1611 247832 1658 259168
50800 1613 248348 1661 259652
50900 1614 248854 1662 260146
51000 1618 249315 1665 260685
51100 1621 249785 1668 261215
51200 1622 250297 1670 261703
51300 1627 251003 1672 261997
51400 1628 251462 1675 262538
51500 1630 251903 1677 263097
51600 1632 252210 1681 263790
51700 1636 252642 1682 264358
51800 1637 253079 1683 264921
51900 1639 253598 1685 265402
52000 1639 254157 1687 265843
52100 1642 254493 1689 266507
52200 1645 254904 1691 267096
52300 1647 255436 1692 267564
52400 1647 256019 1692 267981
52500 1649 256581 1693 268419
52600 1649 257040 1693 268960
52700 1649 257527 1695 269473
52800 1651 258021 1699 269979
52900 1656 258589 1700 270411
53000 1658 259085 1701 270915
53100 1661 259645 1701 271355
53200 1662 260178 1703 271822
53300 1663 260647 1704 272353
53400 1663 261027 1705 272973
53500 1666 261466 1706 273534
53600 1666 261852 1709 274148
53700 1666 262331 1710 274669
53800 1669 262768 1712 275232
53900 1672 263180 1712 275820
54000 1677 263577 1718 276423
54100 1677 264231 1718 276769
54200 1683 264567 1724 277433
54300 1684 265088 1728 277912
54400 1687 265555 1729 278445
54500 1689 265956 1732 279044
54600 1692 266496 1734 279504
54700 1697 267034 1736 279966
54800 1698 267593 1738 280407
54900 1700 267998 1738 281002
55000 1701 268493 1740 281507
55100 1701 268932 1740 282068
55200 1704 269498 1745 282502
55300 1705 270130 1745 282870
55400 1707 270772 1746 283228
55500 1713 271332 1750 283668
55600 1714 271905 1752 284095
55700 1715 272412 1755 284588
55800 1717 272954 1755 285046
55900 1718 273441 1757 285559
56000 1721 273841 1762 286159
56100 1722 274277 1763 286723
56200 1725 274783 1770 287217
56300 1726 275380 1770 287620
56400 1726 275812 1770 288188
56500 1727 276346 1772 288654
56600 1728 276874 1774 289126
56700 1732 277367 1774 289633
56800 1733 277950 1777 290050
56900 1734 278463 1780 290537
57000 1739 278957 1782 291043
57100 1739 279567 1783 291433
57200 1740 280037 1784 291963
57300 1745 280503 1786 292497
57400 1746 281131 1786 292869
57500 1749 281714 1787 293286
57600 1751 282235 1789 293765
57700 1752 282736 1790 294264
57800 1758 283161 1792 294839
57900 1758 283679 1795 295321
58000 1762 284065 1795 295935
58100 1762 284669 1796 296331
58200 1768 285244 1801 296756
58300 1770 285857 1804 297143
58400 1775 286523 1807 297477
58500 1776 286972 1809 298028
58600 1776 287366 1810 298634
58700 1779 287954 1812 299046
58800 1783 288522 1813 299478
58900 1787 289031 1818 299969
59000 1790 289450 1819 300550
59100 1790 289975 1820 301025
59200 1793 290492 1823 301508
59300 1795 290997 1827 302003
59400 1795 291374 1830 302626
59500 1795 291923 1832 303077
59600 1796 292426 1832 303574
59700 1797 292993 1836 304007
59800 1797 293545 1844 304455
59900 1800 293857 1846 305143
60000 1800 294389 1848 305611
60100 1801 294925 1849 306075
60200 1805 295360 1849 306640
60300 1810 296012 1849 306988
60400 1810 296571 1851 307429
60500 1810 297025 1852 307975
60600 1812 297612 1856 308388
60700 1813 298075 1858 308925
60800 1816 298583 1859 309417
60900 1819 298965 1862 310035
61000 1827 299413 1867 310587
61100 1829 299806 1868 311194
61200 1829 300288 1868 311712
61300 1831 300791 1870 312209
61400 1832 301298 1871 312702
61500 1834 301756 1872 313244
61600 1838 302179 1874 313821
61700 1841 302705 1876 314295
61800 1841 303121 1877 314879
61900 1843 303610 1878 315390
62000 1845 304103 1878 315897
62100 1848 304597 1881 316403
62200 1848 305013 1883 316987
62300 1851 305391 1884 317609
62400 1853 305828 1884 318172
62500 1854 306404 1886 318596
62600 1856 306881 1887 319119
62700 1856 307258 1890 319742
62800 1856 307725 1890 320275
62900 1858 308320 1895 320680
63000 1859 308742 1895 321258
63100 1862 309365 1896 321635
63200 1864 309948 1902 322052
63300 1865 310491 1904 322509
63400 1871 311014 1912 322986
63500 1873 311566 1913 323434
63600 1877 312072 1917 323928
63700 1879 312464 1917 324536
63800 1882 312818 1920 325182
63900 1884 313243 1921 325757
64000 1889 313756 1923 326244
64100 1893 314273 1924 326727
64200 1895 314737 1925 327263
64300 1897 315184 1929 327816
64400 1903 315647 1932 328353
64500 1906 315993 1933 329007
64600 1908 316403 1933 329597
64700 1911 316878 1934 330122
64800 1916 317408 1937 330592
64900 1921 317986 1942 331014
65000 1923 318554 1944 331446
65100 1927 319162 1950 331838
65200 1928 319649 1951 332351
65300 1928 320238 1954 332762
65400 1930 320786 1955 333214
65500 1932 321335 1956 333665
65600 1935 321783 1960 334217
65700 1937 322321 1962 334679
65800 1938 322653 1967 335347
65900 1942 322962 1971 336038
66000 1944 323336 1973 336664
66100 1944 323960 1975 337040
66200 1949 324551 1977 337449
66300 1951 325008 1977 337992
66400 1956 325523 1981 338477
66500 1958 325861 1984 339139
66600 1960 326384 1987 339616
66700 1962 326877 1987 340123
66800 1967 327371 1988 340629
66900 1968 327843 1989 341157
67000 1969 328328 1990 341672
67100 1970 328877 1991 342123
67200 1971 329401 1993 342599
67300 1972 329885 1993 343115
67400 1972 330334 1994 343666
67500 1973 330880 1996 344120
67600 1974 331348 1996 344652
67700 1975 331812 1998 345188
67800 1976 332363 1999 345637
67900 1977 332805 2000 346195
68000 1977 333264 2001 346736
68100 1979 333767 2004 347233
68200 1980 334198 2009 347802
68300 1981 334669 2012 348331
68400 1983 335302 2018 348698
68500 1987 335733 2020 349267
68600 1988 336291 2020 349709
68700 1990 336882 2021 350118
68800 1991 337291 2023 350709
68900 1995 337650 2026 351350
69000 1998 337993 2027 352007
69100 2001 338439 2028 352561
69200 2005 338904 2031 353096
69300 2006 339352 2031 353648
69400 2011 339844 2034 354156
69500 2014 340429 2038 354571
69600 2015 340687 2041 355313
69700 2019 341093 2048 355907
69800 2023 341398 2049 356602
69900 2024 341914 2052 357086
70000 2029 342349 2054 357651
70100 2029 342807 2056 358193
70200 2029 343319 2057 358681
70300 2029 343807 2058 359193
70400 2032 344369 2061 359631
70500 2035 345007 2066 359993
70600 2037 345583 2067 360417
70700 2041 346012 2069 360988
70800 2046 346438 2075 361562
70900 2048 346912 2081 362088
71000 2053 347439 2086 362561
71100 2054 347909 2087 363091
71200 2059 348462 2087 363538
71300 2060 348976 2090 364024
71400 2063 349501 2093 364499
71500 2066 349996 2096 365004
71600 2069 350523 2097 365477
71700 2070 351095 2097 365905
71800 2077 351605 2098 366395
71900 2079 352093 2101 366907
72000 2081 352616 2104 367384
72100 2083 353236 2105 367764
72200 2084 353776 2107 368224
72300 2085 354220 2110 368780
72400 2088 354635 2111 369365
72500 2088 355066 2114 369934
72600 2091 355582 2117 370418
72700 2094 356073 2123 370927
72800 2096 356557 2126 371443
72900 2098 357075 2132 371925
73000 2101 357540 2136 372460
73100 2103 358143 2137 372857
73200 2105 358819 2139 373181
73300 2109 359346 2140 373654
73400 2111 359781 2142 374219
73500 2112 360134 2145 374866
73600 2113 360623 2145 375377
73700 2113 361148 2147 375852
73800 2114 361598 2149 376402
73900 2115 362051 2150 376949
74000 2116 362497 2152 377503
74100 2117 363199 2155 377801
74200 2122 363665 2155 378335
74300 2127 364120 2157 378880
74400 2129 364674 2160 379326
74500 2131 365165 2164 379835
74600 2131 365612 2166 380388
74700 2132 366080 2167 380920
74800 2133 366617 2168 381383
74900 2136 367053 2171 381947
75000 2136 367681 2172 382319
75100 2139 368279 2175 382721
75200 2141 368701 2178 383299
75300 2144 369157 2182 383843
75400 2149 369539 2184 384461
75500 2154 369917 2187 385083
75600 2158 370387 2194 385613
75700 2161 371011 2199 385989
75800 2163 371573 2199 386427
75900 2167 372123 2202 386877
76000 2170 372626 2205 387374
76100 2171 373178 2207 387822
76200 2173 373739 2207 388261
76300 2174 374253 2208 388747
76400 2176 374766 2209 389234
76500 2179 375247 2213 389753
76600 2183 375777 2215 390223
76700 2185 376272 2216 390728
76800 2185 376702 2216 391298
76900 2190 377213 2221 391787
77000 2194 377643 2225 392357
77100 2196 378077 2225 392923
77200 2198 378570 2227 393430
77300 2201 379129 2230 393871
77400 2203 379692 2232 394308
77500 2206 380307 2232 394693
77600 2207 380751 2233 395249
77700 2209 381206 2236 395794
77800 2214 381710 2238 396290
77900 2217 382194 2240 396806
78000 2218 382697 2244 397303
78100 2225 383052 2249 397948
78200 2227 383440 2254 398560
78300 2229 383852 2255 399148
78400 2233 384272 2261 399728
78500 2236 384716 2261 400284
78600 2239 385090 2264 400910
78700 2240 385543 2266 401457
78800 2241 386145 2267 401855
78900 2242 386605 2268 402395
79000 2248 386989 2271 403011
79100 2250 387416 2274 403584
79200 2251 387972 2276 404028
79300 2254 388364 2278 404636
79400 2259 388899 2282 405101
79500 2259 389340 2282 405660
79600 2262 389814 2285 406186
79700 2264 390193 2287 406807
79800 2266 390546 2290 407454
79900 2272 391041 2291 407959
80000 2274 391642 2292 408358
80100 2278 392250 2293 408750
80200 2279 392659 2296 409341
80300 2282 393175 2297 409825
80400 2286 393862 2302 410138
80500 2287 394207 2305 410793
80600 2287 394803 2307 411197
80700 2287 395248 2307 411752
80800 2287 395725 2308 412275
80900 2289 396113 2310 412887
81000 2290 396749 2310 413251
81100 2293 397363 2317 413637
81200 2296 397831 2317 414169
81300 2296 398358 2320 414642
81400 2296 398910 2320 415090
81500 2300 399356 2324 415644
81600 2301 399898 2329 416102
81700 2303 400441 2333 416559
81800 2307 400834 2334 417166
81900 2308 401237 2335 417763
82000 2309 401823 2337 418177
82100 2309 402493 2337 418507
82200 2310 403060 2339 418940
82300 2310 403517 2341 419483
82400 2311 403981 2345 420019
82500 2311 404395 2346 420605
82600 2312 404804 2347 421196
82700 2313 405377 2350 421623
82800 2319 405963 2351 422037
82900 2321 406388 2353 422612
83000 2324 406838 2357 423162
83100 2325 407359 2359 423641
83200 2326 407790 2363 424210
83300 2329 408210 2366 424790
83400 2331 408646 2369 425354
83500 2331 409079 2371 425921
83600 2333 409568 2372 426432
83700 2334 410065 2372 426935
83800 2336 410463 2374 427537
83900 2340 410911 2376 428089
84000 2341 411381 2377 428619
84100 2341 411938 2379 429062
84200 2341 412517 2383 429483
84300 2343 413036 2385 429964
84400 2347 413633 2388 430367
84500 2349 414149 2388 430851
84600 2350 414728 2390 431272
84700 2352 415286 2392 431714
84800 2356 415714 2397 432286
84900 2357 416182 2398 432818
85000 2358 416692 2400 433308
85100 2360 417188 2401 433812
85200 2361 417726 2401 434274
85300 2361 418312 2402 434688
85400 2363 418878 2404 435122
85500 2365 419294 2405 435706
85600 2365 419961 2409 436039
85700 2368 420598 2409 436402
85800 2369 421189 2409 436811
85900 2369 421672 2410 437328
86000 2375 422274 2412 437726
86100 2377 422664 2415 438336
86200 2379 423136 2418 438864
86300 2380 423592 2420 439408
86400 2380 424120 2424 439880
86500 2381 424564 2425 440436
86600 2382 424975 2429 441025
86700 2383 425402 2430 441598
86800 2385 425812 2433 442188
86900 2388 426294 2436 442706
87000 2388 426713 2438 443287
87100 2390 427161 2440 443839
87200 2390 427714 2441 444286
87300 2393 428315 2441 444685
87400 2395 428945 2443 445055
87500 2396 429408 2446 445592
87600 2397 429876 2449 446124
87700 2400 430325 2451 446675
87800 2400 430763 2452 447237
87900 2400 431183 2453 447817
88000 2401 431562 2457 448438
88100 2402 431940 2458 449060
88200 2403 432446 2459 449554
88300 2406 432972 2464 450028
88400 2408 433498 2468 450502
88500 2409 434057 2468 450943
88600 2410 434705 2468 451295
88700 2412 435107 2469 451893
88800 2414 435665 2470 452335
88900 2414 436032 2472 452968
89000 2418 436526 2474 453474
89100 2421 437020 2476 453980
89200 2427 437564 2480 454436
89300 2429 438016 2482 454984
89400 2433 438345 2483 455655
89500 2437 438798 2485 456202
89600 2440 439167 2487 456833
89700 2444 439673 2490 457327
89800 2446 440172 2490 457828
89900 2450 440692 2499 458308
90000 2453 441245 2502 458755
90100 2458 441894 2502 459106
90200 2458 442304 2504 459696
90300 2458 442804 2505 460196
90400 2461 443224 2508 460776
90500 2463 443664 2515 461336
90600 2464 444100 2516 461900
90700 2466 444506 2518 462494
90800 2467 444880 2521 463120
90900 2471 445450 2526 463550
91000 2474 446083 2531 463917
91100 2476 446638 2535 464362
91200 2477 447130 2536 464870
91300 2479 447656 2537 465344
91400 2481 448228 2538 465772
91500 2483 448737 2540 466263
91600 2488 449204 2544 466796
91700 2493 449614 2549 467386
91800 2497 450031 2551 467969
91900 2498 450553 2551 468447
92000 2501 451023 2551 468977
92100 2504 451568 2551 469432
92200 2504 452073 2552 469927
92300 2504 452653 2554 470347
92400 2507 453178 2554 470822
92500 2509 453680 2555 471320
92600 2512 454146 2556 471854
92700 2514 454591 2559 472409
92800 2519 454963 2562 473037
92900 2523 455348 2566 473652
93000 2524 455734 2567 474266
93100 2525 456151 2569 474849
93200 2526 456579 2569 475421
93300 2527 457208 2570 475792
93400 2530 457762 2572 476238
93500 2533 458301 2572 476699
93600 2534 458921 2574 477079
93700 2536 459505 2576 477495
93800 2537 459959 2577 478041
93900 2541 460370 2580 478630
94000 2543 460880 2581 479120
94100 2545 461339 2582 479661
94200 2550 461755 2583 480245
94300 2553 462355 2585 480645
94400 2554 462768 2587 481232
94500 2555 463131 2588 481869
94600 2558 463570 2591 482430
94700 2563 463949 2593 483051
94800 2565 464423 2598 483577
94900 2567 465040 2599 483960
95000 2569 465574 2601 484426
95100 2569 466176 2603 484824
95200 2569 466652 2603 485348
95300 2571 467012 2604 485988
95400 2572 467447 2604 486553
95500 2576 467954 2607 487046
95600 2577 468390 2607 487610
95700 2578 468889 2608 488111
95800 2579 469320 2609 488680
95900 2581 469868 2611 489132
96000 2582 470366 2612 489634
96100 2585 470806 2615 490194
96200 2588 471288 2616 490712
96300 2590 471683 2617 491317
96400 2593 472155 2620 491845
96500 2597 472582 2625 492418
96600 2600 472929 2629 493071
96700 2604 473446 2629 493554
96800 2605 473844 2631 494156
96900 2608 474289 2631 494711
97000 2608 474777 2634 495223
97100 2610 475111 2636 495889
97200 2611 475649 2637 496351
97300 2613 476249 2640 496751
97400 2613 476738 2641 497262
97500 2613 477386 2641 497614
97600 2613 477801 2645 498199
97700 2616 478290 2648 498710
97800 2618 478815 2649 499185
97900 2621 479393 2651 499607
98000 2626 479902 2654 500098
98100 2630 480412 2657 500588
98200 2630 481003 2659 500997
98300 2632 481580 2660 501420
98400 2637 482137 2663 501863
98500 2640 482689 2666 502311
98600 2641 483159 2669 502841
98700 2644 483573 2670 503427
98800 2648 484062 2673 503938
98900 2653 484531 2674 504469
99000 2657 485039 2675 504961
99100 2662 485722 2680 505278
99200 2666 486392 2681 505608
99300 2667 486890 2683 506110
99400 2670 487485 2685 506515
99500 2673 488061 2689 506939
99600 2675 488499 2690 507501
99700 2678 488996 2693 508004
99800 2681 489495 2694 508505
99900 2683 490006 2698 508994
100000 2685 490603 2702 509397
100100 2690 491154 2708 509846
100200 2690 491583 2710 510417
100300 2692 492136 2711 510864
100400 2695 492677 2714 511323
100500 2703 493287 2718 511713
100600 2705 493552 2720 512448
100700 2706 494014 2722 512986
100800 2708 494531 2723 513469
100900 2712 495010 2724 513990
101000 2713 495492 2726 514508
101100 2715 495969 2726 515031
101200 2717 496435 2727 515565
101300 2719 496994 2730 516006
101400 2719 497495 2732 516505
101500 2721 497891 2734 517109
101600 2724 498383 2734 517617
101700 2726 498876 2736 518124
101800 2727 499347 2739 518653
101900 2728 499931 2742 519069
102000 2728 500477 2744 519523
102100 2728 500972 2749 520028
102200 2730 501286 2753 520714
102300 2730 501682 2758 521318
102400 2733 502172 2764 521828
102500 2741 502563 2765 522437
102600 2743 503027 2768 522973
102700 2745 503492 2769 523508
102800 2747 503976 2769 524024
102900 2748 504440 2770 524560
103000 2752 504859 2774 525141
103100 2758 505203 2779 525797
103200 2760 505765 2782 526235
103300 2761 506339 2785 526661
103400 2764 506868 2787 527132
103500 2764 507357 2788 527643
103600 2767 507870 2788 528130
103700 2769 508381 2791 528619
103800 2770 508811 2793 529189
103900 2772 509190 2793 529810
104000 2772 509636 2794 530364
104100 2772 510237 2796 530763
104200 2773 510751 2797 531249
104300 2775 511202 2798 531798
104400 2778 511626 2800 532374
104500 2782 512113 2802 532887
104600 2783 512543 2803 533457
104700 2784 513064 2805 533936
104800 2787 513633 2805 534367
104900 2789 514112 2805 534888
105000 2792 514698 2806 535302
105100 2792 515173 2809 535827
105200 2795 515596 2811 536404
105300 2796 516143 2811 536857
105400 2798 516789 2813 537211
105500 2800 517298 2814 537702
105600 2804 517804 2817 538196
105700 2807 518376 2817 538624
105800 2809 518921 2818 539079
105900 2811 519401 2820 539599
106000 2813 519910 2821 540090
106100 2814 520448 2824 540552
106200 2815 520997 2826 541003
106300 2819 521454 2829 541546
106400 2819 521977 2830 542023
106500 2821 522439 2832 542561
106600 2822 522898 2835 543102
106700 2825 523293 2836 543707
106800 2825 523730 2836 544270
106900 2826 524186 2838 544814
107000 2829 524637 2839 545363
107100 2834 525006 2843 545994
107200 2835 525647 2846 546353
107300 2836 525991 2848 547009
107400 2837 526562 2850 547438
107500 2841 526999 2853 548001
107600 2843 527401 2854 548599
107700 2845 527808 2856 549192
107800 2846 528258 2863 549742
107900 2847 528670 2865 550330
108000 2849 529177 2865 550823
108100 2853 529804 2866 551196
108200 2857 530310 2868 551690
108300 2861 530879 2873 552121
108400 2863 531353 2874 552647
108500 2864 531841 2875 553159
108600 2864 532512 2877 553488
108700 2864 533090 2879 553910
108800 2866 533503 2882 554497
108900 2868 533958 2887 555042
109000 2871 534396 2892 555604
109100 2873 534870 2892 556130
109200 2875 535520 2897 556480
109300 2876 535927 2899 557073
109400 2879 536424 2901 557576
109500 2886 537016 2906 557984
109600 2888 537680 2907 558320
109700 2888 538302 2908 558698
109800 2892 538867 2911 559133
109900 2892 539543 2913 559457
110000 2893 539928 2915 560072
110100 2896 540499 2916 560501
110200 2898 540925 2918 561075
110300 2901 541456 2920 561544
110400 2901 542112 2920 561888
110500 2903 542772 2923 562228
110600 2910 543319 2925 562681
110700 2911 543844 2925 563156
110800 2912 544322 2928 563678
110900 2915 544793 2930 564207
111000 2916 545421 2930 564579
111100 2916 545966 2931 565034
111200 2919 546466 2935 565534
111300 2923 546953 2941 566047
111400 2926 547567 2943 566433
111500 2930 548303 2947 566697
111600 2935 548670 2949 567330
111700 2937 549121 2951 567879
111800 2939 549611 2952 568389
111900 2941 550201 2954 568799
112000 2942 550801 2955 569199
112100 2944 551257 2955 569743
112200 2946 551806 2955 570194
112300 2947 552269 2956 570731
112400 2949 552911 2956 571089
112500 2949 553594 2959 571406
112600 2949 554223 2959 571777
112700 2952 554649 2960 572351
112800 2952 555218 2962 572782
112900 2954 555719 2966 573281
113000 2955 556217 2966 573783
113100 2955 556712 2966 574288
113200 2956 557213 2967 574787
113300 2959 557643 2969 575357
113400 2960 558125 2974 575875
113500 2964 558451 2974 576549
113600 2967 559106 2974 576894
113700 2970 559657 2975 577343
113800 2971 560110 2976 577890
113900 2972 560559 2979 578441
114000 2976 561120 2982 578880
114100 2977 561458 2983 579542
114200 2977 561966 2984 580034
114300 2978 562379 2988 580621
114400 2979 562917 2990 581083
114500 2979 563339 2993 581661
114600 2980 563847 2994 582153
114700 2981 564238 2996 582762
114800 2981 564802 2997 583198
114900 2986 565348 3000 583652
115000 2991 565984 3004 584016
115100 2993 566626 3007 584374
115200 2994 567212 3008 584788
115300 2994 567596 3012 585404
115400 3000 568064 3016 585936
115500 3002 568544 3017 586456
115600 3007 569081 3024 586919
115700 3007 569573 3024 587427
115800 3009 570131 3024 587869
115900 3012 570517 3027 588483
116000 3014 571010 3029 588990
116100 3014 571484 3030 589516
116200 3014 572077 3031 589923
116300 3018 572591 3033 590409
116400 3020 573209 3033 590791
116500 3022 573618 3033 591382
116600 3023 574135 3034 591865
116700 3025 574619 3040 592381
116800 3027 575234 3043 592766
116900 3029 575760 3045 593240
117000 3031 576326 3046 593674
117100 3032 576772 3046 594228
117200 3035 577193 3046 594807
117300 3036 577597 3048 595403
117400 3041 578001 3055 595999
117500 3043 578488 3058 596512
117600 3047 579013 3060 596987
117700 3055 579496 3061 597504
117800 3058 580015 3062 597985
117900 3060 580538 3067 598462
118000 3063 581148 3072 598852
118100 3066 581484 3074 599516
118200 3069 581920 3074 600080
118300 3075 582414 3077 600586
118400 3077 583035 3077 600965
118500 3081 583623 3078 601377
118600 3085 584163 3080 601837
118700 3090 584468 3085 602532
118800 3091 584895 3086 603105
118900 3095 585311 3089 603689
119000 3096 585784 3094 604216
119100 3096 586259 3094 604741
119200 3097 586751 3094 605249
119300 3098 587311 3094 605689
119400 3104 587887 3097 606113
119500 3106 588442 3101 606558
119600 3107 588952 3105 607048
119700 3107 589340 3107 607660
119800 3110 589644 3108 608356
119900 3112 590073 3111 608927
120000 3114 590592 3113 609408
120100 3117 591117 3113 609883
120200 3121 591602 3115 610398
120300 3123 592161 3117 610839
120400 3123 592837 3118 611163
120500 3123 593401 3118 611599
120600 3125 593915 3118 612085
120700 3126 594411 3118 612589
120800 3133 594946 3121 613054
120900 3136 595542 3124 613458
121000 3140 596052 3125 613948
121100 3143 596679 3126 614321
121200 3145 597136 3129 614864
121300 3151 597547 3132 615453
121400 3152 598175 3133 615825
121500 3156 598790 3135 616210
121600 3158 599385 3135 616615
121700 3161 599959 3139 617041
121800 3161 600475 3139 617525
121900 3162 600983 3140 618017
122000 3165 601492 3146 618508
122100 3167 601999 3150 619001
122200 3173 602483 3152 619517
122300 3174 602897 3153 620103
122400 3174 603373 3154 620627
122500 3174 603847 3158 621153
122600 3178 604390 3158 621610
122700 3180 604866 3163 622134
122800 3183 605401 3163 622599
122900 3188 606050 3165 622950
123000 3191 606608 3170 623392
123100 3195 607212 3174 623788
123200 3196 607748 3180 624252
123300 3200 608100 3182 624900
123400 3200 608457 3186 625543
123500 3204 608880 3188 626120
123600 3211 609280 3189 626720
123700 3217 609840 3192 627160
123800 3220 610486 3194 627514
123900 3223 610871 3197 628129
124000 3227 611395 3199 628605
124100 3231 611879 3203 629121
124200 3233 612461 3207 629539
124300 3235 613036 3210 629964
124400 3237 613574 3214 630426
124500 3239 614237 3216 630763
124600 3244 614784 3221 631216
124700 3247 615336 3224 631664
124800 3249 615910 3225 632090
124900 3251 616450 3228 632550
125000 3252 616906 3230 633094
125100 3255 617462 3232 633538
125200 3256 617828 3235 634172
125300 3259 618392 3238 634608
125400 3263 618799 3245 635201
125500 3271 619090 3245 635910
125600 3271 619540 3246 636460
125700 3274 619975 3247 637025
125800 3276 620563 3249 637437
125900 3279 620906 3253 638094
126000 3281 621420 3254 638580
126100 3282 621998 3255 639002
126200 3284 622537 3256 639463
126300 3288 622991 3258 640009
126400 3289 623530 3261 640470
126500 3293 624019 3263 640981
126600 3296 624436 3266 641564
126700 3297 624883 3268 642117
126800 3299 625394 3268 642606
126900 3301 625975 3271 643025
127000 3303 626524 3279 643476
127100 3305 626993 3281 644007
127200 3306 627524 3282 644476
127300 3309 627962 3284 645038
127400 3310 628458 3286 645542
127500 3312 628884 3287 646116
127600 3313 629270 3289 646730
127700 3317 629753 3293 647247
127800 3317 630405 3302 647595
127900 3320 630877 3306 648123
128000 3322 631350 3306 648650
128100 3323 631916 3308 649084
128200 3325 632579 3310 649421
128300 3328 633272 3314 649728
128400 3333 633628 3319 650372
128500 3336 634053 3322 650947
128600 3337 634631 3324 651369
128700 3337 635226 3327 651774
128800 3338 635708 3327 652292
128900 3340 636246 3327 652754
129000 3342 636745 3329 653255
129100 3345 637178 3332 653822
129200 3346 637644 3335 654356
129300 3347 638144 3335 654856
129400 3349 638756 3335 655244
129500 3352 639278 3338 655722
129600 3355 639714 3338 656286
129700 3357 640152 3342 656848
129800 3358 640601 3342 657399
129900 3359 641072 3343 657928
130000 3361 641624 3345 658376
130100 3363 642196 3347 658804
130200 3366 642813 3349 659187
130300 3369 643211 3351 659789
130400 3369 643625 3354 660375
130500 3372 644207 3355 660793
130600 3373 644726 3356 661274
130700 3375 645269 3360 661731
130800 3376 645793 3362 662207
130900 3381 646194 3365 662806
131000 3386 646753 3365 663247
131100 3388 647362 3368 663638
131200 3395 647877 3374 664123
131300 3397 648364 3377 664636
131400 3403 648883 3381 665117
131500 3403 649468 3382 665532
131600 3405 650028 3383 665972
131700 3406 650591 3384 666409
131800 3408 651271 3388 666729
131900 3409 651943 3390 667057
132000 3414 652453 3394 667547
132100 3416 652747 3395 668253
132200 3421 653223 3397 668777
132300 3421 653835 3399 669165
132400 3423 654256 3399 669744
132500 3423 654570 3399 670430
132600 3423 655034 3399 670966
132700 3424 655413 3400 671587
132800 3426 655960 3400 672040
132900 3426 656530 3402 672470
133000 3428 657113 3406 672887
133100 3431 657641 3408 673359
133200 3432 658136 3410 673864
133300 3433 658686 3411 674314
133400 3436 659104 3415 674896
133500 3440 659645 3418 675355
133600 3440 660187 3419 675813
133700 3441 660758 3423 676242
133800 3441 661116 3424 676884
133900 3442 661636 3426 677364
134000 3446 662163 3429 677837
134100 3448 662650 3433 678350
134200 3448 663069 3434 678931
134300 3449 663460 3438 679540
134400 3451 663854 3440 680146
134500 3455 664406 3441 680594
134600 3456 664868 3443 681132
134700 3461 665371 3448 681629
134800 3467 665855 3450 682145
134900 3469 666350 3458 682650
135000 3469 666875 3459 683125
135100 3472 667477 3460 683523
135200 3473 668014 3460 683986
135300 3474 668588 3460 684412
135400 3477 669008 3462 684992
135500 3480 669590 3468 685410
135600 3484 670055 3474 685945
135700 3488 670698 3475 686302
135800 3492 671298 3478 686702
135900 3495 671716 3481 687284
136000 3496 672222 3484 687778
136100 3498 672577 3488 688423
136200 3504 673146 3488 688854
136300 3507 673657 3488 689343
136400 3510 674128 3490 689872
136500 3512 674701 3492 690299
136600 3512 675248 3492 690752
136700 3514 675748 3493 691252
136800 3514 676179 3493 691821
136900 3515 676659 3497 692341
137000 3518 677171 3498 692829
137100 3519 677733 3500 693267
137200 3520 678278 3503 693722
137300 3523 678672 3505 694328
137400 3525 679102 3507 694898
137500 3525 679595 3510 695405
137600 3528 680155 3513 695845
137700 3528 680656 3513 696344
137800 3529 681016 3514 696984
137900 3532 681545 3514 697455
138000 3535 682094 3516 697906
138100 3539 682610 3520 698390
138200 3544 683022 3522 698978
138300 3545 683474 3522 699526
138400 3545 684039 3524 699961
138500 3550 684571 3525 700429
138600 3550 684955 3528 701045
138700 3555 685582 3529 701418
138800 3556 686139 3532 701861
138900 3560 686611 3536 702389
139000 3562 687071 3541 702929
139100 3563 687513 3544 703487
139200 3564 687946 3544 704054
139300 3566 688380 3544 704620
139400 3566 688923 3545 705077
139500 3566 689440 3549 705560
139600 3569 689790 3550 706210
139700 3572 690338 3552 706662
139800 3576 690952 3556 707048
139900 3576 691416 3557 707584
140000 3576 691986 3558 708014
140100 3577 692519 3559 708481
140200 3580 693068 3561 708932
140300 3580 693531 3561 709469
140400 3580 694008 3562 709992
140500 3580 694589 3565 710411
140600 3581 695145 3565 710855
140700 3584 695727 3565 711273
140800 3588 696238 3567 711762
140900 3588 696690 3568 712310
141000 3590 697004 3571 712996
141100 3594 697419 3572 713581
141200 3599 697966 3577 714034
141300 3601 698408 3581 714592
141400 3604 698799 3581 715201
141500 3606 699252 3581 715748
141600 3608 699820 3582 716180
141700 3609 700334 3583 716666
141800 3613 700806 3583 717194
141900 3614 701332 3584 717668
142000 3615 701822 3587 718178
142100 3615 702399 3587 718601
142200 3619 702865 3595 719135
142300 3620 703409 3598 719591
142400 3622 703840 3598 720160
142500 3625 704314 3599 720686
142600 3627 704871 3600 721129
142700 3629 705372 3601 721628
142800 3630 705658 3603 722342
142900 3630 706216 3606 722784
143000 3631 706750 3607 723250
143100 3632 707236 3609 723764
143200 3635 707657 3609 724343
143300 3638 708188 3610 724812
143400 3638 708821 3611 725179
143500 3641 709283 3613 725717
143600 3642 709738 3615 726262
143700 3644 710336 3616 726664
143800 3645 710842 3618 727158
143900 3648 711343 3621 727657
144000 3649 711877 3622 728123
144100 3653 712366 3623 728634
144200 3654 712855 3623 729145
144300 3654 713307 3624 729693
144400 3654 713703 3624 730297
144500 3656 714134 3625 730866
144600 3656 714676 3626 731324
144700 3659 715291 3628 731709
144800 3661 715926 3628 732074
144900 3662 716471 3628 732529
145000 3666 716977 3633 733023
145100 3668 717330 3635 733670
145200 3670 717762 3641 734238
145300 3675 718322 3644 734678
145400 3676 718846 3644 735154
145500 3677 719290 3646 735710
145600 3677 719836 3647 736164
145700 3681 720489 3649 736511
145800 3682 721010 3651 736990
145900 3683 721626 3651 737374
146000 3686 722061 3655 737939
146100 3688 722561 3657 738439
146200 3689 722977 3657 739023
146300 3694 723410 3660 739590
146400 3697 723972 3661 740028
146500 3697 724378 3662 740622
146600 3697 724897 3663 741103
146700 3697 725285 3663 741715
146800 3699 725732 3668 742268
146900 3700 726255 3668 742745
147000 3703 726796 3670 743204
147100 3709 727164 3672 743836
147200 3709 727558 3675 744442
147300 3714 727944 3678 745056
147400 3717 728393 3681 745607
147500 3719 728835 3681 746165
147600 3720 729283 3682 746717
147700 3720 729816 3682 747184
147800 3724 730306 3684 747694
147900 3728 731013 3688 747987
148000 3732 731659 3690 748341
148100 3737 732347 3692 748653
148200 3742 732935 3695 749065
148300 3750 733416 3699 749584
148400 3755 733897 3710 750103
148500 3756 734321 3715 750679
148600 3756 734854 3715 751146
148700 3758 735495 3719 751505
148800 3758 735965 3722 752035
148900 3762 736534 3728 752466
149000 3764 737042 3728 752958
149100 3765 737561 3730 753439
149200 3766 738043 3732 753957
149300 3770 738465 3737 754535
149400 3774 738901 3742 755099
149500 3774 739552 3746 755448
149600 3775 739938 3747 756062
149700 3778 740303 3749 756697
149800 3781 740617 3751 757383
149900 3785 741104 3754 757896
150000 3787 741616 3754 758384
150100 3790 742198 3760 758802
150200 3793 742742 3762 759258
150300 3796 743322 3767 759678
150400 3801 743938 3769 760062
150500 3801 744438 3769 760562
150600 3801 744899 3769 761101
150700 3802 745449 3771 761551
150800 3806 745969 3773 762031
150900 3808 746464 3778 762536
151000 3809 746921 3780 763079
151100 3811 747366 3780 763634
151200 3813 747841 3780 764159
151300 3815 748309 3781 764691
151400 3817 748644 3784 765356
151500 3821 749049 3788 765951
151600 3823 749535 3788 766465
151700 3826 749997 3790 767003
151800 3829 750701 3793 767299
151900 3831 751263 3796 767737
152000 3833 751857 3797 768143
152100 3837 752412 3801 768588
152200 3843 752909 3810 769091
152300 3844 753329 3815 769671
152400 3849 753756 3819 770244
152500 3849 754271 3820 770729
152600 3849 754905 3820 771095
152700 3854 755497 3822 771503
152800 3858 756157 3823 771843
152900 3861 756662 3826 772338
153000 3862 757155 3830 772845
153100 3864 757612 3835 773388
153200 3867 758257 3838 773743
153300 3868 758694 3841 774306
153400 3869 759287 3841 774713
153500 3874 759852 3844 775148
153600 3879 760309 3845 775691
153700 3879 760778 3849 776222
153800 3882 761264 3850 776736
153900 3884 761901 3851 777099
154000 3884 762412 3853 777588
154100 3886 762925 3854 778075
154200 3888 763486 3855 778514
154300 3891 764075 3857 778925
154400 3891 764433 3860 779567
154500 3894 764915 3862 780085
154600 3899 765375 3868 780625
154700 3905 765773 3873 781227
154800 3908 766334 3874 781666
154900 3908 766841 3875 782159
155000 3909 767346 3876 782654
155100 3910 767948 3879 783052
155200 3913 768460 3880 783540
155300 3915 768943 3887 784057
155400 3916 769523 3887 784477
155500 3918 770098 3889 784902
155600 3920 770516 3890 785484
155700 3923 771099 3893 785901
155800 3925 771626 3896 786374
155900 3926 772078 3896 786922
156000 3926 772478 3897 787522
156100 3929 772904 3897 788096
156200 3929 773473 3899 788527
156300 3933 774051 3903 788949
156400 3933 774338 3904 789662
156500 3937 774833 3904 790167
156600 3939 775512 3907 790488
156700 3941 776014 3907 790986
156800 3943 776520 3908 791480
156900 3951 777042 3910 791958
157000 3957 777589 3915 792411
157100 3958 778031 3918 792969
157200 3958 778648 3919 793352
157300 3959 779093 3922 793907
157400 3960 779660 3925 794340
157500 3963 780268 3928 794732
157600 3964 780920 3930 795080
157700 3968 781266 3932 795734
157800 3970 781792 3932 796208
157900 3970 782369 3934 796631
158000 3973 782918 3939 797082
158100 3976 783519 3942 797481
158200 3980 784096 3947 797904
158300 3981 784726 3949 798274
158400 3989 785413 3950 798587
158500 3990 786029 3952 798971
158600 3991 786541 3955 799459
158700 3996 787103 3959 799897
158800 3996 787655 3961 800345
158900 3996 788168 3962 800832
159000 4000 788667 3963 801333
159100 4003 789078 3964 801922
159200 4003 789591 3967 802409
159300 4006 790038 3967 802962
159400 4008 790671 3967 803329
159500 4012 791222 3969 803778
159600 4012 791872 3970 804128
159700 4017 792452 3974 804548
159800 4019 793022 3978 804978
159900 4021 793497 3979 805503
160000 4021 793980 3981 806020
160100 4024 794446 3986 806554
160200 4024 795058 3988 806942
160300 4025 795629 3990 807371
160400 4025 795982 3991 808018
160500 4030 796431 3997 808569
160600 4033 796803 3998 809197
160700 4033 797315 3999 809685
160800 4036 797787 4002 810213
160900 4037 798253 4007 810747
161000 4037 798727 4009 811273
161100 4037 799280 4012 811720
161200 4042 799828 4015 812172
161300 4043 800380 4017 812620
161400 4044 801011 4019 812989
161500 4045 801475 4019 813525
161600 4046 801914 4020 814086
161700 4047 802254 4024 814746
161800 4048 802595 4025 815405
161900 4048 802962 4026 816038
162000 4051 803452 4030 816548
162100 4053 803930 4032 817070
162200 4057 804498 4034 817502
162300 4057 804948 4037 818052
162400 4062 805497 4040 818503
162500 4062 805933 4041 819067
162600 4063 806306 4042 819694
162700 4067 806973 4043 820027
162800 4068 807455 4045 820545
162900 4072 807885 4049 821115
163000 4073 808257 4049 821743
163100 4074 808766 4051 822234
163200 4075 809287 4051 822713
163300 4076 809766 4052 823234
163400 4077 810262 4053 823738
163500 4079 810678 4054 824322
163600 4081 811173 4055 824827
163700 4083 811769 4058 825231
163800 4084 812351 4061 825649
163900 4086 812732 4063 826268
164000 4088 813353 4063 826647
164100 4088 813788 4063 827212
164200 4091 814264 4065 827736
164300 4092 814809 4068 828191
164400 4096 815290 4070 828710
164500 4098 815666 4073 829334
164600 4101 816285 4074 829715
164700 4104 816629 4078 830371
164800 4108 816996 4085 831004
164900 4108 817602 4088 831398
165000 4109 818132 4089 831868
165100 4111 818519 4093 832481
165200 4114 819092 4093 832908
165300 4116 819616 4097 833384
165400 4118 820204 4100 833796
165500 4122 820811 4101 834189
165600 4124 821423 4106 834577
165700 4128 822072 4108 834928
165800 4132 822732 4112 835268
165900 4136 823101 4115 835899
166000 4138 823493 4115 836507
166100 4140 824099 4117 836901
166200 4141 824718 4119 837282
166300 4141 825176 4122 837824
166400 4142 825605 4123 838395
166500 4145 825958 4124 839042
166600 4145 826580 4127 839420
166700 4145 827202 4127 839798
166800 4147 827726 4129 840274
166900 4149 828391 4133 840609
167000 4150 828981 4133 841019
167100 4150 829483 4136 841517
167200 4150 829942 4140 842058
167300 4152 830391 4145 842609
167400 4154 830929 4146 843071
167500 4156 831359 4148 843641
167600 4158 831913 4149 844087
167700 4158 832427 4151 844573
167800 4165 832762 4152 845238
167900 4166 833432 4157 845568
168000 4168 833957 4160 846043
168100 4173 834378 4163 846622
168200 4173 834942 4163 847058
168300 4175 835251 4167 847749
168400 4178 835599 4170 848401
168500 4179 835951 4172 849049
168600 4180 836398 4175 849602
168700 4182 836818 4176 850182
168800 4184 837339 4179 850661
168900 4187 837841 4183 851159
169000 4193 838392 4187 851608
169100 4194 838925 4188 852075
169200 4196 839470 4191 852530
169300 4198 839938 4194 853062
169400 4199 840486 4196 853514
169500 4199 840980 4199 854020
169600 4200 841447 4199 854553
169700 4202 841900 4200 855100
169800 4204 842359 4203 855641
169900 4206 842843 4205 856157
170000 4208 843299 4209 856701
170100 4209 843680 4211 857320
170200 4214 843995 4215 858005
170300 4216 844468 4216 858532
170400 4218 844953 4216 859047
170500 4220 845449 4217 859551
170600 4221 845965 4219 860035
170700 4223 846490 4219 860510
170800 4226 847145 4221 860855
170900 4227 847590 4224 861410
171000 4229 848015 4227 861985
171100 4231 848558 4228 862442
171200 4237 849000 4232 863000
171300 4243 849467 4235 863533
171400 4246 849919 4240 864081
171500 4248 850427 4244 864573
171600 4254 850854 4246 865146
171700 4255 851412 4247 865588
171800 4255 851876 4250 866124
171900 4257 852421 4252 866579
172000 4258 852966 4252 867034
172100 4262 853505 4256 867495
172200 4264 853994 4256 868006
172300 4266 854427 4257 868573
172400 4267 854908 4258 869092
172500 4268 855350 4259 869650
172600 4270 855908 4261 870092
172700 4270 856346 4265 870654
172800 4270 856817 4267 871183
172900 4272 857273 4268 871727
173000 4274 857884 4270 872116
173100 4278 858458 4271 872542
173200 4278 858979 4271 873021
173300 4279 859404 4272 873596
173400 4280 859810 4274 874190
173500 4282 860394 4275 874606
173600 4284 860872 4275 875128
173700 4285 861315 4276 875685
173800 4288 861773 4279 876227
173900 4292 862247 4280 876753
174000 4292 862702 4283 877298
174100 4294 863230 4287 877770
174200 4294 863584 4288 878416
174300 4297 864108 4290 878892
174400 4298 864639 4293 879361
174500 4299 865130 4295 879870
174600 4302 865713 4297 880287
174700 4305 866200 4298 880800
174800 4309 866673 4301 881327
174900 4315 867210 4303 881790
175000 4317 867847 4303 882153
175100 4317 868386 4304 882614
175200 4318 868894 4305 883106
175300 4320 869475 4307 883525
175400 4321 870110 4308 883890
175500 4322 870635 4309 884365
175600 4324 871181 4310 884819
175700 4325 871792 4311 885208
175800 4325 872211 4312 885789
175900 4327 872809 4312 886191
176000 4331 873284 4312 886716
176100 4331 873772 4314 887228
176200 4331 874317 4316 887683
176300 4339 874737 4318 888263
176400 4339 875327 4321 888673
176500 4341 875797 4324 889203
176600 4343 876206 4324 889794
176700 4344 876577 4325 890423
176800 4345 877053 4328 890947
176900 4346 877464 4330 891536
177000 4350 877932 4330 892068
177100 4350 878423 4331 892577
177200 4352 878794 4335 893206
177300 4354 879411 4337 893589
177400 4355 879906 4337 894094
177500 4355 880330 4338 894670
177600 4359 880648 4338 895352
177700 4363 881074 4341 895926
177800 4367 881643 4343 896357
177900 4372 882126 4347 896874
178000 4373 882626 4348 897374
178100 4374 883210 4349 897790
178200 4375 883774 4349 898226
178300 4375 884276 4350 898724
178400 4378 884729 4351 899271
178500 4381 885296 4351 899704
178600 4383 885860 4352 900140
178700 4384 886403 4354 900597
178800 4387 886940 4354 901060
178900 4391 887459 4361 901541
179000 4393 887944 4363 902056
179100 4394 888434 4363 902566
179200 4395 889000 4364 903000
179300 4397 889427 4364 903573
179400 4401 889993 4367 904007
179500 4405 890531 4369 904469
179600 4407 891112 4369 904888
179700 4408 891647 4373 905353
179800 4412 892223 4373 905777
179900 4413 892719 4377 906281
180000 4416 893262 4380 906738
180100 4417 893693 4380 907307
180200 4419 894271 4382 907729
180300 4421 894736 4385 908264
180400 4421 895205 4387 908795
180500 4423 895692 4388 909308
180600 4424 896202 4390 909798
180700 4424 896650 4390 910350
180800 4428 897066 4391 910934
180900 4433 897510 4393 911490
181000 4434 897905 4393 912095
181100 4435 898236 4395 912764
181200 4435 898541 4395 913459
181300 4440 899063 4400 913937
181400 4442 899729 4403 914271
181500 4444 900167 4406 914833
181600 4450 900636 4408 915364
181700 4452 900984 4409 916016
181800 4456 901462 4412 916538
181900 4458 901918 4413 917082
182000 4462 902280 4413 917720
182100 4465 902731 4415 918269
182200 4470 903133 4418 918867
182300 4472 903557 4419 919443
182400 4477 904024 4420 919976
182500 4479 904416 4425 920584
182600 4481 904815 4431 921185
182700 4485 905252 4434 921748
182800 4487 905702 4438 922298
182900 4490 906123 4440 922877
183000 4491 906504 4442 923496
183100 4493 906901 4443 924099
183200 4494 907440 4447 924560
183300 4497 908041 4449 924959
183400 4501 908579 4449 925421
183500 4504 909152 4449 925848
183600 4506 909652 4449 926348
183700 4508 910127 4450 926873
183800 4510 910589 4451 927411
183900 4515 911117 4452 927883
184000 4515 911484 4454 928516
184100 4517 911888 4456 929112
184200 4517 912343 4457 929657
184300 4519 912888 4457 930112
184400 4521 913364 4458 930636
184500 4524 913778 4462 931222
184600 4526 914307 4466 931693
184700 4530 914638 4470 932362
184800 4533 914950 4476 933050
184900 4535 915287 4476 933713
185000 4537 915813 4480 934187
185100 4539 916225 4481 934775
185200 4543 916723 4481 935277
185300 4547 917224 4484 935776
185400 4550 917753 4484 936247
185500 4550 918169 4486 936831
185600 4551 918570 4488 937430
185700 4552 919254 4490 937746
185800 4553 919750 4490 938250
185900 4556 920209 4491 938791
186000 4559 920767 4495 939233
186100 4559 921264 4496 939736
186200 4559 921787 4496 940213
186300 4560 922207 4497 940793
186400 4560 922656 4499 941344
186500 4564 923172 4501 941828
186600 4565 923708 4504 942292
186700 4565 924268 4505 942732
186800 4567 925008 4507 942992
186900 4568 925520 4508 943480
187000 4570 926050 4510 943950
187100 4571 926578 4512 944422
187200 4573 927087 4514 944913
187300 4574 927708 4516 945292
187400 4576 928238 4519 945762
187500 4579 928726 4520 946274
187600 4580 929152 4520 946848
187700 4583 929742 4521 947258
187800 4589 930306 4523 947694
187900 4594 930815 4528 948185
188000 4595 931272 4531 948728
188100 4596 931702 4532 949298
188200 4598 932140 4533 949860
188300 4598 932602 4535 950398
188400 4600 933108 4536 950892
188500 4600 933436 4539 951564
188600 4600 933827 4539 952173
188700 4603 934402 4543 952598
188800 4605 934786 4546 953214
188900 4606 935308 4550 953692
189000 4611 935732 4554 954268
189100 4614 936228 4554 954772
189200 4616 936596 4554 955404
189300 4617 937138 4555 955862
189400 4620 937691 4556 956309
189500 4621 938219 4558 956781
189600 4623 938546 4559 957454
189700 4625 939034 4560 957966
189800 4625 939399 4561 958601
189900 4626 939964 4565 959036
190000 4627 940455 4566 959545
190100 4629 940864 4567 960136
190200 4630 941362 4567 960638
190300 4632 941866 4569 961134
190400 4635 942312 4575 961688
190500 4635 942719 4578 962281
190600 4637 943114 4579 962886
190700 4638 943687 4579 963313
190800 4640 944209 4579 963791
190900 4641 944729 4581 964271
191000 4645 945274 4587 964726
191100 4647 945814 4588 965186
191200 4649 946401 4589 965599
191300 4649 946943 4591 966057
191400 4651 947313 4591 966687
191500 4654 947813 4597 967187
191600 4662 948344 4598 967656
191700 4666 948982 4601 968018
191800 4669 949629 4604 968371
191900 4673 950241 4610 968759
192000 4675 950909 4619 969091
192100 4676 951467 4621 969533
192200 4680 951972 4622 970028
192300 4681 952506 4623 970494
192400 4683 953075 4626 970925
192500 4684 953622 4631 971378
192600 4685 954161 4633 971839
192700 4688 954679 4636 972321
192800 4690 955219 4639 972781
192900 4695 955698 4641 973302
193000 4700 956118 4643 973882
193100 4702 956567 4646 974433
193200 4703 956941 4649 975059
193300 4703 957466 4652 975534
193400 4705 958032 4653 975968
193500 4708 958559 4653 976441
193600 4710 959020 4658 976980
193700 4712 959549 4659 977451
193800 4717 960104 4660 977896
193900 4720 960647 4660 978353
194000 4720 961129 4661 978871
194100 4720 961617 4662 979383
194200 4720 962080 4662 979920
194300 4723 962417 4666 980583
194400 4725 962927 4667 981073
194500 4730 963413 4672 981587
194600 4731 963930 4673 982070
194700 4732 964420 4673 982580
194800 4734 964957 4674 983043
194900 4737 965272 4677 983728
195000 4738 965735 4678 984265
195100 4743 966067 4680 984933
195200 4745 966632 4684 985368
195300 4747 967123 4685 985877
195400 4749 967615 4688 986385
195500 4755 968211 4693 986789
195600 4755 968831 4697 987169
195700 4755 969373 4700 987627
195800 4758 969999 4701 988001
195900 4760 970534 4703 988466
196000 4762 971068 4704 988932
196100 4765 971670 4705 989330
196200 4767 972274 4707 989726
196300 4767 972742 4710 990258
196400 4769 973335 4713 990665
196500 4770 973910 4715 991090
196600 4773 974428 4717 991572
196700 4775 974925 4718 992075
196800 4780 975325 4718 992675
196900 4783 975897 4719 993103
197000 4787 976441 4722 993559
197100 4790 976998 4725 994002
197200 4793 977543 4729 994457
197300 4795 978090 4730 994910
197400 4800 978497 4735 995503
197500 4800 979013 4737 995987
197600 4802 979625 4739 996375
197700 4805 980119 4739 996881
197800 4806 980652 4741 997348
197900 4806 981190 4744 997810
198000 4807 981742 4744 998258
198100 4808 982237 4746 998763
198200 4814 982708 4748 999292
198300 4816 983278 4749 999722
198400 4821 983720 4751 1000280
198500 4823 984279 4752 1000721
198600 4825 984744 4752 1001256
198700 4825 985352 4756 1001648
198800 4826 985774 4758 1002226
198900 4829 986314 4758 1002686
199000 4831 986853 4760 1003147
199100 4833 987425 4761 1003575
199200 4835 987823 4766 1004177
199300 4836 988297 4766 1004703
199400 4836 988874 4767 1005126
199500 4838 989480 4771 1005520
199600 4843 990125 4773 1005875
199700 4845 990567 4779 1006433
199800 4848 991070 4782 1006930
199900 4850 991603 4784 1007397
200000 4854 992108 4787 1007892
