#! FIELDS timestep dup_succ dup_attempts kill_succ kill_attempts
#! SET timestep 0.5
#! SET kernel_bandwidth [0.75 0.75]
#! SET kt 1.0
100 70 127 70 873
200 146 330 171 1670
300 237 615 271 2385
400 315 1008 368 2992
500 375 1492 441 3508
600 429 1718 507 4282
700 492 1953 564 5047
800 544 2243 620 5757
900 588 2588 665 6412
1000 622 2985 701 7015
1100 647 3388 726 7612
1200 664 3828 742 8172
1300 675 4300 751 8700
1400 687 4798 762 9202
1500 688 5421 770 9579
1600 694 5875 775 10125
1700 696 6337 778 10663
1800 698 6894 779 11106
1900 699 7462 779 11538
2000 700 8008 781 11992
2100 705 8581 785 12419
2200 706 9125 789 12875
2300 712 9687 790 13313
2400 715 10218 790 13782
2500 715 10776 790 14224
2600 716 11302 791 14698
2700 719 11719 791 15281
2800 725 12151 794 15849
2900 727 12692 798 16308
3000 730 13119 802 16881
3100 733 13612 806 17388
3200 734 14080 807 17920
3300 736 14517 807 18483
3400 742 15049 811 18951
3500 742 15551 812 19449
3600 743 15974 814 20026
3700 746 16485 814 20515
3800 750 16957 814 21043
3900 751 17607 817 21393
4000 754 18102 819 21898
4100 757 18628 823 22372
4200 758 19040 823 22960
4300 761 19604 825 23396
4400 761 20093 826 23907
4500 762 20599 828 24401
4600 767 21061 831 24939
4700 767 21538 831 25462
4800 770 22013 833 25987
4900 770 22629 833 26371
5000 773 23232 836 26768
5100 774 23754 836 27246
5200 774 24232 836 27768
5300 778 24855 837 28145
5400 779 25407 838 28593
5500 781 25925 839 29075
5600 787 26396 843 29604
5700 788 26780 847 30220
5800 788 27271 851 30729
5900 791 27703 853 31297
6000 795 28234 857 31766
6100 796 28685 860 32315
6200 797 29154 861 32846
6300 797 29606 861 33394
6400 799 30094 867 33906
6500 800 30507 868 34493
6600 800 31072 870 34928
6700 807 31631 874 35369
6800 810 32140 878 35860
6900 812 32584 878 36416
7000 812 33126 881 36874
7100 814 33526 883 37474
7200 816 34165 884 37835
7300 817 34668 893 38332
7400 819 35098 894 38902
7500 819 35514 896 39486
7600 819 35921 896 40079
7700 823 36477 898 40523
7800 827 37076 899 40924
7900 828 37554 899 41446
8000 831 38057 900 41943
8100 833 38498 901 42502
8200 835 38986 904 43014
8300 836 39301 906 43699
8400 837 39618 910 44382
8500 840 40157 911 44843
8600 843 40770 917 45230
8700 845 41162 917 45838
8800 846 41520 919 46480
8900 849 41969 921 47031
9000 850 42647 922 47353
9100 852 43181 923 47819
9200 854 43760 925 48240
9300 858 44253 929 48747
9400 862 44810 933 49190
9500 866 45340 936 49660
9600 870 45854 941 50146
9700 874 46378 944 50622
9800 876 46825 945 51175
9900 877 47398 946 51602
10000 877 47967 947 52033
10100 878 48475 948 52525
10200 881 48943 949 53057
10300 881 49420 952 53580
10400 884 49958 956 54042
10500 885 50538 956 54462
10600 888 51095 957 54905
10700 891 51612 958 55388
10800 892 52181 959 55819
10900 896 52678 960 56322
11000 898 53075 961 56925
11100 900 53523 961 57477
11200 902 53954 961 58046
11300 903 54461 962 58539
11400 904 55014 965 58986
11500 908 55439 966 59561
11600 909 55966 968 60034
11700 911 56427 971 60573
11800 914 56948 973 61052
11900 916 57393 974 61607
12000 918 57796 976 62204
12100 921 58192 977 62808
12200 923 58851 979 63149
12300 925 59411 985 63589
12400 927 59911 990 64089
12500 928 60334 992 64666
12600 929 60892 992 65108
12700 935 61459 996 65541
12800 939 62017 998 65983
12900 939 62517 1000 66483
13000 943 63023 1001 66977
13100 945 63720 1004 67280
13200 945 64253 1006 67747
13300 947 64776 1008 68224
13400 949 65308 1011 68692
13500 952 65844 1011 69156
13600 953 66425 1013 69575
13700 956 66998 1015 70002
13800 956 67423 1015 70577
13900 956 67984 1020 71016
14000 960 68290 1024 71710
14100 961 68663 1026 72337
14200 962 69117 1027 72883
14300 965 69649 1029 73351
14400 967 70094 1033 73906
14500 969 70609 1033 74391
14600 972 71126 1036 74874
14700 975 71535 1037 75465
14800 975 72081 1038 75919
14900 978 72594 1042 76406
15000 979 73174 1042 76826
15100 979 73518 1043 77482
15200 981 73952 1045 78048
15300 982 74432 1046 78568
15400 984 74921 1046 79079
15500 986 75388 1049 79612
15600 987 75900 1050 80100
15700 987 76428 1054 80572
15800 987 76841 1057 81159
15900 990 77292 1061 81708
16000 991 77680 1061 82320
16100 995 78098 1067 82902
16200 998 78595 1069 83405
16300 1000 79035 1069 83965
16400 1001 79525 1070 84475
16500 1003 79953 1070 85047
16600 1006 80495 1072 85505
16700 1009 81066 1072 85934
16800 1011 81557 1073 86443
16900 1011 82106 1077 86894
17000 1013 82606 1081 87394
17100 1020 83160 1082 87840
17200 1021 83597 1084 88403
17300 1025 83985 1087 89015
17400 1025 84486 1087 89514
17500 1028 84968 1090 90032
17600 1029 85328 1092 90672
17700 1032 85791 1095 91209
17800 1034 86258 1097 91742
17900 1038 86781 1102 92219
18000 1039 87259 1103 92741
18100 1039 87781 1103 93219
18200 1039 88243 1105 93757
18300 1040 88672 1109 94328
18400 1041 89115 1111 94885
18500 1042 89469 1113 95531
18600 1044 90029 1113 95971
18700 1044 90582 1114 96418
18800 1048 91055 1116 96945
18900 1051 91537 1119 97463
19000 1053 92096 1126 97904
19100 1054 92723 1127 98277
19200 1057 93312 1127 98688
19300 1059 93798 1131 99202
19400 1062 94388 1135 99612
19500 1064 94983 1138 100017
19600 1068 95444 1140 100556
19700 1068 96005 1140 100995
19800 1070 96539 1144 101461
19900 1073 97030 1145 101970
20000 1076 97622 1146 102378
20100 1076 98164 1147 102836
20200 1080 98661 1151 103339
20300 1081 99268 1153 103732
20400 1084 99785 1155 104215
20500 1088 100250 1156 104750
20600 1093 100862 1158 105138
20700 1097 101436 1159 105564
20800 1099 101836 1162 106164
20900 1104 102296 1166 106704
21000 1105 102750 1166 107250
21100 1108 103196 1170 107804
21200 1114 103567 1174 108433
21300 1118 104061 1177 108939
21400 1121 104441 1178 109559
21500 1122 104938 1181 110062
21600 1122 105293 1182 110707
21700 1122 105802 1183 111198
21800 1125 106262 1186 111738
21900 1128 106794 1190 112206
22000 1130 107242 1195 112758
22100 1130 107724 1196 113276
22200 1132 108225 1201 113775
22300 1134 108779 1205 114221
22400 1137 109262 1210 114738
22500 1138 109673 1212 115327
22600 1141 110184 1213 115816
22700 1143 110516 1213 116484
22800 1143 111077 1215 116923
22900 1143 111691 1217 117309
23000 1145 112131 1219 117869
23100 1145 112625 1220 118375
23200 1148 113079 1224 118921
23300 1149 113734 1226 119266
23400 1150 114184 1231 119816
23500 1151 114769 1233 120231
23600 1151 115249 1233 120751
23700 1153 115753 1235 121247
23800 1154 116244 1242 121756
23900 1157 116653 1244 122347
24000 1157 117144 1244 122856
24100 1164 117759 1249 123241
24200 1164 118229 1250 123771
24300 1167 118796 1252 124204
24400 1169 119296 1254 124704
24500 1173 119791 1255 125209
24600 1175 120299 1256 125701
24700 1177 120804 1259 126196
24800 1179 121164 1264 126836
24900 1179 121555 1265 127445
25000 1179 122120 1265 127880
25100 1179 122441 1266 128559
25200 1180 122954 1268 129046
25300 1183 123472 1269 129528
25400 1184 124043 1271 129957
25500 1187 124431 1275 130569
25600 1191 125081 1279 130919
25700 1193 125680 1280 131320
25800 1199 126115 1284 131885
25900 1202 126504 1287 132496
26000 1205 126945 1292 133055
26100 1206 127497 1295 133503
26200 1208 128016 1298 133984
26300 1213 128521 1302 134479
26400 1215 128944 1304 135056
26500 1216 129422 1308 135578
26600 1217 130078 1313 135922
26700 1217 130547 1313 136453
26800 1220 131165 1316 136835
26900 1224 131616 1316 137384
27000 1228 132131 1317 137869
27100 1230 132621 1318 138379
27200 1232 133089 1319 138911
27300 1234 133543 1320 139457
27400 1236 134029 1322 139971
27500 1239 134525 1325 140475
27600 1241 135066 1326 140934
27700 1241 135532 1328 141468
27800 1242 135943 1328 142057
27900 1244 136450 1331 142550
28000 1249 137064 1336 142936
28100 1250 137466 1338 143534
28200 1252 137974 1340 144026
28300 1254 138496 1344 144504
28400 1254 139117 1347 144883
28500 1254 139576 1352 145424
28600 1257 140075 1354 145925
28700 1258 140476 1356 146524
28800 1259 140912 1358 147088
28900 1260 141324 1359 147676
29000 1261 141808 1359 148192
29100 1261 142240 1359 148760
29200 1261 142713 1364 149287
29300 1263 143159 1370 149841
29400 1264 143604 1372 150396
29500 1265 144132 1372 150868
29600 1267 144636 1374 151364
29700 1269 145077 1381 151923
29800 1274 145590 1385 152410
29900 1275 146138 1387 152862
30000 1278 146606 1387 153394
30100 1283 147146 1387 153854
30200 1290 147639 1392 154361
30300 1291 148192 1394 154808
30400 1294 148819 1394 155181
30500 1298 149411 1399 155589
30600 1300 149888 1399 156112
30700 1300 150417 1402 156583
30800 1301 150843 1404 157157
30900 1302 151102 1406 157898
31000 1307 151557 1409 158443
31100 1308 152020 1411 158980
31200 1310 152566 1412 159434
31300 1312 153008 1416 159992
31400 1315 153517 1418 160483
31500 1318 153983 1422 161017
31600 1320 154502 1424 161498
31700 1322 155030 1425 161970
31800 1326 155479 1433 162521
31900 1329 155955 1434 163045
32000 1330 156550 1435 163450
32100 1330 157057 1437 163943
32200 1330 157444 1441 164556
32300 1333 157783 1445 165217
32400 1336 158069 1446 165931
32500 1336 158511 1446 166489
32600 1337 158949 1450 167051
32700 1339 159280 1454 167720
32800 1343 159749 1456 168251
32900 1345 160131 1457 168869
33000 1346 160595 1463 169405
33100 1347 161138 1464 169862
33200 1349 161537 1465 170463
33300 1349 162162 1467 170838
33400 1350 162618 1469 171382
33500 1352 163097 1474 171903
33600 1352 163630 1478 172370
33700 1355 164306 1483 172694
33800 1356 164994 1484 173006
33900 1359 165553 1486 173447
34000 1362 166101 1488 173899
34100 1364 166674 1491 174326
34200 1366 167128 1495 174872
34300 1366 167674 1496 175326
34400 1366 168171 1498 175829
34500 1367 168721 1501 176279
34600 1373 169168 1501 176832
34700 1374 169685 1506 177315
34800 1376 170201 1508 177799
34900 1376 170625 1511 178375
35000 1379 171093 1511 178907
35100 1381 171564 1515 179436
35200 1381 172005 1515 179995
35300 1382 172499 1515 180501
35400 1383 173120 1520 180880
35500 1384 173606 1523 181394
35600 1384 174001 1528 181999
35700 1386 174497 1530 182503
35800 1388 174924 1531 183076
35900 1391 175293 1534 183707
36000 1393 175731 1537 184269
36100 1393 176257 1538 184743
36200 1394 176829 1538 185171
36300 1396 177310 1543 185690
36400 1398 177818 1545 186182
36500 1399 178439 1546 186561
36600 1401 178917 1548 187083
36700 1404 179459 1549 187541
36800 1406 179966 1551 188034
36900 1406 180383 1552 188617
37000 1407 180802 1556 189198
37100 1409 181175 1557 189825
37200 1411 181670 1558 190330
37300 1413 182214 1558 190786
37400 1417 182628 1559 191372
37500 1423 183135 1563 191865
37600 1425 183698 1568 192302
37700 1426 184274 1571 192726
37800 1427 184871 1571 193129
37900 1427 185439 1573 193561
38000 1435 185865 1576 194135
38100 1435 186374 1577 194626
38200 1438 186851 1577 195149
38300 1441 187352 1577 195648
38400 1443 187897 1582 196103
38500 1445 188521 1586 196479
38600 1446 189056 1592 196944
38700 1446 189528 1595 197472
38800 1447 189991 1599 198009
38900 1447 190455 1600 198545
39000 1450 190947 1603 199053
39100 1454 191485 1608 199515
39200 1456 192002 1609 199998
39300 1459 192491 1611 200509
39400 1462 192857 1613 201143
39500 1465 193346 1613 201654
39600 1469 193870 1613 202130
39700 1471 194366 1619 202634
39800 1472 194909 1620 203091
39900 1475 195373 1621 203627
40000 1478 195863 1623 204137
40100 1479 196388 1623 204612
40200 1480 196861 1624 205139
40300 1481 197289 1624 205711
40400 1483 197806 1626 206194
40500 1484 198409 1630 206591
40600 1485 198945 1633 207055
40700 1486 199441 1634 207559
40800 1486 199893 1635 208107
40900 1490 200311 1641 208689
41000 1490 200849 1644 209151
41100 1492 201343 1647 209657
41200 1493 201872 1647 210128
41300 1493 202356 1648 210644
41400 1494 202741 1649 211259
41500 1497 203067 1652 211933
41600 1499 203543 1656 212457
41700 1504 203824 1658 213176
41800 1505 204299 1661 213701
41900 1505 204815 1663 214185
42000 1506 205275 1667 214725
42100 1506 205719 1667 215281
42200 1508 206232 1670 215768
42300 1510 206784 1674 216216
42400 1512 207258 1677 216742
42500 1513 207647 1679 217353
42600 1515 208157 1680 217843
42700 1515 208643 1682 218357
42800 1516 209119 1687 218881
42900 1518 209559 1687 219441
43000 1519 210039 1689 219961
43100 1519 210560 1690 220440
43200 1521 211130 1691 220870
43300 1523 211737 1693 221263
43400 1525 212261 1696 221739
43500 1530 212653 1698 222347
43600 1531 213113 1700 222887
43700 1536 213581 1702 223419
43800 1538 214064 1705 223936
43900 1539 214563 1708 224437
44000 1539 214993 1708 225007
44100 1541 215455 1709 225545
44200 1541 215951 1711 226049
44300 1542 216396 1714 226604
44400 1542 216897 1715 227103
44500 1545 217367 1716 227633
44600 1547 217824 1720 228176
44700 1549 218313 1722 228687
44800 1551 218766 1722 229234
44900 1551 219284 1722 229716
45000 1552 219775 1726 230225
45100 1554 220255 1727 230745
45200 1558 220762 1733 231238
45300 1562 221315 1737 231685
45400 1562 221768 1741 232232
45500 1566 222316 1744 232684
45600 1568 222827 1746 233173
45700 1568 223355 1750 233645
45800 1569 223821 1753 234179
45900 1571 224354 1753 234646
46000 1572 224810 1753 235190
46100 1574 225358 1755 235642
46200 1579 225952 1757 236048
46300 1580 226466 1757 236534
46400 1580 226992 1758 237008
46500 1581 227543 1761 237457
46600 1584 228006 1763 237994
46700 1587 228577 1767 238423
46800 1588 228982 1770 239018
46900 1591 229424 1773 239576
47000 1592 229995 1773 240005
47100 1598 230444 1776 240556
47200 1600 230912 1778 241088
47300 1600 231502 1781 241498
47400 1603 232043 1784 241957
47500 1604 232681 1785 242319
47600 1607 233128 1787 242872
47700 1611 233627 1791 243373
47800 1612 233982 1792 244018
47900 1614 234570 1795 244430
48000 1617 235172 1797 244828
48100 1617 235639 1800 245361
48200 1619 236144 1804 245856
48300 1619 236639 1810 246361
48400 1621 237134 1812 246866
48500 1621 237534 1813 247466
48600 1624 238151 1816 247849
48700 1626 238661 1818 248339
48800 1631 239107 1820 248893
48900 1632 239679 1822 249321
49000 1636 240193 1824 249807
49100 1637 240690 1825 250310
49200 1640 241108 1827 250892
49300 1641 241635 1834 251365
49400 1645 242143 1835 251857
49500 1646 242614 1836 252386
49600 1647 243156 1839 252844
49700 1650 243494 1841 253506
49800 1656 244046 1844 253954
49900 1657 244692 1846 254308
50000 1660 245295 1846 254705
50100 1661 245679 1847 255321
50200 1664 246184 1848 255816
50300 1665 246650 1851 256350
50400 1668 247119 1856 256881
50500 1669 247530 1860 257470
50600 1673 247941 1861 258059
50700 1678 248420 1861 258580
50800 1681 249060 1862 258940
50900 1684 249586 1866 259414
51000 1684 250087 1871 259913
51100 1684 250637 1873 260363
51200 1687 251187 1876 260813
51300 1689 251711 1880 261289
51400 1690 252354 1884 261646
51500 1692 252887 1884 262113
51600 1693 253398 1887 262602
51700 1698 254025 1890 262975
51800 1700 254533 1892 263467
51900 1700 254907 1893 264093
52000 1700 255342 1893 264658
52100 1700 255692 1895 265308
52200 1703 256271 1896 265729
52300 1705 256762 1899 266238
52400 1710 257301 1900 266699
52500 1711 257744 1904 267256
52600 1713 258157 1906 267843
52700 1715 258732 1907 268268
52800 1717 259260 1910 268740
52900 1719 259694 1913 269306
53000 1725 260210 1915 269790
53100 1725 260655 1916 270345
53200 1726 261102 1917 270898
53300 1727 261627 1917 271373
53400 1729 262219 1918 271781
53500 1732 262710 1919 272290
53600 1733 263214 1920 272786
53700 1734 263806 1921 273194
53800 1737 264174 1927 273826
53900 1738 264597 1929 274403
54000 1739 265111 1933 274889
54100 1742 265641 1936 275359
54200 1745 266165 1941 275835
54300 1748 266750 1942 276250
54400 1751 267307 1942 276693
54500 1753 267863 1947 277137
54600 1756 268374 1951 277626
54700 1759 268854 1955 278146
54800 1760 269357 1956 278643
54900 1760 269910 1959 279090
55000 1762 270377 1963 279623
55100 1768 270885 1965 280115
55200 1769 271423 1967 280577
55300 1769 271774 1968 281226
55400 1772 272186 1970 281814
55500 1775 272619 1970 282381
55600 1777 273147 1972 282853
55700 1781 273622 1973 283378
55800 1784 274143 1976 283857
55900 1787 274638 1978 284362
56000 1791 275134 1984 284866
56100 1793 275553 1986 285447
56200 1795 276106 1986 285894
56300 1795 276507 1987 286493
56400 1799 277094 1987 286906
56500 1803 277526 1990 287474
56600 1804 278056 1992 287944
56700 1804 278506 1995 288494
56800 1804 279077 1999 288923
56900 1808 279509 2000 289491
57000 1811 279989 2003 290011
57100 1811 280400 2003 290600
57200 1811 280933 2008 291067
57300 1812 281416 2013 291584
57400 1812 281880 2015 292120
57500 1817 282317 2020 292683
57600 1818 282889 2022 293111
57700 1821 283399 2023 293601
57800 1825 283917 2024 294083
57900 1826 284427 2026 294573
58000 1832 284983 2026 295017
58100 1837 285602 2026 295398
58200 1840 286182 2030 295818
58300 1842 286678 2032 296322
58400 1844 287165 2036 296835
58500 1849 287677 2036 297323
58600 1852 288176 2040 297824
58700 1854 288708 2044 298292
58800 1859 289207 2047 298793
58900 1859 289708 2050 299292
59000 1859 290254 2051 299746
59100 1860 290617 2053 300383
59200 1860 291156 2055 300844
59300 1863 291629 2059 301371
59400 1866 292025 2060 301975
59500 1868 292502 2061 302498
59600 1870 292875 2062 303125
59700 1871 293337 2065 303663
59800 1876 293866 2067 304134
59900 1877 294367 2074 304633
60000 1878 294880 2077 305120
60100 1879 295501 2079 305499
60200 1883 295982 2081 306018
60300 1885 296364 2084 306636
60400 1889 296968 2086 307032
60500 1891 297502 2088 307498
60600 1892 297941 2089 308059
60700 1895 298307 2089 308693
60800 1899 298817 2091 309183
60900 1904 299304 2094 309696
61000 1908 299809 2096 310191
61100 1910 300372 2099 310628
61200 1910 300892 2100 311108
61300 1912 301422 2101 311578
61400 1913 301824 2104 312176
61500 1914 302304 2109 312696
61600 1915 302782 2112 313218
61700 1921 303276 2113 313724
61800 1922 303724 2113 314276
61900 1923 304178 2115 314822
62000 1925 304711 2118 315289
62100 1930 305229 2123 315771
62200 1931 305922 2126 316078
62300 1934 306428 2133 316572
62400 1938 306837 2135 317163
62500 1941 307323 2136 317677
62600 1942 307807 2140 318193
62700 1946 308318 2143 318682
62800 1947 308883 2145 319117
62900 1951 309319 2149 319681
63000 1955 309781 2151 320219
63100 1962 310245 2153 320755
63200 1965 310690 2156 321310
63300 1966 311239 2158 321761
63400 1972 311793 2159 322207
63500 1974 312221 2161 322779
63600 1974 312808 2166 323192
63700 1974 313257 2169 323743
63800 1978 313814 2171 324186
63900 1980 314443 2173 324557
64000 1982 315038 2178 324962
64100 1983 315492 2181 325508
64200 1987 315959 2181 326041
64300 1989 316553 2183 326447
64400 1993 317116 2187 326884
64500 1994 317828 2188 327172
64600 1997 318273 2191 327727
64700 1999 318862 2195 328138
64800 1999 319360 2196 328640
64900 2001 319951 2199 329049
65000 2004 320435 2201 329565
65100 2007 320920 2204 330080
65200 2010 321463 2205 330537
65300 2012 322098 2209 330902
65400 2013 322507 2211 331493
65500 2013 323068 2214 331932
65600 2016 323597 2215 332403
65700 2016 324021 2219 332979
65800 2019 324598 2223 333402
65900 2023 325085 2225 333915
66000 2024 325724 2227 334276
66100 2027 326266 2228 334734
66200 2027 326791 2231 335209
66300 2028 327176 2234 335824
66400 2032 327649 2238 336351
66500 2036 328172 2240 336828
66600 2040 328630 2243 337370
66700 2042 329145 2245 337855
66800 2044 329678 2249 338322
66900 2045 330262 2253 338738
67000 2045 330641 2255 339359
67100 2047 331092 2256 339908
67200 2048 331521 2258 340479
67300 2048 332148 2260 340852
67400 2049 332631 2261 341369
67500 2049 333065 2261 341935
67600 2049 333521 2261 342479
67700 2051 334153 2261 342847
67800 2052 334607 2262 343393
67900 2053 335045 2263 343955
68000 2057 335459 2265 344541
68100 2059 335801 2270 345199
68200 2064 336394 2272 345606
68300 2065 336849 2274 346151
68400 2066 337421 2276 346579
68500 2067 337916 2280 347084
68600 2070 338367 2282 347633
68700 2073 338857 2283 348143
68800 2079 339310 2287 348690
68900 2082 339776 2291 349224
69000 2083 340232 2293 349768
69100 2087 340546 2298 350454
69200 2088 341013 2301 350987
69300 2092 341593 2303 351407
69400 2096 342007 2305 351993
69500 2099 342545 2311 352455
69600 2102 342972 2312 353028
69700 2103 343613 2314 353387
69800 2106 344146 2316 353854
69900 2109 344692 2318 354308
70000 2111 345131 2320 354869
70100 2111 345670 2321 355330
70200 2111 346098 2322 355902
70300 2114 346569 2325 356431
70400 2114 347123 2325 356877
70500 2119 347742 2330 357258
70600 2125 348189 2334 357811
70700 2127 348612 2335 358388
70800 2129 349047 2338 358953
70900 2132 349512 2339 359488
71000 2135 350025 2342 359975
71100 2137 350492 2345 360508
71200 2141 350983 2346 361017
71300 2143 351458 2348 361542
71400 2143 351928 2352 362072
71500 2147 352356 2354 362644
71600 2149 352777 2354 363223
71700 2152 353298 2358 363702
71800 2152 353840 2359 364160
71900 2153 354475 2361 364525
72000 2160 354966 2363 365034
72100 2160 355552 2364 365448
72200 2162 356065 2366 365935
72300 2163 356616 2368 366384
72400 2164 357127 2370 366873
72500 2166 357616 2371 367384
72600 2169 357980 2375 368020
72700 2169 358409 2378 368591
72800 2170 358873 2382 369127
72900 2173 359525 2383 369475
73000 2177 360213 2384 369787
73100 2180 360735 2389 370265
73200 2181 361174 2393 370826
73300 2183 361821 2394 371179
73400 2186 362365 2395 371635
73500 2188 362891 2397 372109
73600 2191 363333 2398 372667
73700 2195 363803 2399 373197
73800 2199 364162 2400 373838
73900 2200 364603 2401 374397
74000 2201 365112 2401 374888
74100 2201 365653 2407 375347
74200 2205 366109 2410 375891
74300 2208 366562 2410 376438
74400 2215 367049 2414 376951
74500 2217 367512 2417 377488
74600 2221 367891 2419 378109
74700 2223 368507 2421 378493
74800 2228 369001 2423 378999
74900 2230 369500 2424 379500
75000 2233 369990 2425 380010
75100 2236 370389 2428 380611
75200 2238 370994 2433 381006
75300 2241 371352 2435 381648
75400 2241 371919 2438 382081
75500 2244 372358 2439 382642
75600 2247 372846 2446 383154
75700 2250 373261 2448 383739
75800 2251 373821 2453 384179
75900 2255 374385 2456 384615
76000 2257 374805 2457 385195
76100 2260 375282 2459 385718
76200 2262 375603 2460 386397
76300 2264 376232 2462 386768
76400 2266 376717 2468 387283
76500 2267 377123 2476 387877
76600 2268 377658 2480 388342
76700 2270 378023 2484 388977
76800 2272 378507 2487 389493
76900 2276 378991 2491 390009
77000 2279 379541 2493 390459
77100 2280 380009 2494 390991
77200 2280 380464 2496 391536
77300 2284 380997 2499 392003
77400 2284 381452 2499 392548
77500 2285 381924 2500 393076
77600 2288 382385 2505 393615
77700 2290 382799 2506 394201
77800 2293 383205 2509 394795
77900 2295 383746 2510 395254
78000 2299 384256 2512 395744
78100 2302 384656 2519 396344
78200 2304 385248 2520 396752
78300 2308 385795 2522 397205
78400 2313 386276 2524 397724
78500 2315 386596 2527 398404
78600 2317 387058 2531 398942
78700 2319 387677 2532 399323
78800 2322 388052 2537 399948
78900 2325 388620 2539 400380
79000 2326 389078 2541 400922
79100 2329 389544 2541 401456
79200 2331 389976 2541 402024
79300 2332 390481 2544 402519
79400 2336 391060 2546 402940
79500 2338 391506 2547 403494
79600 2339 392111 2548 403889
79700 2341 392687 2551 404313
79800 2341 393289 2556 404711
79900 2344 393770 2557 405230
80000 2345 394211 2561 405789
80100 2347 394538 2562 406462
80200 2348 395027 2563 406973
80300 2350 395533 2565 407467
80400 2352 395989 2570 408011
80500 2352 396594 2571 408406
80600 2355 397034 2571 408966
80700 2356 397541 2571 409459
80800 2357 398082 2572 409918
80900 2360 398651 2573 410349
81000 2361 399085 2576 410915
81100 2364 399606 2580 411394
81200 2365 400161 2583 411839
81300 2368 400767 2585 412233
81400 2369 401253 2586 412747
81500 2373 401704 2593 413296
81600 2376 402092 2596 413908
81700 2378 402523 2596 414477
81800 2380 402968 2596 415032
81900 2382 403422 2599 415578
82000 2389 403940 2602 416060
82100 2394 404514 2603 416486
82200 2397 405068 2604 416932
82300 2399 405615 2606 417385
82400 2399 405888 2611 418112
82500 2401 406442 2612 418558
82600 2404 407021 2613 418979
82700 2407 407607 2613 419393
82800 2410 408065 2614 419935
82900 2417 408582 2618 420418
83000 2417 409101 2619 420899
83100 2419 409577 2621 421423
83200 2421 410076 2624 421924
83300 2425 410543 2627 422457
83400 2427 411055 2628 422945
83500 2428 411459 2630 423541
83600 2428 412047 2631 423953
83700 2429 412403 2632 424597
83800 2437 412830 2639 425170
83900 2437 413244 2641 425756
84000 2439 413778 2643 426222
84100 2440 414404 2644 426596
84200 2442 414919 2644 427081
84300 2444 415376 2648 427624
84400 2445 415819 2649 428181
84500 2448 416301 2652 428699
84600 2449 416813 2660 429187
84700 2451 417250 2662 429750
84800 2451 417732 2662 430268
84900 2453 418380 2662 430620
85000 2455 418909 2664 431091
85100 2457 419465 2667 431535
85200 2459 420044 2667 431956
85300 2462 420471 2670 432529
85400 2463 420941 2670 433059
85500 2465 421501 2671 433499
85600 2467 422088 2674 433912
85700 2468 422561 2678 434439
85800 2468 423003 2678 434997
85900 2471 423423 2680 435577
86000 2474 423983 2684 436017
86100 2477 424532 2688 436468
86200 2479 425047 2690 436953
86300 2480 425608 2692 437392
86400 2481 426082 2692 437918
86500 2482 426606 2694 438394
86600 2485 427079 2697 438921
86700 2486 427624 2699 439376
86800 2489 428239 2701 439761
86900 2490 428768 2703 440232
87000 2490 429264 2707 440736
87100 2490 429726 2708 441274
87200 2491 430223 2709 441777
87300 2493 430655 2711 442345
87400 2497 431206 2715 442794
87500 2502 431700 2715 443300
87600 2504 432195 2719 443805
87700 2504 432740 2719 444260
87800 2506 433120 2721 444880
87900 2507 433705 2723 445295
88000 2509 434312 2726 445688
88100 2512 434818 2727 446182
88200 2513 435187 2728 446813
88300 2515 435735 2734 447265
88400 2515 436270 2736 447730
88500 2518 436776 2737 448224
88600 2522 437238 2737 448762
88700 2522 437790 2739 449210
88800 2523 438367 2741 449633
88900 2524 439003 2741 449997
89000 2526 439550 2745 450450
89100 2527 439888 2746 451112
89200 2532 440369 2749 451631
89300 2534 440812 2750 452188
89400 2537 441232 2756 452768
89500 2544 441819 2758 453181
89600 2547 442346 2759 453654
89700 2547 442824 2759 454176
89800 2549 443245 2761 454755
89900 2550 443752 2762 455248
90000 2552 444315 2766 455685
90100 2557 444789 2768 456211
90200 2560 445158 2769 456842
90300 2560 445635 2769 457365
90400 2562 446187 2771 457813
90500 2562 446797 2773 458203
90600 2564 447188 2775 458812
90700 2565 447695 2777 459305
90800 2569 448240 2779 459760
90900 2575 448781 2779 460219
91000 2579 449256 2783 460744
91100 2581 449835 2787 461165
91200 2583 450179 2787 461821
91300 2583 450636 2789 462364
91400 2586 451113 2790 462887
91500 2586 451642 2790 463358
91600 2587 452092 2792 463908
91700 2587 452562 2794 464438
91800 2589 452972 2798 465028
91900 2590 453585 2800 465415
92000 2592 454012 2801 465988
92100 2592 454502 2801 466498
92200 2592 455012 2801 466988
92300 2594 455561 2804 467439
92400 2596 456062 2807 467938
92500 2599 456607 2808 468393
92600 2600 457012 2811 468988
92700 2600 457567 2811 469433
92800 2601 458222 2813 469778
92900 2603 458735 2814 470265
93000 2604 459278 2816 470722
93100 2608 459733 2817 471267
93200 2608 460294 2817 471706
93300 2609 460733 2820 472267
93400 2610 461176 2822 472824
93500 2612 461694 2822 473306
93600 2613 462149 2824 473851
93700 2614 462594 2825 474406
93800 2616 462901 2830 475099
93900 2623 463461 2832 475539
94000 2625 464056 2835 475944
94100 2628 464394 2837 476606
94200 2630 464768 2841 477232
94300 2634 465354 2841 477646
94400 2634 465857 2842 478143
94500 2639 466310 2844 478690
94600 2639 466684 2846 479316
94700 2640 467241 2848 479759
94800 2643 467782 2849 480218
94900 2645 468162 2853 480838
95000 2648 468711 2857 481289
95100 2651 469211 2857 481789
95200 2653 469743 2859 482257
95300 2654 470201 2860 482799
95400 2656 470739 2860 483261
95500 2660 471195 2862 483805
95600 2662 471604 2864 484396
95700 2667 472115 2866 484885
95800 2668 472687 2869 485313
95900 2668 473154 2870 485846
96000 2670 473636 2872 486364
96100 2674 474110 2873 486890
96200 2676 474606 2876 487394
96300 2679 475131 2879 487869
96400 2682 475646 2882 488354
96500 2683 476132 2883 488868
96600 2686 476555 2888 489445
96700 2687 477028 2889 489972
96800 2687 477557 2892 490443
96900 2689 477907 2893 491093
97000 2692 478344 2894 491656
97100 2693 478888 2895 492112
97200 2695 479341 2895 492659
97300 2705 479731 2898 493269
97400 2705 480214 2899 493786
97500 2706 480751 2900 494249
97600 2712 481381 2905 494619
97700 2713 481877 2906 495123
97800 2716 482417 2907 495583
97900 2717 482884 2910 496116
98000 2719 483443 2914 496557
98100 2719 483975 2916 497025
98200 2723 484472 2918 497528
98300 2723 485018 2918 497982
98400 2727 485622 2919 498378
98500 2731 486114 2919 498886
98600 2732 486514 2920 499486
98700 2735 486996 2921 500004
98800 2737 487558 2926 500442
98900 2740 487996 2927 501004
99000 2744 488424 2932 501576
99100 2748 489013 2938 501987
99200 2753 489556 2940 502444
99300 2758 489988 2947 503012
99400 2760 490456 2951 503544
99500 2762 490940 2952 504060
99600 2762 491347 2953 504653
99700 2764 491835 2954 505165
99800 2767 492301 2957 505699
99900 2769 492738 2961 506262
100000 2771 493213 2963 506787
100100 2772 493704 2967 507296
100200 2773 494223 2970 507777
100300 2774 494764 2970 508236
100400 2779 495278 2976 508722
100500 2784 495909 2981 509091
100600 2786 496409 2983 509591
100700 2786 496908 2984 510092
100800 2792 497382 2987 510618
100900 2794 497840 2990 511160
101000 2796 498302 2993 511698
101100 2798 498739 2994 512261
101200 2802 499219 2996 512781
101300 2803 499762 2999 513238
101400 2803 500218 3000 513782
101500 2805 500753 3002 514247
101600 2806 501124 3003 514876
101700 2807 501596 3005 515404
101800 2809 502106 3005 515894
101900 2809 502539 3007 516461
102000 2810 503157 3009 516843
102100 2813 503602 3014 517398
102200 2814 504054 3017 517946
102300 2819 504447 3018 518553
102400 2824 504837 3019 519163
102500 2827 505285 3020 519715
102600 2831 505760 3022 520240
102700 2831 506203 3023 520797
102800 2833 506547 3024 521453
102900 2835 506994 3025 522006
103000 2838 507447 3026 522553
103100 2839 507882 3027 523118
103200 2842 508364 3032 523636
103300 2843 508799 3034 524201
103400 2844 509230 3034 524770
103500 2845 509693 3034 525307
103600 2846 510201 3035 525799
103700 2847 510734 3036 526266
103800 2848 511237 3039 526763
103900 2849 511739 3043 527261
104000 2849 512243 3045 527757
104100 2851 512650 3045 528350
104200 2852 513163 3045 528837
104300 2853 513615 3047 529385
104400 2854 514079 3049 529921
104500 2857 514463 3050 530537
104600 2857 514977 3051 531023
104700 2858 515461 3052 531539
104800 2859 515946 3053 532054
104900 2859 516525 3054 532475
105000 2859 517018 3056 532982
105100 2860 517539 3058 533461
105200 2860 518122 3060 533878
105300 2861 518625 3063 534375
105400 2862 518957 3064 535043
105500 2863 519504 3068 535496
105600 2864 520064 3068 535936
105700 2865 520636 3071 536364
105800 2865 521079 3072 536921
105900 2866 521467 3072 537533
106000 2868 522030 3074 537970
106100 2870 522553 3077 538447
106200 2872 523108 3079 538892
106300 2873 523746 3080 539254
106400 2875 524282 3085 539718
106500 2876 524932 3086 540068
106600 2878 525332 3087 540668
106700 2880 525875 3087 541125
106800 2884 526332 3088 541668
106900 2884 526858 3091 542142
107000 2887 527383 3091 542617
107100 2889 527877 3097 543123
107200 2891 528470 3099 543530
107300 2893 528890 3100 544110
107400 2894 529424 3100 544576
107500 2895 529885 3102 545115
107600 2900 530446 3103 545554
107700 2900 530987 3105 546013
107800 2904 531496 3105 546504
107900 2905 531968 3105 547032
108000 2906 532489 3105 547511
108100 2907 532936 3107 548064
108200 2908 533412 3107 548588
108300 2909 533966 3108 549034
108400 2910 534565 3110 549435
108500 2911 535018 3110 549982
108600 2916 535466 3112 550534
108700 2922 536089 3115 550911
108800 2924 536772 3116 551228
108900 2928 537329 3120 551671
109000 2933 537761 3120 552239
109100 2935 538219 3122 552781
109200 2938 538736 3124 553264
109300 2940 539409 3125 553591
109400 2944 539918 3128 554082
109500 2945 540359 3129 554641
109600 2945 540723 3129 555277
109700 2946 541156 3129 555844
109800 2946 541556 3133 556444
109900 2948 542007 3135 556993
110000 2948 542532 3135 557468
110100 2956 542978 3138 558022
110200 2957 543377 3140 558623
110300 2960 543817 3143 559183
110400 2960 544226 3147 559774
110500 2964 544773 3150 560227
110600 2969 545163 3152 560837
110700 2970 545600 3153 561400
110800 2973 546060 3153 561940
110900 2975 546493 3156 562507
111000 2976 546956 3157 563044
111100 2979 547633 3160 563367
111200 2980 548079 3161 563921
111300 2983 548568 3165 564432
111400 2989 549193 3170 564807
111500 2989 549652 3174 565348
111600 2989 550118 3177 565882
111700 2989 550635 3180 566365
111800 2996 550995 3181 567005
111900 2998 551533 3181 567467
112000 2998 552183 3184 567817
112100 2998 552719 3185 568281
112200 3000 553202 3186 568798
112300 3004 553600 3190 569400
112400 3010 553920 3192 570080
112500 3011 554276 3192 570724
112600 3014 554756 3193 571244
112700 3014 555419 3193 571581
112800 3014 555992 3194 572008
112900 3017 556565 3196 572435
113000 3020 557052 3197 572948
113100 3022 557628 3200 573372
113200 3025 558134 3201 573866
113300 3026 558419 3204 574581
113400 3031 558838 3205 575162
113500 3034 559416 3208 575584
113600 3036 559998 3211 576002
113700 3039 560492 3215 576508
113800 3039 560967 3216 577033
113900 3040 561501 3219 577499
114000 3041 562025 3221 577975
114100 3042 562488 3221 578512
114200 3043 562788 3224 579212
114300 3044 563175 3226 579825
114400 3045 563585 3227 580415
114500 3049 564151 3227 580849
114600 3050 564736 3230 581264
114700 3050 565326 3233 581674
114800 3051 565814 3234 582186
114900 3052 566331 3236 582669
115000 3053 566739 3238 583261
115100 3054 567243 3240 583757
115200 3056 567748 3242 584252
115300 3058 568190 3246 584810
115400 3060 568671 3250 585329
115500 3063 569184 3250 585816
115600 3064 569600 3254 586400
115700 3064 570309 3255 586691
115800 3064 570823 3255 587177
115900 3066 571281 3259 587719
116000 3070 571666 3261 588334
116100 3072 572157 3262 588843
116200 3078 572591 3266 589409
116300 3082 573018 3271 589982
116400 3083 573424 3273 590576
116500 3086 573890 3279 591110
116600 3089 574416 3280 591584
116700 3092 574837 3283 592163
116800 3094 575396 3284 592604
116900 3096 576038 3286 592962
117000 3097 576503 3286 593497
117100 3098 576983 3287 594017
117200 3100 577413 3290 594587
117300 3101 577892 3293 595108
117400 3103 578360 3294 595640
117500 3105 578853 3296 596147
117600 3106 579425 3300 596575
117700 3108 579900 3301 597100
117800 3114 580470 3308 597530
117900 3116 580961 3310 598039
118000 3117 581369 3313 598631
118100 3119 581823 3314 599177
118200 3119 582408 3315 599592
118300 3122 582958 3316 600042
118400 3123 583418 3316 600582
118500 3128 583909 3316 601091
118600 3128 584388 3317 601612
118700 3128 584921 3319 602079
118800 3128 585392 3319 602608
118900 3131 585850 3321 603150
119000 3133 586327 3322 603673
119100 3133 586786 3324 604214
119200 3137 587267 3327 604733
119300 3139 587983 3329 605017
119400 3139 588587 3332 605413
119500 3141 589058 3333 605942
119600 3145 589470 3334 606530
119700 3147 590033 3335 606967
119800 3147 590564 3336 607436
119900 3148 591177 3339 607823
120000 3149 591635 3341 608365
120100 3150 592156 3343 608844
120200 3155 592742 3345 609258
120300 3155 593395 3350 609605
120400 3156 593957 3350 610043
120500 3157 594462 3350 610538
120600 3158 594975 3353 611025
120700 3160 595436 3354 611564
120800 3163 595762 3355 612238
120900 3167 596251 3364 612749
121000 3169 596823 3368 613177
121100 3171 597218 3373 613782
121200 3171 597774 3373 614226
121300 3173 598214 3377 614786
121400 3173 598701 3380 615299
121500 3174 599232 3381 615768
121600 3177 599837 3382 616163
121700 3179 600386 3382 616614
121800 3182 600872 3383 617128
121900 3183 601364 3384 617636
122000 3185 601760 3386 618240
122100 3189 602367 3387 618633
122200 3192 602862 3389 619138
122300 3193 603307 3390 619693
122400 3198 603785 3393 620215
122500 3200 604330 3394 620670
122600 3201 604863 3397 621137
122700 3201 605396 3400 621604
122800 3205 605884 3400 622116
122900 3210 606255 3407 622745
123000 3215 606763 3410 623237
123100 3221 607175 3411 623825
123200 3227 607726 3412 624274
123300 3229 608266 3412 624734
123400 3231 608658 3415 625342
123500 3235 609131 3416 625869
123600 3238 609539 3417 626461
123700 3241 610115 3419 626885
123800 3244 610494 3421 627506
123900 3246 610974 3427 628026
124000 3248 611533 3432 628467
124100 3249 612131 3436 628869
124200 3252 612619 3438 629381
124300 3253 613206 3440 629794
124400 3255 613649 3440 630351
124500 3256 614124 3440 630876
124600 3258 614694 3442 631306
124700 3260 615174 3445 631826
124800 3265 615664 3449 632336
124900 3266 616135 3452 632865
125000 3269 616671 3455 633329
125100 3271 617340 3459 633660
125200 3272 617846 3461 634154
125300 3275 618377 3465 634623
125400 3277 618769 3465 635231
125500 3279 619299 3465 635701
125600 3280 619809 3466 636191
125700 3281 620345 3467 636655
125800 3281 620790 3469 637210
125900 3283 621325 3471 637675
126000 3287 621836 3472 638164
126100 3289 622423 3474 638577
126200 3292 622948 3476 639052
126300 3296 623289 3478 639711
126400 3296 623852 3479 640148
126500 3299 624418 3480 640582
126600 3301 624827 3482 641173
126700 3301 625353 3482 641647
126800 3303 625745 3483 642255
126900 3304 626325 3483 642675
127000 3311 626825 3485 643175
127100 3312 627371 3488 643629
127200 3315 627878 3490 644122
127300 3319 628503 3496 644497
127400 3320 628957 3497 645043
127500 3321 629423 3500 645577
127600 3323 629947 3500 646053
127700 3324 630311 3502 646689
127800 3325 630847 3503 647153
127900 3328 631442 3506 647558
128000 3328 631792 3509 648208
128100 3331 632246 3512 648754
128200 3336 632693 3513 649307
128300 3341 633203 3517 649797
128400 3341 633854 3519 650146
128500 3343 634364 3519 650636
128600 3347 634832 3519 651168
128700 3347 635353 3520 651647
128800 3348 635849 3521 652151
128900 3349 636291 3523 652709
129000 3355 636757 3528 653243
129100 3358 637295 3530 653705
129200 3359 637831 3533 654169
129300 3360 638349 3533 654651
129400 3362 638868 3536 655132
129500 3364 639417 3539 655583
129600 3367 639946 3540 656054
129700 3371 640550 3542 656450
129800 3371 641060 3543 656940
129900 3373 641517 3545 657483
130000 3376 642023 3551 657977
130100 3378 642410 3551 658590
130200 3382 642916 3555 659084
130300 3384 643400 3557 659600
130400 3386 643909 3560 660091
130500 3387 644326 3562 660674
130600 3388 644819 3565 661181
130700 3393 645292 3570 661708
130800 3394 645590 3571 662410
130900 3398 646157 3572 662843
131000 3400 646758 3575 663242
131100 3403 647306 3577 663694
131200 3408 647818 3584 664182
131300 3413 648168 3588 664832
131400 3415 648651 3588 665349
131500 3415 649139 3589 665861
131600 3417 649593 3590 666407
131700 3419 650189 3597 666811
131800 3421 650704 3598 667296
131900 3426 651235 3600 667765
132000 3429 651622 3605 668378
132100 3433 652144 3609 668856
132200 3436 652605 3614 669395
132300 3437 653107 3615 669893
132400 3439 653570 3619 670430
132500 3440 653840 3619 671160
132600 3443 654268 3623 671732
132700 3445 654740 3625 672260
132800 3448 655025 3627 672975
132900 3450 655473 3631 673527
133000 3454 655888 3631 674112
133100 3456 656269 3633 674731
133200 3457 656653 3633 675347
133300 3460 656977 3635 676023
133400 3465 657476 3635 676524
133500 3470 657798 3645 677202
133600 3470 658156 3646 677844
133700 3472 658702 3646 678298
133800 3473 659246 3647 678754
133900 3477 659953 3650 679047
134000 3478 660425 3654 679575
134100 3479 660999 3655 680001
134200 3479 661347 3656 680653
134300 3482 661881 3656 681119
134400 3485 662358 3662 681642
134500 3487 662880 3664 682120
134600 3492 663313 3665 682687
134700 3494 663718 3665 683282
134800 3496 664150 3667 683850
134900 3497 664657 3669 684343
135000 3499 665066 3671 684934
135100 3502 665570 3673 685430
135200 3502 666059 3673 685941
135300 3502 666535 3673 686465
135400 3505 667069 3675 686931
135500 3508 667609 3678 687391
135600 3509 668034 3680 687966
135700 3510 668506 3685 688494
135800 3511 669174 3686 688826
135900 3513 669675 3690 689325
136000 3516 670092 3693 689908
136100 3519 670579 3696 690421
136200 3522 671029 3696 690971
136300 3522 671601 3699 691399
136400 3527 672076 3703 691924
136500 3530 672637 3705 692363
136600 3530 673136 3706 692864
136700 3531 673758 3708 693242
136800 3535 674172 3710 693828
136900 3537 674624 3712 694376
137000 3538 675090 3714 694910
137100 3541 675588 3715 695412
137200 3545 676092 3717 695908
137300 3547 676698 3721 696302
137400 3547 677188 3722 696812
137500 3549 677596 3724 697404
137600 3550 678051 3726 697949
137700 3554 678531 3727 698469
137800 3555 678860 3730 699140
137900 3556 679334 3730 699666
138000 3557 679875 3731 700125
138100 3558 680378 3732 700622
138200 3563 680752 3735 701248
138300 3564 681273 3735 701727
138400 3566 681805 3736 702195
138500 3569 682435 3736 702565
138600 3573 683075 3740 702925
138700 3574 683557 3740 703443
138800 3577 684118 3744 703882
138900 3580 684610 3748 704390
139000 3584 685094 3753 704906
139100 3586 685529 3757 705471
139200 3586 686023 3761 705977
139300 3586 686492 3763 706508
139400 3588 686988 3766 707012
139500 3589 687528 3768 707472
139600 3589 688054 3771 707946
139700 3593 688577 3774 708423
139800 3595 689013 3775 708987
139900 3595 689565 3775 709435
140000 3598 690016 3775 709984
140100 3601 690548 3778 710452
140200 3604 690977 3780 711023
140300 3605 691421 3781 711579
140400 3608 691895 3783 712105
140500 3609 692346 3783 712654
140600 3611 692834 3784 713166
140700 3611 693301 3786 713699
140800 3612 693845 3789 714155
140900 3612 694340 3790 714660
141000 3612 694848 3791 715152
141100 3615 695240 3791 715760
141200 3617 695747 3797 716253
141300 3621 696163 3798 716837
141400 3621 696664 3802 717336
141500 3624 697078 3805 717922
141600 3626 697492 3805 718508
141700 3629 697994 3805 719006
141800 3629 698404 3808 719596
141900 3631 698832 3810 720168
142000 3631 699224 3812 720776
142100 3632 699669 3813 721331
142200 3636 700102 3815 721898
142300 3641 700565 3818 722435
142400 3642 700957 3818 723043
142500 3649 701461 3820 723539
142600 3652 701873 3821 724127
142700 3654 702386 3824 724614
142800 3655 702830 3827 725170
142900 3657 703256 3829 725744
143000 3659 703718 3831 726282
143100 3661 704176 3833 726824
143200 3666 704633 3834 727367
143300 3674 705103 3840 727897
143400 3675 705465 3841 728535
143500 3676 705979 3842 729021
143600 3679 706467 3847 729533
143700 3681 706874 3847 730126
143800 3687 707496 3852 730504
143900 3689 708100 3855 730900
144000 3690 708606 3857 731394
144100 3692 708954 3860 732046
144200 3693 709365 3861 732635
144300 3694 709924 3861 733076
144400 3694 710295 3861 733705
144500 3694 710773 3863 734227
144600 3695 711244 3864 734756
144700 3695 711737 3865 735263
144800 3695 712297 3866 735703
144900 3695 712885 3866 736115
145000 3697 713345 3869 736655
145100 3698 713828 3870 737172
145200 3701 714266 3874 737734
145300 3705 714737 3875 738263
145400 3708 715153 3875 738847
145500 3708 715704 3878 739296
145600 3711 716219 3879 739781
145700 3717 716811 3880 740189
145800 3720 717188 3881 740812
145900 3720 717637 3883 741363
146000 3723 718141 3886 741859
146100 3723 718724 3888 742276
146200 3726 719212 3891 742788
146300 3729 719653 3894 743347
146400 3731 720238 3898 743762
146500 3732 720811 3899 744189
146600 3734 721328 3900 744672
146700 3736 721871 3903 745129
146800 3740 722453 3903 745547
146900 3740 722976 3903 746024
147000 3741 723522 3905 746478
147100 3743 724114 3905 746886
147200 3746 724790 3909 747210
147300 3747 725419 3911 747581
147400 3748 725936 3912 748064
147500 3749 726590 3913 748410
147600 3749 727138 3914 748862
147700 3750 727729 3919 749271
147800 3751 728209 3922 749791
147900 3753 728553 3930 750447
148000 3753 729038 3930 750962
148100 3755 729571 3933 751429
148200 3755 730039 3935 751961
148300 3756 730653 3939 752347
148400 3756 731054 3942 752946
148500 3758 731437 3945 753563
148600 3761 731848 3945 754152
148700 3762 732401 3949 754599
148800 3764 732839 3952 755161
148900 3765 733389 3954 755611
149000 3766 733933 3954 756067
149100 3767 734388 3956 756612
149200 3769 734862 3959 757138
149300 3774 735352 3964 757648
149400 3775 735668 3966 758332
149500 3775 736171 3969 758829
149600 3778 736537 3969 759463
149700 3779 737172 3974 759828
149800 3780 737686 3978 760314
149900 3782 738048 3979 760952
150000 3783 738506 3981 761494
150100 3784 738975 3986 762025
150200 3785 739493 3987 762507
150300 3792 739896 3989 763104
150400 3797 740377 3993 763623
150500 3798 740881 3994 764119
150600 3800 741387 3995 764613
150700 3800 741873 3997 765127
150800 3803 742298 3998 765702
150900 3806 742835 4001 766165
151000 3807 743317 4003 766683
151100 3807 743749 4005 767251
151200 3807 744183 4005 767817
151300 3808 744484 4007 768516
151400 3811 744861 4011 769139
151500 3812 745315 4011 769685
151600 3813 745870 4011 770130
151700 3816 746319 4012 770681
151800 3819 746879 4013 771121
151900 3821 747530 4015 771470
152000 3822 747918 4016 772082
152100 3823 748295 4018 772705
152200 3824 748761 4024 773239
152300 3827 749082 4024 773918
152400 3830 749529 4025 774471
152500 3831 749916 4025 775084
152600 3834 750458 4027 775542
152700 3834 750951 4027 776049
152800 3836 751379 4028 776621
152900 3837 751869 4028 777131
153000 3837 752388 4029 777612
153100 3841 752893 4033 778107
153200 3842 753186 4034 778814
153300 3844 753577 4035 779423
153400 3847 754084 4036 779916
153500 3848 754538 4039 780462
153600 3848 754840 4040 781160
153700 3850 755099 4041 781901
153800 3852 755340 4044 782660
153900 3855 755592 4047 783408
154000 3856 756133 4049 783867
154100 3858 756659 4054 784341
154200 3860 757130 4055 784870
154300 3864 757553 4057 785447
154400 3867 758106 4058 785894
154500 3868 758575 4062 786425
154600 3869 759071 4065 786929
154700 3871 759524 4067 787476
154800 3871 759993 4067 788007
154900 3873 760489 4067 788511
155000 3878 761098 4068 788902
155100 3879 761582 4068 789418
155200 3879 762008 4070 789992
155300 3885 762549 4077 790451
155400 3886 763017 4078 790983
155500 3886 763357 4079 791643
155600 3889 763801 4083 792199
155700 3890 764292 4084 792708
155800 3891 764851 4086 793149
155900 3892 765370 4086 793630
156000 3896 766005 4090 793995
156100 3896 766450 4093 794550
156200 3900 766914 4093 795086
156300 3905 767374 4095 795626
156400 3905 767865 4096 796135
156500 3907 768434 4097 796566
156600 3912 768947 4101 797053
156700 3912 769469 4102 797531
156800 3914 770046 4107 797954
156900 3914 770566 4112 798434
157000 3920 771044 4116 798956
157100 3922 771399 4117 799601
157200 3923 771832 4119 800168
157300 3928 772242 4120 800758
157400 3929 772759 4120 801241
157500 3930 773165 4123 801835
157600 3932 773661 4124 802339
157700 3935 774198 4127 802802
157800 3935 774900 4130 803100
157900 3941 775316 4130 803684
158000 3946 775741 4133 804259
158100 3947 776264 4134 804736
158200 3949 776757 4135 805243
158300 3952 777231 4138 805769
158400 3956 777524 4139 806476
158500 3957 778036 4143 806964
158600 3963 778439 4148 807561
158700 3964 778871 4150 808129
158800 3965 779337 4150 808663
158900 3968 779799 4150 809201
159000 3970 780252 4152 809748
159100 3972 780695 4154 810305
159200 3973 781179 4155 810821
159300 3973 781716 4157 811284
159400 3974 782201 4157 811799
159500 3975 782886 4159 812114
159600 3976 783399 4162 812601
159700 3978 783938 4165 813062
159800 3979 784349 4167 813651
159900 3981 784829 4170 814171
160000 3984 785277 4174 814723
160100 3985 785706 4176 815294
160200 3988 786223 4178 815777
160300 3990 786765 4179 816235
160400 3991 787362 4182 816638
160500 3994 787907 4185 817093
160600 3995 788460 4186 817540
160700 3996 789010 4188 817990
160800 4001 789622 4191 818378
160900 4003 790200 4195 818800
161000 4005 790850 4197 819150
161100 4005 791332 4197 819668
161200 4009 791860 4201 820140
161300 4009 792322 4204 820678
161400 4010 792726 4206 821274
161500 4011 793271 4209 821729
161600 4013 793724 4212 822276
161700 4016 794180 4214 822820
161800 4017 794620 4215 823380
161900 4022 795149 4216 823851
162000 4022 795732 4217 824268
162100 4023 796223 4218 824777
162200 4026 796613 4221 825387
162300 4027 797083 4224 825917
162400 4029 797591 4228 826409
162500 4030 798136 4229 826864
162600 4034 798482 4231 827518
162700 4039 799000 4234 828000
162800 4040 799543 4234 828457
162900 4043 800140 4235 828860
163000 4043 800717 4236 829283
163100 4046 801326 4238 829674
163200 4046 801861 4239 830139
163300 4052 802306 4242 830694
163400 4053 802751 4242 831249
163500 4055 803245 4244 831755
163600 4057 803629 4249 832371
163700 4058 804182 4251 832818
163800 4058 804714 4253 833286
163900 4060 805237 4257 833763
164000 4062 805782 4257 834218
164100 4064 806210 4260 834790
164200 4065 806736 4261 835264
164300 4068 807273 4262 835727
164400 4070 807823 4263 836177
164500 4073 808480 4266 836520
164600 4073 808914 4267 837086
164700 4074 809478 4270 837522
164800 4076 810041 4272 837959
164900 4077 810578 4272 838422
165000 4078 811050 4273 838950
165100 4080 811485 4275 839515
165200 4081 811989 4276 840011
165300 4085 812397 4277 840603
165400 4086 812810 4278 841190
165500 4087 813171 4280 841829
165600 4087 813664 4280 842336
165700 4088 814168 4283 842832
165800 4090 814678 4284 843322
165900 4096 815179 4291 843821
166000 4097 815718 4294 844282
166100 4101 816305 4297 844695
166200 4102 816837 4298 845163
166300 4103 817302 4299 845698
166400 4105 817802 4303 846198
166500 4107 818318 4305 846682
166600 4108 818828 4307 847172
166700 4108 819303 4307 847697
166800 4112 819825 4310 848175
166900 4116 820335 4313 848665
167000 4118 820909 4313 849091
167100 4118 821373 4317 849627
167200 4119 821870 4319 850130
167300 4124 822435 4321 850565
167400 4125 822987 4322 851013
167500 4125 823456 4323 851544
167600 4126 823922 4326 852078
167700 4127 824403 4328 852597
167800 4131 824990 4329 853010
167900 4134 825604 4329 853396
168000 4137 826204 4331 853796
168100 4143 826731 4335 854269
168200 4146 827251 4337 854749
168300 4148 827677 4341 855323
168400 4149 828285 4343 855715
168500 4152 828755 4349 856245
168600 4153 829260 4349 856740
168700 4157 829744 4354 857256
168800 4158 830262 4357 857738
168900 4160 830836 4359 858164
169000 4163 831163 4362 858837
169100 4163 831664 4365 859336
169200 4169 832147 4368 859853
169300 4170 832521 4370 860479
169400 4173 833045 4370 860955
169500 4176 833559 4375 861441
169600 4176 834022 4377 861978
169700 4177 834586 4378 862414
169800 4177 834985 4379 863015
169900 4182 835485 4384 863515
170000 4185 835935 4389 864065
170100 4185 836506 4391 864494
170200 4185 836965 4396 865035
170300 4186 837452 4398 865548
170400 4187 837998 4400 866002
170500 4188 838378 4401 866622
170600 4191 838827 4402 867173
170700 4195 839149 4404 867851
170800 4196 839649 4409 868351
170900 4199 840180 4410 868820
171000 4203 840648 4411 869352
171100 4205 841143 4411 869857
171200 4208 841761 4413 870239
171300 4212 842151 4415 870849
171400 4212 842731 4416 871269
171500 4212 843284 4416 871716
171600 4214 843773 4416 872227
171700 4215 844264 4417 872736
171800 4218 844791 4417 873209
171900 4218 845435 4419 873565
172000 4219 845918 4422 874082
172100 4222 846411 4427 874589
172200 4223 846856 4427 875144
172300 4225 847305 4430 875695
172400 4228 847768 4432 876232
172500 4233 848345 4435 876655
172600 4237 848819 4437 877181
172700 4240 849336 4438 877664
172800 4244 849879 4438 878121
172900 4247 850315 4439 878685
173000 4251 850781 4440 879219
173100 4252 851246 4440 879754
173200 4252 851799 4442 880201
173300 4254 852301 4443 880699
173400 4259 852755 4443 881245
173500 4260 853192 4447 881808
173600 4264 853689 4452 882311
173700 4264 854205 4453 882795
173800 4266 854650 4454 883350
173900 4269 855180 4455 883820
174000 4270 855676 4457 884324
174100 4272 856184 4460 884816
174200 4272 856685 4460 885315
174300 4274 857252 4464 885748
174400 4276 857805 4470 886195
174500 4277 858138 4476 886862
174600 4279 858531 4477 887469
174700 4281 858850 4480 888150
174800 4288 859325 4485 888675
174900 4293 859850 4486 889150
175000 4296 860356 4488 889644
175100 4299 860846 4490 890154
175200 4299 861249 4495 890751
175300 4307 861759 4501 891241
175400 4310 862191 4502 891809
175500 4312 862651 4506 892349
175600 4313 863161 4507 892839
175700 4314 863725 4507 893275
175800 4316 864186 4508 893814
175900 4317 864641 4511 894359
176000 4318 865118 4518 894882
176100 4323 865686 4518 895314
176200 4328 866186 4521 895814
176300 4329 866561 4524 896439
176400 4330 866983 4525 897017
176500 4332 867476 4528 897524
176600 4334 868003 4529 897997
176700 4335 868398 4530 898602
176800 4338 868923 4531 899077
176900 4339 869438 4535 899562
177000 4343 869991 4542 900009
177100 4347 870435 4542 900565
177200 4349 870849 4543 901151
177300 4349 871361 4548 901639
177400 4350 871789 4551 902211
177500 4353 872289 4554 902711
177600 4355 872828 4554 903172
177700 4356 873323 4556 903677
177800 4361 873871 4559 904129
177900 4366 874404 4562 904596
178000 4367 874779 4562 905221
178100 4367 875326 4564 905674
178200 4367 875666 4566 906334
178300 4367 876282 4567 906718
178400 4368 876796 4568 907204
178500 4371 877391 4571 907609
178600 4374 877926 4572 908074
178700 4374 878364 4574 908636
178800 4380 878840 4580 909160
178900 4386 879284 4586 909716
179000 4387 879762 4586 910238
179100 4388 880193 4587 910807
179200 4392 880696 4588 911304
179300 4393 881138 4593 911862
179400 4395 881625 4596 912375
179500 4400 882070 4598 912930
179600 4402 882551 4603 913449
179700 4405 883035 4603 913965
179800 4409 883431 4606 914569
179900 4415 883807 4610 915193
180000 4418 884230 4613 915770
180100 4420 884617 4615 916383
180200 4426 885324 4621 916676
180300 4432 885803 4624 917197
180400 4435 886233 4624 917767
180500 4436 886782 4626 918218
180600 4437 887239 4627 918761
180700 4438 887852 4628 919148
180800 4440 888275 4630 919725
180900 4445 888810 4634 920190
181000 4447 889511 4639 920489
181100 4449 889876 4641 921124
181200 4450 890295 4642 921705
181300 4453 890690 4642 922310
181400 4454 891104 4644 922896
181500 4455 891681 4646 923319
181600 4456 892263 4650 923737
181700 4459 892776 4655 924224
181800 4465 893425 4658 924575
181900 4467 894063 4661 924937
182000 4469 894558 4661 925442
182100 4469 895071 4665 925929
182200 4470 895476 4667 926524
182300 4474 895967 4669 927033
182400 4474 896428 4670 927572
182500 4476 896840 4673 928160
182600 4478 897430 4677 928570
182700 4478 897925 4681 929075
182800 4479 898348 4686 929652
182900 4480 898745 4686 930255
183000 4482 899214 4687 930786
183100 4483 899782 4689 931218
183200 4483 900324 4695 931676
183300 4486 900860 4700 932140
183400 4490 901338 4702 932662
183500 4491 901776 4703 933224
183600 4497 902264 4706 933736
183700 4500 902775 4709 934225
183800 4503 903172 4712 934828
183900 4506 903716 4715 935284
184000 4506 904219 4721 935781
184100 4512 904706 4723 936294
184200 4514 905257 4725 936743
184300 4514 905705 4726 937295
184400 4517 906218 4726 937782
184500 4518 906715 4728 938285
184600 4519 907314 4729 938686
184700 4521 907863 4733 939137
184800 4524 908327 4735 939673
184900 4525 908938 4739 940062
185000 4529 909437 4742 940563
185100 4533 909863 4742 941137
185200 4535 910290 4744 941710
185300 4538 910754 4750 942246
185400 4543 911288 4753 942712
185500 4545 911829 4755 943171
185600 4545 912306 4756 943694
185700 4547 912804 4759 944196
185800 4548 913356 4760 944644
185900 4549 913952 4763 945048
186000 4550 914425 4766 945575
186100 4554 914877 4767 946123
186200 4556 915309 4770 946691
186300 4556 915782 4772 947218
186400 4558 916272 4774 947728
186500 4563 916649 4777 948351
186600 4564 917129 4783 948871
186700 4564 917691 4786 949309
186800 4566 918039 4787 949961
186900 4566 918496 4788 950504
187000 4566 918825 4789 951175
187100 4570 919222 4791 951778
187200 4570 919744 4793 952256
187300 4574 920179 4798 952821
187400 4578 920608 4802 953392
187500 4587 921071 4805 953929
187600 4588 921518 4806 954482
187700 4591 922057 4807 954943
187800 4592 922637 4808 955363
187900 4593 923095 4812 955905
188000 4597 923558 4815 956442
188100 4599 923953 4816 957047
188200 4603 924548 4820 957452
188300 4604 925018 4821 957982
188400 4605 925497 4821 958503
188500 4608 925951 4823 959049
188600 4611 926463 4826 959537
188700 4612 926911 4828 960089
188800 4614 927434 4828 960566
188900 4617 927962 4829 961038
189000 4618 928556 4833 961444
189100 4618 929267 4837 961733
189200 4621 929832 4837 962168
189300 4622 930339 4837 962661
189400 4626 930853 4838 963147
189500 4628 931239 4840 963761
189600 4629 931714 4841 964286
189700 4631 932232 4843 964768
189800 4632 932661 4846 965339
189900 4635 933182 4852 965818
190000 4636 933654 4852 966346
190100 4638 934179 4854 966821
190200 4640 934560 4857 967440
190300 4644 935043 4863 967957
190400 4647 935695 4865 968305
190500 4649 936186 4869 968814
190600 4649 936712 4870 969288
190700 4649 937144 4870 969856
190800 4656 937601 4875 970399
190900 4664 938183 4875 970817
191000 4671 938650 4877 971350
191100 4674 939172 4879 971828
191200 4677 939579 4880 972421
191300 4678 940060 4882 972940
191400 4680 940524 4884 973476
191500 4681 941050 4887 973950
191600 4684 941477 4888 974523
191700 4685 942006 4890 974994
191800 4685 942552 4891 975448
191900 4687 943022 4893 975978
192000 4692 943526 4898 976474
192100 4692 944013 4899 976987
192200 4695 944540 4903 977460
192300 4697 945024 4903 977976
192400 4700 945499 4905 978501
192500 4701 946040 4907 978960
192600 4701 946597 4907 979403
192700 4704 946965 4915 980035
192800 4704 947453 4916 980547
192900 4708 947893 4918 981107
193000 4709 948422 4922 981578
193100 4711 948941 4924 982059
193200 4712 949357 4926 982643
193300 4714 949878 4928 983122
193400 4716 950398 4930 983602
193500 4717 950765 4934 984235
193600 4720 951292 4939 984708
193700 4722 951824 4939 985176
193800 4723 952274 4942 985726
193900 4724 952742 4944 986258
194000 4724 953258 4944 986742
194100 4726 953726 4947 987274
194200 4733 954163 4952 987837
194300 4736 954618 4952 988382
194400 4739 955277 4957 988723
194500 4740 955743 4957 989257
194600 4742 956346 4957 989654
194700 4743 956932 4962 990068
194800 4744 957368 4964 990632
194900 4744 957865 4965 991135
195000 4744 958339 4965 991661
195100 4748 958805 4967 992195
195200 4749 959268 4968 992732
195300 4752 959721 4971 993279
195400 4753 960386 4971 993614
195500 4755 960848 4976 994152
195600 4756 961318 4977 994682
195700 4758 961920 4978 995080
195800 4759 962413 4980 995587
195900 4760 962837 4982 996163
196000 4762 963435 4984 996565
196100 4765 963866 4984 997134
196200 4768 964311 4985 997689
196300 4768 964813 4986 998187
196400 4769 965351 4986 998649
196500 4770 965837 4986 999163
196600 4774 966304 4988 999696
196700 4776 966985 4995 1000015
196800 4782 967366 5002 1000634
196900 4782 967853 5004 1001147
197000 4786 968368 5008 1001632
197100 4789 968814 5013 1002186
197200 4792 969308 5013 1002692
197300 4795 969799 5015 1003201
197400 4799 970292 5022 1003708
197500 4802 970960 5026 1004040
197600 4804 971473 5027 1004527
197700 4806 971940 5027 1005060
197800 4808 972471 5032 1005529
197900 4811 973006 5035 1005994
198000 4812 973561 5035 1006439
198100 4816 974056 5035 1006944
198200 4816 974499 5037 1007501
198300 4817 975049 5039 1007951
198400 4819 975643 5044 1008357
198500 4821 976136 5045 1008864
198600 4827 976634 5047 1009366
198700 4828 977055 5048 1009945
198800 4828 977578 5050 1010422
198900 4829 978084 5050 1010916
199000 4832 978520 5051 1011480
199100 4838 979039 5052 1011961
199200 4838 979517 5054 1012483
199300 4838 980101 5055 1012899
199400 4843 980595 5055 1013405
199500 4844 981176 5056 1013824
199600 4844 981712 5057 1014288
199700 4848 982172 5058 1014828
199800 4849 982600 5059 1015400
199900 4850 983017 5061 1015983
200000 4851 983465 5063 1016535
