#! FIELDS timestep dup_succ dup_attempts kill_succ kill_attempts
#! SET timestep 0.5
#! SET kernel_bandwidth [0.95 0.95]
#! SET kt 1.0
100 64 136 66 864
200 139 344 156 1656
300 218 621 249 2379
400 291 983 338 3017
500 346 1427 397 3573
600 378 1913 449 4087
700 425 2198 484 4802
800 458 2455 528 5545
900 493 2725 570 6275
1000 530 3006 611 6994
1100 562 3321 651 7679
1200 605 3668 688 8332
1300 626 4055 714 8945
1400 648 4466 739 9534
1500 661 4901 758 10099
1600 680 5353 770 10647
1700 689 5823 779 11177
1800 699 6295 791 11705
1900 705 6772 800 12228
2000 709 7244 808 12756
2100 717 7706 813 13294
2200 720 8169 818 13831
2300 723 8645 821 14355
2400 724 9198 823 14802
2500 725 9677 823 15323
2600 729 10188 829 15812
2700 730 10574 832 16426
2800 735 11152 836 16848
2900 736 11694 841 17306
3000 737 12250 841 17750
3100 741 12754 845 18246
3200 741 13082 845 18918
3300 743 13813 848 19187
3400 746 14330 853 19670
3500 747 14798 854 20202
3600 747 15288 854 20712
3700 748 15848 856 21152
3800 750 16556 858 21444
3900 751 17212 859 21788
4000 752 17707 860 22293
4100 753 18100 861 22900
4200 753 18629 861 23371
4300 754 19050 861 23950
4400 755 19355 863 24645
4500 756 19830 865 25170
4600 757 20379 868 25621
4700 758 20891 868 26109
4800 759 21254 870 26746
4900 759 21741 870 27259
5000 761 22199 873 27801
5100 762 22711 875 28289
5200 762 23215 875 28785
5300 766 23742 884 29258
5400 768 24228 886 29772
5500 769 24791 888 30209
5600 773 25218 889 30782
5700 774 25858 890 31142
5800 776 26362 894 31638
5900 776 26770 895 32230
6000 777 27258 900 32742
6100 779 27668 901 33332
6200 780 28117 903 33883
6300 780 28561 903 34439
6400 780 29200 904 34800
6500 783 29699 905 35301
6600 785 30244 906 35756
6700 786 30777 908 36223
6800 786 31208 911 36792
6900 786 31759 913 37241
7000 786 32148 914 37852
7100 787 32481 914 38519
7200 788 32876 914 39124
7300 793 33380 920 39620
7400 796 33858 922 40142
7500 798 34294 925 40706
7600 799 34782 925 41218
7700 800 35367 927 41633
7800 804 35800 929 42200
7900 804 36283 930 42717
8000 804 36859 930 43141
8100 805 37319 933 43681
8200 805 37848 934 44152
8300 810 38309 936 44691
8400 811 38854 938 45146
8500 813 39363 938 45637
8600 815 39880 939 46120
8700 816 40227 939 46773
8800 818 40595 939 47405
8900 818 41179 940 47821
9000 819 41778 940 48222
9100 821 42280 941 48720
9200 822 42786 941 49214
9300 825 43191 943 49809
9400 826 43551 944 50449
9500 827 44102 945 50898
9600 831 44545 946 51455
9700 831 45103 947 51897
9800 832 45632 948 52368
9900 832 46152 948 52848
10000 832 46632 949 53368
10100 836 47110 950 53890
10200 840 47563 953 54437
10300 843 48208 956 54792
10400 844 48756 960 55244
10500 845 49231 961 55769
10600 845 49756 962 56244
10700 848 50227 962 56773
10800 849 50816 962 57184
10900 852 51326 965 57674
11000 852 51755 965 58245
11100 853 52057 966 58943
11200 856 52550 967 59450
11300 857 53087 969 59913
11400 858 53563 971 60437
11500 859 54173 973 60827
11600 859 54573 974 61427
11700 862 54966 976 62034
11800 865 55445 977 62555
11900 866 55920 979 63080
12000 868 56417 979 63583
12100 872 56919 984 64081
12200 873 57453 985 64547
12300 878 58029 987 64971
12400 881 58641 990 65359
12500 883 59281 990 65719
12600 883 59811 991 66189
12700 884 60227 991 66773
12800 884 60720 993 67280
12900 885 61062 994 67938
13000 887 61564 997 68436
13100 888 62025 998 68975
13200 889 62500 998 69500
13300 889 63044 1000 69956
13400 892 63540 1001 70460
13500 892 63982 1004 71018
13600 894 64548 1004 71452
13700 896 64956 1005 72044
13800 896 65576 1006 72424
13900 897 66146 1009 72854
14000 898 66716 1014 73284
14100 899 67342 1014 73658
14200 900 67950 1016 74050
14300 901 68474 1017 74526
14400 903 69069 1021 74931
14500 904 69591 1022 75409
14600 904 70250 1025 75750
14700 906 70847 1026 76153
14800 908 71376 1026 76624
14900 909 71941 1028 77059
15000 910 72472 1029 77528
15100 911 72935 1029 78065
15200 914 73432 1031 78568
15300 914 73954 1032 79046
15400 914 74404 1033 79596
15500 914 74727 1033 80273
15600 915 75054 1035 80946
15700 917 75439 1035 81561
15800 920 75944 1036 82056
15900 923 76480 1038 82520
16000 925 76890 1041 83110
16100 929 77446 1044 83554
16200 930 78157 1047 83843
16300 931 78651 1048 84349
16400 931 79234 1050 84766
16500 931 79724 1052 85276
16600 935 80206 1054 85794
16700 939 80742 1057 86258
16800 939 81370 1059 86630
16900 942 81737 1059 87263
17000 943 82165 1062 87835
17100 946 82701 1064 88299
17200 948 83169 1066 88831
17300 948 83692 1066 89308
17400 948 84030 1066 89970
17500 949 84561 1069 90439
17600 952 85223 1071 90777
17700 955 85743 1072 91257
17800 957 86252 1073 91748
17900 957 86950 1073 92050
18000 957 87440 1076 92560
18100 957 87813 1076 93187
18200 957 88185 1077 93815
18300 961 88456 1077 94544
18400 962 88971 1077 95029
18500 962 89456 1080 95544
18600 964 89977 1084 96023
18700 965 90483 1084 96517
18800 966 90851 1087 97149
18900 970 91332 1089 97668
19000 974 91717 1092 98283
19100 975 92195 1094 98805
19200 978 92753 1099 99247
19300 982 93286 1099 99714
19400 986 93871 1100 100129
19500 990 94453 1103 100547
19600 990 94944 1104 101056
19700 991 95454 1104 101546
19800 991 95946 1105 102054
19900 994 96371 1108 102629
20000 997 96830 1110 103170
20100 997 97383 1110 103617
20200 999 97803 1110 104197
20300 1001 98406 1114 104594
20400 1002 98987 1118 105013
20500 1003 99434 1119 105566
20600 1004 99891 1121 106109
20700 1005 100425 1123 106575
20800 1007 100970 1123 107030
20900 1010 101506 1127 107494
21000 1012 101884 1127 108116
21100 1014 102256 1130 108744
21200 1014 102727 1132 109273
21300 1016 103246 1132 109754
21400 1018 103715 1132 110285
21500 1018 104208 1132 110792
21600 1022 104705 1133 111295
21700 1023 105285 1134 111715
21800 1025 105757 1134 112243
21900 1027 106223 1135 112777
22000 1030 106736 1135 113264
22100 1031 107155 1136 113845
22200 1032 107807 1137 114193
22300 1033 108317 1137 114683
22400 1034 108788 1140 115212
22500 1036 109295 1141 115705
22600 1037 109713 1146 116287
22700 1037 110179 1147 116821
22800 1039 110765 1149 117235
22900 1039 111341 1150 117659
23000 1041 111926 1152 118074
23100 1041 112401 1152 118599
23200 1043 112886 1153 119114
23300 1043 113309 1156 119691
23400 1045 113754 1157 120246
23500 1046 114365 1161 120635
23600 1046 114767 1161 121233
23700 1047 115213 1161 121787
23800 1049 115632 1164 122368
23900 1054 116004 1165 122996
24000 1054 116446 1165 123554
24100 1060 117050 1167 123950
24200 1060 117522 1167 124478
24300 1060 117990 1171 125010
24400 1063 118481 1173 125519
24500 1067 118975 1176 126025
24600 1069 119452 1177 126548
24700 1072 119968 1179 127032
24800 1074 120278 1185 127722
24900 1074 120705 1186 128295
25000 1076 120996 1187 129004
25100 1076 121541 1188 129459
25200 1079 121970 1188 130030
25300 1081 122411 1188 130589
25400 1083 122993 1189 131007
25500 1086 123431 1189 131569
25600 1086 123930 1189 132070
25700 1087 124424 1189 132576
25800 1088 124893 1191 133107
25900 1090 125496 1193 133504
26000 1091 126015 1195 133985
26100 1091 126472 1195 134528
26200 1092 127137 1196 134863
26300 1093 127613 1197 135387
26400 1096 128097 1198 135903
26500 1098 128586 1202 136414
26600 1099 129104 1203 136896
26700 1099 129482 1203 137518
26800 1101 129818 1203 138182
26900 1102 130264 1207 138736
27000 1103 131002 1211 138998
27100 1104 131568 1213 139432
27200 1105 131857 1214 140143
27300 1105 132272 1216 140728
27400 1107 132637 1218 141363
27500 1108 133103 1222 141897
27600 1109 133618 1223 142382
27700 1111 134109 1225 142891
27800 1113 134410 1225 143590
27900 1115 134903 1227 144097
28000 1118 135249 1229 144751
28100 1119 135673 1232 145327
28200 1120 136067 1232 145933
28300 1126 136560 1232 146440
28400 1126 137064 1232 146936
28500 1126 137540 1233 147460
28600 1128 137997 1233 148003
28700 1130 138489 1234 148511
28800 1133 138854 1235 149146
28900 1134 139264 1238 149736
29000 1136 139729 1238 150271
29100 1139 140209 1240 150791
29200 1142 140819 1241 151181
29300 1144 141271 1244 151729
29400 1147 141778 1246 152222
29500 1149 142345 1248 152655
29600 1152 142967 1250 153033
29700 1157 143478 1254 153522
29800 1161 143961 1256 154039
29900 1162 144373 1259 154627
30000 1163 144790 1260 155210
30100 1164 145166 1262 155834
30200 1167 145696 1263 156304
30300 1169 146090 1265 156910
30400 1170 146548 1266 157452
30500 1170 147089 1268 157911
30600 1172 147545 1268 158455
30700 1172 148117 1270 158883
30800 1172 148596 1271 159404
30900 1174 149111 1273 159889
31000 1176 149576 1275 160424
31100 1176 150071 1277 160929
31200 1178 150637 1277 161363
31300 1179 151075 1278 161925
31400 1181 151631 1278 162369
31500 1182 152277 1279 162723
31600 1182 152823 1280 163177
31700 1184 153284 1284 163716
31800 1186 153786 1291 164214
31900 1186 154099 1292 164901
32000 1189 154533 1293 165467
32100 1189 155087 1293 165913
32200 1189 155650 1293 166350
32300 1190 156134 1294 166866
32400 1191 156545 1294 167455
32500 1194 157115 1296 167885
32600 1194 157493 1297 168507
32700 1198 158021 1299 168979
32800 1200 158588 1300 169412
32900 1200 158962 1301 170038
33000 1200 159355 1301 170645
33100 1200 159801 1304 171199
33200 1200 160277 1304 171723
33300 1202 160741 1305 172259
33400 1204 161167 1305 172833
33500 1207 161671 1306 173329
33600 1210 162234 1308 173766
33700 1210 162731 1313 174269
33800 1211 163268 1313 174732
33900 1212 163767 1315 175233
34000 1212 164183 1316 175817
34100 1217 164761 1320 176239
34200 1221 165225 1322 176775
34300 1221 165730 1324 177270
34400 1221 166345 1326 177655
34500 1223 166911 1328 178089
34600 1226 167492 1331 178508
34700 1227 168023 1331 178977
34800 1228 168529 1335 179471
34900 1234 169022 1339 179978
35000 1235 169556 1340 180444
35100 1239 170171 1341 180829
35200 1240 170737 1344 181263
35300 1240 171252 1345 181748
35400 1243 171729 1346 182271
35500 1245 172238 1349 182762
35600 1246 172828 1350 183172
35700 1247 173167 1352 183833
35800 1247 173658 1353 184342
35900 1250 174093 1355 184907
36000 1252 174525 1356 185475
36100 1252 174888 1357 186112
36200 1254 175459 1357 186541
36300 1255 176047 1358 186953
36400 1259 176496 1359 187504
36500 1260 176945 1359 188055
36600 1261 177476 1359 188524
36700 1262 178000 1359 189000
36800 1263 178513 1360 189487
36900 1264 178886 1361 190114
37000 1266 179350 1361 190650
37100 1267 179889 1362 191111
37200 1267 180373 1365 191627
37300 1267 180954 1368 192046
37400 1268 181239 1368 192761
37500 1273 181740 1368 193260
37600 1275 182291 1370 193709
37700 1281 182729 1370 194271
37800 1284 183132 1371 194868
37900 1284 183647 1372 195353
38000 1287 184135 1376 195865
38100 1288 184636 1376 196364
38200 1289 185125 1376 196875
38300 1294 185628 1380 197372
38400 1297 185932 1383 198068
38500 1298 186432 1384 198568
38600 1303 186969 1388 199031
38700 1304 187555 1391 199445
38800 1306 188051 1391 199949
38900 1308 188664 1393 200336
39000 1309 189214 1396 200786
39100 1311 189585 1399 201415
39200 1312 190142 1400 201858
39300 1316 190639 1403 202361
39400 1317 191256 1403 202744
39500 1321 191742 1405 203258
39600 1321 192380 1408 203620
39700 1322 192904 1411 204096
39800 1324 193548 1412 204452
39900 1324 194121 1414 204879
40000 1325 194587 1416 205413
40100 1326 195055 1417 205945
40200 1326 195444 1418 206556
40300 1327 196025 1418 206975
40400 1327 196557 1419 207443
40500 1329 196931 1422 208069
40600 1331 197257 1425 208743
40700 1331 197676 1429 209324
40800 1331 198078 1429 209922
40900 1332 198578 1431 210422
41000 1335 199118 1436 210882
41100 1338 199651 1437 211349
41200 1343 200099 1439 211901
41300 1343 200569 1439 212431
41400 1344 201086 1439 212914
41500 1347 201693 1442 213307
41600 1351 201950 1443 214050
41700 1352 202452 1445 214548
41800 1354 202955 1445 215045
41900 1355 203481 1448 215519
42000 1357 204106 1449 215894
42100 1358 204673 1450 216327
42200 1361 205299 1451 216701
42300 1362 205739 1451 217261
42400 1363 206364 1452 217636
42500 1364 206925 1453 218075
42600 1364 207510 1453 218490
42700 1364 207916 1456 219084
42800 1368 208372 1458 219628
42900 1370 208823 1463 220177
43000 1370 209207 1464 220793
43100 1372 209766 1464 221234
43200 1372 210238 1464 221762
43300 1374 210752 1466 222248
43400 1378 211155 1470 222845
43500 1380 211673 1470 223327
43600 1381 212180 1470 223820
43700 1383 212664 1470 224336
43800 1383 213305 1473 224695
43900 1385 213788 1473 225212
44000 1386 214270 1474 225730
44100 1386 214739 1475 226261
44200 1387 215221 1475 226779
44300 1389 215727 1476 227273
44400 1390 216284 1478 227716
44500 1393 216778 1480 228222
44600 1395 217142 1480 228858
44700 1397 217612 1481 229388
44800 1398 217912 1482 230088
44900 1401 218412 1484 230588
45000 1401 218733 1486 231267
45100 1403 219189 1489 231811
45200 1406 219700 1492 232300
45300 1409 220159 1494 232841
45400 1410 220617 1495 233383
45500 1411 221078 1496 233922
45600 1411 221459 1502 234541
45700 1414 221741 1505 235259
45800 1416 222166 1505 235834
45900 1419 222693 1508 236307
46000 1423 223202 1509 236798
46100 1423 223538 1512 237462
46200 1425 223915 1513 238085
46300 1425 224473 1514 238527
46400 1425 225021 1516 238979
46500 1427 225506 1518 239494
46600 1427 226008 1518 239992
46700 1428 226519 1520 240481
46800 1430 226934 1524 241066
46900 1432 227410 1525 241590
47000 1433 227977 1526 242023
47100 1434 228459 1527 242541
47200 1435 228883 1528 243117
47300 1437 229395 1529 243605
47400 1440 229931 1532 244069
47500 1442 230456 1532 244544
47600 1444 230830 1533 245170
47700 1450 231343 1541 245657
47800 1452 231870 1543 246130
47900 1452 232368 1545 246632
48000 1455 232791 1545 247209
48100 1456 233343 1548 247657
48200 1459 233825 1551 248175
48300 1460 234458 1554 248542
48400 1462 235103 1557 248897
48500 1466 235435 1557 249565
48600 1469 235785 1557 250215
48700 1471 236275 1559 250725
48800 1472 236757 1559 251243
48900 1473 237280 1562 251720
49000 1473 237627 1563 252373
49100 1475 238175 1563 252825
49200 1476 238697 1563 253303
49300 1476 239147 1564 253853
49400 1476 239641 1564 254359
49500 1477 240145 1567 254855
49600 1480 240550 1568 255450
49700 1482 241233 1568 255767
49800 1483 241796 1568 256204
49900 1488 242214 1571 256786
50000 1491 242565 1572 257435
50100 1492 243166 1572 257834
50200 1495 243710 1574 258290
50300 1495 244310 1574 258690
50400 1495 244818 1575 259182
50500 1496 245262 1576 259738
50600 1497 245733 1578 260267
50700 1502 246174 1580 260826
50800 1503 246614 1581 261386
50900 1503 247185 1583 261815
51000 1503 247575 1586 262425
51100 1505 248019 1587 262981
51200 1508 248517 1587 263483
51300 1512 249082 1589 263918
51400 1514 249640 1591 264360
51500 1518 250270 1594 264730
51600 1518 250641 1599 265359
51700 1518 251165 1599 265835
51800 1518 251461 1599 266539
51900 1520 252042 1600 266958
52000 1523 252515 1601 267485
52100 1529 253220 1602 267780
52200 1530 253631 1605 268369
52300 1531 254122 1605 268878
52400 1532 254657 1605 269343
52500 1532 255235 1608 269765
52600 1533 255914 1610 270086
52700 1533 256330 1612 270670
52800 1538 256791 1615 271209
52900 1543 257330 1618 271670
53000 1548 257824 1620 272176
53100 1551 258346 1620 272654
53200 1553 258922 1620 273078
53300 1555 259450 1622 273550
53400 1556 259901 1625 274099
53500 1557 260266 1629 274734
53600 1558 260738 1630 275262
53700 1558 261152 1631 275848
53800 1560 261591 1632 276409
53900 1561 262170 1632 276830
54000 1562 262806 1633 277194
54100 1563 263070 1635 277930
54200 1565 263498 1636 278502
54300 1566 263996 1636 279004
54400 1567 264551 1638 279449
54500 1568 264808 1641 280192
54600 1570 265340 1643 280660
54700 1571 265739 1645 281261
54800 1572 266305 1647 281695
54900 1572 266757 1648 282243
55000 1573 267257 1650 282743
55100 1575 267761 1652 283239
55200 1576 268195 1654 283805
55300 1576 268886 1655 284114
55400 1580 269437 1658 284563
55500 1582 269889 1662 285111
55600 1583 270454 1664 285546
55700 1584 270974 1666 286026
55800 1587 271303 1667 286697
55900 1589 271756 1669 287244
56000 1591 272200 1675 287800
56100 1595 272737 1677 288263
56200 1597 273460 1681 288540
56300 1599 273963 1683 289037
56400 1601 274493 1684 289507
56500 1602 275053 1685 289947
56600 1606 275744 1685 290256
56700 1607 276258 1685 290742
56800 1608 276799 1688 291201
56900 1611 277194 1689 291806
57000 1613 277605 1690 292395
57100 1614 278131 1695 292869
57200 1614 278687 1695 293313
57300 1616 279287 1700 293713
57400 1617 279748 1702 294252
57500 1619 280278 1703 294722
57600 1621 280986 1705 295014
57700 1623 281422 1706 295578
57800 1626 281927 1707 296073
57900 1628 282661 1711 296339
58000 1630 283274 1711 296726
58100 1632 283754 1711 297246
58200 1634 284275 1713 297725
58300 1638 284836 1713 298164
58400 1639 285182 1715 298818
58500 1640 285665 1718 299335
58600 1643 286283 1719 299717
58700 1644 286783 1721 300217
58800 1645 287281 1723 300719
58900 1649 287796 1725 301204
59000 1650 288194 1726 301806
59100 1650 288716 1727 302284
59200 1651 289257 1727 302743
59300 1652 289650 1729 303350
59400 1656 290109 1733 303891
59500 1656 290670 1734 304330
59600 1659 291194 1734 304806
59700 1660 291699 1736 305301
59800 1663 292209 1742 305791
59900 1669 292607 1746 306393
60000 1669 293094 1746 306906
60100 1669 293623 1747 307377
60200 1671 294140 1749 307860
60300 1674 294686 1750 308314
60400 1675 295198 1753 308802
60500 1677 295702 1753 309298
60600 1678 296191 1755 309809
60700 1678 296822 1755 310178
60800 1679 297288 1756 310712
60900 1682 297717 1758 311283
61000 1684 298204 1759 311796
61100 1685 298620 1763 312380
61200 1687 299069 1764 312931
61300 1687 299620 1765 313380
61400 1688 300200 1766 313800
61500 1688 300779 1767 314221
61600 1688 301138 1770 314862
61700 1691 301595 1770 315405
61800 1692 302170 1773 315830
61900 1695 302695 1775 316305
62000 1699 303154 1776 316846
62100 1699 303742 1780 317258
62200 1699 304336 1781 317664
62300 1701 304817 1782 318183
62400 1703 305257 1785 318743
62500 1703 305812 1787 319188
62600 1703 306336 1789 319664
62700 1705 306777 1791 320223
62800 1706 307274 1792 320726
62900 1708 307765 1792 321235
63000 1709 308241 1793 321759
63100 1709 308748 1793 322252
63200 1710 309497 1795 322503
63300 1711 310004 1796 322996
63400 1714 310579 1797 323421
63500 1715 311151 1798 323849
63600 1715 311560 1799 324440
63700 1716 312064 1800 324936
63800 1717 312540 1803 325460
63900 1719 313034 1804 325966
64000 1721 313576 1805 326424
64100 1724 313954 1810 327046
64200 1724 314462 1811 327538
64300 1725 314943 1811 328057
64400 1729 315351 1812 328649
64500 1731 316066 1813 328934
64600 1731 316699 1814 329301
64700 1734 317345 1815 329655
64800 1735 317974 1817 330026
64900 1739 318528 1819 330472
65000 1739 319028 1820 330972
65100 1743 319582 1822 331418
65200 1746 320315 1822 331685
65300 1748 320830 1824 332170
65400 1749 321292 1830 332708
65500 1750 321826 1830 333174
65600 1751 322260 1833 333740
65700 1751 322711 1833 334289
65800 1753 323276 1833 334724
65900 1755 323960 1833 335040
66000 1758 324469 1835 335531
66100 1759 324924 1835 336076
66200 1760 325391 1835 336609
66300 1761 326013 1835 336987
66400 1762 326473 1837 337527
66500 1764 326962 1837 338038
66600 1768 327506 1840 338494
66700 1771 328147 1841 338853
66800 1772 328654 1842 339346
66900 1775 329053 1847 339947
67000 1775 329550 1847 340450
67100 1779 330066 1847 340934
67200 1781 330662 1848 341338
67300 1787 331170 1850 341830
67400 1787 331601 1850 342399
67500 1788 331989 1852 343011
67600 1788 332604 1852 343396
67700 1789 333188 1854 343812
67800 1789 333690 1855 344310
67900 1789 334010 1856 344990
68000 1793 334452 1856 345548
68100 1796 334962 1857 346038
68200 1797 335443 1861 346557
68300 1800 335990 1863 347010
68400 1802 336508 1865 347492
68500 1803 336897 1866 348103
68600 1804 337384 1866 348616
68700 1806 337904 1867 349096
68800 1807 338399 1871 349601
68900 1810 338941 1872 350059
69000 1812 339446 1874 350554
69100 1813 339954 1876 351046
69200 1814 340328 1877 351672
69300 1815 340743 1879 352257
69400 1815 341204 1879 352796
69500 1821 341736 1882 353264
69600 1823 342131 1886 353869
69700 1824 342547 1888 354453
69800 1825 342951 1889 355049
69900 1827 343609 1889 355391
70000 1828 344023 1890 355977
70100 1829 344501 1890 356499
70200 1832 344791 1891 357209
70300 1833 345238 1891 357762
70400 1835 345809 1894 358191
70500 1839 346382 1895 358618
70600 1842 346882 1898 359118
70700 1845 347481 1900 359519
70800 1847 348106 1900 359894
70900 1848 348588 1905 360412
71000 1849 349156 1909 360844
71100 1849 349620 1912 361380
71200 1850 350149 1913 361851
71300 1854 350764 1915 362236
71400 1854 351319 1916 362681
71500 1854 351821 1920 363179
71600 1856 352366 1920 363634
71700 1856 352791 1920 364209
71800 1858 353312 1920 364688
71900 1859 353848 1921 365152
72000 1859 354445 1923 365555
72100 1863 354901 1923 366099
72200 1863 355484 1923 366516
72300 1864 356040 1925 366960
72400 1865 356486 1927 367514
72500 1869 356929 1927 368071
72600 1870 357492 1928 368508
72700 1871 357909 1929 369091
72800 1873 358376 1931 369624
72900 1876 358795 1934 370205
73000 1877 359331 1934 370669
73100 1879 359924 1934 371076
73200 1879 360489 1936 371511
73300 1884 360939 1939 372061
73400 1885 361467 1940 372533
73500 1887 361765 1943 373235
73600 1888 362048 1943 373952
73700 1890 362526 1944 374474
73800 1895 363000 1946 375000
73900 1896 363441 1947 375559
74000 1899 364001 1951 375999
74100 1899 364354 1951 376646
74200 1902 364816 1955 377184
74300 1906 365244 1956 377756
74400 1910 365719 1960 378281
74500 1912 366265 1962 378735
74600 1914 366774 1963 379226
74700 1916 367251 1963 379749
74800 1918 367719 1967 380281
74900 1921 368223 1968 380777
75000 1922 368833 1970 381167
75100 1924 369397 1971 381603
75200 1925 369889 1975 382111
75300 1927 370162 1979 382838
75400 1928 370759 1980 383241
75500 1932 371198 1980 383802
75600 1932 371646 1981 384354
75700 1933 372034 1985 384966
75800 1934 372589 1987 385411
75900 1936 373088 1988 385912
76000 1937 373562 1991 386438
76100 1938 374004 1993 386996
76200 1939 374529 1995 387471
76300 1940 375072 1996 387928
76400 1941 375621 1996 388379
76500 1941 376101 2000 388899
76600 1943 376691 2003 389309
76700 1943 377237 2004 389763
76800 1944 377700 2005 390300
76900 1945 378253 2007 390747
77000 1948 378716 2009 391284
77100 1949 379314 2010 391686
77200 1951 379833 2012 392167
77300 1951 380232 2013 392768
77400 1953 380723 2018 393277
77500 1953 381364 2020 393636
77600 1953 381843 2020 394157
77700 1956 382462 2021 394538
77800 1957 382931 2022 395069
77900 1959 383565 2026 395435
78000 1959 384030 2026 395970
78100 1962 384520 2026 396480
78200 1964 385025 2029 396975
78300 1965 385533 2030 397467
78400 1967 386126 2032 397874
78500 1968 386589 2033 398411
78600 1969 387045 2037 398955
78700 1969 387466 2041 399534
78800 1969 388150 2043 399850
78900 1971 388656 2045 400344
79000 1973 389366 2051 400634
79100 1974 390021 2053 400979
79200 1977 390471 2054 401529
79300 1980 390791 2056 402209
79400 1980 391386 2057 402614
79500 1981 391756 2058 403244
79600 1982 392325 2058 403675
79700 1984 392807 2060 404193
79800 1986 393282 2061 404718
79900 1987 393847 2061 405153
80000 1987 394336 2064 405664
80100 1990 394884 2066 406116
80200 1990 395353 2068 406647
80300 1991 395797 2069 407203
80400 1992 396261 2070 407739
80500 1994 396564 2073 408436
80600 1994 397060 2074 408940
80700 1994 397491 2075 409509
80800 1995 397833 2075 410167
80900 1997 398128 2076 410872
81000 2000 398441 2081 411559
81100 2004 398842 2089 412158
81200 2008 399267 2092 412733
81300 2009 399776 2095 413224
81400 2011 400397 2096 413603
81500 2014 400869 2096 414131
81600 2015 401349 2101 414651
81700 2016 401903 2104 415097
81800 2018 402371 2105 415629
81900 2019 402897 2105 416103
82000 2019 403393 2106 416607
82100 2020 403925 2107 417075
82200 2022 404202 2110 417798
82300 2022 404641 2113 418359
82400 2022 405153 2117 418847
82500 2023 405625 2117 419375
82600 2026 406089 2119 419911
82700 2029 406682 2121 420318
82800 2029 407114 2122 420886
82900 2030 407608 2125 421392
83000 2034 408037 2127 421963
83100 2035 408574 2128 422426
83200 2035 409052 2131 422948
83300 2036 409517 2135 423483
83400 2038 410057 2136 423943
83500 2041 410563 2139 424437
83600 2042 411073 2140 424927
83700 2043 411556 2140 425444
83800 2045 411932 2140 426068
83900 2049 412321 2141 426679
84000 2049 412853 2142 427147
84100 2052 413281 2143 427719
84200 2053 413790 2143 428210
84300 2056 414269 2148 428731
84400 2062 414787 2149 429213
84500 2063 415296 2149 429704
84600 2065 415774 2152 430226
84700 2066 416161 2158 430839
84800 2067 416826 2161 431174
84900 2067 417307 2161 431693
85000 2069 417787 2162 432213
85100 2069 418284 2163 432716
85200 2071 418873 2164 433127
85300 2071 419381 2164 433619
85400 2074 419793 2165 434207
85500 2075 420292 2165 434708
85600 2076 420899 2166 435101
85700 2077 421413 2167 435587
85800 2077 421814 2168 436186
85900 2077 422374 2168 436626
86000 2079 422954 2169 437046
86100 2080 423339 2172 437661
86200 2082 423877 2176 438123
86300 2082 424340 2178 438660
86400 2083 424928 2178 439072
86500 2086 425391 2179 439609
86600 2089 425851 2182 440149
86700 2089 426232 2184 440768
86800 2089 426665 2185 441335
86900 2091 427063 2185 441937
87000 2092 427557 2186 442443
87100 2096 428024 2191 442976
87200 2096 428489 2191 443511
87300 2098 428942 2191 444058
87400 2101 429442 2192 444558
87500 2104 430108 2196 444892
87600 2105 430562 2196 445438
87700 2106 431081 2201 445919
87800 2106 431506 2202 446494
87900 2107 432043 2204 446957
88000 2108 432450 2204 447550
88100 2111 432901 2206 448099
88200 2113 433335 2208 448665
88300 2114 433928 2209 449072
88400 2119 434525 2211 449475
88500 2121 435020 2212 449980
88600 2122 435567 2213 450433
88700 2123 436025 2214 450975
88800 2123 436407 2216 451593
88900 2124 436902 2216 452098
89000 2124 437445 2216 452555
89100 2125 437967 2217 453033
89200 2125 438450 2221 453550
89300 2126 439153 2223 453847
89400 2126 439602 2224 454398
89500 2127 440113 2224 454887
89600 2129 440816 2225 455184
89700 2134 441519 2229 455481
89800 2135 441795 2231 456205
89900 2141 442120 2234 456880
90000 2145 442746 2234 457254
90100 2148 443213 2236 457787
90200 2152 443798 2238 458202
90300 2158 444205 2238 458795
90400 2159 444759 2238 459241
90500 2162 445354 2240 459646
90600 2163 445836 2242 460164
90700 2163 446215 2243 460785
90800 2163 446651 2243 461349
90900 2169 447148 2246 461852
91000 2172 447681 2249 462319
91100 2174 448153 2252 462847
91200 2178 448690 2255 463310
91300 2178 449064 2256 463936
91400 2178 449485 2258 464515
91500 2178 449956 2259 465044
91600 2179 450392 2259 465608
91700 2182 450864 2265 466136
91800 2183 451421 2266 466579
91900 2184 451833 2268 467167
92000 2186 452404 2270 467596
92100 2186 452897 2272 468103
92200 2186 453431 2272 468569
92300 2186 453860 2274 469140
92400 2190 454325 2275 469675
92500 2191 454777 2276 470223
92600 2193 455131 2279 470869
92700 2197 455540 2279 471460
92800 2197 456037 2279 471963
92900 2197 456439 2279 472561
93000 2198 457039 2282 472961
93100 2200 457507 2283 473493
93200 2203 458134 2285 473866
93300 2203 458549 2285 474451
93400 2205 459025 2287 474975
93500 2205 459482 2287 475518
93600 2205 460056 2287 475944
93700 2205 460544 2287 476456
93800 2207 461040 2289 476960
93900 2212 461528 2292 477472
94000 2217 462011 2295 477989
94100 2221 462502 2297 478498
94200 2223 463063 2297 478937
94300 2227 463576 2298 479424
94400 2228 464094 2299 479906
94500 2228 464495 2299 480505
94600 2229 465004 2299 480996
94700 2230 465451 2301 481549
94800 2232 465845 2301 482155
94900 2232 466317 2303 482683
95000 2233 466989 2303 483011
95100 2234 467489 2304 483511
95200 2235 467951 2305 484049
95300 2239 468499 2306 484501
95400 2239 468948 2307 485052
95500 2240 469626 2308 485374
95600 2244 470120 2310 485880
95700 2244 470663 2314 486337
95800 2244 471103 2314 486897
95900 2244 471616 2316 487384
96000 2244 472135 2318 487865
96100 2244 472548 2318 488452
96200 2245 473111 2320 488889
96300 2246 473547 2321 489453
96400 2247 474037 2321 489963
96500 2249 474467 2322 490533
96600 2252 474975 2323 491025
96700 2254 475475 2326 491525
96800 2256 476152 2327 491848
96900 2256 476493 2328 492507
97000 2256 477034 2329 492966
97100 2257 477504 2330 493496
97200 2261 478239 2330 493761
97300 2262 478736 2331 494264
97400 2267 479191 2338 494809
97500 2269 479775 2341 495225
97600 2270 480249 2342 495751
97700 2274 480730 2342 496270
97800 2276 481226 2344 496774
97900 2278 481722 2346 497278
98000 2280 482162 2346 497838
98100 2282 482658 2349 498342
98200 2283 483251 2350 498749
98300 2283 483948 2355 499052
98400 2284 484483 2357 499517
98500 2287 484995 2362 500005
98600 2288 485515 2363 500485
98700 2289 486156 2363 500844
98800 2291 486600 2364 501400
98900 2292 487079 2365 501921
99000 2292 487610 2367 502390
99100 2292 488126 2373 502874
99200 2294 488703 2375 503297
99300 2297 489368 2377 503632
99400 2302 489903 2380 504097
99500 2304 490454 2383 504546
99600 2304 490904 2383 505096
99700 2304 491448 2385 505552
99800 2304 491860 2385 506140
99900 2305 492313 2390 506687
100000 2306 492852 2392 507148
100100 2307 493203 2395 507797
100200 2310 493831 2397 508169
100300 2311 494336 2397 508664
100400 2314 494775 2398 509225
100500 2315 495341 2398 509659
100600 2318 495947 2399 510053
100700 2323 496462 2399 510538
100800 2323 497119 2399 510881
100900 2324 497609 2401 511391
101000 2325 498041 2401 511959
101100 2327 498311 2402 512689
101200 2327 498857 2405 513143
101300 2329 499431 2405 513569
101400 2329 499949 2407 514051
101500 2330 500427 2409 514573
101600 2333 501047 2413 514953
101700 2333 501488 2413 515512
101800 2333 502032 2415 515968
101900 2334 502434 2415 516566
102000 2338 502950 2417 517050
102100 2341 503440 2417 517560
102200 2344 503841 2417 518159
102300 2345 504309 2417 518691
102400 2351 504567 2417 519433
102500 2353 505209 2418 519791
102600 2353 505791 2419 520209
102700 2354 506403 2421 520597
102800 2355 506882 2423 521118
102900 2356 507250 2424 521750
103000 2357 507715 2425 522285
103100 2359 508267 2429 522733
103200 2361 508721 2432 523279
103300 2363 509149 2433 523851
103400 2364 509647 2435 524353
103500 2364 510153 2437 524847
103600 2364 510748 2441 525252
103700 2364 511263 2442 525737
103800 2370 511738 2443 526262
103900 2371 512229 2445 526771
104000 2374 512713 2447 527287
104100 2374 513333 2448 527667
104200 2374 513819 2448 528181
104300 2375 514372 2448 528628
104400 2375 514882 2448 529118
104500 2377 515392 2450 529608
104600 2379 515925 2451 530075
104700 2381 516426 2452 530574
104800 2381 516874 2452 531126
104900 2384 517360 2453 531640
105000 2387 517870 2453 532130
105100 2387 518469 2454 532531
105200 2389 518999 2456 533001
105300 2389 519489 2459 533511
105400 2390 519873 2460 534127
105500 2391 520353 2461 534647
105600 2393 520841 2463 535159
105700 2394 521143 2463 535857
105800 2395 521576 2464 536424
105900 2397 522119 2464 536881
106000 2399 522659 2464 537341
106100 2402 523221 2467 537779
106200 2405 523710 2467 538290
106300 2406 524170 2468 538830
106400 2407 524638 2470 539362
106500 2410 524913 2470 540087
106600 2411 525542 2473 540458
106700 2412 525937 2475 541063
106800 2413 526488 2475 541512
106900 2414 527052 2476 541948
107000 2414 527556 2477 542444
107100 2418 528066 2478 542934
107200 2421 528483 2481 543517
107300 2422 528985 2481 544015
107400 2423 529507 2481 544493
107500 2424 529989 2485 545011
107600 2424 530434 2486 545566
107700 2427 530957 2486 546043
107800 2428 531481 2487 546519
107900 2429 531854 2489 547146
108000 2431 532284 2489 547716
108100 2431 532747 2489 548253
108200 2432 533265 2490 548735
108300 2432 533708 2490 549292
108400 2433 534118 2492 549882
108500 2436 534606 2496 550394
108600 2438 535078 2496 550922
108700 2438 535475 2496 551525
108800 2439 535956 2496 552044
108900 2440 536492 2498 552508
109000 2444 536903 2498 553097
109100 2446 537474 2500 553526
109200 2449 538030 2500 553970
109300 2452 538595 2500 554405
109400 2452 539110 2502 554890
109500 2453 539572 2503 555428
109600 2454 540043 2505 555957
109700 2455 540631 2505 556369
109800 2455 541133 2506 556867
109900 2455 541610 2508 557390
110000 2455 542100 2509 557900
110100 2457 542593 2509 558407
110200 2459 543083 2511 558917
110300 2460 543614 2511 559386
110400 2463 544053 2512 559947
110500 2463 544738 2512 560262
110600 2466 545350 2514 560650
110700 2470 545817 2515 561183
110800 2471 546330 2518 561670
110900 2472 546930 2519 562070
111000 2472 547454 2519 562546
111100 2474 547945 2519 563055
111200 2474 548460 2520 563540
111300 2475 549162 2522 563838
111400 2477 549882 2526 564118
111500 2478 550352 2529 564648
111600 2482 550967 2532 565033
111700 2483 551597 2535 565403
111800 2484 552075 2539 565925
111900 2486 552646 2540 566354
112000 2488 553374 2541 566626
112100 2488 553944 2542 567056
112200 2488 554359 2542 567641
112300 2488 554922 2542 568078
112400 2491 555422 2542 568578
112500 2492 555805 2544 569195
112600 2493 556371 2545 569629
112700 2493 556868 2545 570132
112800 2497 557333 2546 570667
112900 2498 558017 2546 570983
113000 2502 558481 2550 571519
113100 2502 559049 2552 571951
113200 2504 559500 2553 572500
113300 2505 560219 2555 572781
113400 2506 560897 2558 573103
113500 2508 561422 2562 573578
113600 2510 562002 2564 573998
113700 2518 562639 2565 574361
113800 2522 563219 2569 574781
113900 2523 563778 2570 575222
114000 2524 564274 2571 575726
114100 2525 564772 2572 576228
114200 2526 565414 2575 576586
114300 2528 566117 2577 576883
114400 2529 566632 2579 577368
114500 2532 567128 2579 577872
114600 2532 567775 2580 578225
114700 2535 568177 2580 578823
114800 2536 568695 2580 579305
114900 2536 569314 2580 579686
115000 2538 569807 2582 580193
115100 2540 570291 2584 580709
115200 2542 570620 2586 581380
115300 2543 570956 2586 582044
115400 2545 571344 2587 582656
115500 2545 571787 2590 583213
115600 2546 572287 2590 583713
115700 2547 572753 2593 584247
115800 2547 573247 2594 584753
115900 2552 573494 2595 585506
116000 2555 573858 2596 586142
116100 2557 574361 2596 586639
116200 2559 574850 2596 587150
116300 2561 575466 2597 587534
116400 2568 576055 2598 587945
116500 2570 576505 2599 588495
116600 2573 576933 2600 589067
116700 2575 577190 2602 589810
116800 2578 577558 2605 590442
116900 2579 578028 2606 590972
117000 2580 578509 2607 591491
117100 2581 579021 2609 591979
117200 2581 579530 2609 592470
117300 2581 579948 2611 593052
117400 2583 580492 2611 593508
117500 2585 581153 2613 593847
117600 2587 581619 2614 594381
117700 2587 582140 2615 594860
117800 2587 582609 2618 595391
117900 2588 583206 2619 595794
118000 2592 583618 2624 596382
118100 2593 584070 2626 596930
118200 2595 584531 2629 597469
118300 2595 585138 2632 597862
118400 2601 585601 2633 598399
118500 2602 586069 2634 598931
118600 2604 586467 2635 599533
118700 2606 586977 2638 600023
118800 2608 587447 2639 600553
118900 2608 587942 2640 601058
119000 2608 588334 2642 601666
119100 2609 588828 2643 602172
119200 2610 589335 2644 602665
119300 2612 589801 2646 603199
119400 2613 590299 2647 603701
119500 2616 591001 2648 603999
119600 2617 591455 2650 604545
119700 2618 592113 2651 604887
119800 2618 592590 2652 605410
119900 2618 593036 2652 605964
120000 2618 593466 2652 606534
120100 2620 593891 2653 607109
120200 2621 594217 2654 607783
120300 2622 594706 2657 608294
120400 2626 595231 2659 608769
120500 2627 595801 2659 609199
120600 2628 596294 2659 609706
120700 2629 596854 2661 610146
120800 2631 597385 2662 610615
120900 2633 597654 2666 611346
121000 2634 598210 2669 611790
121100 2636 598568 2671 612432
121200 2636 599102 2671 612898
121300 2637 599648 2674 613352
121400 2639 599948 2676 614052
121500 2639 600633 2678 614367
121600 2639 601254 2679 614746
121700 2641 601724 2680 615276
121800 2644 602260 2682 615740
121900 2644 602778 2684 616222
122000 2645 603260 2684 616740
122100 2649 603743 2686 617257
122200 2652 604212 2686 617788
122300 2656 604731 2689 618269
122400 2656 605266 2692 618734
122500 2658 605743 2694 619257
122600 2659 606299 2698 619701
122700 2661 606791 2702 620209
122800 2666 607169 2704 620831
122900 2670 607525 2707 621475
123000 2674 607918 2712 622082
123100 2677 608311 2714 622689
123200 2681 608780 2718 623220
123300 2685 609235 2724 623765
123400 2685 609585 2730 624415
123500 2686 609898 2731 625102
123600 2686 610383 2731 625617
123700 2690 610813 2731 626187
123800 2695 611480 2734 626520
123900 2697 611952 2734 627048
124000 2697 612425 2735 627575
124100 2697 612993 2736 628007
124200 2699 613613 2739 628387
124300 2700 614108 2740 628892
124400 2705 614524 2742 629476
124500 2705 615024 2747 629976
124600 2706 615541 2747 630459
124700 2706 615897 2748 631103
124800 2706 616331 2749 631669
124900 2710 616898 2751 632102
125000 2710 617455 2753 632545
125100 2713 617958 2753 633042
125200 2715 618378 2755 633622
125300 2718 619018 2758 633982
125400 2719 619580 2759 634420
125500 2720 620021 2763 634979
125600 2721 620499 2763 635501
125700 2722 620959 2765 636041
125800 2726 621456 2765 636544
125900 2729 622187 2767 636813
126000 2733 622926 2772 637074
126100 2735 623586 2773 637414
126200 2737 624295 2775 637705
126300 2740 624903 2777 638097
126400 2741 625423 2777 638577
126500 2742 625961 2779 639039
126600 2744 626278 2779 639722
126700 2745 626779 2782 640221
126800 2746 627197 2783 640803
126900 2747 627684 2784 641316
127000 2747 628245 2785 641755
127100 2750 628887 2788 642113
127200 2754 629393 2790 642607
127300 2754 629956 2792 643044
127400 2756 630553 2794 643447
127500 2756 631060 2796 643940
127600 2756 631696 2796 644304
127700 2756 632148 2796 644852
127800 2760 632694 2798 645306
127900 2763 633159 2801 645841
128000 2766 633583 2803 646417
128100 2768 634016 2805 646984
128200 2770 634616 2810 647384
128300 2771 634976 2810 648024
128400 2771 635367 2810 648633
128500 2773 635905 2812 649095
128600 2773 636338 2812 649662
128700 2775 636786 2814 650214
128800 2775 637217 2815 650783
128900 2775 637547 2815 651453
129000 2777 637918 2815 652082
129100 2778 638322 2818 652678
129200 2783 638895 2821 653105
129300 2784 639196 2823 653804
129400 2785 639513 2824 654487
129500 2787 639774 2825 655226
129600 2788 640030 2827 655970
129700 2788 640468 2828 656532
129800 2790 640870 2828 657130
129900 2792 641360 2828 657640
130000 2796 641833 2829 658167
130100 2800 642086 2834 658914
130200 2800 642693 2836 659307
130300 2801 643028 2838 659972
130400 2805 643434 2841 660566
130500 2808 643914 2843 661086
130600 2810 644495 2844 661505
130700 2812 645010 2844 661990
130800 2813 645612 2844 662388
130900 2813 646125 2845 662875
131000 2813 646644 2846 663356
131100 2813 647086 2846 663914
131200 2815 647608 2848 664392
131300 2818 648118 2852 664882
131400 2818 648640 2855 665360
131500 2819 649103 2857 665897
131600 2819 649504 2858 666496
131700 2821 650009 2859 666991
131800 2821 650420 2859 667580
131900 2822 650965 2862 668035
132000 2822 651588 2863 668412
132100 2830 652059 2870 668941
132200 2831 652675 2870 669325
132300 2832 653248 2873 669752
132400 2834 653708 2876 670292
132500 2836 654229 2877 670771
132600 2836 654732 2877 671268
132700 2837 655277 2877 671723
132800 2837 655743 2879 672257
132900 2838 656310 2880 672690
133000 2839 656770 2881 673230
133100 2841 657433 2882 673567
133200 2841 658065 2883 673935
133300 2844 658632 2885 674368
133400 2846 659121 2888 674879
133500 2848 659519 2890 675481
133600 2852 659983 2891 676017
133700 2853 660550 2896 676450
133800 2853 661136 2896 676864
133900 2853 661819 2899 677181
134000 2854 662357 2900 677643
134100 2859 663094 2903 677906
134200 2866 663584 2903 678416
134300 2866 664030 2903 678970
134400 2866 664425 2905 679575
134500 2867 664893 2906 680107
134600 2870 665407 2907 680593
134700 2871 665908 2911 681092
134800 2872 666352 2915 681648
134900 2873 666923 2917 682077
135000 2873 667404 2924 682596
135100 2874 667883 2925 683117
135200 2879 668438 2926 683562
135300 2880 669099 2926 683901
135400 2880 669641 2926 684359
135500 2882 670046 2927 684954
135600 2882 670500 2930 685500
135700 2884 670797 2933 686203
135800 2885 671348 2934 686652
135900 2885 671807 2934 687193
136000 2885 672400 2937 687600
136100 2885 672903 2939 688097
136200 2885 673398 2939 688602
136300 2888 674071 2941 688929
136400 2889 674496 2942 689504
136500 2896 674936 2944 690064
136600 2896 675292 2947 690708
136700 2897 675864 2949 691136
136800 2897 676307 2952 691693
136900 2897 676974 2956 692026
137000 2897 677568 2956 692432
137100 2899 678078 2957 692922
137200 2901 678592 2958 693408
137300 2905 678942 2959 694058
137400 2908 679460 2962 694540
137500 2909 679954 2963 695046
137600 2910 680288 2966 695712
137700 2911 680831 2969 696169
137800 2915 681276 2969 696724
137900 2916 681745 2971 697255
138000 2918 682338 2971 697662
138100 2918 682971 2972 698029
138200 2919 683470 2976 698530
138300 2920 684009 2980 698991
138400 2924 684504 2980 699496
138500 2924 684967 2980 700033
138600 2925 685524 2981 700476
138700 2926 686170 2983 700830
138800 2927 686561 2984 701439
138900 2929 687045 2986 701955
139000 2930 687540 2991 702460
139100 2932 688065 2992 702935
139200 2937 688580 2992 703420
139300 2938 688941 2992 704059
139400 2939 689339 2993 704661
139500 2942 689809 2994 705191
139600 2945 690329 2996 705671
139700 2948 690843 2997 706157
139800 2951 691363 3000 706637
139900 2956 691901 3001 707099
140000 2957 692360 3002 707640
140100 2959 692754 3004 708246
140200 2962 693152 3004 708848
140300 2968 693685 3004 709315
140400 2969 694188 3005 709812
140500 2969 694863 3006 710137
140600 2971 695458 3007 710542
140700 2972 695948 3009 711052
140800 2972 696454 3012 711546
140900 2973 696912 3014 712088
141000 2973 697475 3015 712525
141100 2973 697906 3017 713094
141200 2973 698367 3018 713633
141300 2977 699009 3019 713991
141400 2978 699517 3019 714483
141500 2978 700019 3022 714981
141600 2980 700541 3023 715459
141700 2981 701048 3024 715952
141800 2984 701568 3024 716432
141900 2989 702222 3027 716778
142000 2989 702651 3028 717349
142100 2991 703161 3029 717839
142200 2993 703642 3029 718358
142300 2994 704064 3030 718936
142400 2997 704409 3033 719591
142500 2997 704913 3035 720087
142600 2998 705627 3036 720373
142700 3000 706019 3040 720981
142800 3000 706434 3041 721566
142900 3002 706918 3042 722082
143000 3007 707429 3044 722571
143100 3007 707945 3047 723055
143200 3008 708436 3048 723564
143300 3008 709021 3048 723979
143400 3010 709625 3051 724375
143500 3012 710137 3054 724863
143600 3012 710599 3055 725401
143700 3014 711092 3056 725908
143800 3015 711479 3056 726521
143900 3016 712054 3058 726946
144000 3019 712512 3060 727488
144100 3024 712988 3061 728012
144200 3026 713609 3063 728391
144300 3027 713918 3063 729082
144400 3028 714414 3065 729586
144500 3028 714904 3067 730096
144600 3028 715500 3069 730500
144700 3030 716034 3071 730966
144800 3032 716669 3074 731331
144900 3035 717173 3074 731827
145000 3035 717725 3074 732275
145100 3035 718257 3075 732743
145200 3035 718765 3079 733235
145300 3036 719252 3082 733748
145400 3036 719611 3085 734389
145500 3037 719951 3086 735049
145600 3037 720438 3089 735562
145700 3039 720924 3089 736076
145800 3040 721466 3090 736534
145900 3044 722003 3090 736997
146000 3047 722467 3094 737533
146100 3047 722922 3097 738078
146200 3049 723343 3098 738657
146300 3049 724050 3099 738950
146400 3056 724528 3099 739472
146500 3059 724978 3100 740022
146600 3067 725402 3102 740598
146700 3068 726024 3104 740976
146800 3068 726532 3104 741468
146900 3068 726985 3104 742015
147000 3069 727480 3108 742520
147100 3071 727938 3110 743062
147200 3071 728435 3110 743565
147300 3072 728890 3110 744110
147400 3075 729372 3115 744628
147500 3076 729885 3117 745115
147600 3078 730368 3119 745632
147700 3078 730754 3119 746246
147800 3078 731220 3119 746780
147900 3079 731722 3125 747278
148000 3082 732079 3130 747921
148100 3083 732796 3130 748204
148200 3086 733287 3132 748713
148300 3087 733846 3134 749154
148400 3087 734353 3134 749647
148500 3089 734921 3135 750079
148600 3090 735371 3136 750629
148700 3090 735834 3137 751166
148800 3090 736356 3138 751644
148900 3092 736901 3138 752099
149000 3093 737568 3140 752432
149100 3094 738151 3142 752849
149200 3095 738714 3143 753286
149300 3097 739258 3144 753742
149400 3099 739760 3145 754240
149500 3099 740152 3148 754848
149600 3100 740648 3149 755352
149700 3102 741171 3149 755829
149800 3104 741587 3152 756413
149900 3105 742115 3152 756885
150000 3108 742673 3154 757327
150100 3109 743287 3155 757713
150200 3112 743773 3155 758227
150300 3114 744497 3156 758503
150400 3118 744996 3159 759004
150500 3120 745569 3160 759431
150600 3121 746136 3160 759864
150700 3122 746587 3161 760413
150800 3122 747107 3161 760893
150900 3124 747662 3161 761338
151000 3127 748141 3162 761859
151100 3129 748664 3162 762336
151200 3130 749293 3165 762707
151300 3131 749719 3165 763281
151400 3131 750300 3165 763700
151500 3132 750918 3167 764082
151600 3134 751402 3169 764598
151700 3135 751916 3172 765084
151800 3137 752381 3172 765619
151900 3139 752788 3175 766212
152000 3142 753250 3175 766750
152100 3144 753738 3175 767262
152200 3145 754065 3176 767935
152300 3146 754450 3177 768550
152400 3147 754935 3181 769065
152500 3148 755254 3181 769746
152600 3149 755747 3181 770253
152700 3152 756076 3182 770924
152800 3154 756529 3185 771471
152900 3156 757159 3186 771841
153000 3156 757792 3188 772208
153100 3157 758311 3190 772689
153200 3158 758835 3190 773165
153300 3160 759244 3192 773756
153400 3161 759837 3194 774163
153500 3161 760377 3195 774623
153600 3163 760837 3196 775163
153700 3165 761176 3199 775824
153800 3167 761564 3201 776436
153900 3169 762057 3203 776943
154000 3171 762368 3206 777632
154100 3173 762924 3206 778076
154200 3174 763359 3208 778641
154300 3177 763997 3208 779003
154400 3179 764489 3210 779511
154500 3180 764944 3210 780056
154600 3183 765427 3210 780573
154700 3185 765971 3210 781029
154800 3187 766465 3213 781535
154900 3190 767058 3214 781942
155000 3191 767540 3215 782460
155100 3192 768229 3218 782771
155200 3195 768692 3218 783308
155300 3196 769234 3222 783766
155400 3197 769707 3224 784293
155500 3198 770203 3224 784797
155600 3198 770727 3226 785273
155700 3199 771238 3226 785762
155800 3200 771741 3226 786259
155900 3204 772020 3231 786980
156000 3204 772371 3234 787629
156100 3205 773084 3235 787916
156200 3205 773693 3237 788307
156300 3206 774202 3237 788798
156400 3208 774695 3238 789305
156500 3210 775025 3239 789975
156600 3210 775623 3239 790377
156700 3212 776114 3240 790886
156800 3214 776603 3243 791397
156900 3218 777047 3245 791953
157000 3222 777618 3246 792382
157100 3225 778100 3250 792900
157200 3226 778561 3253 793439
157300 3227 779110 3253 793890
157400 3227 779457 3254 794543
157500 3230 779804 3254 795196
157600 3231 780321 3254 795679
157700 3231 780717 3255 796283
157800 3233 781206 3257 796794
157900 3234 781645 3260 797355
158000 3236 782155 3262 797845
158100 3239 782683 3264 798317
158200 3240 783249 3264 798751
158300 3240 783747 3265 799253
158400 3243 784248 3266 799752
158500 3245 784671 3269 800329
158600 3247 785135 3270 800865
158700 3249 785713 3276 801287
158800 3252 786018 3280 801982
158900 3253 786660 3282 802340
159000 3253 787211 3283 802789
159100 3255 787694 3286 803306
159200 3255 788185 3287 803815
159300 3255 788581 3287 804419
159400 3256 789055 3287 804945
159500 3257 789497 3289 805503
159600 3257 790003 3291 805997
159700 3258 790527 3292 806473
159800 3261 791036 3296 806964
159900 3263 791554 3296 807446
160000 3264 792092 3298 807908
160100 3264 792582 3298 808418
160200 3267 793175 3298 808825
160300 3267 793915 3300 809085
160400 3268 794575 3306 809425
160500 3268 795171 3307 809829
160600 3269 795553 3308 810447
160700 3270 795896 3310 811104
160800 3271 796536 3310 811464
160900 3274 796983 3310 812017
161000 3274 797566 3314 812434
161100 3274 798083 3315 812917
161200 3274 798554 3316 813446
161300 3274 799172 3316 813828
161400 3276 799574 3323 814426
161500 3277 800048 3323 814952
161600 3277 800504 3325 815496
161700 3278 801073 3329 815927
161800 3281 801541 3330 816459
161900 3286 801987 3330 817013
162000 3287 802625 3331 817375
162100 3291 803116 3335 817884
162200 3292 803634 3338 818366
162300 3294 804234 3338 818766
162400 3294 804797 3342 819203
162500 3295 805235 3343 819765
162600 3299 805721 3346 820279
162700 3301 806218 3347 820782
162800 3302 806782 3347 821218
162900 3305 807326 3350 821674
163000 3305 807677 3350 822323
163100 3306 808171 3351 822829
163200 3307 808818 3352 823182
163300 3309 809302 3354 823698
163400 3310 809758 3354 824242
163500 3312 810189 3354 824811
163600 3313 810713 3355 825287
163700 3313 811211 3357 825789
163800 3314 811701 3360 826299
163900 3315 812189 3361 826811
164000 3316 812519 3362 827481
164100 3317 812977 3365 828023
164200 3318 813425 3366 828575
164300 3322 813928 3368 829072
164400 3322 814289 3373 829711
164500 3322 814810 3375 830190
164600 3325 815291 3377 830709
164700 3326 815799 3379 831201
164800 3327 816148 3379 831852
164900 3329 816837 3381 832163
165000 3329 817301 3383 832699
165100 3330 817776 3383 833224
165200 3330 818259 3383 833741
165300 3331 818795 3386 834205
165400 3331 819335 3388 834665
165500 3333 819919 3390 835081
165600 3333 820442 3391 835558
165700 3335 820995 3393 836005
165800 3335 821556 3394 836444
165900 3338 821981 3395 837019
166000 3339 822366 3396 837634
166100 3340 822919 3397 838081
166200 3341 823471 3399 838529
166300 3343 823912 3403 839088
166400 3344 824315 3404 839685
166500 3347 824795 3404 840205
166600 3348 825273 3408 840727
166700 3351 825765 3408 841235
166800 3352 826414 3410 841586
166900 3354 826913 3411 842087
167000 3355 827317 3413 842683
167100 3355 827630 3415 843370
167200 3358 828208 3417 843792
167300 3360 828691 3419 844309
167400 3362 829180 3424 844820
167500 3363 829732 3429 845268
167600 3364 830333 3429 845667
167700 3364 830831 3429 846169
167800 3364 831381 3430 846619
167900 3364 831783 3431 847217
168000 3367 832304 3436 847696
168100 3367 832903 3437 848097
168200 3368 833413 3439 848587
168300 3370 833896 3440 849104
168400 3371 834470 3441 849530
168500 3372 834932 3446 850068
168600 3373 835424 3446 850576
168700 3377 836094 3449 850906
168800 3378 836559 3449 851441
168900 3380 837086 3449 851914
169000 3383 837613 3451 852387
169100 3385 838106 3457 852894
169200 3385 838564 3457 853436
169300 3389 839058 3458 853942
169400 3389 839706 3460 854294
169500 3392 840153 3460 854847
169600 3396 840752 3461 855248
169700 3397 841276 3463 855724
169800 3398 841747 3463 856253
169900 3399 842143 3465 856857
170000 3399 842632 3465 857368
170100 3401 843303 3468 857697
170200 3402 843862 3469 858138
170300 3403 844290 3469 858710
170400 3404 844717 3476 859283
170500 3404 845216 3477 859784
170600 3405 845700 3478 860300
170700 3406 846192 3480 860808
170800 3408 846713 3481 861287
170900 3408 847158 3483 861842
171000 3410 847597 3486 862403
171100 3414 847864 3488 863136
171200 3417 848231 3490 863769
171300 3417 848704 3490 864296
171400 3419 849183 3493 864817
171500 3422 849593 3494 865407
171600 3424 849995 3496 866005
171700 3424 850512 3496 866488
171800 3425 850981 3497 867019
171900 3425 851396 3498 867604
172000 3428 851973 3499 868027
172100 3428 852525 3501 868475
172200 3429 853162 3503 868838
172300 3432 853771 3508 869229
172400 3433 854265 3508 869735
172500 3434 854631 3508 870369
172600 3437 855132 3511 870868
172700 3440 855615 3514 871385
172800 3441 856103 3514 871897
172900 3447 856537 3514 872463
173000 3448 856974 3516 873026
173100 3449 857459 3517 873541
173200 3450 858005 3519 873995
173300 3454 858545 3522 874455
173400 3456 859102 3523 874898
173500 3458 859621 3524 875379
173600 3458 860113 3526 875887
173700 3459 860687 3528 876313
173800 3464 861144 3529 876856
173900 3467 861637 3529 877363
174000 3471 862043 3534 877957
174100 3471 862550 3537 878450
174200 3475 863084 3539 878916
174300 3478 863635 3543 879365
174400 3478 864197 3545 879803
174500 3478 864642 3545 880358
174600 3479 865151 3546 880849
174700 3479 865621 3549 881379
174800 3480 865987 3550 882013
174900 3480 866689 3552 882311
175000 3483 867085 3556 882915
175100 3485 867537 3558 883463
175200 3486 868063 3561 883937
175300 3488 868733 3562 884267
175400 3491 869301 3566 884699
175500 3492 870039 3568 884961
175600 3493 870663 3568 885337
175700 3494 871084 3569 885916
175800 3494 871598 3570 886402
175900 3496 872131 3571 886869
176000 3498 872719 3573 887281
176100 3499 873332 3575 887668
176200 3503 873829 3578 888171
176300 3503 874341 3580 888659
176400 3506 874745 3581 889255
176500 3509 875068 3582 889932
176600 3511 875659 3583 890341
176700 3513 875934 3587 891066
176800 3513 876524 3590 891476
176900 3515 877002 3592 891998
177000 3515 877551 3593 892449
177100 3516 877983 3593 893017
177200 3519 878530 3596 893470
177300 3521 878930 3596 894070
177400 3521 879490 3597 894510
177500 3521 879969 3598 895031
177600 3522 880584 3600 895416
177700 3523 881095 3600 895905
177800 3523 881606 3601 896394
177900 3527 882101 3602 896899
178000 3527 882658 3603 897342
178100 3530 883144 3605 897856
178200 3532 883637 3605 898363
178300 3534 884088 3609 898912
178400 3535 884563 3611 899437
178500 3537 884956 3612 900044
178600 3538 885453 3612 900547
178700 3541 885890 3614 901110
178800 3541 886522 3616 901478
178900 3541 887095 3616 901905
179000 3545 887622 3620 902378
179100 3549 888050 3621 902950
179200 3550 888513 3621 903487
179300 3550 888869 3622 904131
179400 3551 889560 3622 904440
179500 3552 890088 3622 904912
179600 3554 890592 3625 905408
179700 3555 890994 3626 906006
179800 3557 891528 3627 906472
179900 3560 892129 3630 906871
180000 3563 892654 3631 907346
180100 3565 893194 3634 907806
180200 3568 893643 3635 908357
180300 3570 894121 3635 908879
180400 3571 894728 3635 909272
180500 3574 895237 3636 909763
180600 3574 895824 3638 910176
180700 3574 896210 3641 910790
180800 3575 896675 3642 911325
180900 3578 897104 3642 911896
181000 3579 897793 3644 912207
181100 3579 898275 3645 912725
181200 3581 898801 3645 913199
181300 3583 899156 3645 913844
181400 3584 899679 3645 914321
181500 3587 900150 3647 914850
181600 3589 900652 3649 915348
181700 3594 901113 3651 915887
181800 3594 901619 3654 916381
181900 3595 902134 3657 916866
182000 3597 902437 3657 917563
182100 3599 902852 3660 918148
182200 3600 903292 3660 918708
182300 3604 903604 3663 919396
182400 3604 904055 3665 919945
182500 3607 904542 3666 920458
182600 3607 905190 3667 920810
182700 3610 905777 3668 921223
182800 3612 906250 3669 921750
182900 3613 906645 3670 922355
183000 3615 906931 3672 923069
183100 3616 907397 3675 923603
183200 3617 907825 3679 924175
183300 3618 908333 3679 924667
183400 3621 908838 3680 925162
183500 3624 909334 3682 925666
183600 3625 909897 3682 926103
183700 3628 910423 3682 926577
183800 3632 911076 3685 926924
183900 3633 911769 3687 927231
184000 3635 912136 3687 927864
184100 3635 912648 3692 928352
184200 3638 913145 3692 928855
184300 3638 913459 3693 929541
184400 3638 913989 3693 930011
184500 3639 914482 3693 930518
184600 3640 915080 3694 930920
184700 3642 915612 3695 931388
184800 3645 916072 3695 931928
184900 3646 916552 3697 932448
185000 3649 917120 3698 932880
185100 3650 917570 3701 933430
185200 3652 918103 3702 933897
185300 3652 918661 3704 934339
185400 3653 919128 3704 934872
185500 3656 919701 3704 935299
185600 3658 920363 3706 935637
185700 3662 920831 3708 936169
185800 3663 921362 3709 936638
185900 3665 921878 3710 937122
186000 3665 922455 3710 937545
186100 3666 922959 3712 938041
186200 3669 923581 3714 938419
186300 3669 924087 3716 938913
186400 3670 924582 3717 939418
186500 3670 924999 3718 940001
186600 3670 925507 3719 940493
186700 3672 926019 3722 940981
186800 3672 926593 3728 941407
186900 3672 927117 3729 941883
187000 3675 927613 3729 942387
187100 3677 928011 3730 942989
187200 3678 928332 3730 943668
187300 3681 929009 3731 943991
187400 3682 929488 3733 944512
187500 3683 929986 3735 945014
187600 3686 930511 3736 945489
187700 3687 931045 3739 945955
187800 3688 931525 3741 946475
187900 3688 932039 3743 946961
188000 3689 932567 3748 947433
188100 3692 933071 3752 947929
188200 3692 933642 3753 948358
188300 3695 934086 3754 948914
188400 3698 934518 3755 949482
188500 3698 934981 3757 950019
188600 3699 935522 3760 950478
188700 3702 936031 3762 950969
188800 3703 936659 3763 951341
188900 3703 937091 3766 951909
189000 3703 937464 3766 952536
189100 3704 937776 3766 953224
189200 3706 938349 3768 953651
189300 3706 938761 3770 954239
189400 3708 939109 3771 954891
189500 3709 939585 3771 955415
189600 3710 940028 3772 955972
189700 3712 940701 3776 956299
189800 3712 941260 3777 956740
189900 3715 941792 3777 957208
190000 3719 942490 3780 957510
190100 3723 942888 3782 958112
190200 3725 943619 3782 958381
190300 3726 944230 3782 958770
190400 3726 944704 3782 959296
190500 3728 945325 3784 959675
190600 3729 945920 3788 960080
190700 3730 946497 3790 960503
190800 3732 946998 3790 961002
190900 3732 947499 3790 961501
191000 3735 947900 3791 962100
191100 3737 948360 3795 962640
191200 3745 948904 3800 963096
191300 3749 949511 3801 963489
191400 3750 949963 3804 964037
191500 3751 950416 3805 964584
191600 3751 950780 3806 965220
191700 3753 951181 3813 965819
191800 3755 951598 3813 966402
191900 3756 952015 3815 966985
192000 3759 952428 3819 967572
192100 3760 952825 3821 968175
192200 3764 953283 3826 968717
192300 3764 953531 3829 969469
192400 3766 953894 3830 970106
192500 3767 954322 3831 970678
192600 3769 954812 3834 971188
192700 3769 955106 3836 971894
192800 3770 955646 3836 972354
192900 3774 956097 3837 972903
193000 3776 956505 3838 973495
193100 3777 956980 3840 974020
193200 3779 957672 3841 974328
193300 3780 958241 3842 974759
193400 3780 958739 3845 975261
193500 3782 959235 3845 975765
193600 3786 959669 3847 976331
193700 3789 960144 3849 976856
193800 3792 960717 3851 977283
193900 3793 961277 3851 977723
194000 3793 961794 3854 978206
194100 3793 962434 3856 978566
194200 3794 962959 3856 979041
194300 3796 963463 3857 979537
194400 3796 963977 3859 980023
194500 3801 964496 3862 980504
194600 3805 965192 3864 980808
194700 3808 965711 3864 981289
194800 3809 965971 3866 982029
194900 3810 966553 3867 982447
195000 3810 967145 3869 982855
195100 3813 967645 3869 983355
195200 3813 968135 3869 983865
195300 3814 968635 3873 984365
195400 3815 969191 3874 984809
195500 3817 969760 3874 985240
195600 3820 970290 3875 985710
195700 3823 970800 3876 986200
195800 3823 971294 3877 986706
195900 3824 971759 3877 987241
196000 3825 972332 3878 987668
196100 3827 972894 3878 988106
196200 3828 973385 3879 988615
196300 3829 973824 3879 989176
196400 3830 974383 3880 989617
196500 3830 974891 3881 990109
196600 3830 975368 3882 990632
196700 3832 975983 3884 991017
196800 3834 976464 3884 991536
196900 3836 976873 3888 992127
197000 3842 977352 3890 992648
197100 3843 977859 3891 993141
197200 3845 978456 3894 993544
197300 3845 978984 3895 994016
197400 3846 979556 3896 994444
197500 3847 980012 3896 994988
197600 3850 980453 3900 995547
197700 3851 980897 3902 996103
197800 3851 981408 3904 996592
197900 3853 981826 3905 997174
198000 3855 982341 3907 997659
198100 3861 982908 3909 998092
198200 3863 983494 3910 998506
198300 3863 984163 3910 998837
198400 3864 984656 3912 999344
198500 3865 985114 3912 999886
198600 3867 985600 3914 1000400
198700 3868 986177 3915 1000823
198800 3869 986690 3916 1001310
198900 3870 987238 3917 1001762
199000 3871 987743 3917 1002257
199100 3875 988248 3918 1002752
199200 3877 988763 3918 1003237
199300 3877 989300 3918 1003700
199400 3878 989847 3919 1004153
199500 3880 990221 3920 1004779
199600 3880 990816 3920 1005184
199700 3881 991344 3924 1005656
199800 3884 991994 3925 1006006
199900 3886 992424 3926 1006576
200000 3886 993039 3928 1006961
