#! FIELDS timestep dup_succ dup_attempts kill_succ kill_attempts
#! SET timestep 0.5
#! SET kernel_bandwidth [0.4 0.4]
#! SET kt 1.0
100 85 351 89 649
200 172 548 191 1452
300 258 833 309 2167
400 329 1227 405 2773
500 388 1360 489 3640
600 467 1540 594 4460
700 539 1809 666 5191
800 603 2151 732 5849
900 648 2548 767 6452
1000 674 2987 798 7013
1100 699 3490 816 7510
1200 711 3989 825 8011
1300 715 4481 836 8519
1400 721 4989 846 9011
1500 725 5409 849 9591
1600 731 5810 855 10190
1700 736 6407 860 10593
1800 738 7015 864 10985
1900 741 7525 869 11475
2000 747 8048 875 11952
2100 754 8614 882 12386
2200 762 9134 883 12866
2300 772 9788 888 13212
2400 778 10232 893 13768
2500 778 10728 900 14272
2600 782 11244 904 14756
2700 788 11621 909 15379
2800 795 12018 921 15982
2900 802 12569 927 16431
3000 811 13136 933 16864
3100 815 13655 936 17345
3200 820 14147 942 17853
3300 827 14689 946 18311
3400 832 15154 952 18846
3500 836 15686 959 19314
3600 838 16226 965 19774
3700 840 16776 972 20224
3800 845 17368 978 20632
3900 854 17880 990 21120
4000 864 18351 997 21649
4100 870 18926 1001 22074
4200 874 19426 1006 22574
4300 881 19835 1010 23165
4400 886 20353 1013 23647
4500 890 20948 1017 24052
4600 894 21352 1020 24648
4700 898 21907 1026 25093
4800 902 22375 1034 25625
4900 905 22884 1037 26116
5000 912 23328 1042 26672
5100 914 23779 1045 27221
5200 922 24345 1052 27655
5300 931 24840 1056 28160
5400 938 25292 1065 28708
5500 947 25822 1073 29178
5600 950 26362 1078 29638
5700 953 26877 1088 30123
5800 958 27456 1094 30544
5900 960 27936 1098 31064
6000 966 28456 1103 31544
6100 974 28978 1112 32022
6200 981 29572 1120 32428
6300 988 30086 1123 32914
6400 992 30545 1129 33455
6500 1000 31008 1130 33992
6600 1010 31494 1140 34506
6700 1018 31912 1144 35088
6800 1027 32341 1152 35659
6900 1029 32773 1155 36227
7000 1036 33214 1159 36786
7100 1040 33737 1162 37263
7200 1044 34307 1167 37693
7300 1051 34889 1171 38111
7400 1054 35424 1172 38576
7500 1059 35917 1177 39083
7600 1068 36420 1189 39580
7700 1072 36837 1194 40163
7800 1079 37321 1199 40679
7900 1082 37899 1203 41101
8000 1085 38462 1207 41538
8100 1088 38960 1212 42040
8200 1094 39513 1220 42487
8300 1098 39922 1223 43078
8400 1102 40473 1223 43527
8500 1107 40897 1230 44103
8600 1114 41410 1233 44590
8700 1119 41853 1238 45147
8800 1123 42323 1245 45677
8900 1129 42949 1250 46051
9000 1133 43381 1254 46619
9100 1136 43941 1261 47059
9200 1139 44394 1268 47606
9300 1146 44916 1273 48084
9400 1151 45429 1277 48571
9500 1159 45971 1283 49029
9600 1170 46525 1287 49475
9700 1174 46977 1292 50023
9800 1177 47474 1294 50526
9900 1180 47950 1296 51050
10000 1184 48365 1300 51635
10100 1190 48733 1304 52267
10200 1193 49229 1308 52771
10300 1198 49660 1312 53340
10400 1200 50107 1316 53893
10500 1208 50580 1323 54420
10600 1210 51104 1327 54896
10700 1215 51572 1331 55428
10800 1219 51985 1336 56015
10900 1225 52436 1340 56564
11000 1232 52923 1344 57077
11100 1237 53516 1351 57484
11200 1239 54020 1352 57980
11300 1243 54435 1355 58565
11400 1245 55075 1363 58925
11500 1251 55530 1369 59470
11600 1257 56027 1377 59973
11700 1264 56509 1380 60491
11800 1272 56983 1384 61017
11900 1275 57454 1388 61546
12000 1284 57988 1393 62012
12100 1291 58533 1403 62467
12200 1299 58997 1409 63003
12300 1306 59522 1414 63478
12400 1309 59978 1419 64022
12500 1310 60527 1423 64473
12600 1317 61084 1429 64916
12700 1326 61567 1438 65433
12800 1329 62088 1443 65912
12900 1335 62514 1448 66486
13000 1340 62969 1458 67031
13100 1345 63584 1462 67416
13200 1354 64085 1471 67915
13300 1364 64496 1482 68504
13400 1368 64997 1488 69003
13500 1371 65485 1494 69515
13600 1379 66020 1501 69980
13700 1384 66458 1506 70542
13800 1387 67018 1511 70982
13900 1393 67590 1517 71410
14000 1403 68158 1521 71842
14100 1411 68630 1523 72370
14200 1415 69206 1528 72794
14300 1422 69640 1534 73360
14400 1429 70100 1537 73900
14500 1433 70585 1544 74415
14600 1438 71056 1546 74944
14700 1445 71560 1550 75440
14800 1450 72023 1557 75977
14900 1453 72531 1558 76469
15000 1454 73011 1563 76989
15100 1462 73512 1567 77488
15200 1465 73991 1569 78009
15300 1469 74482 1577 78518
15400 1472 74949 1582 79051
15500 1479 75493 1586 79507
15600 1481 76031 1595 79969
15700 1483 76536 1601 80464
15800 1487 76972 1605 81028
15900 1491 77460 1609 81540
16000 1497 77863 1618 82137
16100 1503 78318 1619 82682
16200 1512 78790 1622 83210
16300 1516 79445 1625 83555
16400 1522 80007 1633 83993
16500 1529 80551 1638 84449
16600 1535 80981 1643 85019
16700 1538 81687 1646 85313
16800 1541 82215 1653 85785
16900 1547 82718 1669 86282
17000 1552 83246 1674 86754
17100 1555 83715 1677 87285
17200 1561 84233 1681 87767
17300 1565 84707 1685 88293
17400 1570 85053 1692 88947
17500 1574 85569 1693 89431
17600 1581 86073 1705 89927
17700 1587 86637 1710 90363
17800 1594 87137 1720 90863
17900 1598 87570 1724 91430
18000 1601 88110 1728 91890
18100 1609 88622 1733 92378
18200 1616 89172 1741 92828
18300 1620 89748 1745 93252
18400 1624 90239 1749 93761
18500 1628 90771 1753 94229
18600 1631 91337 1755 94663
18700 1637 91761 1768 95239
18800 1642 92224 1778 95776
18900 1648 92724 1784 96276
19000 1656 93255 1792 96745
19100 1658 93781 1795 97219
19200 1665 94329 1797 97671
19300 1673 94889 1802 98111
19400 1677 95311 1809 98689
19500 1680 95880 1811 99120
19600 1685 96437 1816 99563
19700 1691 96875 1821 100125
19800 1694 97380 1829 100620
19900 1698 97858 1832 101142
20000 1704 98505 1838 101495
20100 1709 99137 1842 101863
20200 1711 99642 1844 102358
20300 1715 100262 1850 102738
20400 1721 100715 1860 103285
20500 1725 101163 1862 103837
20600 1735 101685 1868 104315
20700 1740 102193 1877 104807
20800 1746 102661 1880 105339
20900 1753 103168 1885 105832
21000 1757 103649 1893 106351
21100 1764 104045 1901 106955
21200 1767 104596 1907 107404
21300 1779 105103 1918 107897
21400 1785 105550 1922 108450
21500 1791 105992 1929 109008
21600 1795 106504 1938 109496
21700 1799 107003 1946 109997
21800 1802 107524 1951 110476
21900 1806 107978 1955 111022
22000 1809 108479 1963 111521
22100 1814 108989 1970 112011
22200 1820 109544 1975 112456
22300 1824 110019 1977 112981
22400 1836 110417 1986 113583
22500 1838 110836 1991 114164
22600 1843 111420 1997 114580
22700 1849 111888 2002 115112
22800 1854 112308 2007 115692
22900 1858 112898 2014 116102
23000 1862 113397 2020 116603
23100 1865 114028 2031 116972
23200 1874 114565 2037 117435
23300 1877 115225 2044 117775
23400 1880 115793 2051 118207
23500 1884 116201 2057 118799
23600 1891 116800 2063 119200
23700 1895 117246 2067 119754
23800 1899 117694 2070 120306
23900 1905 118174 2075 120826
24000 1908 118624 2081 121376
24100 1913 119043 2087 121957
24200 1918 119550 2096 122450
24300 1923 120061 2099 122939
24400 1927 120513 2104 123487
24500 1933 120969 2106 124031
24600 1937 121459 2113 124541
24700 1938 122035 2115 124965
24800 1940 122573 2118 125427
24900 1941 123131 2122 125869
25000 1948 123519 2129 126481
25100 1954 124036 2135 126964
25200 1958 124546 2143 127454
25300 1964 125028 2151 127972
25400 1971 125547 2158 128453
25500 1976 126036 2165 128964
25600 1983 126623 2174 129377
25700 1990 127123 2178 129877
25800 1993 127698 2183 130302
25900 1996 128162 2185 130838
26000 1999 128663 2188 131337
26100 2004 129153 2196 131847
26200 2013 129745 2205 132255
26300 2019 130165 2210 132835
26400 2022 130664 2216 133336
26500 2027 131002 2220 133998
26600 2032 131548 2227 134452
26700 2034 132097 2234 134903
26800 2040 132552 2241 135448
26900 2043 132932 2249 136068
27000 2044 133440 2252 136560
27100 2045 134113 2258 136887
27200 2045 134682 2260 137318
27300 2051 135083 2270 137917
27400 2053 135514 2275 138486
27500 2056 135999 2282 139001
27600 2056 136446 2287 139554
27700 2061 136970 2293 140030
27800 2071 137449 2300 140551
27900 2076 138013 2305 140987
28000 2081 138629 2309 141371
28100 2084 139144 2316 141856
28200 2089 139619 2323 142381
28300 2095 140203 2332 142797
28400 2101 140749 2338 143251
28500 2104 141063 2341 143937
28600 2107 141571 2355 144429
28700 2111 142082 2359 144918
28800 2115 142706 2360 145294
28900 2119 143233 2365 145767
29000 2127 143702 2372 146298
29100 2133 144309 2375 146691
29200 2134 144808 2377 147192
29300 2138 145328 2381 147672
29400 2142 145965 2386 148035
29500 2151 146464 2399 148536
29600 2154 147017 2404 148983
29700 2155 147566 2407 149434
29800 2166 148018 2416 149982
29900 2169 148556 2421 150444
30000 2176 148983 2426 151017
30100 2185 149515 2432 151485
30200 2190 150122 2439 151878
30300 2194 150570 2445 152430
30400 2197 151069 2453 152931
30500 2201 151471 2461 153529
30600 2206 151898 2467 154102
30700 2210 152267 2473 154733
30800 2214 152753 2477 155247
30900 2221 153367 2482 155633
31000 2224 153829 2484 156171
31100 2226 154223 2485 156777
31200 2231 154896 2490 157104
31300 2236 155447 2497 157553
31400 2244 155913 2504 158087
31500 2245 156332 2511 158668
31600 2247 156756 2517 159244
31700 2255 157262 2520 159738
31800 2258 157680 2526 160320
31900 2263 158219 2535 160781
32000 2268 158798 2539 161202
32100 2270 159243 2542 161757
32200 2280 159772 2550 162228
32300 2285 160145 2554 162855
32400 2288 160727 2563 163273
32500 2290 161152 2570 163848
32600 2292 161586 2574 164414
32700 2297 162112 2578 164888
32800 2301 162670 2582 165330
32900 2302 163162 2583 165838
33000 2307 163669 2588 166331
33100 2312 164110 2590 166890
33200 2317 164607 2591 167393
33300 2318 165057 2599 167943
33400 2325 165581 2603 168419
33500 2331 166105 2605 168895
33600 2336 166577 2607 169423
33700 2341 167023 2612 169977
33800 2347 167611 2618 170389
33900 2349 168100 2622 170900
34000 2354 168631 2627 171369
34100 2359 169223 2636 171777
34200 2368 169748 2641 172252
34300 2374 170375 2647 172625
34400 2378 170956 2652 173044
34500 2382 171438 2654 173562
34600 2388 171962 2659 174038
34700 2394 172481 2661 174519
34800 2398 173010 2671 174990
34900 2401 173568 2676 175432
35000 2404 173999 2681 176001
35100 2411 174498 2685 176502
35200 2417 175020 2694 176980
35300 2419 175653 2696 177347
35400 2425 176069 2701 177931
35500 2429 176625 2704 178375
35600 2432 177082 2706 178918
35700 2438 177601 2712 179399
35800 2442 178032 2717 179968
35900 2442 178554 2718 180446
36000 2448 179054 2720 180946
36100 2454 179632 2728 181368
36200 2458 180177 2731 181823
36300 2460 180738 2737 182262
36400 2465 181148 2739 182852
36500 2471 181729 2743 183271
36600 2478 182251 2747 183749
36700 2479 182706 2748 184294
36800 2482 183259 2749 184741
36900 2487 183746 2758 185254
37000 2490 184221 2767 185779
37100 2495 184728 2768 186272
37200 2501 185163 2772 186837
37300 2507 185478 2780 187522
37400 2514 185950 2786 188050
37500 2518 186452 2792 188548
37600 2519 186984 2797 189016
37700 2522 187507 2801 189493
37800 2533 187948 2805 190052
37900 2535 188473 2807 190527
38000 2539 189121 2813 190879
38100 2546 189680 2815 191320
38200 2549 190117 2823 191883
38300 2557 190520 2831 192480
38400 2563 191070 2834 192930
38500 2570 191561 2840 193439
38600 2576 192105 2846 193895
38700 2579 192524 2853 194476
38800 2583 192928 2859 195072
38900 2584 193461 2860 195539
39000 2589 193993 2867 196007
39100 2595 194468 2871 196532
39200 2598 194972 2874 197028
39300 2601 195475 2878 197525
39400 2602 196007 2887 197993
39500 2613 196426 2892 198574
39600 2622 196941 2898 199059
39700 2626 197454 2906 199546
39800 2634 197939 2908 200061
39900 2639 198389 2912 200611
40000 2644 198868 2920 201132
40100 2647 199390 2925 201610
40200 2654 199949 2929 202051
40300 2658 200424 2935 202576
40400 2662 200947 2938 203053
40500 2663 201441 2939 203559
40600 2671 201883 2948 204117
40700 2673 202332 2953 204668
40800 2679 202853 2957 205147
40900 2681 203363 2961 205637
41000 2686 203783 2966 206217
41100 2690 204270 2969 206730
41200 2699 204854 2977 207146
41300 2703 205367 2983 207633
41400 2706 205838 2986 208162
41500 2709 206393 2991 208607
41600 2714 206964 2994 209036
41700 2716 207462 2999 209538
41800 2724 207980 3001 210020
41900 2729 208469 3008 210531
42000 2733 209065 3015 210935
42100 2739 209536 3022 211464
42200 2741 210077 3026 211923
42300 2749 210644 3028 212356
42400 2755 211055 3032 212945
42500 2759 211479 3038 213521
42600 2761 211897 3042 214103
42700 2766 212455 3047 214545
42800 2766 212890 3048 215110
42900 2772 213328 3053 215672
43000 2778 213815 3056 216185
43100 2778 214221 3061 216779
43200 2781 214714 3066 217286
43300 2784 215163 3075 217837
43400 2789 215685 3081 218315
43500 2795 216208 3085 218792
43600 2798 216791 3093 219209
43700 2802 217309 3093 219691
43800 2805 217807 3096 220193
43900 2807 218305 3104 220695
44000 2814 218786 3108 221214
44100 2822 219217 3114 221783
44200 2826 219628 3119 222372
44300 2828 220101 3125 222899
44400 2836 220588 3128 223412
44500 2841 221156 3129 223844
44600 2847 221662 3134 224338
44700 2857 222181 3140 224819
44800 2861 222611 3146 225389
44900 2867 223119 3156 225881
45000 2870 223651 3159 226349
45100 2872 224187 3167 226813
45200 2886 224727 3175 227273
45300 2887 225238 3182 227762
45400 2892 225651 3185 228349
45500 2897 226162 3190 228838
45600 2900 226641 3192 229359
45700 2906 227178 3197 229822
45800 2910 227563 3203 230437
45900 2917 228042 3205 230958
46000 2920 228537 3208 231463
46100 2922 228955 3209 232045
46200 2925 229454 3217 232546
46300 2932 229889 3219 233111
46400 2934 230458 3222 233542
46500 2940 230908 3227 234092
46600 2947 231457 3231 234543
46700 2950 231983 3236 235017
46800 2960 232466 3244 235534
46900 2963 232885 3248 236115
47000 2965 233509 3254 236491
47100 2970 233946 3257 237054
47200 2975 234359 3264 237641
47300 2984 234820 3269 238180
47400 2986 235300 3272 238700
47500 2993 235790 3276 239210
47600 2998 236293 3281 239707
47700 3004 236802 3285 240198
47800 3010 237345 3289 240655
47900 3016 237818 3297 241182
48000 3024 238325 3302 241675
48100 3027 238795 3305 242205
48200 3031 239256 3309 242744
48300 3038 239693 3318 243307
48400 3044 240126 3321 243874
48500 3053 240705 3330 244295
48600 3059 241178 3335 244822
48700 3063 241702 3337 245298
48800 3066 242260 3340 245740
48900 3069 242897 3343 246103
49000 3072 243397 3346 246603
49100 3081 243907 3352 247093
49200 3087 244393 3360 247607
49300 3092 244790 3365 248210
49400 3100 245354 3373 248646
49500 3105 245795 3378 249205
49600 3111 246353 3382 249647
49700 3115 246907 3384 250093
49800 3123 247390 3387 250610
49900 3128 247857 3393 251143
50000 3134 248310 3398 251690
50100 3140 248746 3402 252254
50200 3144 249192 3410 252808
50300 3151 249707 3416 253293
50400 3159 250245 3427 253755
50500 3163 250781 3432 254219
50600 3172 251232 3440 254768
50700 3181 251698 3446 255302
50800 3189 252130 3448 255870
50900 3194 252604 3456 256396
51000 3199 253052 3460 256948
51100 3200 253601 3463 257399
51200 3205 254130 3464 257870
51300 3209 254685 3471 258315
51400 3212 255122 3475 258878
51500 3216 255546 3481 259454
51600 3217 256061 3483 259939
51700 3221 256629 3491 260371
51800 3223 257068 3495 260932
51900 3224 257581 3505 261419
52000 3225 258028 3507 261972
52100 3230 258458 3509 262542
52200 3235 259036 3513 262964
52300 3235 259564 3516 263436
52400 3242 260112 3521 263888
52500 3245 260583 3526 264417
52600 3254 261066 3534 264934
52700 3255 261552 3538 265448
52800 3259 262039 3542 265961
52900 3264 262577 3547 266423
53000 3269 262982 3550 267018
53100 3274 263454 3556 267546
53200 3280 263936 3557 268064
53300 3282 264389 3559 268611
53400 3285 264904 3565 269096
53500 3287 265495 3566 269505
53600 3292 265969 3573 270031
53700 3296 266528 3581 270472
53800 3304 266991 3591 271009
53900 3304 267495 3595 271505
54000 3308 268056 3601 271944
54100 3314 268609 3609 272391
54200 3317 269083 3614 272917
54300 3322 269581 3622 273419
54400 3326 270113 3627 273887
54500 3329 270587 3630 274413
54600 3335 271127 3636 274873
54700 3340 271589 3639 275411
54800 3342 272045 3645 275955
54900 3346 272545 3651 276455
55000 3358 273035 3659 276965
55100 3364 273539 3669 277461
55200 3366 274073 3675 277927
55300 3369 274660 3678 278340
55400 3374 275170 3681 278830
55500 3381 275637 3690 279363
55600 3385 276292 3695 279708
55700 3392 276896 3701 280104
55800 3396 277447 3708 280553
55900 3399 277940 3709 281060
56000 3404 278351 3714 281649
56100 3408 278857 3718 282143
56200 3414 279300 3721 282700
56300 3417 279784 3724 283216
56400 3418 280255 3726 283745
56500 3426 280683 3731 284317
56600 3427 281210 3738 284790
56700 3434 281708 3740 285292
56800 3441 282203 3748 285797
56900 3445 282700 3755 286300
57000 3450 283167 3764 286833
57100 3463 283712 3772 287288
57200 3467 284224 3774 287776
57300 3471 284731 3778 288269
57400 3477 285179 3781 288821
57500 3481 285711 3789 289289
57600 3486 286249 3796 289751
57700 3494 286769 3804 290231
57800 3497 287197 3808 290803
57900 3502 287623 3813 291377
58000 3506 288103 3820 291897
58100 3508 288529 3823 292471
58200 3515 289089 3828 292911
58300 3520 289638 3834 293362
58400 3523 290146 3835 293854
58500 3532 290647 3840 294353
58600 3540 291163 3843 294837
58700 3543 291619 3849 295381
58800 3547 292046 3854 295954
58900 3554 292451 3862 296549
59000 3557 292953 3864 297047
59100 3562 293453 3867 297547
59200 3564 293919 3875 298081
59300 3577 294469 3884 298531
59400 3584 294915 3888 299085
59500 3588 295447 3896 299553
59600 3591 295993 3898 300007
59700 3596 296473 3903 300527
59800 3597 296840 3911 301160
59900 3602 297296 3915 301704
60000 3604 297892 3918 302108
60100 3610 298321 3923 302679
60200 3613 298861 3929 303139
60300 3615 299421 3931 303579
60400 3619 299922 3937 304078
60500 3634 300490 3940 304510
60600 3638 301062 3947 304938
60700 3644 301523 3951 305477
60800 3650 302108 3960 305892
60900 3654 302760 3967 306240
61000 3657 303239 3972 306761
61100 3665 303701 3974 307299
61200 3674 304228 3978 307772
61300 3676 304809 3987 308191
61400 3679 305360 3988 308640
61500 3683 305858 3993 309142
61600 3689 306343 3998 309657
61700 3690 306917 4006 310083
61800 3696 307412 4012 310588
61900 3701 307876 4019 311124
62000 3703 308424 4024 311576
62100 3713 308952 4027 312048
62200 3715 309465 4033 312535
62300 3721 310017 4037 312983
62400 3727 310490 4041 313510
62500 3733 311035 4044 313965
62600 3741 311565 4047 314435
62700 3749 312103 4058 314897
62800 3754 312700 4066 315300
62900 3759 313219 4073 315781
63000 3763 313663 4079 316337
63100 3767 314250 4083 316750
63200 3771 314820 4089 317180
63300 3778 315280 4092 317720
63400 3780 315801 4100 318199
63500 3790 316285 4110 318715
63600 3798 316848 4117 319152
63700 3800 317347 4120 319653
63800 3803 317874 4122 320126
63900 3810 318446 4128 320554
64000 3816 318935 4131 321065
64100 3820 319385 4136 321615
64200 3822 319882 4143 322118
64300 3830 320354 4146 322646
64400 3838 320823 4160 323177
64500 3851 321248 4171 323752
64600 3855 321732 4179 324268
64700 3856 322262 4183 324738
64800 3862 322698 4191 325302
64900 3865 323213 4194 325787
65000 3870 323680 4197 326320
65100 3875 324116 4203 326884
65200 3878 324590 4206 327410
65300 3881 325023 4210 327977
65400 3887 325625 4216 328375
65500 3891 326045 4221 328955
65600 3897 326524 4226 329476
65700 3899 326935 4232 330065
65800 3902 327491 4237 330509
65900 3904 327945 4242 331055
66000 3909 328432 4247 331568
66100 3915 329010 4252 331990
66200 3917 329476 4256 332524
66300 3918 329969 4264 333031
66400 3926 330559 4267 333441
66500 3934 331054 4271 333946
66600 3938 331606 4273 334394
66700 3944 332091 4278 334909
66800 3952 332575 4279 335425
66900 3961 333051 4285 335949
67000 3963 333399 4289 336601
67100 3967 333836 4292 337164
67200 3969 334236 4294 337764
67300 3972 334671 4296 338329
67400 3981 335204 4303 338796
67500 3986 335635 4307 339365
67600 3991 336201 4312 339799
67700 3991 336694 4318 340306
67800 3993 337114 4321 340886
67900 3998 337547 4326 341453
68000 4003 338019 4330 341981
68100 4010 338510 4334 342490
68200 4014 338938 4338 343062
68300 4017 339497 4338 343503
68400 4018 339956 4344 344044
68500 4023 340489 4350 344511
68600 4025 341061 4357 344939
68700 4032 341568 4361 345432
68800 4036 342099 4366 345901
68900 4042 342520 4372 346480
69000 4052 343002 4379 346998
69100 4061 343495 4383 347505
69200 4064 344047 4389 347953
69300 4070 344624 4394 348376
69400 4073 345103 4398 348897
69500 4078 345584 4403 349416
69600 4080 346086 4404 349914
69700 4085 346639 4407 350361
69800 4088 347145 4411 350855
69900 4093 347693 4412 351307
70000 4098 348199 4413 351801
70100 4101 348677 4416 352323
70200 4108 349121 4419 352879
70300 4120 349576 4430 353424
70400 4124 350048 4438 353952
70500 4133 350550 4449 354450
70600 4143 350991 4460 355009
70700 4149 351427 4463 355573
70800 4151 351844 4466 356156
70900 4156 352335 4470 356665
71000 4165 352890 4477 357110
71100 4166 353365 4480 357635
71200 4170 353804 4484 358196
71300 4173 354247 4487 358753
71400 4175 354650 4492 359350
71500 4179 355162 4499 359838
71600 4180 355625 4502 360375
71700 4185 356174 4509 360826
71800 4191 356647 4514 361353
71900 4199 357151 4520 361849
72000 4208 357633 4526 362367
72100 4213 358046 4530 362954
72200 4217 358434 4536 363566
72300 4220 358971 4544 364029
72400 4224 359434 4549 364566
72500 4229 359951 4551 365049
72600 4234 360496 4558 365504
72700 4238 361019 4565 365981
72800 4240 361432 4568 366568
72900 4246 361885 4570 367115
73000 4250 362381 4573 367619
73100 4254 362810 4576 368190
73200 4257 363224 4584 368776
73300 4259 363694 4586 369306
73400 4260 364247 4592 369753
73500 4263 364727 4593 370273
73600 4269 365136 4597 370864
73700 4274 365649 4605 371351
73800 4279 366133 4613 371867
73900 4282 366671 4620 372329
74000 4287 367210 4624 372790
74100 4294 367737 4632 373263
74200 4295 368263 4637 373737
74300 4302 368871 4643 374129
74400 4310 369413 4645 374587
74500 4314 369775 4650 375225
74600 4319 370330 4660 375670
74700 4325 370782 4663 376218
74800 4331 371295 4665 376705
74900 4339 371784 4674 377216
75000 4345 372358 4680 377642
75100 4352 372886 4687 378114
75200 4357 373306 4690 378694
75300 4362 373780 4693 379220
75400 4367 374264 4696 379736
75500 4371 374667 4699 380333
75600 4378 375176 4703 380824
75700 4383 375619 4709 381381
75800 4392 376103 4713 381897
75900 4396 376529 4719 382471
76000 4404 377137 4722 382863
76100 4407 377737 4728 383263
76200 4413 378287 4732 383713
76300 4420 378888 4737 384112
76400 4428 379394 4748 384606
76500 4433 379866 4751 385134
76600 4436 380355 4756 385645
76700 4441 380888 4763 386112
76800 4445 381375 4767 386625
76900 4448 381838 4773 387162
77000 4456 382292 4779 387708
77100 4459 382729 4787 388271
77200 4463 383152 4796 388848
77300 4468 383667 4805 389333
77400 4469 384224 4809 389776
77500 4474 384698 4814 390302
77600 4481 385139 4821 390861
77700 4485 385550 4823 391450
77800 4491 386097 4830 391903
77900 4493 386617 4836 392383
78000 4501 387085 4843 392915
78100 4510 387550 4847 393450
78200 4511 388143 4851 393857
78300 4516 388614 4853 394386
78400 4526 389169 4857 394831
78500 4530 389611 4863 395389
78600 4534 390049 4868 395951
78700 4541 390530 4881 396470
78800 4545 390909 4887 397091
78900 4548 391385 4890 397615
79000 4556 391909 4894 398091
79100 4562 392479 4905 398521
79200 4567 393113 4909 398887
79300 4574 393680 4920 399320
79400 4578 394221 4927 399779
79500 4582 394719 4933 400281
79600 4587 395170 4937 400830
79700 4588 395637 4939 401363
79800 4594 396263 4945 401737
79900 4601 396752 4947 402248
80000 4605 397211 4950 402789
80100 4608 397656 4953 403344
80200 4613 398041 4958 403959
80300 4618 398479 4961 404521
80400 4621 398970 4968 405030
80500 4628 399490 4979 405510
80600 4630 400040 4984 405960
80700 4637 400557 4992 406443
80800 4643 401005 4996 406995
80900 4647 401502 5006 407498
81000 4652 401975 5014 408025
81100 4657 402563 5023 408437
81200 4659 403093 5027 408907
81300 4667 403613 5029 409387
81400 4672 404073 5033 409927
81500 4677 404513 5044 410487
81600 4684 405126 5048 410874
81700 4685 405625 5054 411375
81800 4691 406070 5061 411930
81900 4696 406473 5067 412527
82000 4699 406904 5073 413096
82100 4702 407317 5075 413683
82200 4712 407764 5080 414236
82300 4717 408171 5084 414829
82400 4722 408701 5088 415299
82500 4726 409168 5092 415832
82600 4733 409640 5095 416360
82700 4737 410123 5099 416877
82800 4746 410601 5102 417399
82900 4755 411119 5105 417881
83000 4761 411658 5110 418342
83100 4771 412176 5114 418824
83200 4779 412774 5124 419226
83300 4787 413326 5134 419674
83400 4791 413888 5139 420112
83500 4793 414367 5143 420633
83600 4797 414772 5147 421228
83700 4803 415234 5152 421766
83800 4807 415738 5155 422262
83900 4811 416246 5158 422754
84000 4819 416739 5161 423261
84100 4821 417154 5164 423846
84200 4829 417611 5169 424389
84300 4831 418195 5170 424805
84400 4837 418702 5176 425298
84500 4843 419190 5184 425810
84600 4846 419635 5189 426365
84700 4848 420158 5192 426842
84800 4850 420665 5200 427335
84900 4853 421235 5201 427765
85000 4859 421836 5203 428164
85100 4864 422379 5211 428621
85200 4870 422829 5219 429171
85300 4884 423315 5225 429685
85400 4887 423797 5229 430203
85500 4895 424308 5235 430692
85600 4897 424847 5247 431153
85700 4899 425284 5250 431716
85800 4908 425602 5253 432398
85900 4911 426075 5259 432925
86000 4921 426633 5267 433367
86100 4925 427163 5272 433837
86200 4930 427784 5279 434216
86300 4935 428371 5284 434629
86400 4943 428956 5291 435044
86500 4949 429482 5294 435518
86600 4954 430013 5300 435987
86700 4956 430570 5304 436430
86800 4962 431163 5313 436837
86900 4966 431674 5321 437326
87000 4974 432189 5325 437811
87100 4980 432671 5329 438329
87200 4982 433123 5336 438877
87300 4985 433707 5340 439293
87400 4989 434104 5346 439896
87500 4993 434576 5350 440424
87600 4995 435088 5353 440912
87700 5003 435574 5359 441426
87800 5003 436005 5362 441995
87900 5008 436518 5366 442482
88000 5013 436995 5371 443005
88100 5017 437465 5372 443535
88200 5019 437995 5374 444005
88300 5023 438483 5376 444517
88400 5026 438960 5381 445040
88500 5040 439483 5385 445517
88600 5044 440044 5391 445956
88700 5045 440476 5393 446524
88800 5054 440953 5400 447047
88900 5063 441362 5407 447638
89000 5071 441853 5413 448147
89100 5077 442338 5417 448662
89200 5080 442855 5419 449145
89300 5082 443476 5423 449524
89400 5086 443934 5426 450066
89500 5092 444409 5431 450591
89600 5096 444799 5435 451201
89700 5101 445274 5437 451726
89800 5105 445799 5443 452201
89900 5110 446212 5445 452788
90000 5114 446778 5449 453222
90100 5118 447192 5453 453808
90200 5127 447752 5462 454248
90300 5131 448313 5468 454687
90400 5135 448895 5475 455105
90500 5138 449341 5482 455659
90600 5142 449818 5484 456182
90700 5147 450364 5488 456636
90800 5151 450790 5490 457210
90900 5155 451276 5495 457724
91000 5160 451723 5500 458277
91100 5161 452318 5507 458682
91200 5169 452751 5512 459249
91300 5170 453257 5514 459743
91400 5179 453735 5520 460265
91500 5183 454213 5524 460787
91600 5190 454651 5531 461349
91700 5198 455258 5538 461742
91800 5204 455674 5543 462326
91900 5207 456262 5547 462738
92000 5211 456884 5554 463116
92100 5215 457322 5561 463678
92200 5224 457904 5563 464096
92300 5226 458459 5566 464541
92400 5234 458895 5572 465105
92500 5236 459490 5576 465510
92600 5241 459855 5581 466145
92700 5250 460305 5586 466695
92800 5254 460869 5590 467131
92900 5260 461317 5594 467683
93000 5267 461826 5595 468174
93100 5271 462245 5597 468755
93200 5274 462772 5607 469228
93300 5283 463211 5612 469789
93400 5289 463684 5620 470316
93500 5294 464210 5629 470790
93600 5298 464826 5639 471174
93700 5302 465423 5644 471577
93800 5312 465944 5654 472056
93900 5315 466446 5658 472554
94000 5322 466850 5664 473150
94100 5328 467423 5671 473577
94200 5330 467820 5674 474180
94300 5335 468260 5685 474740
94400 5340 468768 5690 475232
94500 5346 469382 5695 475618
94600 5349 469883 5703 476117
94700 5357 470310 5706 476690
94800 5365 470833 5718 477167
94900 5369 471301 5726 477699
95000 5374 471767 5733 478233
95100 5376 472218 5734 478782
95200 5380 472658 5738 479342
95300 5384 473129 5739 479871
95400 5389 473503 5743 480497
95500 5393 474043 5746 480957
95600 5394 474566 5749 481434
95700 5398 475064 5759 481936
95800 5403 475476 5763 482524
95900 5406 476006 5766 482994
96000 5411 476453 5775 483547
96100 5416 476935 5779 484065
96200 5418 477437 5782 484563
96300 5422 477936 5786 485064
96400 5425 478504 5792 485496
96500 5431 478966 5795 486034
96600 5436 479455 5801 486545
96700 5446 479936 5804 487064
96800 5449 480561 5808 487439
96900 5459 481172 5814 487828
97000 5464 481702 5819 488298
97100 5470 482192 5822 488808
97200 5476 482719 5826 489281
97300 5486 483193 5832 489807
97400 5489 483657 5838 490343
97500 5497 484194 5846 490806
97600 5500 484667 5848 491333
97700 5501 485130 5854 491870
97800 5511 485643 5860 492357
97900 5521 486149 5866 492851
98000 5526 486637 5871 493363
98100 5531 487132 5877 493868
98200 5539 487665 5879 494335
98300 5542 488132 5883 494868
98400 5550 488588 5891 495412
98500 5554 489197 5894 495803
98600 5561 489647 5906 496353
98700 5563 490195 5911 496805
98800 5566 490660 5914 497340
98900 5572 491207 5917 497793
99000 5576 491786 5922 498214
99100 5582 492285 5928 498715
99200 5586 492750 5932 499250
99300 5593 493201 5936 499799
99400 5599 493781 5942 500219
99500 5607 494310 5951 500690
99600 5613 494836 5960 501164
99700 5623 495387 5962 501613
99800 5627 495976 5968 502024
99900 5633 496527 5973 502473
100000 5633 496975 5975 503025
100100 5636 497454 5979 503546
100200 5643 497874 5982 504126
100300 5648 498320 5985 504680
100400 5652 498803 5994 505197
100500 5662 499283 6001 505717
100600 5668 499731 6008 506269
100700 5673 500128 6014 506872
100800 5674 500557 6026 507443
100900 5676 501171 6027 507829
101000 5679 501687 6034 508313
101100 5681 502120 6037 508880
101200 5686 502656 6042 509344
101300 5690 503108 6042 509892
101400 5697 503570 6043 510430
101500 5702 504054 6047 510946
101600 5706 504657 6051 511343
101700 5708 505149 6057 511851
101800 5718 505689 6063 512311
101900 5725 506148 6068 512852
102000 5730 506732 6074 513268
102100 5736 507258 6079 513742
102200 5743 507779 6087 514221
102300 5750 508364 6101 514636
102400 5753 508905 6105 515095
102500 5756 509402 6116 515598
102600 5761 509947 6125 516053
102700 5767 510592 6131 516408
102800 5768 511114 6137 516886
102900 5773 511732 6137 517268
103000 5777 512169 6139 517831
103100 5779 512622 6145 518378
103200 5787 513156 6147 518844
103300 5791 513657 6148 519343
103400 5795 514165 6153 519835
103500 5800 514620 6157 520380
103600 5805 515128 6159 520872
103700 5806 515602 6166 521398
103800 5808 516169 6166 521831
103900 5809 516724 6172 522276
104000 5817 517228 6180 522772
104100 5823 517780 6187 523220
104200 5828 518385 6191 523615
104300 5832 518970 6194 524030
104400 5839 519525 6204 524475
104500 5842 520049 6206 524951
104600 5846 520581 6208 525419
104700 5851 521035 6209 525965
104800 5858 521484 6215 526516
104900 5862 521987 6220 527013
105000 5864 522465 6225 527535
105100 5865 523010 6227 527990
105200 5870 523519 6231 528481
105300 5878 524063 6235 528937
105400 5881 524710 6238 529290
105500 5887 525274 6243 529726
105600 5893 525800 6252 530200
105700 5901 526235 6260 530765
105800 5904 526713 6270 531287
105900 5913 527069 6275 531931
106000 5916 527444 6278 532556
106100 5920 527918 6281 533082
106200 5921 528438 6284 533562
106300 5929 528981 6288 534019
106400 5939 529571 6293 534429
106500 5945 530011 6301 534989
106600 5946 530468 6307 535532
106700 5948 530905 6311 536095
106800 5950 531446 6313 536554
106900 5955 531980 6315 537020
107000 5959 532501 6320 537499
107100 5967 533015 6326 537985
107200 5970 533542 6329 538458
107300 5980 534061 6330 538939
107400 5985 534607 6334 539393
107500 5990 535087 6340 539913
107600 5996 535562 6345 540438
107700 6000 536117 6350 540883
107800 6005 536525 6352 541475
107900 6010 536907 6355 542093
108000 6015 537573 6360 542427
108100 6026 538003 6369 542997
108200 6030 538569 6374 543431
108300 6034 539063 6380 543937
108400 6038 539465 6388 544535
108500 6039 540013 6394 544987
108600 6039 540498 6400 545502
108700 6045 541069 6403 545931
108800 6050 541594 6404 546406
108900 6053 542168 6408 546832
109000 6057 542669 6415 547331
109100 6060 543085 6416 547915
109200 6067 543664 6421 548336
109300 6072 544120 6424 548880
109400 6074 544601 6427 549399
109500 6081 545102 6429 549898
109600 6086 545626 6431 550374
109700 6091 546131 6438 550869
109800 6093 546561 6445 551439
109900 6095 547103 6446 551897
110000 6100 547580 6457 552420
110100 6106 548075 6461 552925
110200 6108 548607 6463 553393
110300 6110 549156 6469 553844
110400 6114 549687 6476 554313
110500 6119 550178 6483 554822
110600 6123 550700 6489 555300
110700 6132 551139 6494 555861
110800 6133 551694 6501 556306
110900 6137 552124 6509 556876
111000 6148 552589 6515 557411
111100 6150 553035 6518 557965
111200 6152 553589 6522 558411
111300 6156 554172 6526 558828
111400 6159 554687 6527 559313
111500 6162 555210 6531 559790
111600 6165 555669 6538 560331
111700 6165 556199 6538 560801
111800 6167 556679 6538 561321
111900 6168 557181 6542 561819
112000 6175 557638 6547 562362
112100 6186 558110 6553 562890
112200 6193 558693 6557 563307
112300 6195 559210 6558 563790
112400 6204 559699 6561 564301
112500 6208 560284 6564 564716
112600 6216 560859 6573 565141
112700 6221 561347 6578 565653
112800 6223 561872 6581 566128
112900 6225 562357 6587 566643
113000 6228 562862 6590 567138
113100 6229 563330 6597 567670
113200 6239 563806 6602 568194
113300 6240 564295 6605 568705
113400 6243 564731 6611 569269
113500 6249 565180 6613 569820
113600 6251 565700 6616 570300
113700 6251 566180 6626 570820
113800 6254 566550 6628 571450
113900 6259 566981 6630 572019
114000 6263 567432 6634 572568
114100 6267 568031 6641 572969
114200 6273 568617 6646 573383
114300 6281 569131 6651 573869
114400 6287 569552 6654 574448
114500 6289 570094 6658 574906
114600 6294 570538 6660 575462
114700 6299 571068 6665 575932
114800 6303 571511 6667 576489
114900 6306 571983 6672 577017
115000 6311 572449 6679 577551
115100 6313 572804 6684 578196
115200 6318 573341 6688 578659
115300 6323 573849 6690 579151
115400 6329 574356 6700 579644
115500 6338 574814 6708 580186
115600 6342 575239 6714 580761
115700 6349 575766 6722 581234
115800 6354 576267 6734 581733
115900 6359 576754 6740 582246
116000 6364 577239 6746 582761
116100 6372 577634 6751 583366
116200 6372 578167 6753 583833
116300 6379 578672 6759 584328
116400 6381 579079 6762 584921
116500 6384 579630 6765 585370
116600 6389 580140 6769 585860
116700 6403 580673 6773 586327
116800 6407 581256 6778 586744
116900 6409 581687 6784 587313
117000 6416 582139 6796 587861
117100 6426 582626 6806 588374
117200 6434 583240 6813 588760
117300 6440 583836 6818 589164
117400 6445 584354 6820 589646
117500 6455 584809 6822 590191
117600 6465 585302 6826 590698
117700 6472 585662 6836 591338
117800 6481 586294 6844 591706
117900 6485 586794 6847 592206
118000 6488 587401 6852 592599
118100 6495 587891 6859 593109
118200 6502 588418 6862 593582
118300 6506 588922 6863 594078
118400 6511 589453 6867 594547
118500 6517 589999 6870 595001
118600 6520 590462 6874 595538
118700 6525 590966 6877 596034
118800 6528 591374 6880 596626
118900 6532 591901 6885 597099
119000 6535 592390 6886 597610
119100 6548 592876 6895 598124
119200 6554 593496 6902 598504
119300 6556 593972 6905 599028
119400 6562 594554 6909 599446
119500 6564 594939 6913 600061
119600 6568 595515 6915 600485
119700 6574 595985 6920 601015
119800 6583 596438 6924 601562
119900 6590 596928 6930 602072
120000 6595 597414 6933 602586
120100 6605 597950 6938 603050
120200 6615 598445 6939 603555
120300 6617 599073 6943 603927
120400 6625 599648 6948 604352
120500 6632 600055 6951 604945
120600 6635 600580 6957 605420
120700 6638 601187 6962 605813
120800 6642 601589 6966 606411
120900 6646 602149 6967 606851
121000 6651 602660 6972 607340
121100 6656 603172 6977 607828
121200 6658 603743 6985 608257
121300 6664 604242 6986 608758
121400 6670 604810 6988 609190
121500 6678 605273 6992 609727
121600 6682 605815 6996 610185
121700 6682 606333 7000 610667
121800 6689 606797 7007 611203
121900 6694 607267 7014 611733
122000 6702 607733 7022 612267
122100 6706 608159 7028 612841
122200 6714 608634 7033 613366
122300 6716 609175 7038 613825
122400 6726 609810 7044 614190
122500 6727 610316 7044 614684
122600 6729 610808 7046 615192
122700 6732 611258 7052 615742
122800 6738 611728 7057 616272
122900 6746 612218 7062 616782
123000 6752 612765 7065 617235
123100 6759 613295 7073 617705
123200 6763 613882 7079 618118
123300 6772 614507 7085 618493
123400 6777 615036 7096 618964
123500 6781 615506 7101 619494
123600 6784 615939 7102 620061
123700 6793 616427 7103 620573
123800 6799 617017 7109 620983
123900 6804 617488 7110 621512
124000 6808 617972 7116 622028
124100 6817 618420 7118 622580
124200 6820 619022 7125 622978
124300 6822 619579 7132 623421
124400 6827 620096 7133 623904
124500 6834 620643 7141 624357
124600 6839 621050 7145 624950
124700 6842 621560 7148 625440
124800 6847 622155 7154 625845
124900 6850 622640 7158 626360
125000 6853 623195 7164 626805
125100 6857 623716 7167 627284
125200 6860 624172 7171 627828
125300 6861 624628 7173 628372
125400 6865 625250 7176 628750
125500 6870 625771 7183 629229
125600 6874 626237 7188 629763
125700 6882 626731 7191 630269
125800 6887 627272 7194 630728
125900 6893 627756 7200 631244
126000 6893 628161 7205 631839
126100 6899 628509 7215 632491
126200 6908 628985 7219 633015
126300 6912 629461 7225 633539
126400 6914 629880 7229 634120
126500 6920 630322 7235 634678
126600 6926 630795 7236 635205
126700 6930 631385 7239 635615
126800 6937 631877 7245 636123
126900 6946 632328 7258 636672
127000 6949 632782 7261 637218
127100 6955 633233 7262 637767
127200 6958 633674 7267 638326
127300 6964 634224 7274 638776
127400 6972 634723 7280 639277
127500 6976 635182 7286 639818
127600 6978 635610 7293 640390
127700 6988 636046 7299 640954
127800 6992 636548 7302 641452
127900 6996 637107 7302 641893
128000 6997 637705 7309 642295
128100 7003 638181 7316 642819
128200 7011 638633 7323 643367
128300 7015 639097 7329 643903
128400 7022 639581 7334 644419
128500 7031 640126 7346 644874
128600 7036 640608 7351 645392
128700 7041 641176 7357 645824
128800 7044 641654 7364 646346
128900 7048 642130 7365 646870
129000 7057 642756 7370 647244
129100 7062 643151 7373 647849
129200 7067 643672 7378 648328
129300 7076 644196 7385 648804
129400 7081 644667 7395 649333
129500 7086 645187 7399 649813
129600 7089 645656 7402 650344
129700 7092 646102 7405 650898
129800 7093 646549 7410 651451
129900 7098 647046 7414 651954
130000 7105 647538 7421 652462
130100 7109 648081 7421 652919
130200 7115 648602 7422 653398
130300 7127 649118 7427 653882
130400 7131 649676 7430 654324
130500 7134 650084 7436 654916
130600 7138 650602 7440 655398
130700 7141 650988 7447 656012
130800 7146 651567 7448 656433
130900 7149 652019 7455 656981
131000 7152 652496 7459 657504
131100 7154 652962 7467 658038
131200 7161 653553 7470 658447
131300 7167 654020 7484 658980
131400 7176 654541 7489 659459
131500 7183 655085 7494 659915
131600 7185 655669 7497 660331
131700 7189 656233 7500 660767
131800 7197 656717 7507 661283
131900 7206 657317 7510 661683
132000 7212 657781 7516 662219
132100 7220 658257 7521 662743
132200 7229 658738 7523 663262
132300 7236 659203 7530 663797
132400 7238 659670 7536 664330
132500 7249 660218 7541 664782
132600 7257 660774 7545 665226
132700 7262 661213 7547 665787
132800 7270 661675 7553 666325
132900 7272 662126 7557 666874
133000 7282 662543 7558 667457
133100 7286 663038 7565 667962
133200 7290 663477 7567 668523
133300 7293 663933 7571 669067
133400 7299 664528 7575 669472
133500 7305 665018 7581 669982
133600 7312 665566 7590 670434
133700 7318 666068 7599 670932
133800 7320 666561 7603 671439
133900 7327 666950 7608 672050
134000 7334 667471 7612 672529
134100 7339 667926 7617 673074
134200 7342 668457 7620 673543
134300 7345 669078 7626 673922
134400 7351 669592 7629 674408
134500 7356 670084 7636 674916
134600 7366 670517 7639 675483
134700 7369 671090 7645 675910
134800 7371 671680 7650 676320
134900 7374 672152 7654 676848
135000 7380 672707 7660 677293
135100 7385 673209 7666 677791
135200 7389 673722 7671 678278
135300 7399 674180 7678 678820
135400 7407 674669 7686 679331
135500 7412 675305 7691 679695
135600 7419 675814 7697 680186
135700 7423 676219 7700 680781
135800 7427 676729 7704 681271
135900 7435 677252 7710 681748
136000 7443 677777 7714 682223
136100 7446 678163 7718 682837
136200 7453 678546 7720 683454
136300 7459 679051 7732 683949
136400 7467 679477 7733 684523
136500 7472 679934 7740 685066
136600 7479 680336 7744 685664
136700 7485 680789 7749 686211
136800 7492 681312 7754 686688
136900 7495 681840 7756 687160
137000 7497 682296 7760 687704
137100 7501 682842 7770 688158
137200 7503 683355 7775 688645
137300 7507 683894 7777 689106
137400 7510 684373 7783 689627
137500 7511 684952 7785 690048
137600 7521 685427 7789 690573
137700 7527 686015 7798 690985
137800 7535 686463 7805 691537
137900 7542 686916 7816 692084
138000 7549 687511 7821 692489
138100 7561 688132 7833 692868
138200 7571 688700 7843 693300
138300 7576 689185 7849 693815
138400 7581 689656 7855 694344
138500 7586 690180 7860 694820
138600 7591 690677 7864 695323
138700 7599 691163 7870 695837
138800 7606 691620 7874 696380
138900 7612 691947 7877 697053
139000 7617 692568 7880 697432
139100 7617 693001 7885 697999
139200 7620 693440 7889 698560
139300 7624 693973 7894 699027
139400 7626 694537 7898 699463
139500 7633 695041 7902 699959
139600 7638 695493 7905 700507
139700 7640 695942 7911 701058
139800 7646 696472 7918 701528
139900 7648 696994 7920 702006
140000 7651 697483 7927 702517
140100 7656 697957 7931 703043
140200 7665 698461 7936 703539
140300 7671 698958 7940 704042
140400 7673 699587 7945 704413
140500 7676 700094 7950 704906
140600 7679 700557 7957 705443
140700 7685 700947 7964 706053
140800 7691 701476 7969 706524
140900 7694 702064 7972 706936
141000 7699 702603 7972 707397
141100 7708 703041 7977 707959
141200 7714 703507 7980 708493
141300 7720 704049 7985 708951
141400 7726 704511 7990 709489
141500 7735 705004 7995 709996
141600 7736 705542 8004 710458
141700 7737 706027 8008 710973
141800 7741 706549 8011 711451
141900 7745 707073 8019 711927
142000 7751 707452 8028 712548
142100 7756 708031 8034 712969
142200 7767 708498 8042 713502
142300 7777 709028 8047 713972
142400 7780 709506 8052 714494
142500 7782 709970 8054 715030
142600 7783 710468 8057 715532
142700 7789 710929 8062 716071
142800 7801 711434 8067 716566
142900 7812 712058 8073 716942
143000 7820 712642 8083 717358
143100 7826 713170 8087 717830
143200 7827 713666 8094 718334
143300 7842 714120 8103 718880
143400 7846 714781 8106 719219
143500 7854 715399 8111 719601
143600 7861 715835 8119 720165
143700 7863 716326 8121 720674
143800 7865 716889 8126 721111
143900 7868 717388 8129 721612
144000 7870 717838 8134 722162
144100 7874 718318 8136 722682
144200 7879 718841 8137 723159
144300 7883 719386 8144 723614
144400 7892 719871 8146 724129
144500 7900 720405 8151 724595
144600 7901 720889 8155 725111
144700 7905 721427 8158 725573
144800 7909 721934 8161 726066
144900 7910 722451 8166 726549
145000 7922 722977 8175 727023
145100 7925 723466 8180 727534
145200 7929 723959 8188 728041
145300 7933 724485 8198 728515
145400 7940 724952 8202 729048
145500 7944 725462 8205 729538
145600 7950 725851 8210 730149
145700 7955 726213 8213 730787
145800 7961 726693 8224 731307
145900 7962 727167 8228 731833
146000 7967 727654 8231 732346
146100 7975 728153 8235 732847
146200 7978 728734 8236 733266
146300 7981 729257 8238 733743
146400 7986 729650 8247 734350
146500 7988 730193 8248 734807
146600 7997 730749 8251 735251
146700 8003 731225 8256 735775
146800 8007 731667 8257 736333
146900 8010 732067 8260 736933
147000 8016 732581 8263 737419
147100 8020 733171 8268 737829
147200 8020 733577 8272 738423
147300 8024 734024 8278 738976
147400 8030 734618 8281 739382
147500 8038 735052 8284 739948
147600 8041 735549 8290 740451
147700 8047 736171 8294 740829
147800 8052 736663 8296 741337
147900 8056 737219 8301 741781
148000 8058 737656 8304 742344
148100 8062 738145 8308 742855
148200 8066 738596 8315 743404
148300 8075 739131 8323 743869
148400 8078 739570 8330 744430
148500 8084 740122 8334 744878
148600 8086 740717 8336 745283
148700 8091 741224 8343 745776
148800 8096 741747 8354 746253
148900 8099 742293 8362 746707
149000 8105 742791 8368 747209
149100 8111 743224 8371 747776
149200 8117 743641 8377 748359
149300 8123 744117 8381 748883
149400 8128 744674 8384 749326
149500 8131 745216 8386 749784
149600 8135 745762 8389 750238
149700 8137 746162 8393 750838
149800 8144 746762 8399 751238
149900 8153 747249 8401 751751
150000 8161 747629 8406 752371
150100 8163 748118 8409 752882
150200 8165 748616 8411 753384
150300 8169 749056 8416 753944
150400 8175 749433 8424 754567
150500 8179 749923 8429 755077
150600 8183 750358 8432 755642
150700 8192 750880 8438 756120
150800 8199 751405 8442 756595
150900 8205 751916 8445 757084
151000 8214 752337 8452 757663
151100 8222 752868 8459 758132
151200 8229 753379 8464 758621
151300 8231 753870 8468 759130
151400 8235 754382 8472 759618
151500 8243 754925 8477 760075
151600 8247 755410 8479 760590
151700 8253 755906 8481 761094
151800 8256 756423 8490 761577
151900 8259 756866 8493 762134
152000 8262 757352 8495 762648
152100 8265 757822 8502 763178
152200 8269 758263 8508 763737
152300 8275 758762 8513 764238
152400 8281 759250 8519 764750
152500 8288 759692 8525 765308
152600 8291 760163 8527 765837
152700 8298 760489 8534 766511
152800 8300 761145 8536 766855
152900 8302 761796 8538 767204
153000 8306 762372 8545 767628
153100 8310 762814 8551 768186
153200 8312 763320 8554 768680
153300 8315 763877 8556 769123
153400 8318 764488 8557 769512
153500 8324 764993 8560 770007
153600 8328 765507 8568 770493
153700 8337 765986 8572 771014
153800 8341 766508 8578 771492
153900 8347 767007 8583 771993
154000 8351 767369 8587 772631
154100 8356 767838 8590 773162
154200 8363 768307 8600 773693
154300 8369 768751 8602 774249
154400 8370 769209 8604 774791
154500 8374 769677 8608 775323
154600 8381 770171 8615 775829
154700 8384 770701 8623 776299
154800 8393 771204 8631 776796
154900 8397 771681 8636 777319
155000 8402 772167 8639 777833
155100 8406 772672 8641 778328
155200 8411 773241 8648 778759
155300 8417 773661 8651 779339
155400 8422 774186 8652 779814
155500 8424 774675 8657 780325
155600 8424 775169 8660 780831
155700 8428 775577 8666 781423
155800 8439 776109 8669 781891
155900 8445 776622 8672 782378
156000 8451 777194 8676 782806
156100 8454 777657 8678 783343
156200 8458 778193 8683 783807
156300 8462 778660 8687 784340
156400 8469 779047 8691 784953
156500 8476 779595 8695 785405
156600 8485 780050 8696 785950
156700 8489 780502 8703 786498
156800 8496 781020 8706 786980
156900 8499 781462 8713 787538
157000 8505 781900 8718 788100
157100 8509 782390 8720 788610
157200 8512 782834 8721 789166
157300 8520 783308 8729 789692
157400 8524 783790 8739 790210
157500 8528 784174 8744 790826
157600 8535 784618 8747 791382
157700 8538 785081 8750 791919
157800 8539 785622 8754 792378
157900 8539 786156 8757 792844
158000 8544 786633 8766 793367
158100 8547 787045 8768 793955
158200 8549 787525 8770 794475
158300 8554 787961 8772 795039
158400 8560 788445 8777 795555
158500 8565 788862 8779 796138
158600 8569 789314 8786 796686
158700 8575 789727 8790 797273
158800 8583 790209 8800 797791
158900 8584 790728 8808 798272
159000 8589 791222 8815 798778
159100 8594 791702 8819 799298
159200 8597 792201 8826 799799
159300 8602 792698 8828 800302
159400 8608 793224 8832 800776
159500 8609 793721 8837 801279
159600 8610 794288 8842 801712
159700 8616 794829 8846 802171
159800 8625 795259 8856 802741
159900 8630 795712 8860 803288
160000 8634 796133 8864 803867
160100 8643 796548 8872 804452
160200 8650 797055 8876 804945
160300 8655 797500 8881 805500
160400 8659 797885 8888 806115
160500 8662 798381 8894 806619
160600 8668 798886 8898 807114
160700 8673 799525 8906 807475
160800 8676 800048 8911 807952
160900 8682 800495 8919 808505
161000 8685 801033 8921 808967
161100 8691 801556 8927 809444
161200 8699 802042 8934 809958
161300 8703 802485 8941 810515
161400 8706 802929 8945 811071
161500 8710 803391 8949 811609
161600 8717 803807 8956 812193
161700 8718 804310 8958 812690
161800 8724 804801 8963 813199
161900 8726 805287 8967 813713
162000 8730 805762 8973 814238
162100 8732 806355 8983 814645
162200 8736 806839 8990 815161
162300 8744 807315 8994 815685
162400 8747 807840 9002 816160
162500 8750 808398 9014 816602
162600 8758 808990 9016 817010
162700 8760 809521 9018 817479
162800 8763 810068 9026 817932
162900 8765 810570 9031 818430
163000 8770 811061 9038 818939
163100 8774 811573 9046 819427
163200 8778 812057 9049 819943
163300 8785 812512 9055 820488
163400 8788 813059 9059 820941
163500 8792 813519 9066 821481
163600 8796 814047 9070 821953
163700 8803 814553 9076 822447
163800 8808 814980 9079 823020
163900 8814 815534 9082 823466
164000 8816 816227 9094 823773
164100 8819 816669 9097 824331
164200 8827 817166 9103 824834
164300 8832 817562 9107 825438
164400 8835 818133 9111 825867
164500 8838 818711 9116 826289
164600 8846 819300 9124 826700
164700 8853 819856 9134 827144
164800 8858 820443 9141 827557
164900 8863 821015 9144 827985
165000 8870 821485 9147 828515
165100 8871 821967 9149 829033
165200 8877 822507 9153 829493
165300 8882 823004 9161 829996
165400 8887 823470 9172 830530
165500 8892 823956 9177 831044
165600 8900 824375 9183 831625
165700 8905 824870 9186 832130
165800 8905 825495 9188 832505
165900 8912 826073 9190 832927
166000 8919 826457 9192 833543
166100 8922 826869 9198 834131
166200 8930 827448 9204 834552
166300 8935 827997 9208 835003
166400 8940 828472 9214 835528
166500 8947 828951 9221 836049
166600 8950 829366 9228 836634
166700 8954 829852 9236 837148
166800 8959 830336 9239 837664
166900 8966 830779 9250 838221
167000 8972 831345 9254 838655
167100 8978 831829 9265 839171
167200 8986 832416 9272 839584
167300 8994 832987 9273 840013
167400 9004 833546 9279 840454
167500 9013 833991 9283 841009
167600 9016 834486 9287 841514
167700 9020 834985 9293 842015
167800 9024 835435 9299 842565
167900 9027 835892 9307 843108
168000 9031 836402 9312 843598
168100 9038 836961 9314 844039
168200 9047 837413 9318 844587
168300 9051 837930 9324 845070
168400 9056 838455 9331 845545
168500 9059 838983 9331 846017
168600 9063 839480 9341 846520
168700 9070 840066 9346 846934
168800 9078 840694 9351 847306
168900 9083 841344 9359 847656
169000 9092 841902 9366 848098
169100 9099 842420 9370 848580
169200 9105 843019 9381 848981
169300 9106 843567 9384 849433
169400 9112 844116 9386 849884
169500 9114 844607 9395 850393
169600 9124 845119 9400 850881
169700 9131 845680 9402 851320
169800 9140 846252 9404 851748
169900 9146 846685 9407 852315
170000 9150 847217 9410 852783
170100 9157 847749 9419 853251
170200 9159 848086 9422 853914
170300 9161 848557 9428 854443
170400 9167 848995 9435 855005
170500 9171 849440 9438 855560
170600 9174 850009 9439 855991
170700 9178 850448 9444 856552
170800 9185 851028 9445 856972
170900 9189 851511 9448 857489
171000 9190 852033 9455 857967
171100 9194 852553 9462 858447
171200 9196 852944 9469 859056
171300 9204 853375 9474 859625
171400 9208 853811 9479 860189
171500 9212 854236 9484 860764
171600 9218 854676 9488 861324
171700 9219 855189 9492 861811
171800 9226 855740 9496 862260
171900 9230 856267 9503 862733
172000 9232 856729 9509 863271
172100 9237 857318 9515 863682
172200 9244 857879 9523 864121
172300 9253 858417 9526 864583
172400 9261 858948 9533 865052
172500 9266 859468 9544 865532
172600 9274 860026 9551 865974
172700 9278 860491 9558 866509
172800 9279 860968 9563 867032
172900 9287 861572 9574 867428
173000 9294 862155 9579 867845
173100 9298 862662 9584 868338
173200 9311 863189 9591 868811
173300 9314 863616 9596 869384
173400 9321 864166 9600 869834
173500 9328 864623 9608 870377
173600 9333 865054 9617 870946
173700 9343 865517 9622 871483
173800 9346 866043 9626 871957
173900 9350 866602 9632 872398
174000 9354 867089 9639 872911
174100 9362 867651 9643 873349
174200 9369 867988 9651 874012
174300 9373 868473 9652 874527
174400 9377 868950 9662 875050
174500 9383 869514 9666 875486
174600 9387 870091 9670 875909
174700 9388 870622 9675 876378
174800 9394 871126 9677 876874
174900 9399 871683 9680 877317
175000 9402 872171 9683 877829
175100 9407 872665 9687 878335
175200 9415 873189 9695 878811
175300 9420 873583 9697 879417
175400 9426 874113 9699 879887
175500 9432 874592 9703 880408
175600 9438 874982 9705 881018
175700 9442 875561 9709 881439
175800 9449 876081 9714 881919
175900 9456 876581 9721 882419
176000 9459 877122 9723 882878
176100 9463 877558 9725 883442
176200 9464 878055 9729 883945
176300 9468 878533 9736 884467
176400 9474 878928 9738 885072
176500 9477 879443 9743 885557
176600 9484 879973 9747 886027
176700 9493 880460 9750 886540
176800 9499 881025 9753 886975
176900 9508 881641 9762 887359
177000 9514 882218 9767 887782
177100 9519 882806 9773 888194
177200 9525 883232 9777 888768
177300 9528 883813 9784 889187
177400 9533 884267 9787 889733
177500 9537 884771 9789 890229
177600 9544 885320 9794 890680
177700 9553 885835 9800 891165
177800 9562 886328 9805 891672
177900 9566 886877 9809 892123
178000 9572 887386 9813 892614
178100 9578 887930 9820 893070
178200 9587 888513 9826 893487
178300 9593 888943 9827 894057
178400 9602 889374 9833 894626
178500 9607 889798 9842 895202
178600 9614 890234 9853 895766
178700 9618 890781 9861 896219
178800 9625 891252 9867 896748
178900 9625 891645 9876 897355
179000 9627 892050 9877 897950
179100 9632 892455 9884 898545
179200 9636 893009 9887 898991
179300 9640 893470 9896 899530
179400 9642 893947 9899 900053
179500 9644 894443 9907 900557
179600 9649 894834 9913 901166
179700 9656 895317 9921 901683
179800 9661 895736 9927 902264
179900 9664 896326 9931 902674
180000 9671 896785 9935 903215
180100 9679 897298 9940 903702
180200 9684 897804 9944 904196
180300 9690 898313 9950 904687
180400 9695 898783 9954 905217
180500 9703 899230 9961 905770
180600 9705 899674 9962 906326
180700 9708 900105 9969 906895
180800 9715 900563 9970 907437
180900 9723 901050 9981 907950
181000 9731 901597 9985 908403
181100 9733 902161 9985 908839
181200 9741 902638 9990 909362
181300 9746 903171 9994 909829
181400 9751 903672 10001 910328
181500 9755 904241 10010 910759
181600 9760 904861 10012 911139
181700 9764 905375 10019 911625
181800 9768 906052 10022 911948
181900 9772 906586 10028 912414
182000 9774 907139 10029 912861
182100 9782 907671 10037 913329
182200 9787 908111 10045 913889
182300 9793 908629 10048 914371
182400 9798 909066 10051 914934
182500 9803 909525 10053 915475
182600 9809 910058 10057 915942
182700 9815 910591 10061 916409
182800 9819 911184 10063 916816
182900 9826 911624 10067 917376
183000 9828 912147 10072 917853
183100 9833 912576 10074 918424
183200 9835 913042 10079 918958
183300 9840 913585 10086 919415
183400 9845 914109 10093 919891
183500 9849 914628 10094 920372
183600 9853 915234 10096 920766
183700 9860 915792 10106 921208
183800 9864 916271 10108 921729
183900 9870 916808 10110 922192
184000 9875 917393 10115 922607
184100 9878 917945 10121 923055
184200 9887 918501 10127 923499
184300 9890 919090 10134 923910
184400 9893 919639 10141 924361
184500 9898 920148 10146 924852
184600 9903 920618 10151 925382
184700 9912 921240 10155 925760
184800 9918 921789 10161 926211
184900 9922 922238 10167 926762
185000 9925 922730 10172 927270
185100 9927 923224 10175 927776
185200 9928 923678 10176 928322
185300 9933 924204 10181 928796
185400 9938 924618 10183 929382
185500 9943 925154 10187 929846
185600 9945 925704 10194 930296
185700 9948 926187 10196 930813
185800 9955 926647 10204 931353
185900 9956 927174 10209 931826
186000 9963 927715 10212 932285
186100 9969 928193 10213 932807
186200 9981 928565 10221 933435
186300 9984 929172 10227 933828
186400 9989 929664 10230 934336
186500 9993 930106 10239 934894
186600 10003 930586 10252 935414
186700 10012 931169 10260 935831
186800 10020 931646 10261 936354
186900 10027 932108 10269 936892
187000 10029 932594 10273 937406
187100 10034 933125 10279 937875
187200 10038 933698 10283 938302
187300 10044 934232 10287 938768
187400 10051 934734 10293 939266
187500 10054 935190 10300 939810
187600 10061 935681 10304 940319
187700 10068 936218 10307 940782
187800 10071 936794 10308 941206
187900 10072 937300 10313 941700
188000 10081 937808 10318 942192
188100 10082 938372 10322 942628
188200 10086 938990 10328 943010
188300 10089 939530 10328 943470
188400 10092 940063 10334 943937
188500 10100 940596 10342 944404
188600 10109 940989 10348 945011
188700 10112 941419 10348 945581
188800 10116 941984 10351 946016
188900 10121 942451 10354 946549
189000 10125 942869 10360 947131
189100 10128 943415 10363 947585
189200 10135 943832 10368 948168
189300 10141 944344 10370 948656
189400 10146 944841 10374 949159
189500 10152 945313 10379 949687
189600 10157 945861 10384 950139
189700 10162 946313 10388 950687
189800 10165 946805 10392 951195
189900 10170 947345 10396 951655
190000 10173 947860 10397 952140
190100 10177 948443 10401 952557
190200 10184 948878 10401 953122
190300 10193 949304 10405 953696
190400 10194 949855 10411 954145
190500 10201 950254 10416 954746
190600 10209 950823 10419 955177
190700 10216 951316 10426 955684
190800 10218 951819 10426 956181
190900 10225 952367 10433 956633
191000 10227 952860 10436 957140
191100 10236 953392 10444 957608
191200 10241 953848 10446 958152
191300 10242 954389 10449 958611
191400 10250 954806 10456 959194
191500 10256 955392 10463 959608
191600 10257 955857 10465 960143
191700 10262 956424 10470 960576
191800 10272 956855 10475 961145
191900 10275 957288 10479 961712
192000 10282 957727 10482 962273
192100 10286 958280 10484 962720
192200 10296 958710 10487 963290
192300 10299 959217 10495 963783
192400 10303 959698 10500 964302
192500 10311 960315 10506 964685
192600 10318 960800 10511 965200
192700 10319 961295 10516 965705
192800 10322 961776 10518 966224
192900 10332 962241 10523 966759
193000 10334 962695 10527 967305
193100 10342 963233 10529 967767
193200 10343 963662 10533 968338
193300 10349 964132 10537 968868
193400 10352 964609 10546 969391
193500 10356 965117 10552 969883
193600 10361 965591 10557 970409
193700 10364 966138 10561 970862
193800 10372 966683 10564 971317
193900 10375 967235 10567 971765
194000 10380 967704 10567 972296
194100 10389 968193 10570 972807
194200 10395 968697 10578 973303
194300 10398 969108 10584 973892
194400 10401 969656 10590 974344
194500 10412 970159 10596 974841
194600 10417 970675 10606 975325
194700 10419 971207 10612 975793
194800 10423 971691 10612 976309
194900 10432 972153 10615 976847
195000 10432 972618 10620 977382
195100 10434 972980 10625 978020
195200 10439 973411 10629 978589
195300 10442 973840 10632 979160
195400 10450 974310 10639 979690
195500 10461 974873 10642 980127
195600 10469 975352 10647 980648
195700 10476 975918 10651 981082
195800 10483 976414 10661 981586
195900 10486 976871 10665 982129
196000 10492 977422 10670 982578
196100 10501 977982 10676 983018
196200 10507 978417 10678 983583
196300 10511 978852 10681 984148
196400 10514 979270 10686 984730
196500 10522 979785 10692 985215
196600 10524 980281 10695 985719
196700 10526 980765 10695 986235
196800 10532 981295 10700 986705
196900 10537 981787 10708 987213
197000 10543 982261 10719 987739
197100 10551 982743 10727 988257
197200 10555 983287 10730 988713
197300 10558 983819 10736 989181
197400 10564 984357 10741 989643
197500 10567 984748 10743 990252
197600 10571 985287 10747 990713
197700 10577 985728 10752 991272
197800 10585 986315 10755 991685
197900 10586 986890 10761 992110
198000 10590 987402 10768 992598
198100 10596 987877 10775 993123
198200 10603 988364 10780 993636
198300 10610 988870 10790 994130
198400 10616 989326 10798 994674
198500 10621 989763 10802 995237
198600 10627 990265 10808 995735
198700 10635 990778 10815 996222
198800 10637 991260 10821 996740
198900 10645 991716 10828 997284
199000 10651 992177 10832 997823
199100 10659 992660 10837 998340
199200 10660 993104 10842 998896
199300 10669 993602 10856 999398
199400 10672 994035 10859 999965
199500 10675 994582 10862 1000418
199600 10678 995098 10864 1000902
199700 10684 995551 10871 1001449
199800 10690 996051 10878 1001949
199900 10696 996503 10881 1002497
200000 10700 996979 10885 1003021
