#! FIELDS timestep dup_succ dup_attempts kill_succ kill_attempts
#! SET timestep 0.5
#! SET kernel_bandwidth [1. 1.]
#! SET kt 1.0
100 48 185 61 815
200 105 444 130 1556
300 175 758 203 2242
400 236 1164 269 2836
500 283 1644 332 3356
600 318 2203 355 3797
700 334 2726 377 4274
800 351 3236 399 4764
900 379 3694 415 5306
1000 391 4139 428 5861
1100 399 4616 445 6384
1200 406 5148 457 6852
1300 410 5617 459 7383
1400 417 6107 469 7893
1500 426 6640 471 8360
1600 431 7169 479 8831
1700 433 7716 481 9284
1800 434 8270 484 9730
1900 437 8829 492 10171
2000 439 9550 494 10450
2100 441 10124 497 10876
2200 445 10627 498 11373
2300 448 11144 503 11856
2400 449 11600 507 12400
2500 451 12108 510 12892
2600 456 12612 512 13388
2700 461 13063 515 13937
2800 463 13523 520 14477
2900 466 14012 523 14988
3000 470 14674 524 15326
3100 473 15197 528 15803
3200 474 15721 531 16279
3300 475 16230 532 16770
3400 476 16786 536 17214
3500 478 17433 539 17567
3600 481 17840 540 18160
3700 485 18332 542 18668
3800 486 18855 546 19145
3900 488 19337 547 19663
4000 488 19785 548 20215
4100 492 20202 556 20798
4200 493 20710 558 21290
4300 498 21232 559 21768
4400 500 21774 560 22226
4500 503 22362 563 22638
4600 505 22897 564 23103
4700 505 23360 567 23640
4800 506 23762 570 24238
4900 510 24328 572 24672
5000 512 24868 572 25132
5100 516 25416 576 25584
5200 516 25933 577 26067
5300 516 26532 577 26468
5400 520 27057 577 26943
5500 523 27626 580 27374
5600 525 27992 584 28008
5700 527 28332 589 28668
5800 532 28657 592 29343
5900 533 29092 595 29908
6000 536 29673 596 30327
6100 537 30273 600 30727
6200 539 30962 604 31038
6300 541 31376 611 31624
6400 545 31812 613 32188
6500 551 32383 621 32617
6600 555 32938 627 33062
6700 561 33536 635 33464
6800 568 34190 635 33810
6900 571 34749 640 34251
7000 575 35138 642 34862
7100 576 35563 645 35437
7200 578 36199 645 35801
7300 580 36686 647 36314
7400 584 37172 650 36828
7500 584 37683 653 37317
7600 586 38207 655 37793
7700 586 38654 656 38346
7800 589 39126 657 38874
7900 593 39793 658 39207
8000 594 40213 661 39787
8100 599 40718 664 40282
8200 599 41221 665 40779
8300 600 41774 665 41226
8400 603 42236 667 41764
8500 604 42675 669 42325
8600 609 43112 671 42888
8700 611 43673 672 43327
8800 613 44133 673 43867
8900 615 44643 674 44357
9000 619 45139 674 44861
9100 621 45606 675 45394
9200 622 46070 678 45930
9300 625 46585 680 46415
9400 628 47196 680 46804
9500 630 47765 682 47235
9600 631 48310 687 47690
9700 634 48912 689 48088
9800 637 49398 691 48602
9900 639 49914 693 49086
10000 644 50403 696 49597
10100 649 50972 701 50028
10200 652 51581 702 50419
10300 654 52043 706 50957
10400 658 52418 709 51582
10500 663 52976 717 52024
10600 666 53496 717 52504
10700 671 53969 718 53031
10800 672 54356 721 53644
10900 674 54915 723 54085
11000 677 55377 728 54623
11100 678 55869 728 55131
11200 680 56341 731 55659
11300 680 56891 734 56109
11400 680 57411 734 56589
11500 682 57832 736 57168
11600 688 58332 738 57668
11700 692 58823 741 58177
11800 694 59267 743 58733
11900 696 59838 744 59162
12000 698 60392 745 59608
12100 704 60910 750 60090
12200 711 61406 756 60594
12300 716 61918 758 61082
12400 724 62502 763 61498
12500 727 63061 764 61939
12600 728 63664 765 62336
12700 729 64224 768 62776
12800 731 64750 768 63250
12900 733 65122 768 63878
13000 736 65605 771 64395
13100 739 66067 771 64933
13200 742 66530 773 65470
13300 742 67032 773 65968
13400 742 67515 781 66485
13500 742 68001 784 66999
13600 743 68543 787 67457
13700 748 69121 792 67879
13800 749 69575 798 68425
13900 750 70044 799 68956
14000 751 70529 799 69471
14100 756 71034 802 69966
14200 758 71564 804 70436
14300 763 72161 808 70839
14400 765 72743 811 71257
14500 766 73276 813 71724
14600 772 73880 821 72120
14700 774 74425 825 72575
14800 779 74944 827 73056
14900 779 75454 829 73546
15000 783 76088 830 73912
15100 790 76639 831 74361
15200 792 77316 838 74684
15300 796 77822 838 75178
15400 801 78348 840 75652
15500 807 78783 842 76217
15600 807 79240 842 76760
15700 814 79856 843 77144
15800 818 80384 848 77616
15900 821 80900 851 78100
16000 822 81362 854 78638
16100 826 81862 855 79138
16200 827 82303 857 79697
16300 829 82923 858 80077
16400 831 83427 864 80573
16500 832 83986 865 81014
16600 834 84652 866 81348
16700 834 85242 867 81758
16800 834 85812 868 82188
16900 838 86395 868 82605
17000 839 86955 872 83045
17100 842 87440 874 83560
17200 843 87930 876 84070
17300 846 88478 877 84522
17400 848 88917 879 85083
17500 849 89603 886 85397
17600 852 90168 888 85832
17700 855 90776 890 86224
17800 856 91257 890 86743
17900 858 91749 890 87251
18000 860 92189 892 87811
18100 863 92686 894 88314
18200 863 93190 895 88810
18300 865 93775 896 89225
18400 865 94305 896 89695
18500 869 94867 899 90133
18600 872 95334 902 90666
18700 873 95762 908 91238
18800 877 96161 913 91839
18900 881 96567 917 92433
19000 881 97061 917 92939
19100 883 97510 917 93490
19200 885 97967 918 94033
19300 885 98336 918 94664
19400 888 98951 921 95049
19500 893 99558 923 95442
19600 898 100049 924 95951
19700 899 100518 926 96482
19800 900 101071 930 96929
19900 903 101647 930 97353
20000 904 101925 933 98075
20100 905 102270 938 98730
20200 906 102719 940 99281
20300 912 103155 943 99845
20400 917 103745 944 100255
20500 919 104240 946 100760
20600 922 104653 949 101347
20700 924 105094 955 101906
20800 927 105446 959 102554
20900 930 105822 961 103178
21000 930 106248 963 103752
21100 933 106658 968 104342
21200 934 107029 970 104971
21300 938 107437 976 105563
21400 940 107812 978 106188
21500 942 108347 978 106653
21600 944 108879 983 107121
21700 947 109353 984 107647
21800 949 109822 986 108178
21900 952 110263 989 108737
22000 953 110712 992 109288
22100 955 111080 992 109920
22200 956 111648 995 110352
22300 964 112200 999 110800
22400 965 112767 1001 111233
22500 967 113183 1002 111817
22600 968 113672 1003 112328
22700 971 114159 1004 112841
22800 974 114627 1005 113373
22900 975 115127 1005 113873
23000 978 115587 1010 114413
23100 984 116006 1014 114994
23200 985 116438 1016 115562
23300 985 116874 1017 116126
23400 987 117272 1021 116728
23500 988 117719 1022 117281
23600 989 118145 1026 117855
23700 990 118605 1031 118395
23800 993 119079 1032 118921
23900 997 119460 1033 119540
24000 1002 119975 1039 120025
24100 1006 120404 1041 120596
24200 1006 120998 1044 121002
24300 1008 121440 1047 121560
24400 1010 121851 1047 122149
24500 1011 122370 1053 122630
24600 1012 122802 1055 123198
24700 1013 123319 1058 123681
24800 1018 123863 1061 124137
24900 1019 124427 1063 124573
25000 1019 124852 1064 125148
25100 1020 125232 1069 125768
25200 1021 125816 1073 126184
25300 1023 126173 1079 126827
25400 1024 126480 1081 127520
25500 1027 126944 1084 128056
25600 1030 127318 1088 128682
25700 1035 127770 1089 129230
25800 1036 128316 1091 129684
25900 1039 128793 1095 130207
26000 1040 129387 1098 130613
26100 1041 129863 1098 131137
26200 1042 130382 1104 131618
26300 1044 130920 1107 132080
26400 1045 131362 1108 132638
26500 1048 131923 1108 133077
26600 1051 132421 1111 133579
26700 1053 132906 1111 134094
26800 1054 133459 1113 134541
26900 1057 133991 1115 135009
27000 1059 134515 1116 135485
27100 1060 134993 1118 136007
27200 1062 135544 1123 136456
27300 1063 136148 1128 136852
27400 1066 136664 1131 137336
27500 1068 137144 1132 137856
27600 1073 137577 1138 138423
27700 1078 138099 1139 138901
27800 1078 138569 1144 139431
27900 1081 139016 1151 139984
28000 1084 139442 1154 140558
28100 1085 139960 1157 141040
28200 1087 140554 1159 141446
28300 1091 141112 1161 141888
28400 1092 141647 1164 142353
28500 1096 142165 1166 142835
28600 1097 142734 1166 143266
28700 1099 143277 1169 143723
28800 1100 143659 1172 144341
28900 1101 144121 1175 144879
29000 1105 144587 1177 145413
29100 1106 145028 1180 145972
29200 1108 145477 1186 146523
29300 1111 145959 1187 147041
29400 1111 146264 1187 147736
29500 1115 146724 1187 148276
29600 1118 147244 1189 148756
29700 1119 147755 1191 149245
29800 1119 148281 1192 149719
29900 1124 148890 1199 150110
30000 1126 149369 1201 150631
30100 1131 149942 1203 151058
30200 1131 150358 1205 151642
30300 1132 150840 1208 152160
30400 1136 151320 1209 152680
30500 1140 151789 1215 153211
30600 1140 152328 1218 153672
30700 1141 152771 1219 154229
30800 1146 153180 1221 154820
30900 1152 153635 1224 155365
31000 1160 154146 1226 155854
31100 1161 154570 1226 156430
31200 1166 155080 1230 156920
31300 1166 155648 1232 157352
31400 1174 156048 1233 157952
31500 1174 156570 1237 158430
31600 1176 157047 1242 158953
31700 1177 157487 1244 159513
31800 1179 158145 1250 159855
31900 1183 158702 1254 160298
32000 1186 159197 1259 160803
32100 1187 159679 1262 161321
32200 1188 160131 1264 161869
32300 1191 160591 1266 162409
32400 1194 161000 1267 163000
32500 1197 161579 1267 163421
32600 1198 161997 1269 164003
32700 1201 162486 1271 164514
32800 1203 162987 1272 165013
32900 1203 163448 1275 165552
33000 1207 163930 1278 166070
33100 1211 164405 1279 166595
33200 1213 164936 1284 167064
33300 1219 165487 1290 167513
33400 1222 165980 1294 168020
33500 1226 166538 1299 168462
33600 1231 167103 1302 168897
33700 1236 167631 1303 169369
33800 1241 168236 1308 169764
33900 1246 168707 1311 170293
34000 1252 169114 1315 170886
34100 1256 169565 1316 171435
34200 1258 170124 1317 171876
34300 1261 170576 1323 172424
34400 1264 170948 1325 173052
34500 1265 171353 1326 173647
34600 1266 171770 1326 174230
34700 1267 172212 1326 174788
34800 1274 172674 1329 175326
34900 1277 173152 1329 175848
35000 1287 173628 1331 176372
35100 1297 174087 1337 176913
35200 1300 174575 1339 177425
35300 1300 175076 1340 177924
35400 1300 175685 1340 178315
35500 1304 176289 1347 178711
35600 1305 176730 1350 179270
35700 1307 177215 1354 179785
35800 1309 177640 1360 180360
35900 1313 178113 1362 180887
36000 1315 178566 1367 181434
36100 1319 178987 1368 182013
36200 1321 179448 1372 182552
36300 1322 179961 1376 183039
36400 1322 180427 1377 183573
36500 1324 180923 1379 184077
36600 1324 181343 1381 184657
36700 1326 181728 1387 185272
36800 1331 182136 1390 185864
36900 1335 182584 1396 186416
37000 1338 182963 1397 187037
37100 1339 183404 1399 187596
37200 1342 183819 1401 188181
37300 1343 184443 1401 188557
37400 1349 185041 1406 188959
37500 1351 185583 1407 189417
37600 1352 185985 1407 190015
37700 1356 186485 1408 190515
37800 1358 186865 1410 191135
37900 1360 187335 1413 191665
38000 1361 187744 1417 192256
38100 1365 188183 1420 192817
38200 1365 188604 1426 193396
38300 1367 188928 1428 194072
38400 1371 189301 1430 194699
38500 1374 189708 1432 195292
38600 1374 190215 1432 195785
38700 1378 190762 1437 196238
38800 1381 191118 1441 196882
38900 1384 191581 1449 197419
39000 1396 192123 1454 197877
39100 1397 192677 1454 198323
39200 1401 193222 1455 198778
39300 1403 193759 1456 199241
39400 1405 194321 1458 199679
39500 1407 194848 1459 200152
39600 1409 195392 1461 200608
39700 1409 196004 1462 200996
39800 1413 196502 1468 201498
39900 1415 197101 1469 201899
40000 1419 197752 1474 202248
40100 1426 198078 1479 202922
40200 1428 198395 1479 203605
40300 1428 198848 1479 204152
40400 1432 199310 1483 204690
40500 1435 199834 1487 205166
40600 1438 200294 1488 205706
40700 1442 200863 1489 206137
40800 1443 201374 1490 206626
40900 1446 201991 1491 207009
41000 1447 202425 1493 207575
41100 1448 202957 1495 208043
41200 1450 203506 1495 208494
41300 1455 204095 1500 208905
41400 1459 204682 1501 209318
41500 1460 205176 1503 209824
41600 1461 205692 1505 210308
41700 1464 206146 1507 210854
41800 1465 206640 1511 211360
41900 1467 207113 1514 211887
42000 1471 207596 1520 212404
42100 1476 208000 1523 213000
42200 1480 208426 1528 213574
42300 1484 209003 1528 213997
42400 1488 209570 1534 214430
42500 1490 210053 1536 214947
42600 1492 210619 1542 215381
42700 1496 211168 1544 215832
42800 1499 211610 1549 216390
42900 1502 212201 1549 216799
43000 1502 212569 1549 217431
43100 1508 213157 1554 217843
43200 1510 213681 1556 218319
43300 1512 214095 1556 218905
43400 1518 214574 1558 219426
43500 1518 215102 1562 219898
43600 1520 215622 1564 220378
43700 1522 216175 1566 220825
43800 1523 216640 1568 221360
43900 1526 217233 1571 221767
44000 1528 217573 1573 222427
44100 1528 218018 1575 222982
44200 1530 218493 1575 223507
44300 1534 219045 1575 223955
44400 1539 219553 1579 224447
44500 1546 220076 1580 224924
44600 1548 220598 1580 225402
44700 1548 221009 1584 225991
44800 1549 221464 1586 226536
44900 1549 221870 1587 227130
45000 1552 222415 1591 227585
45100 1553 222999 1592 228001
45200 1554 223589 1593 228411
45300 1556 224182 1594 228818
45400 1565 224724 1599 229276
45500 1568 225212 1600 229788
45600 1568 225758 1601 230242
45700 1570 226213 1604 230787
45800 1572 226647 1608 231353
45900 1577 227139 1613 231861
46000 1583 227642 1617 232358
46100 1583 228163 1621 232837
46200 1587 228691 1628 233309
46300 1587 229220 1628 233780
46400 1591 229655 1630 234345
46500 1599 230163 1633 234837
46600 1601 230671 1636 235329
46700 1604 231096 1641 235904
46800 1610 231519 1644 236481
46900 1614 231962 1647 237038
47000 1614 232552 1649 237448
47100 1614 233072 1652 237928
47200 1615 233504 1653 238496
47300 1620 233967 1661 239033
47400 1623 234595 1663 239405
47500 1626 235115 1665 239885
47600 1628 235475 1669 240525
47700 1630 235952 1677 241048
47800 1634 236398 1681 241602
47900 1635 237000 1687 242000
48000 1643 237625 1689 242375
48100 1646 238144 1694 242856
48200 1650 238585 1696 243415
48300 1652 239096 1698 243904
48400 1654 239584 1700 244416
48500 1658 240099 1703 244901
48600 1660 240624 1705 245376
48700 1663 241132 1709 245868
48800 1667 241678 1714 246322
48900 1670 242175 1715 246825
49000 1671 242641 1716 247359
49100 1675 243049 1717 247951
49200 1676 243533 1720 248467
49300 1678 244017 1723 248983
49400 1679 244463 1726 249537
49500 1682 244908 1729 250092
49600 1686 245377 1734 250623
49700 1690 245830 1738 251170
49800 1693 246307 1739 251693
49900 1696 246738 1741 252262
50000 1696 247174 1748 252826
50100 1698 247631 1751 253369
50200 1699 248167 1752 253833
50300 1700 248559 1754 254441
50400 1703 248992 1755 255008
50500 1706 249384 1759 255616
50600 1707 249784 1762 256216
50700 1713 250184 1769 256816
50800 1719 250637 1770 257363
50900 1722 251109 1771 257891
51000 1723 251570 1772 258430
51100 1726 251992 1775 259008
51200 1727 252480 1776 259520
51300 1731 253065 1779 259935
51400 1732 253651 1779 260349
51500 1734 254186 1780 260814
51600 1735 254675 1781 261325
51700 1735 255175 1788 261825
51800 1742 255748 1792 262252
51900 1745 256249 1796 262751
52000 1755 256711 1796 263289
52100 1757 257148 1799 263852
52200 1758 257636 1799 264364
52300 1758 258245 1799 264755
52400 1760 258695 1800 265305
52500 1763 259227 1807 265773
52600 1765 259868 1809 266132
52700 1771 260303 1814 266697
52800 1773 260907 1818 267093
52900 1775 261465 1824 267535
53000 1780 262005 1824 267995
53100 1783 262540 1824 268460
53200 1785 263006 1826 268994
53300 1786 263519 1830 269481
53400 1788 263943 1831 270057
53500 1791 264352 1832 270648
53600 1793 264967 1834 271033
53700 1799 265573 1839 271427
53800 1801 265982 1840 272018
53900 1803 266376 1842 272624
54000 1806 266783 1844 273217
54100 1807 267168 1850 273832
54200 1810 267566 1856 274434
54300 1813 267944 1861 275056
54400 1815 268369 1861 275631
54500 1820 268834 1865 276166
54600 1821 269353 1866 276647
54700 1823 269847 1869 277153
54800 1828 270258 1875 277742
54900 1829 270748 1877 278252
55000 1829 271307 1879 278693
55100 1830 271754 1879 279246
55200 1831 272377 1880 279623
55300 1835 272978 1884 280022
55400 1835 273470 1885 280530
55500 1836 273944 1887 281056
55600 1839 274329 1891 281671
55700 1842 274818 1893 282182
55800 1845 275321 1895 282679
55900 1846 275761 1896 283239
56000 1847 276234 1899 283766
56100 1849 276688 1901 284312
56200 1853 277118 1902 284882
56300 1856 277589 1903 285411
56400 1857 277988 1907 286012
56500 1859 278444 1908 286556
56600 1868 279031 1910 286969
56700 1870 279530 1914 287470
56800 1871 280046 1916 287954
56900 1874 280657 1920 288343
57000 1876 281200 1926 288800
57100 1877 281731 1927 289269
57200 1881 282199 1930 289801
57300 1883 282766 1936 290234
57400 1886 283324 1937 290676
57500 1890 283756 1942 291244
57600 1890 284188 1943 291812
57700 1893 284637 1944 292363
57800 1898 285177 1946 292823
57900 1901 285658 1949 293342
58000 1902 286227 1951 293773
58100 1905 286792 1956 294208
58200 1906 287403 1956 294597
58300 1908 287971 1962 295029
58400 1912 288499 1964 295501
58500 1915 289042 1969 295958
58600 1917 289612 1971 296388
58700 1920 290129 1972 296871
58800 1923 290669 1973 297331
58900 1927 291214 1973 297786
59000 1929 291740 1974 298260
59100 1929 292186 1975 298814
59200 1934 292587 1977 299413
59300 1935 293080 1978 299920
59400 1937 293589 1980 300411
59500 1944 294075 1984 300925
59600 1950 294528 1986 301472
59700 1951 295062 1988 301938
59800 1953 295583 1989 302417
59900 1955 296080 1991 302920
60000 1959 296542 1995 303458
60100 1962 297080 1996 303920
60200 1969 297505 2002 304495
60300 1969 297901 2008 305099
60400 1972 298538 2012 305462
60500 1975 299065 2015 305935
60600 1977 299496 2016 306504
60700 1983 299869 2020 307131
60800 1989 300268 2023 307732
60900 1993 300634 2027 308366
61000 1996 301114 2032 308886
61100 1999 301581 2035 309419
61200 2002 302064 2036 309936
61300 2007 302588 2039 310412
61400 2011 303089 2040 310911
61500 2014 303557 2042 311443
61600 2018 303947 2043 312053
61700 2022 304341 2046 312659
61800 2028 304658 2047 313342
61900 2030 305248 2049 313752
62000 2034 305714 2050 314286
62100 2035 306126 2051 314874
62200 2036 306613 2053 315387
62300 2039 306952 2054 316048
62400 2042 307446 2054 316554
62500 2046 307871 2055 317129
62600 2047 308316 2057 317684
62700 2051 308667 2057 318333
62800 2052 309158 2058 318842
62900 2054 309725 2064 319275
63000 2058 310214 2065 319786
63100 2059 310590 2066 320410
63200 2061 311134 2068 320866
63300 2067 311765 2072 321235
63400 2070 312188 2075 321812
63500 2076 312705 2076 322295
63600 2078 313205 2076 322795
63700 2082 313671 2079 323329
63800 2086 314105 2083 323895
63900 2088 314597 2091 324403
64000 2091 315018 2099 324982
64100 2094 315558 2101 325442
64200 2098 315939 2103 326061
64300 2103 316403 2107 326597
64400 2104 316795 2107 327205
64500 2108 317244 2111 327756
64600 2113 317656 2113 328344
64700 2118 318133 2114 328867
64800 2118 318564 2115 329436
64900 2118 318995 2117 330005
65000 2120 319395 2119 330605
65100 2121 319794 2123 331206
65200 2127 320107 2129 331893
65300 2130 320505 2130 332495
65400 2131 320964 2132 333036
65500 2134 321384 2138 333616
65600 2137 321859 2140 334141
65700 2139 322370 2147 334630
65800 2141 322788 2148 335212
65900 2144 323163 2150 335837
66000 2148 323588 2154 336412
66100 2150 324220 2154 336780
66200 2152 324701 2157 337299
66300 2153 325250 2160 337750
66400 2153 325720 2162 338280
66500 2159 326257 2163 338743
66600 2162 326684 2164 339316
66700 2162 327141 2167 339859
66800 2163 327621 2169 340379
66900 2166 328033 2171 340967
67000 2168 328544 2175 341456
67100 2172 329042 2177 341958
67200 2175 329494 2186 342506
67300 2179 330011 2186 342989
67400 2182 330533 2192 343467
67500 2185 331141 2193 343859
67600 2193 331721 2198 344279
67700 2196 332374 2201 344626
67800 2198 332922 2204 345078
67900 2201 333408 2205 345592
68000 2207 333876 2207 346124
68100 2211 334460 2207 346540
68200 2212 334982 2209 347018
68300 2212 335542 2214 347458
68400 2212 336036 2215 347964
68500 2214 336611 2216 348389
68600 2214 337011 2218 348989
68700 2214 337359 2218 349641
68800 2219 337804 2221 350196
68900 2219 338364 2222 350636
69000 2222 338811 2223 351189
69100 2225 339299 2228 351701
69200 2226 339706 2231 352294
69300 2229 340077 2234 352923
69400 2233 340446 2240 353554
69500 2239 340851 2241 354149
69600 2244 341348 2241 354652
69700 2246 341936 2244 355064
69800 2248 342483 2247 355517
69900 2248 342814 2249 356186
70000 2249 343202 2253 356798
70100 2250 343656 2254 357344
70200 2250 344045 2256 357955
70300 2255 344516 2268 358484
70400 2256 345003 2273 358997
70500 2260 345487 2276 359513
70600 2260 346020 2279 359980
70700 2262 346527 2280 360473
70800 2264 346944 2281 361056
70900 2268 347408 2286 361592
71000 2271 347787 2289 362213
71100 2272 348254 2291 362746
71200 2273 348761 2292 363239
71300 2277 349260 2292 363740
71400 2279 349835 2295 364165
71500 2279 350300 2295 364700
71600 2280 350766 2299 365234
71700 2283 351208 2303 365792
71800 2286 351662 2307 366338
71900 2289 352032 2309 366968
72000 2290 352533 2312 367467
72100 2292 353061 2313 367939
72200 2294 353539 2315 368461
72300 2294 353969 2316 369031
72400 2295 354410 2318 369590
72500 2296 354985 2319 370015
72600 2297 355555 2320 370445
72700 2301 356008 2322 370992
72800 2302 356490 2324 371510
72900 2304 357050 2327 371950
73000 2307 357554 2329 372446
73100 2310 358110 2332 372890
73200 2316 358682 2339 373318
73300 2317 359237 2342 373763
73400 2319 359683 2345 374317
73500 2320 360134 2346 374866
73600 2322 360651 2347 375349
73700 2323 361119 2350 375881
73800 2324 361685 2353 376315
73900 2327 362308 2354 376692
74000 2330 362814 2355 377186
74100 2331 363447 2357 377553
74200 2333 363961 2359 378039
74300 2338 364566 2360 378434
74400 2341 365034 2363 378966
74500 2342 365568 2365 379432
74600 2343 365988 2366 380012
74700 2348 366485 2371 380515
74800 2350 367070 2372 380930
74900 2353 367634 2376 381366
75000 2353 368189 2376 381811
75100 2354 368674 2378 382326
75200 2359 369205 2380 382795
75300 2363 369702 2382 383298
75400 2368 370281 2384 383719
75500 2370 370843 2387 384157
75600 2372 371307 2388 384693
75700 2374 371836 2393 385164
75800 2377 372280 2394 385720
75900 2379 372760 2394 386240
76000 2381 373245 2396 386755
76100 2385 373694 2398 387306
76200 2389 374110 2402 387890
76300 2390 374597 2405 388403
76400 2394 375176 2407 388824
76500 2395 375565 2409 389435
76600 2397 376045 2410 389955
76700 2398 376503 2413 390497
76800 2401 377081 2417 390919
76900 2403 377711 2417 391289
77000 2406 378191 2421 391809
77100 2411 378657 2425 392343
77200 2414 379279 2426 392721
77300 2415 379715 2430 393285
77400 2419 380245 2434 393755
77500 2421 380769 2436 394231
77600 2422 381324 2437 394676
77700 2424 381911 2438 395089
77800 2430 382501 2443 395499
77900 2432 383112 2444 395888
78000 2433 383561 2447 396439
78100 2436 383992 2451 397008
78200 2438 384591 2452 397409
78300 2440 385046 2454 397954
78400 2442 385414 2458 398586
78500 2444 386016 2458 398984
78600 2450 386612 2460 399388
78700 2452 387120 2462 399880
78800 2452 387693 2464 400307
78900 2456 388133 2466 400867
79000 2457 388639 2470 401361
79100 2459 389121 2473 401879
79200 2462 389772 2473 402228
79300 2464 390431 2475 402569
79400 2466 390913 2476 403087
79500 2468 391512 2478 403488
79600 2468 392030 2478 403970
79700 2473 392489 2479 404511
79800 2477 392973 2484 405027
79900 2480 393548 2490 405452
80000 2486 393941 2492 406059
80100 2490 394498 2499 406502
80200 2490 394986 2500 407014
80300 2493 395526 2501 407474
80400 2494 396035 2502 407965
80500 2494 396368 2505 408632
80600 2497 396894 2507 409106
80700 2499 397343 2510 409657
80800 2504 397842 2513 410158
80900 2506 398437 2517 410563
81000 2507 398952 2517 411048
81100 2511 399371 2520 411629
81200 2515 399871 2522 412129
81300 2516 400346 2524 412654
81400 2518 400860 2527 413140
81500 2518 401329 2528 413671
81600 2519 401839 2529 414161
81700 2519 402274 2532 414726
81800 2522 402878 2533 415122
81900 2526 403317 2538 415683
82000 2530 403737 2540 416263
82100 2535 404204 2540 416796
82200 2537 404617 2547 417383
82300 2541 405198 2547 417802
82400 2542 405519 2550 418481
82500 2544 406007 2554 418993
82600 2547 406581 2556 419419
82700 2552 407078 2557 419922
82800 2556 407603 2558 420397
82900 2557 408109 2564 420891
83000 2561 408633 2568 421367
83100 2563 409153 2570 421847
83200 2564 409653 2573 422347
83300 2565 410178 2576 422822
83400 2569 410729 2580 423271
83500 2570 411067 2580 423933
83600 2572 411610 2582 424390
83700 2578 412253 2583 424747
83800 2583 412847 2589 425153
83900 2588 413420 2597 425580
84000 2590 413843 2600 426157
84100 2593 414268 2603 426732
84200 2603 414767 2612 427233
84300 2604 415282 2613 427718
84400 2608 415732 2624 428268
84500 2611 416214 2632 428786
84600 2614 416715 2638 429285
84700 2624 417158 2639 429842
84800 2627 417522 2642 430478
84900 2628 417915 2643 431085
85000 2630 418587 2646 431413
85100 2631 419088 2648 431912
85200 2632 419472 2653 432528
85300 2634 419870 2656 433130
85400 2634 420334 2659 433666
85500 2635 420767 2659 434233
85600 2638 421295 2663 434705
85700 2643 421876 2664 435124
85800 2643 422508 2666 435492
85900 2644 422968 2668 436032
86000 2648 423415 2672 436585
86100 2652 423900 2674 437100
86200 2653 424308 2676 437692
86300 2653 424767 2679 438233
86400 2654 425261 2683 438739
86500 2657 425834 2685 439166
86600 2659 426272 2688 439728
86700 2662 426865 2695 440135
86800 2663 427251 2697 440749
86900 2664 427724 2702 441276
87000 2668 428223 2704 441777
87100 2671 428753 2710 442247
87200 2673 429108 2717 442892
87300 2677 429521 2719 443479
87400 2679 430003 2722 443997
87500 2680 430551 2725 444449
87600 2684 431006 2726 444994
87700 2687 431608 2730 445392
87800 2687 432190 2732 445810
87900 2690 432717 2736 446283
88000 2691 433220 2737 446780
88100 2694 433656 2738 447344
88200 2697 434222 2742 447778
88300 2700 434668 2744 448332
88400 2704 435160 2747 448840
88500 2706 435589 2747 449411
88600 2707 436116 2747 449884
88700 2709 436564 2748 450436
88800 2711 437081 2751 450919
88900 2713 437524 2753 451476
89000 2716 437901 2755 452099
89100 2718 438440 2756 452560
89200 2719 438942 2760 453058
89300 2723 439453 2761 453547
89400 2724 439982 2762 454018
89500 2728 440497 2762 454503
89600 2730 440979 2765 455021
89700 2730 441551 2767 455449
89800 2735 442026 2771 455974
89900 2738 442522 2775 456478
90000 2740 443009 2780 456991
90100 2742 443530 2785 457470
90200 2745 444084 2785 457916
90300 2747 444628 2791 458372
90400 2748 445148 2793 458852
90500 2751 445646 2796 459354
90600 2751 445998 2798 460002
90700 2751 446497 2799 460503
90800 2758 446933 2802 461067
90900 2759 447314 2803 461686
91000 2762 447641 2807 462359
91100 2767 448026 2809 462974
91200 2769 448515 2810 463485
91300 2773 448981 2811 464019
91400 2774 449360 2812 464640
91500 2777 449985 2813 465015
91600 2778 450517 2814 465483
91700 2781 450971 2816 466029
91800 2781 451487 2817 466513
91900 2781 451961 2817 467039
92000 2784 452298 2819 467702
92100 2789 452911 2822 468089
92200 2790 453379 2823 468621
92300 2791 453892 2826 469108
92400 2793 454316 2827 469684
92500 2795 454790 2827 470210
92600 2802 455396 2830 470604
92700 2804 456003 2835 470997
92800 2809 456443 2838 471557
92900 2811 456953 2841 472047
93000 2812 457509 2845 472491
93100 2813 458084 2849 472916
93200 2815 458600 2854 473400
93300 2820 459146 2854 473854
93400 2821 459725 2854 474275
93500 2825 460236 2856 474764
93600 2832 460691 2859 475309
93700 2836 461146 2863 475854
93800 2836 461541 2864 476459
93900 2842 462061 2868 476939
94000 2842 462487 2870 477513
94100 2845 463093 2873 477907
94200 2845 463566 2877 478434
94300 2848 464235 2878 478765
94400 2852 464794 2881 479206
94500 2855 465409 2881 479591
94600 2856 465841 2886 480159
94700 2862 466345 2888 480655
94800 2865 466945 2890 481055
94900 2867 467545 2893 481455
95000 2870 468035 2897 481965
95100 2873 468544 2899 482456
95200 2874 468875 2899 483125
95300 2876 469208 2899 483792
95400 2883 469658 2905 484342
95500 2885 470059 2908 484941
95600 2886 470430 2912 485570
95700 2889 470744 2914 486256
95800 2891 471144 2916 486856
95900 2891 471675 2916 487325
96000 2894 472217 2919 487783
96100 2897 472795 2924 488205
96200 2898 473210 2930 488790
96300 2901 473648 2934 489352
96400 2902 474047 2936 489953
96500 2903 474511 2937 490489
96600 2907 475050 2940 490950
96700 2910 475708 2941 491292
96800 2910 476197 2942 491803
96900 2916 476738 2944 492262
97000 2920 477325 2945 492675
97100 2923 477893 2948 493107
97200 2924 478429 2951 493571
97300 2926 479039 2951 493961
97400 2931 479603 2955 494397
97500 2935 480201 2959 494799
97600 2943 480757 2963 495243
97700 2947 481097 2967 495903
97800 2949 481554 2970 496446
97900 2950 482034 2974 496966
98000 2952 482540 2979 497460
98100 2955 483149 2981 497851
98200 2957 483754 2985 498246
98300 2957 484195 2987 498805
98400 2960 484652 2991 499348
98500 2960 485184 2993 499816
98600 2962 485594 2999 500406
98700 2964 486041 3006 500959
98800 2969 486581 3011 501419
98900 2976 487098 3018 501902
99000 2976 487652 3018 502348
99100 2979 488093 3021 502907
99200 2981 488675 3023 503325
99300 2984 488990 3025 504010
99400 2985 489522 3026 504478
99500 2986 489941 3026 505059
99600 2990 490558 3031 505442
99700 2990 491030 3032 505970
99800 2999 491473 3036 506527
99900 3002 491872 3039 507128
100000 3003 492386 3040 507614
100100 3004 492840 3042 508160
100200 3006 493484 3042 508516
100300 3009 494129 3045 508871
100400 3014 494745 3051 509255
100500 3016 495355 3053 509645
100600 3020 495867 3056 510133
100700 3027 496482 3059 510518
100800 3029 496934 3062 511066
100900 3032 497491 3063 511509
101000 3038 497963 3065 512037
101100 3039 498375 3068 512625
101200 3042 498836 3072 513164
101300 3042 499367 3076 513633
101400 3045 499911 3078 514089
101500 3049 500367 3086 514633
101600 3054 500952 3086 515048
101700 3055 501562 3091 515438
101800 3057 502165 3092 515835
101900 3058 502703 3095 516297
102000 3060 503110 3097 516890
102100 3062 503623 3099 517377
102200 3062 504120 3102 517880
102300 3063 504703 3102 518297
102400 3063 505286 3103 518714
102500 3064 505946 3105 519054
102600 3068 506393 3111 519607
102700 3069 506908 3111 520092
102800 3075 507375 3116 520625
102900 3077 507965 3116 521035
103000 3081 508525 3118 521475
103100 3084 509079 3119 521921
103200 3085 509640 3122 522360
103300 3087 510165 3126 522835
103400 3089 510685 3128 523315
103500 3091 511248 3129 523752
103600 3092 511756 3132 524244
103700 3099 512148 3134 524852
103800 3100 512605 3134 525395
103900 3107 513019 3140 525981
104000 3108 513492 3142 526508
104100 3111 513986 3142 527014
104200 3114 514500 3149 527500
104300 3115 515144 3153 527856
104400 3117 515720 3158 528280
104500 3120 516298 3161 528702
104600 3121 516871 3163 529129
104700 3123 517376 3169 529624
104800 3126 517773 3171 530227
104900 3126 518290 3174 530710
105000 3130 518752 3176 531248
105100 3133 519243 3180 531757
105200 3138 519704 3181 532296
105300 3142 520280 3182 532720
105400 3146 520901 3184 533099
105500 3153 521548 3190 533452
105600 3155 522193 3196 533807
105700 3156 522642 3200 534358
105800 3159 523014 3206 534986
105900 3161 523439 3209 535561
106000 3164 524046 3212 535954
106100 3166 524542 3213 536458
106200 3169 525105 3216 536895
106300 3171 525696 3217 537304
106400 3172 526240 3218 537760
106500 3173 526636 3223 538364
106600 3175 527142 3224 538858
106700 3178 527619 3226 539381
106800 3183 528074 3230 539926
106900 3184 528455 3231 540545
107000 3187 529025 3234 540975
107100 3189 529493 3236 541507
107200 3192 530036 3239 541964
107300 3199 530562 3239 542438
107400 3204 531088 3245 542912
107500 3207 531501 3254 543499
107600 3214 531841 3256 544159
107700 3216 532346 3259 544654
107800 3218 532898 3260 545102
107900 3223 533459 3263 545541
108000 3224 534047 3263 545953
108100 3225 534685 3263 546315
108200 3229 535223 3266 546777
108300 3234 535606 3269 547394
108400 3237 536108 3272 547892
108500 3239 536649 3275 548351
108600 3246 537266 3278 548734
108700 3250 537736 3279 549264
108800 3252 538163 3284 549837
108900 3255 538783 3287 550217
109000 3256 539372 3288 550628
109100 3257 539869 3291 551131
109200 3261 540519 3297 551481
109300 3262 541059 3298 551941
109400 3266 541595 3300 552405
109500 3268 542171 3303 552829
109600 3272 542657 3306 553343
109700 3273 543114 3306 553886
109800 3274 543645 3306 554355
109900 3276 544105 3308 554895
110000 3277 544497 3310 555503
110100 3281 545040 3312 555960
110200 3283 545523 3316 556477
110300 3285 546009 3318 556991
110400 3286 546433 3324 557567
110500 3287 546916 3329 558084
110600 3292 547336 3330 558664
110700 3295 547881 3332 559119
110800 3298 548446 3337 559554
110900 3303 548771 3341 560229
111000 3306 549289 3346 560711
111100 3310 549682 3346 561318
111200 3310 550108 3347 561892
111300 3313 550522 3354 562478
111400 3317 550941 3357 563059
111500 3317 551470 3357 563530
111600 3319 551919 3357 564081
111700 3319 552434 3359 564566
111800 3325 552995 3362 565005
111900 3331 553640 3368 565360
112000 3334 554056 3372 565944
112100 3337 554526 3376 566474
112200 3338 554944 3376 567056
112300 3342 555311 3379 567689
112400 3344 555773 3380 568227
112500 3344 556241 3382 568759
112600 3350 556664 3384 569336
112700 3351 557092 3385 569908
112800 3351 557522 3387 570478
112900 3353 557935 3389 571065
113000 3356 558378 3392 571622
113100 3369 558808 3394 572192
113200 3372 559482 3399 572518
113300 3376 560161 3399 572839
113400 3379 560811 3404 573189
113500 3382 561342 3408 573658
113600 3386 561754 3413 574246
113700 3392 562150 3419 574850
113800 3392 562535 3424 575465
113900 3398 562875 3430 576125
114000 3401 563427 3430 576573
114100 3403 563898 3431 577102
114200 3404 564260 3434 577740
114300 3408 564808 3437 578192
114400 3409 565367 3443 578633
114500 3411 565889 3444 579111
114600 3414 566394 3447 579606
114700 3414 566856 3450 580144
114800 3418 567361 3452 580639
114900 3422 567848 3452 581152
115000 3423 568321 3453 581679
115100 3426 568802 3455 582198
115200 3428 569228 3458 582772
115300 3430 569567 3459 583433
115400 3434 570052 3461 583948
115500 3437 570483 3461 584517
115600 3440 571030 3464 584970
115700 3442 571442 3464 585558
115800 3443 571909 3464 586091
115900 3445 572406 3465 586594
116000 3447 572920 3466 587080
116100 3453 573427 3468 587573
116200 3455 574006 3471 587994
116300 3458 574494 3472 588506
116400 3463 574895 3480 589105
116500 3466 575378 3481 589622
116600 3469 575856 3483 590144
116700 3471 576317 3484 590683
116800 3474 576785 3485 591215
116900 3477 577220 3489 591780
117000 3480 577679 3493 592321
117100 3482 578111 3496 592889
117200 3485 578594 3501 593406
117300 3487 579101 3502 593899
117400 3489 579580 3504 594420
117500 3495 580089 3508 594911
117600 3496 580548 3509 595452
117700 3499 580947 3512 596053
117800 3501 581476 3514 596524
117900 3504 582094 3516 596906
118000 3504 582537 3517 597463
118100 3506 583002 3520 597998
118200 3510 583541 3523 598459
118300 3513 584016 3527 598984
118400 3516 584442 3528 599558
118500 3520 584820 3529 600180
118600 3524 585414 3531 600586
118700 3526 585896 3532 601104
118800 3528 586379 3535 601621
118900 3530 586963 3539 602037
119000 3531 587264 3541 602736
119100 3531 587648 3541 603352
119200 3532 588093 3541 603907
119300 3532 588604 3547 604396
119400 3535 589017 3547 604983
119500 3537 589384 3548 605616
119600 3538 589700 3551 606300
119700 3546 590007 3554 606993
119800 3546 590510 3560 607490
119900 3549 591060 3563 607940
120000 3553 591563 3566 608437
120100 3556 592023 3571 608977
120200 3560 592609 3576 609391
120300 3561 593114 3577 609886
120400 3566 593611 3579 610389
120500 3570 594204 3580 610796
120600 3570 594765 3582 611235
120700 3570 595347 3583 611653
120800 3573 595910 3584 612090
120900 3574 596308 3586 612692
121000 3577 596865 3591 613135
121100 3578 597481 3592 613519
121200 3579 598141 3593 613859
121300 3585 598427 3595 614573
121400 3591 598716 3596 615284
121500 3594 599271 3599 615729
121600 3598 599718 3601 616282
121700 3605 600088 3603 616912
121800 3608 600724 3605 617276
121900 3615 601161 3611 617839
122000 3616 601601 3613 618399
122100 3617 602053 3613 618947
122200 3620 602603 3616 619397
122300 3623 603024 3618 619976
122400 3626 603469 3625 620531
122500 3631 603863 3627 621137
122600 3635 604252 3631 621748
122700 3636 604698 3631 622302
122800 3637 605265 3634 622735
122900 3644 605700 3638 623300
123000 3645 606225 3640 623775
123100 3645 606800 3644 624200
123200 3645 607397 3645 624603
123300 3646 607886 3649 625114
123400 3651 608322 3649 625678
123500 3654 608887 3649 626113
123600 3659 609452 3650 626548
123700 3661 609988 3652 627012
123800 3664 610471 3655 627529
123900 3673 610917 3658 628083
124000 3677 611342 3663 628658
124100 3680 611873 3668 629127
124200 3681 612462 3672 629538
124300 3682 613008 3675 629992
124400 3685 613599 3678 630401
124500 3687 614212 3680 630788
124600 3688 614825 3682 631175
124700 3691 615379 3683 631621
124800 3691 615877 3684 632123
124900 3693 616405 3686 632595
125000 3695 616776 3691 633224
125100 3699 617152 3693 633848
125200 3701 617567 3702 634433
125300 3702 618152 3702 634848
125400 3703 618676 3703 635324
125500 3705 619142 3703 635858
125600 3706 619674 3704 636326
125700 3707 620227 3709 636773
125800 3710 620730 3711 637270
125900 3715 621176 3712 637824
126000 3717 621664 3715 638336
126100 3719 622099 3722 638901
126200 3720 622531 3727 639469
126300 3722 622951 3729 640049
126400 3725 623404 3733 640596
126500 3728 623758 3740 641242
126600 3731 624187 3744 641813
126700 3734 624592 3754 642408
126800 3738 624912 3756 643088
126900 3739 625326 3757 643674
127000 3741 625774 3759 644226
127100 3743 626217 3764 644783
127200 3743 626648 3766 645352
127300 3745 627048 3767 645952
127400 3746 627446 3770 646554
127500 3750 627929 3773 647071
127600 3752 628426 3775 647574
127700 3753 628882 3778 648118
127800 3757 629270 3782 648730
127900 3760 629756 3784 649244
128000 3763 630461 3787 649539
128100 3769 630980 3790 650020
128200 3771 631498 3792 650502
128300 3772 632041 3796 650959
128400 3776 632523 3799 651477
128500 3778 632926 3801 652074
128600 3780 633420 3801 652580
128700 3781 633987 3802 653013
128800 3783 634437 3803 653563
128900 3788 634904 3807 654096
129000 3792 635367 3810 654633
129100 3797 635895 3812 655105
129200 3800 636336 3813 655664
129300 3803 636872 3816 656128
129400 3807 637349 3816 656651
129500 3807 637977 3816 657023
129600 3811 638432 3818 657568
129700 3811 638853 3819 658147
129800 3813 639316 3821 658684
129900 3814 639845 3822 659155
130000 3816 640357 3823 659643
130100 3820 641004 3825 659996
130200 3822 641482 3825 660518
130300 3825 642107 3827 660893
130400 3827 642557 3831 661443
130500 3827 643041 3834 661959
130600 3827 643523 3839 662477
130700 3828 644086 3839 662914
130800 3831 644642 3845 663358
130900 3833 645120 3848 663880
131000 3833 645557 3850 664443
131100 3836 646128 3851 664872
131200 3838 646495 3856 665505
131300 3842 646971 3858 666029
131400 3845 647357 3863 666643
131500 3849 647932 3866 667068
131600 3852 648454 3868 667546
131700 3854 648867 3870 668133
131800 3857 649207 3874 668793
131900 3865 649665 3880 669335
132000 3868 650183 3885 669817
132100 3872 650684 3887 670316
132200 3877 651127 3893 670873
132300 3878 651726 3896 671274
132400 3878 652098 3899 671902
132500 3881 652590 3902 672410
132600 3886 653096 3904 672904
132700 3889 653724 3912 673276
132800 3893 654294 3915 673706
132900 3896 654914 3919 674086
133000 3904 655516 3921 674484
133100 3906 655986 3924 675014
133200 3910 656375 3929 675625
133300 3917 656905 3935 676095
133400 3920 657539 3936 676461
133500 3924 657955 3940 677045
133600 3930 658343 3944 677657
133700 3932 658672 3946 678328
133800 3938 659066 3949 678934
133900 3942 659544 3951 679456
134000 3945 660096 3954 679904
134100 3949 660689 3958 680311
134200 3950 661105 3958 680895
134300 3953 661445 3961 681555
134400 3955 661996 3961 682004
134500 3955 662602 3961 682398
134600 3957 663082 3963 682918
134700 3958 663653 3966 683347
134800 3960 664170 3971 683830
134900 3965 664771 3974 684229
135000 3970 665255 3976 684745
135100 3971 665684 3978 685316
135200 3973 666078 3983 685922
135300 3977 666510 3985 686490
135400 3977 666968 3986 687032
135500 3980 667417 3989 687583
135600 3985 667971 3990 688029
135700 3985 668487 3990 688513
135800 3987 668956 3994 689044
135900 3994 669420 3996 689580
136000 3999 669904 3999 690096
136100 3999 670350 4001 690650
136200 4004 670719 4010 691281
136300 4009 671184 4017 691816
136400 4011 671569 4021 692431
136500 4012 671986 4022 693014
136600 4013 672469 4023 693531
136700 4017 672928 4025 694072
136800 4022 673422 4028 694578
136900 4022 673850 4029 695150
137000 4024 674328 4032 695672
137100 4028 674862 4037 696138
137200 4032 675421 4040 696579
137300 4033 675930 4044 697070
137400 4034 676465 4045 697535
137500 4034 676835 4047 698165
137600 4035 677333 4049 698667
137700 4039 677798 4051 699202
137800 4042 678514 4056 699486
137900 4043 678999 4057 700001
138000 4045 679477 4058 700523
138100 4049 679892 4062 701108
138200 4051 680303 4063 701697
138300 4051 680814 4068 702186
138400 4055 681358 4070 702642
138500 4058 681813 4072 703187
138600 4058 682359 4074 703641
138700 4060 682850 4076 704150
138800 4061 683364 4078 704636
138900 4066 683843 4082 705157
139000 4067 684362 4083 705638
139100 4067 684674 4085 706326
139200 4069 685216 4086 706784
139300 4070 685701 4086 707299
139400 4072 686203 4086 707797
139500 4074 686608 4090 708392
139600 4078 687137 4093 708863
139700 4080 687728 4093 709272
139800 4082 688267 4095 709733
139900 4083 688842 4095 710158
140000 4084 689364 4097 710636
140100 4089 689699 4097 711301
140200 4091 690169 4098 711831
140300 4092 690675 4098 712325
140400 4093 691096 4099 712904
140500 4095 691503 4103 713497
140600 4098 691951 4107 714049
140700 4099 692464 4109 714536
140800 4102 692972 4112 715028
140900 4102 693423 4113 715577
141000 4107 693835 4118 716165
141100 4113 694287 4119 716713
141200 4116 694753 4120 717247
141300 4118 695182 4122 717818
141400 4118 695638 4124 718362
141500 4119 696167 4128 718833
141600 4121 696721 4130 719279
141700 4123 697275 4135 719725
141800 4125 697719 4141 720281
141900 4129 698225 4142 720775
142000 4130 698701 4143 721299
142100 4133 699114 4146 721886
142200 4136 699696 4150 722304
142300 4138 700267 4150 722733
142400 4141 700768 4152 723232
142500 4144 701214 4155 723786
142600 4144 701648 4159 724352
142700 4150 702097 4161 724903
142800 4153 702661 4167 725339
142900 4154 703191 4169 725809
143000 4155 703702 4170 726298
143100 4158 704244 4171 726756
143200 4160 704767 4174 727233
143300 4163 705299 4175 727701
143400 4166 705808 4180 728192
143500 4168 706297 4182 728703
143600 4170 706631 4184 729369
143700 4175 707099 4185 729901
143800 4176 707575 4185 730425
143900 4179 708126 4186 730874
144000 4182 708669 4189 731331
144100 4184 709258 4190 731742
144200 4185 709823 4196 732177
144300 4187 710384 4204 732616
144400 4192 710962 4207 733038
144500 4194 711535 4213 733465
144600 4199 712000 4220 734000
144700 4205 712481 4223 734519
144800 4206 713011 4223 734989
144900 4207 713455 4224 735545
145000 4209 713986 4228 736014
145100 4211 714419 4231 736581
145200 4211 714894 4232 737106
145300 4211 715434 4235 737566
145400 4215 715945 4237 738055
145500 4216 716461 4238 738539
145600 4220 717050 4241 738950
145700 4226 717485 4241 739515
145800 4227 718016 4244 739984
145900 4227 718593 4247 740407
146000 4228 719018 4249 740982
146100 4229 719395 4251 741605
146200 4230 719863 4256 742137
146300 4234 720281 4260 742719
146400 4236 720751 4261 743249
146500 4240 721214 4265 743786
146600 4243 721763 4269 744237
146700 4244 722311 4269 744689
146800 4247 722844 4270 745156
146900 4248 723348 4273 745652
147000 4249 723774 4279 746226
147100 4254 724187 4283 746813
147200 4259 724706 4285 747294
147300 4264 725309 4291 747691
147400 4271 725931 4297 748069
147500 4271 726424 4300 748576
147600 4274 726948 4301 749052
147700 4277 727338 4304 749662
147800 4279 727838 4306 750162
147900 4283 728316 4307 750684
148000 4285 728783 4311 751217
148100 4289 729293 4315 751707
148200 4291 729878 4321 752122
148300 4293 730221 4327 752779
148400 4294 730596 4328 753404
148500 4294 731195 4329 753805
148600 4296 731698 4331 754302
148700 4299 732177 4331 754823
148800 4303 732812 4333 755188
148900 4308 733348 4335 755652
149000 4310 733924 4340 756076
149100 4316 734422 4346 756578
149200 4317 734938 4353 757062
149300 4318 735435 4356 757565
149400 4321 735911 4358 758089
149500 4323 736376 4360 758624
149600 4323 736849 4362 759151
149700 4325 737285 4365 759715
149800 4328 737780 4368 760220
149900 4332 738212 4370 760788
150000 4335 738648 4373 761352
150100 4337 739048 4375 761952
150200 4339 739495 4378 762505
150300 4340 739954 4382 763046
150400 4341 740431 4383 763569
150500 4341 741028 4387 763972
150600 4344 741565 4389 764435
150700 4346 742052 4391 764948
150800 4347 742510 4393 765490
150900 4349 742972 4396 766028
151000 4352 743477 4398 766523
151100 4356 744055 4401 766945
151200 4360 744668 4403 767332
151300 4362 745266 4407 767734
151400 4362 745707 4409 768293
151500 4364 746193 4413 768807
151600 4368 746645 4414 769355
151700 4370 747021 4418 769979
151800 4374 747537 4420 770463
151900 4376 747995 4423 771005
152000 4380 748497 4427 771503
152100 4380 749022 4429 771978
152200 4382 749434 4431 772566
152300 4383 749984 4436 773016
152400 4384 750556 4441 773444
152500 4390 751242 4447 773758
152600 4393 751601 4448 774399
152700 4394 752176 4453 774824
152800 4394 752691 4457 775309
152900 4397 753139 4461 775861
153000 4398 753557 4462 776443
153100 4398 753932 4465 777068
153200 4399 754340 4466 777660
153300 4401 754899 4467 778101
153400 4403 755277 4470 778723
153500 4405 755884 4474 779116
153600 4405 756282 4478 779718
153700 4407 756738 4480 780262
153800 4409 757270 4486 780730
153900 4410 757799 4486 781201
154000 4413 758240 4487 781760
154100 4418 758740 4491 782260
154200 4422 759344 4491 782656
154300 4423 759850 4494 783150
154400 4425 760315 4499 783685
154500 4425 760786 4500 784214
154600 4426 761282 4501 784718
154700 4431 761827 4503 785173
154800 4437 762436 4508 785564
154900 4444 762980 4509 786020
155000 4445 763432 4510 786568
155100 4448 763926 4511 787074
155200 4450 764403 4513 787597
155300 4453 764974 4520 788026
155400 4455 765545 4521 788455
155500 4458 766110 4523 788890
155600 4459 766603 4524 789397
155700 4459 767111 4524 789889
155800 4461 767721 4526 790279
155900 4463 768259 4528 790741
156000 4466 768802 4528 791198
156100 4467 769310 4528 791690
156200 4468 769872 4529 792128
156300 4468 770452 4530 792548
156400 4471 771005 4534 792995
156500 4473 771552 4537 793448
156600 4479 772115 4540 793885
156700 4483 772622 4542 794378
156800 4483 773143 4546 794857
156900 4487 773692 4547 795308
157000 4488 774225 4549 795775
157100 4490 774712 4550 796288
157200 4492 775259 4552 796741
157300 4497 775712 4556 797288
157400 4498 776331 4557 797669
157500 4500 776816 4563 798184
157600 4505 777422 4566 798578
157700 4508 777911 4570 799089
157800 4510 778436 4570 799564
157900 4511 778925 4571 800075
158000 4517 779328 4574 800672
158100 4520 779800 4577 801200
158200 4524 780288 4583 801712
158300 4526 780681 4583 802319
158400 4528 781239 4586 802761
158500 4531 781921 4588 803079
158600 4532 782444 4593 803556
158700 4533 783023 4599 803977
158800 4533 783563 4603 804437
158900 4535 784085 4604 804915
159000 4537 784664 4605 805336
159100 4537 785099 4607 805901
159200 4541 785580 4610 806420
159300 4544 786203 4613 806797
159400 4545 786486 4614 807514
159500 4550 786893 4616 808107
159600 4552 787311 4621 808689
159700 4555 787851 4621 809149
159800 4557 788406 4624 809594
159900 4557 788981 4626 810019
160000 4560 789438 4626 810562
160100 4565 789940 4630 811060
160200 4568 790372 4633 811628
160300 4571 790795 4634 812205
160400 4574 791206 4639 812794
160500 4576 791583 4643 813417
160600 4577 792198 4649 813802
160700 4581 792673 4654 814327
160800 4586 793110 4658 814890
160900 4589 793449 4661 815551
161000 4593 793934 4662 816066
161100 4594 794458 4666 816542
161200 4594 795035 4667 816965
161300 4597 795553 4672 817447
161400 4600 796090 4674 817910
161500 4602 796548 4678 818452
161600 4607 797018 4684 818982
161700 4610 797441 4684 819559
161800 4614 797853 4686 820147
161900 4616 798265 4688 820735
162000 4620 798859 4689 821141
162100 4623 799338 4689 821662
162200 4624 799754 4691 822246
162300 4625 800146 4693 822854
162400 4627 800673 4694 823327
162500 4632 801211 4699 823789
162600 4636 801671 4701 824329
162700 4644 802176 4706 824824
162800 4648 802648 4706 825352
162900 4648 803282 4711 825718
163000 4653 803845 4719 826155
163100 4653 804261 4719 826739
163200 4655 804818 4720 827182
163300 4657 805375 4722 827625
163400 4658 805862 4723 828138
163500 4659 806338 4728 828662
163600 4660 806987 4732 829013
163700 4661 807420 4735 829580
163800 4663 808015 4737 829985
163900 4663 808421 4737 830579
164000 4666 808900 4737 831100
164100 4667 809360 4738 831640
164200 4669 809764 4741 832236
164300 4670 810233 4742 832767
164400 4673 810647 4742 833353
164500 4673 811056 4743 833944
164600 4676 811557 4746 834443
164700 4676 812055 4750 834945
164800 4678 812554 4750 835446
164900 4682 813014 4751 835986
165000 4687 813377 4751 836623
165100 4688 813877 4756 837123
165200 4689 814359 4760 837641
165300 4692 814817 4762 838183
165400 4692 815297 4765 838703
165500 4697 815725 4767 839275
165600 4702 816293 4770 839707
165700 4705 816808 4772 840192
165800 4708 817279 4782 840721
165900 4710 817828 4782 841172
166000 4715 818416 4785 841584
166100 4716 818907 4789 842093
166200 4718 819444 4790 842556
166300 4718 819831 4792 843169
166400 4721 820263 4796 843737
166500 4721 820724 4797 844276
166600 4722 821176 4800 844824
166700 4724 821568 4803 845432
166800 4725 822018 4805 845982
166900 4727 822555 4807 846445
167000 4729 823064 4813 846936
167100 4729 823687 4814 847313
167200 4729 824366 4816 847634
167300 4731 824856 4817 848144
167400 4734 825356 4820 848644
167500 4738 825984 4825 849016
167600 4738 826439 4826 849561
167700 4738 826871 4831 850129
167800 4742 827382 4832 850618
167900 4743 827917 4833 851083
168000 4745 828506 4835 851494
168100 4746 828944 4839 852056
168200 4747 829517 4841 852483
168300 4750 830065 4844 852935
168400 4753 830549 4847 853451
168500 4755 831010 4850 853990
168600 4757 831652 4851 854348
168700 4761 832144 4852 854856
168800 4764 832594 4854 855406
168900 4766 833003 4861 855997
169000 4770 833474 4864 856526
169100 4772 833821 4866 857179
169200 4777 834117 4869 857883
169300 4779 834488 4873 858512
169400 4786 834839 4875 859161
169500 4788 835171 4880 859829
169600 4796 835521 4883 860479
169700 4798 836085 4884 860915
169800 4800 836431 4887 861569
169900 4802 836941 4888 862059
170000 4804 837437 4889 862563
170100 4808 837968 4891 863032
170200 4811 838455 4894 863545
170300 4812 839018 4898 863982
170400 4814 839502 4898 864498
170500 4817 839981 4901 865019
170600 4817 840486 4902 865514
170700 4817 841041 4906 865959
170800 4823 841597 4908 866403
170900 4825 842126 4909 866874
171000 4826 842519 4911 867481
171100 4830 843027 4915 867973
171200 4834 843494 4916 868506
171300 4837 844064 4920 868936
171400 4838 844521 4923 869479
171500 4838 844914 4927 870086
171600 4839 845463 4930 870537
171700 4844 845891 4931 871109
171800 4846 846252 4931 871748
171900 4846 846811 4932 872189
172000 4847 847280 4934 872720
172100 4852 847770 4934 873230
172200 4853 848351 4936 873649
172300 4857 848985 4941 874015
172400 4857 849603 4942 874397
172500 4859 850017 4944 874983
172600 4861 850333 4948 875667
172700 4863 850881 4953 876119
172800 4864 851373 4954 876627
172900 4865 851883 4956 877117
173000 4869 852373 4958 877627
173100 4872 852814 4960 878186
173200 4874 853371 4961 878629
173300 4875 853812 4962 879188
173400 4877 854338 4970 879662
173500 4878 854875 4971 880125
173600 4880 855336 4975 880664
173700 4884 855703 4980 881297
173800 4885 856227 4982 881773
173900 4888 856697 4985 882303
174000 4890 857166 4987 882834
174100 4891 857621 4991 883379
174200 4896 857962 4992 884038
174300 4898 858369 4995 884631
174400 4900 858696 4996 885304
174500 4901 859098 4998 885902
174600 4904 859504 5000 886496
174700 4909 860224 5008 886776
174800 4910 860773 5009 887227
174900 4911 861277 5012 887723
175000 4912 861913 5013 888087
175100 4916 862443 5014 888557
175200 4922 862931 5018 889069
175300 4925 863314 5020 889686
175400 4931 863786 5021 890214
175500 4935 864226 5023 890774
175600 4939 864716 5026 891284
175700 4940 865205 5027 891795
175800 4944 865758 5030 892242
175900 4945 866195 5035 892805
176000 4948 866724 5038 893276
176100 4949 867143 5039 893857
176200 4950 867676 5041 894324
176300 4952 868085 5041 894915
176400 4956 868513 5043 895487
176500 4957 868916 5045 896084
176600 4961 869340 5047 896660
176700 4962 869879 5048 897121
176800 4966 870282 5048 897718
176900 4968 870674 5051 898326
177000 4970 871119 5054 898881
177100 4976 871599 5057 899401
177200 4978 872096 5060 899904
177300 4978 872623 5064 900377
177400 4985 873182 5067 900818
177500 4992 873700 5071 901300
177600 4997 874257 5073 901743
177700 5002 874677 5074 902323
177800 5004 875178 5076 902822
177900 5006 875650 5080 903350
178000 5008 876145 5080 903855
178100 5011 876663 5080 904337
178200 5012 877166 5080 904834
178300 5013 877629 5085 905371
178400 5014 878098 5086 905902
178500 5016 878611 5087 906389
178600 5017 879121 5090 906879
178700 5019 879536 5093 907464
178800 5022 880113 5096 907887
178900 5024 880673 5098 908327
179000 5026 881185 5102 908815
179100 5027 881693 5104 909307
179200 5031 882053 5105 909947
179300 5038 882583 5105 910417
179400 5040 883188 5105 910812
179500 5040 883691 5108 911309
179600 5044 884240 5109 911760
179700 5046 884701 5113 912299
179800 5050 885293 5114 912707
179900 5054 885881 5115 913119
180000 5057 886356 5116 913644
180100 5062 886638 5119 914362
180200 5066 887107 5125 914893
180300 5071 887620 5127 915380
180400 5074 888198 5130 915802
180500 5076 888838 5133 916162
180600 5077 889318 5137 916682
180700 5080 889737 5139 917263
180800 5084 890163 5141 917837
180900 5084 890839 5142 918161
181000 5086 891402 5144 918598
181100 5091 891949 5145 919051
181200 5094 892456 5146 919544
181300 5099 892924 5148 920076
181400 5100 893329 5149 920671
181500 5100 893923 5151 921077
181600 5100 894385 5151 921615
181700 5102 894898 5153 922102
181800 5102 895400 5155 922600
181900 5105 895889 5155 923111
182000 5106 896349 5156 923651
182100 5110 896797 5159 924203
182200 5113 897262 5162 924738
182300 5117 897736 5167 925264
182400 5119 898252 5169 925748
182500 5122 898800 5172 926200
182600 5124 899404 5176 926596
182700 5125 899905 5178 927095
182800 5127 900440 5179 927560
182900 5129 900949 5179 928051
183000 5129 901368 5180 928632
183100 5131 901777 5183 929223
183200 5133 902380 5189 929620
183300 5133 902780 5189 930220
183400 5134 903177 5190 930823
183500 5135 903738 5191 931262
183600 5137 904230 5194 931770
183700 5139 904613 5198 932387
183800 5142 904985 5204 933015
183900 5147 905390 5206 933610
184000 5147 905875 5206 934125
184100 5150 906416 5210 934584
184200 5152 906996 5211 935004
184300 5156 907452 5213 935548
184400 5156 907963 5214 936037
184500 5159 908596 5215 936404
184600 5163 909051 5216 936949
184700 5165 909575 5218 937425
184800 5165 910079 5218 937921
184900 5167 910674 5224 938326
185000 5169 911238 5228 938762
185100 5171 911616 5229 939384
185200 5172 912135 5231 939865
185300 5174 912603 5232 940397
185400 5174 913090 5233 940910
185500 5175 913544 5236 941456
185600 5178 914225 5238 941775
185700 5181 914632 5239 942368
185800 5182 915085 5239 942915
185900 5182 915466 5240 943534
186000 5185 915952 5241 944048
186100 5186 916344 5243 944656
186200 5190 916736 5244 945264
186300 5191 917230 5245 945770
186400 5194 917688 5250 946312
186500 5195 917998 5253 947002
186600 5201 918462 5255 947538
186700 5207 918914 5257 948086
186800 5212 919415 5260 948585
186900 5214 919889 5264 949111
187000 5216 920394 5267 949606
187100 5218 920892 5270 950108
187200 5218 921322 5271 950678
187300 5221 921744 5273 951256
187400 5227 922418 5278 951582
187500 5229 923011 5282 951989
187600 5232 923517 5284 952483
187700 5234 924083 5289 952917
187800 5237 924494 5295 953506
187900 5238 925055 5295 953945
188000 5239 925474 5296 954526
188100 5239 925945 5299 955055
188200 5243 926550 5304 955450
188300 5244 926892 5307 956108
188400 5245 927332 5310 956668
188500 5246 927928 5312 957072
188600 5247 928462 5316 957538
188700 5253 929018 5318 957982
188800 5257 929474 5320 958526
188900 5259 929933 5323 959067
189000 5263 930435 5328 959565
189100 5266 930928 5333 960072
189200 5269 931238 5337 960762
189300 5269 931635 5342 961365
189400 5276 932019 5342 961981
189500 5276 932460 5343 962540
189600 5283 932873 5344 963127
189700 5284 933275 5345 963725
189800 5288 933724 5349 964276
189900 5292 934100 5353 964900
190000 5295 934523 5354 965477
190100 5298 934958 5357 966042
190200 5298 935511 5361 966489
190300 5301 936002 5365 966998
190400 5302 936503 5366 967497
190500 5306 937069 5367 967931
190600 5307 937635 5370 968365
190700 5307 938252 5371 968748
190800 5310 938734 5374 969266
190900 5312 939203 5374 969797
191000 5313 939629 5374 970371
191100 5313 940095 5377 970905
191200 5313 940589 5379 971411
191300 5319 941157 5386 971843
191400 5321 941744 5389 972256
191500 5324 942250 5391 972750
191600 5327 942836 5393 973164
191700 5329 943241 5398 973759
191800 5330 943654 5399 974346
191900 5331 944134 5402 974866
192000 5334 944662 5404 975338
192100 5337 945061 5405 975939
192200 5338 945482 5408 976518
192300 5342 945939 5410 977061
192400 5344 946390 5414 977610
192500 5347 946951 5416 978049
192600 5352 947510 5419 978490
192700 5356 947953 5426 979047
192800 5360 948518 5430 979482
192900 5361 949031 5434 979969
193000 5364 949486 5436 980514
193100 5366 949948 5437 981052
193200 5367 950402 5437 981598
193300 5373 950913 5443 982087
193400 5377 951451 5445 982549
193500 5379 951862 5447 983138
193600 5383 952409 5452 983591
193700 5386 952894 5453 984106
193800 5386 953398 5455 984602
193900 5387 953881 5455 985119
194000 5393 954440 5457 985560
194100 5396 954876 5459 986124
194200 5398 955345 5460 986655
194300 5400 955872 5464 987128
194400 5401 956395 5467 987605
194500 5403 956846 5468 988154
194600 5405 957327 5469 988673
194700 5409 957910 5470 989090
194800 5413 958413 5473 989587
194900 5414 958864 5474 990136
195000 5414 959517 5475 990483
195100 5417 959948 5478 991052
195200 5418 960389 5481 991611
195300 5420 960872 5484 992128
195400 5424 961330 5486 992670
195500 5427 961811 5490 993189
195600 5431 962181 5490 993819
195700 5432 962724 5492 994276
195800 5436 963286 5492 994714
195900 5440 963746 5494 995254
196000 5441 964197 5496 995803
196100 5444 964677 5499 996323
196200 5446 965187 5503 996813
196300 5446 965467 5505 997533
196400 5450 965958 5508 998042
196500 5452 966357 5509 998643
196600 5459 966741 5514 999259
196700 5463 967287 5516 999713
196800 5465 967929 5518 1000071
196900 5467 968396 5520 1000604
197000 5468 968822 5527 1001178
197100 5469 969203 5529 1001797
197200 5472 969616 5531 1002384
197300 5473 970053 5536 1002947
197400 5475 970519 5539 1003481
197500 5477 970996 5543 1004004
197600 5479 971538 5544 1004462
197700 5480 972143 5547 1004857
197800 5482 972726 5548 1005274
197900 5486 973214 5552 1005786
198000 5488 973721 5553 1006279
198100 5493 974431 5554 1006569
198200 5497 975011 5557 1006989
198300 5500 975616 5559 1007384
198400 5503 976227 5565 1007773
198500 5503 976727 5567 1008273
198600 5507 977113 5568 1008887
198700 5507 977620 5572 1009380
198800 5510 978179 5572 1009821
198900 5513 978728 5577 1010272
199000 5516 979194 5578 1010806
199100 5521 979664 5579 1011336
199200 5523 980201 5588 1011799
199300 5529 980756 5591 1012244
199400 5531 981328 5592 1012672
199500 5532 981826 5592 1013174
199600 5535 982279 5592 1013721
199700 5536 982784 5594 1014216
199800 5540 983227 5597 1014773
199900 5543 983708 5600 1015292
200000 5544 984193 5604 1015807
