#! FIELDS timestep dup_succ dup_attempts kill_succ kill_attempts
#! SET timestep 0.5
#! SET kernel_bandwidth [0.35 0.35]
#! SET kt 1.0
100 97 287 85 713
200 195 607 206 1393
300 288 962 326 2038
400 385 1416 410 2584
500 451 1957 475 3043
600 495 2456 516 3544
700 514 2923 538 4077
800 528 3422 556 4578
900 536 3841 565 5159
1000 550 4267 575 5733
1100 563 4730 581 6270
1200 575 5149 593 6851
1300 589 5654 603 7346
1400 600 6066 616 7934
1500 612 6526 623 8474
1600 629 6999 636 9001
1700 633 7470 645 9530
1800 646 7955 657 10045
1900 656 8459 673 10541
2000 661 8932 680 11068
2100 672 9471 687 11529
2200 684 10065 699 11935
2300 697 10515 710 12485
2400 708 10976 721 13024
2500 717 11465 733 13535
2600 731 11972 755 14028
2700 740 12502 761 14498
2800 758 13004 780 14996
2900 769 13476 789 15524
3000 787 14007 802 15993
3100 794 14514 807 16486
3200 809 14979 815 17021
3300 821 15473 822 17527
3400 833 15970 835 18030
3500 842 16444 842 18556
3600 848 17022 852 18978
3700 857 17550 862 19450
3800 867 18024 871 19976
3900 876 18583 880 20417
4000 891 19111 887 20889
4100 901 19595 901 21405
4200 911 20108 915 21892
4300 921 20605 926 22395
4400 931 21121 936 22879
4500 939 21631 946 23369
4600 955 22095 959 23905
4700 962 22521 970 24479
4800 973 23017 980 24983
4900 982 23538 989 25462
5000 998 24094 1001 25906
5100 1008 24630 1002 26370
5200 1015 25195 1009 26805
5300 1019 25689 1018 27311
5400 1034 26156 1024 27844
5500 1044 26697 1034 28303
5600 1060 27215 1037 28785
5700 1075 27731 1045 29269
5800 1086 28229 1058 29771
5900 1099 28715 1067 30285
6000 1114 29289 1080 30711
6100 1128 29802 1095 31198
6200 1134 30321 1106 31679
6300 1139 30830 1118 32170
6400 1149 31297 1131 32703
6500 1159 31820 1139 33180
6600 1171 32360 1155 33640
6700 1188 32908 1173 34092
6800 1205 33443 1186 34557
6900 1214 34019 1200 34981
7000 1224 34584 1215 35416
7100 1235 35086 1221 35914
7200 1255 35584 1233 36416
7300 1270 36164 1247 36836
7400 1282 36658 1259 37342
7500 1289 37150 1264 37850
7600 1298 37631 1276 38369
7700 1319 38117 1288 38883
7800 1334 38601 1296 39399
7900 1343 39065 1306 39935
8000 1351 39579 1321 40421
8100 1367 40111 1330 40889
8200 1381 40653 1347 41347
8300 1395 41166 1353 41834
8400 1411 41609 1361 42391
8500 1433 42081 1367 42919
8600 1443 42619 1382 43381
8700 1456 43095 1396 43905
8800 1471 43599 1406 44401
8900 1481 44052 1410 44948
9000 1499 44510 1426 45490
9100 1512 44945 1435 46055
9200 1519 45377 1446 46623
9300 1526 45851 1457 47149
9400 1549 46365 1478 47635
9500 1563 46873 1497 48127
9600 1576 47492 1506 48508
9700 1586 47969 1514 49031
9800 1593 48479 1519 49521
9900 1602 48972 1531 50028
10000 1611 49467 1541 50533
10100 1621 49954 1558 51046
10200 1633 50452 1567 51548
10300 1644 50929 1576 52071
10400 1658 51412 1594 52588
10500 1664 51881 1601 53119
10600 1678 52325 1611 53675
10700 1688 52686 1621 54314
10800 1693 53129 1628 54871
10900 1704 53572 1644 55428
11000 1712 54084 1651 55916
11100 1717 54584 1657 56416
11200 1730 55109 1666 56891
11300 1744 55612 1675 57388
11400 1754 56063 1682 57937
11500 1761 56615 1691 58385
11600 1775 57129 1700 58871
11700 1785 57646 1716 59354
11800 1793 58097 1722 59903
11900 1805 58559 1733 60441
12000 1819 59006 1747 60994
12100 1836 59541 1765 61459
12200 1854 60028 1779 61972
12300 1863 60524 1787 62476
12400 1869 61031 1794 62969
12500 1880 61530 1801 63470
12600 1892 61991 1810 64009
12700 1901 62462 1819 64538
12800 1908 62989 1826 65011
12900 1921 63561 1841 65439
13000 1929 64039 1852 65961
13100 1941 64559 1863 66441
13200 1958 65052 1882 66948
13300 1975 65628 1896 67372
13400 1997 66170 1912 67830
13500 2008 66731 1922 68269
13600 2017 67263 1928 68737
13700 2030 67767 1939 69233
13800 2044 68294 1954 69706
13900 2055 68827 1969 70173
14000 2066 69391 1979 70609
14100 2080 69959 1990 71041
14200 2092 70448 2003 71552
14300 2098 70868 2021 72132
14400 2103 71370 2029 72630
14500 2114 71844 2041 73156
14600 2129 72304 2058 73696
14700 2141 72848 2075 74152
14800 2156 73323 2087 74677
14900 2163 73856 2100 75144
15000 2170 74387 2108 75613
15100 2179 74858 2119 76142
15200 2195 75317 2129 76683
15300 2206 75830 2145 77170
15400 2215 76313 2154 77687
15500 2229 76781 2166 78219
15600 2244 77319 2180 78681
15700 2255 77812 2188 79188
15800 2276 78329 2206 79671
15900 2292 78732 2216 80268
16000 2309 79307 2226 80693
16100 2318 79866 2241 81134
16200 2332 80347 2252 81653
16300 2346 80820 2269 82180
16400 2353 81281 2279 82719
16500 2362 81777 2290 83223
16600 2371 82265 2298 83735
16700 2385 82746 2312 84254
16800 2394 83251 2322 84749
16900 2404 83810 2333 85190
17000 2413 84310 2343 85690
17100 2419 84958 2355 86042
17200 2432 85487 2367 86513
17300 2443 85992 2376 87008
17400 2455 86418 2383 87582
17500 2460 86861 2395 88139
17600 2469 87358 2411 88642
17700 2478 87856 2423 89144
17800 2496 88331 2436 89669
17900 2505 88882 2458 90118
18000 2515 89359 2462 90641
18100 2524 89894 2468 91106
18200 2536 90358 2476 91642
18300 2549 90806 2481 92194
18400 2556 91317 2488 92683
18500 2571 91831 2504 93169
18600 2582 92327 2516 93673
18700 2596 92811 2524 94189
18800 2606 93301 2531 94699
18900 2618 93800 2539 95200
19000 2632 94341 2545 95659
19100 2645 94865 2555 96135
19200 2658 95402 2568 96598
19300 2667 96000 2577 97000
19400 2676 96472 2585 97528
19500 2688 97043 2596 97957
19600 2694 97590 2606 98410
19700 2707 98051 2618 98949
19800 2720 98576 2634 99424
19900 2742 99081 2646 99919
20000 2758 99581 2655 100419
20100 2772 100130 2666 100870
20200 2783 100603 2677 101397
20300 2806 101082 2689 101918
20400 2814 101583 2698 102417
20500 2826 102031 2704 102969
20600 2836 102546 2713 103454
20700 2858 103041 2725 103959
20800 2878 103552 2742 104448
20900 2891 104115 2756 104885
21000 2899 104561 2767 105439
21100 2912 105030 2777 105970
21200 2922 105521 2784 106479
21300 2931 105969 2788 107031
21400 2939 106503 2800 107497
21500 2954 107060 2810 107940
21600 2965 107494 2821 108506
21700 2979 107957 2838 109043
21800 2992 108420 2847 109580
21900 3007 108888 2856 110112
22000 3018 109414 2866 110586
22100 3031 109984 2876 111016
22200 3043 110483 2886 111517
22300 3054 111019 2895 111981
22400 3066 111510 2899 112490
22500 3082 112075 2907 112925
22600 3093 112550 2917 113450
22700 3106 113049 2927 113951
22800 3114 113515 2943 114485
22900 3128 114036 2956 114964
23000 3143 114481 2970 115519
23100 3154 114933 2980 116067
23200 3161 115354 2985 116646
23300 3170 115809 2991 117191
23400 3180 116305 3006 117695
23500 3187 116747 3014 118253
23600 3198 117258 3028 118742
23700 3216 117717 3043 119283
23800 3224 118240 3053 119760
23900 3237 118716 3062 120284
24000 3249 119203 3078 120797
24100 3254 119725 3091 121275
24200 3268 120237 3096 121763
24300 3279 120727 3107 122273
24400 3286 121249 3114 122751
24500 3301 121802 3121 123198
24600 3312 122363 3131 123637
24700 3322 122838 3142 124162
24800 3339 123265 3158 124735
24900 3349 123743 3172 125257
25000 3359 124246 3188 125754
25100 3370 124622 3198 126378
25200 3381 125118 3209 126882
25300 3401 125606 3220 127394
25400 3412 126151 3228 127849
25500 3420 126643 3239 128357
25600 3431 127012 3247 128988
25700 3440 127414 3258 129586
25800 3454 127858 3267 130142
25900 3464 128366 3280 130634
26000 3474 128861 3290 131139
26100 3483 129377 3304 131623
26200 3498 129900 3315 132100
26300 3507 130338 3326 132662
26400 3525 130832 3338 133168
26500 3533 131288 3349 133712
26600 3543 131802 3355 134198
26700 3548 132332 3361 134668
26800 3563 132825 3371 135175
26900 3571 133304 3375 135696
27000 3576 133776 3386 136224
27100 3587 134193 3393 136807
27200 3594 134720 3395 137280
27300 3610 135269 3408 137731
27400 3623 135691 3428 138309
27500 3639 136155 3439 138845
27600 3645 136658 3451 139342
27700 3654 137082 3463 139918
27800 3663 137584 3475 140416
27900 3677 138123 3483 140877
28000 3691 138639 3492 141361
28100 3699 139113 3498 141887
28200 3710 139633 3504 142367
28300 3720 140138 3517 142862
28400 3728 140648 3524 143352
28500 3735 141107 3534 143893
28600 3745 141612 3551 144388
28700 3757 142164 3564 144836
28800 3764 142640 3573 145360
28900 3777 143133 3583 145867
29000 3791 143638 3593 146362
29100 3796 144138 3605 146862
29200 3814 144609 3621 147391
29300 3826 145091 3632 147909
29400 3837 145632 3639 148368
29500 3853 146112 3652 148888
29600 3859 146618 3666 149382
29700 3867 147147 3673 149853
29800 3884 147685 3695 150315
29900 3895 148167 3705 150833
30000 3903 148694 3710 151306
30100 3912 149146 3718 151854
30200 3923 149644 3727 152356
30300 3931 150198 3734 152802
30400 3944 150781 3750 153219
30500 3951 151240 3759 153760
30600 3966 151732 3774 154268
30700 3973 152199 3781 154801
30800 3983 152752 3790 155248
30900 3992 153219 3803 155781
31000 4002 153718 3820 156282
31100 4011 154219 3829 156781
31200 4016 154675 3847 157325
31300 4023 155182 3857 157818
31400 4029 155676 3867 158324
31500 4040 156174 3881 158826
31600 4048 156676 3888 159324
31700 4052 157126 3899 159874
31800 4059 157652 3912 160348
31900 4067 158110 3924 160890
32000 4076 158627 3943 161373
32100 4085 159166 3953 161834
32200 4093 159708 3963 162292
32300 4104 160131 3973 162869
32400 4110 160631 3981 163369
32500 4117 161197 3986 163803
32600 4128 161693 3996 164307
32700 4147 162183 4006 164817
32800 4160 162652 4015 165348
32900 4169 163169 4024 165831
33000 4182 163646 4036 166354
33100 4194 164223 4044 166777
33200 4206 164715 4055 167285
33300 4220 165211 4065 167789
33400 4226 165694 4078 168306
33500 4233 166151 4092 168849
33600 4243 166679 4095 169321
33700 4249 167138 4100 169862
33800 4259 167620 4117 170380
33900 4268 168157 4125 170843
34000 4281 168673 4143 171327
34100 4287 169152 4155 171848
34200 4296 169654 4165 172346
34300 4310 170127 4180 172873
34400 4326 170681 4203 173319
34500 4341 171100 4217 173900
34600 4353 171602 4224 174398
34700 4366 172071 4234 174929
34800 4375 172562 4248 175438
34900 4380 172986 4258 176014
35000 4394 173435 4276 176565
35100 4404 173880 4282 177120
35200 4416 174395 4289 177605
35300 4425 174853 4301 178147
35400 4432 175309 4309 178691
35500 4439 175832 4319 179168
35600 4451 176375 4326 179625
35700 4458 176970 4342 180030
35800 4466 177426 4348 180574
35900 4483 177978 4358 181022
36000 4492 178475 4368 181525
36100 4502 178943 4379 182057
36200 4509 179436 4385 182564
36300 4518 179996 4397 183004
36400 4529 180467 4417 183533
36500 4544 180987 4432 184013
36600 4550 181415 4443 184585
36700 4564 182029 4453 184971
36800 4579 182604 4464 185396
36900 4595 183162 4476 185838
37000 4605 183680 4493 186320
37100 4607 184253 4501 186747
37200 4620 184749 4513 187251
37300 4629 185272 4518 187728
37400 4642 185725 4526 188275
37500 4650 186208 4545 188792
37600 4660 186641 4558 189359
37700 4673 187127 4573 189873
37800 4686 187620 4582 190380
37900 4703 188093 4593 190907
38000 4716 188573 4602 191427
38100 4725 189059 4616 191941
38200 4738 189561 4624 192439
38300 4743 189978 4634 193022
38400 4752 190399 4646 193601
38500 4762 190903 4658 194097
38600 4771 191396 4664 194604
38700 4779 191825 4670 195175
38800 4790 192311 4677 195689
38900 4809 192829 4692 196171
39000 4828 193329 4710 196671
39100 4837 193855 4716 197145
39200 4840 194340 4726 197660
39300 4852 194858 4734 198142
39400 4861 195317 4746 198683
39500 4874 195808 4761 199192
39600 4883 196304 4774 199696
39700 4893 196802 4785 200198
39800 4903 197320 4792 200680
39900 4913 197732 4800 201268
40000 4929 198188 4816 201812
40100 4943 198659 4831 202341
40200 4961 199086 4849 202914
40300 4972 199591 4865 203409
40400 4983 200113 4874 203887
40500 4990 200526 4882 204474
40600 4998 201118 4889 204882
40700 5008 201596 4906 205404
40800 5023 202083 4919 205917
40900 5029 202583 4927 206417
41000 5038 203123 4936 206877
41100 5052 203574 4945 207426
41200 5063 204088 4955 207912
41300 5080 204591 4965 208409
41400 5095 205033 4982 208967
41500 5106 205561 4988 209439
41600 5118 206113 4993 209887
41700 5124 206552 5002 210448
41800 5134 206980 5017 211020
41900 5147 207476 5027 211524
42000 5158 207968 5053 212032
42100 5169 208509 5058 212491
42200 5180 209026 5072 212974
42300 5187 209561 5076 213439
42400 5199 210076 5097 213924
42500 5211 210562 5106 214438
42600 5217 211020 5115 214980
42700 5235 211522 5133 215478
42800 5248 211995 5144 216005
42900 5266 212476 5159 216524
43000 5277 212956 5173 217044
43100 5280 213486 5182 217514
43200 5288 213994 5188 218006
43300 5297 214481 5201 218519
43400 5305 214896 5217 219104
43500 5322 215344 5227 219656
43600 5339 215841 5246 220159
43700 5354 216374 5257 220626
43800 5368 216880 5268 221120
43900 5378 217467 5280 221533
44000 5386 217966 5290 222034
44100 5398 218372 5297 222628
44200 5410 218774 5314 223226
44300 5426 219276 5332 223724
44400 5442 219795 5348 224205
44500 5456 220264 5358 224736
44600 5465 220688 5373 225312
44700 5473 221181 5382 225819
44800 5487 221706 5397 226294
44900 5498 222148 5407 226852
45000 5507 222645 5415 227355
45100 5517 223153 5430 227847
45200 5534 223648 5441 228352
45300 5544 224198 5451 228802
45400 5558 224739 5458 229261
45500 5566 225216 5465 229784
45600 5579 225647 5483 230353
45700 5592 226085 5495 230915
45800 5603 226581 5504 231419
45900 5617 227084 5516 231916
46000 5628 227639 5529 232361
46100 5641 228205 5543 232795
46200 5658 228742 5553 233258
46300 5675 229311 5567 233689
46400 5689 229830 5577 234170
46500 5704 230312 5592 234688
46600 5714 230847 5604 235153
46700 5733 231290 5621 235710
46800 5747 231752 5636 236248
46900 5755 232231 5643 236769
47000 5769 232684 5660 237316
47100 5783 233156 5676 237844
47200 5799 233683 5692 238317
47300 5813 234138 5707 238862
47400 5827 234629 5715 239371
47500 5844 235085 5728 239915
47600 5863 235543 5737 240457
47700 5877 236071 5752 240929
47800 5887 236559 5763 241441
47900 5896 237026 5774 241974
48000 5906 237570 5784 242430
48100 5912 238134 5791 242866
48200 5922 238593 5801 243407
48300 5939 239018 5811 243982
48400 5949 239490 5820 244510
48500 5962 240028 5831 244972
48600 5970 240562 5843 245438
48700 5985 241080 5850 245920
48800 6000 241556 5867 246444
48900 6008 242094 5881 246906
49000 6012 242569 5895 247431
49100 6021 243093 5908 247907
49200 6030 243574 5916 248426
49300 6039 243992 5931 249008
49400 6046 244508 5939 249492
49500 6057 245051 5947 249949
49600 6080 245581 5960 250419
49700 6087 246131 5967 250869
49800 6093 246642 5981 251358
49900 6103 247147 5985 251853
50000 6113 247595 5998 252405
50100 6123 248105 6008 252895
50200 6132 248573 6024 253427
50300 6144 249032 6032 253968
50400 6150 249528 6045 254472
50500 6160 250033 6058 254967
50600 6175 250531 6071 255469
50700 6185 251010 6075 255990
50800 6198 251498 6080 256502
50900 6209 251966 6091 257034
51000 6224 252518 6101 257482
51100 6235 253043 6109 257957
51200 6247 253575 6129 258425
51300 6260 254077 6144 258923
51400 6264 254576 6155 259424
51500 6274 255129 6164 259871
51600 6278 255579 6170 260421
51700 6294 256084 6183 260916
51800 6303 256541 6197 261459
51900 6320 257118 6211 261882
52000 6337 257579 6222 262421
52100 6348 258144 6232 262856
52200 6355 258616 6243 263384
52300 6366 259036 6253 263964
52400 6375 259526 6264 264474
52500 6387 260097 6272 264903
52600 6394 260539 6277 265461
52700 6405 261044 6297 265956
52800 6411 261524 6307 266476
52900 6423 261924 6324 267076
53000 6431 262407 6338 267593
53100 6445 262931 6354 268069
53200 6453 263396 6365 268604
53300 6464 263909 6381 269091
53400 6480 264418 6393 269582
53500 6494 264973 6403 270027
53600 6513 265427 6418 270573
53700 6523 265833 6428 271167
53800 6533 266332 6436 271668
53900 6544 266830 6448 272170
54000 6560 267323 6462 272677
54100 6571 267795 6475 273205
54200 6583 268299 6490 273701
54300 6599 268848 6509 274152
54400 6609 269341 6521 274659
54500 6622 269775 6530 275225
54600 6640 270275 6543 275725
54700 6651 270768 6553 276232
54800 6664 271312 6567 276688
54900 6669 271796 6575 277204
55000 6686 272262 6589 277738
55100 6692 272745 6593 278255
55200 6703 273267 6604 278733
55300 6716 273782 6621 279218
55400 6727 274237 6633 279763
55500 6736 274712 6647 280288
55600 6744 275182 6662 280818
55700 6752 275661 6678 281339
55800 6764 276185 6689 281815
55900 6778 276708 6703 282292
56000 6784 277218 6716 282782
56100 6802 277745 6724 283255
56200 6807 278192 6733 283808
56300 6820 278715 6747 284285
56400 6827 279188 6751 284812
56500 6839 279646 6775 285354
56600 6847 280166 6788 285834
56700 6858 280650 6809 286350
56800 6868 281058 6821 286942
56900 6882 281581 6832 287419
57000 6895 282044 6843 287956
57100 6910 282570 6853 288430
57200 6919 283051 6863 288949
57300 6933 283523 6875 289477
57400 6942 283996 6884 290004
57500 6956 284493 6891 290507
57600 6961 284950 6898 291050
57700 6974 285399 6912 291601
57800 6993 285929 6924 292071
57900 7004 286454 6933 292546
58000 7016 287037 6942 292963
58100 7033 287522 6963 293478
58200 7044 287965 6972 294035
58300 7057 288394 6993 294606
58400 7068 288837 7003 295163
58500 7082 289350 7014 295650
58600 7092 289811 7025 296189
58700 7111 290264 7038 296736
58800 7120 290725 7044 297275
58900 7128 291222 7056 297778
59000 7143 291707 7061 298293
59100 7152 292212 7074 298788
59200 7156 292732 7086 299268
59300 7163 293238 7094 299762
59400 7169 293751 7106 300249
59500 7182 294215 7112 300785
59600 7194 294640 7124 301360
59700 7209 295094 7134 301906
59800 7216 295587 7155 302413
59900 7234 296064 7175 302936
60000 7244 296596 7183 303404
60100 7258 297082 7196 303918
60200 7267 297642 7208 304358
60300 7285 298185 7223 304815
60400 7301 298724 7235 305276
60500 7309 299184 7247 305816
60600 7319 299637 7260 306363
60700 7327 300120 7275 306880
60800 7348 300620 7288 307380
60900 7356 301148 7295 307852
61000 7370 301618 7305 308382
61100 7384 302108 7317 308892
61200 7391 302586 7329 309414
61300 7407 303073 7340 309927
61400 7418 303639 7351 310361
61500 7427 304150 7362 310850
61600 7432 304646 7371 311354
61700 7445 305181 7380 311819
61800 7453 305638 7391 312362
61900 7464 306091 7400 312909
62000 7471 306523 7412 313477
62100 7486 307048 7432 313952
62200 7501 307502 7446 314498
62300 7512 308013 7462 314987
62400 7525 308491 7479 315509
62500 7534 308992 7489 316008
62600 7539 309508 7495 316492
62700 7562 309965 7506 317035
62800 7574 310459 7517 317541
62900 7585 310935 7526 318065
63000 7595 311387 7534 318613
63100 7609 311896 7540 319104
63200 7617 312402 7562 319598
63300 7623 313016 7575 319984
63400 7639 313548 7582 320452
63500 7653 314113 7600 320887
63600 7668 314583 7606 321417
63700 7687 315138 7617 321862
63800 7697 315721 7629 322279
63900 7703 316254 7639 322746
64000 7712 316798 7649 323202
64100 7723 317329 7653 323671
64200 7734 317792 7669 324208
64300 7748 318164 7682 324836
64400 7759 318697 7693 325303
64500 7774 319198 7712 325802
64600 7785 319727 7727 326273
64700 7799 320315 7738 326685
64800 7814 320832 7744 327168
64900 7824 321252 7752 327748
65000 7831 321640 7764 328360
65100 7843 322053 7779 328947
65200 7857 322622 7791 329378
65300 7871 323193 7801 329807
65400 7880 323682 7807 330318
65500 7889 324229 7818 330771
65600 7894 324714 7828 331286
65700 7905 325193 7837 331807
65800 7915 325617 7848 332383
65900 7925 326153 7861 332847
66000 7933 326708 7869 333292
66100 7940 327207 7881 333793
66200 7952 327708 7892 334292
66300 7961 328221 7900 334779
66400 7964 328763 7907 335237
66500 7975 329244 7918 335756
66600 7983 329707 7929 336293
66700 7999 330120 7940 336880
66800 8018 330585 7958 337415
66900 8022 331107 7966 337893
67000 8036 331584 7984 338416
67100 8046 332071 7989 338929
67200 8060 332601 7996 339399
67300 8067 333075 8004 339925
67400 8080 333577 8015 340423
67500 8091 334032 8028 340968
67600 8096 334498 8039 341502
67700 8112 334997 8048 342003
67800 8127 335539 8059 342461
67900 8138 335980 8073 343020
68000 8149 336407 8083 343593
68100 8159 336872 8097 344128
68200 8177 337300 8109 344700
68300 8193 337840 8129 345160
68400 8199 338356 8137 345644
68500 8208 338831 8142 346169
68600 8219 339375 8152 346625
68700 8233 339857 8164 347143
68800 8244 340298 8178 347702
68900 8259 340746 8191 348254
69000 8268 341263 8197 348737
69100 8270 341757 8209 349243
69200 8284 342203 8228 349797
69300 8301 342697 8243 350303
69400 8312 343151 8258 350849
69500 8326 343613 8272 351387
69600 8339 344113 8283 351887
69700 8349 344608 8290 352392
69800 8359 345091 8298 352909
69900 8369 345569 8305 353431
70000 8380 346108 8316 353892
70100 8392 346530 8326 354470
70200 8399 347041 8333 354959
70300 8416 347507 8346 355493
70400 8426 347952 8357 356048
70500 8438 348442 8369 356558
70600 8450 348899 8376 357101
70700 8461 349374 8385 357626
70800 8469 349875 8400 358125
70900 8481 350386 8410 358614
71000 8493 350888 8424 359112
71100 8505 351440 8437 359560
71200 8520 351937 8449 360063
71300 8532 352350 8462 360650
71400 8539 352753 8474 361247
71500 8547 353214 8484 361786
71600 8555 353665 8495 362335
71700 8569 354197 8508 362803
71800 8577 354736 8516 363264
71900 8583 355214 8532 363786
72000 8594 355740 8546 364260
72100 8597 356255 8552 364745
72200 8612 356714 8557 365286
72300 8621 357139 8565 365861
72400 8631 357566 8578 366434
72500 8640 358024 8587 366976
72600 8649 358551 8605 367449
72700 8663 359059 8617 367941
72800 8675 359502 8637 368498
72900 8694 360047 8652 368953
73000 8706 360540 8667 369460
73100 8719 361042 8682 369958
73200 8732 361517 8696 370483
73300 8745 362080 8713 370920
73400 8755 362587 8722 371413
73500 8766 363090 8730 371910
73600 8779 363583 8738 372417
73700 8793 364032 8743 372968
73800 8806 364480 8749 373520
73900 8820 365054 8757 373946
74000 8834 365628 8765 374372
74100 8844 366106 8779 374894
74200 8852 366634 8790 375366
74300 8863 367108 8798 375892
74400 8872 367662 8808 376338
74500 8882 368090 8818 376910
74600 8892 368550 8826 377450
74700 8907 369045 8834 377955
74800 8918 369522 8843 378478
74900 8931 370067 8852 378933
75000 8939 370612 8864 379388
75100 8950 371115 8872 379885
75200 8959 371590 8886 380410
75300 8980 372119 8895 380881
75400 8997 372578 8905 381422
75500 9013 373019 8909 381981
75600 9019 373426 8921 382574
75700 9028 373931 8926 383069
75800 9039 374360 8935 383640
75900 9047 374800 8944 384200
76000 9057 375302 8954 384698
76100 9074 375745 8972 385255
76200 9091 376291 8987 385709
76300 9103 376785 8991 386215
76400 9114 377199 9002 386801
76500 9126 377711 9015 387289
76600 9139 378218 9025 387782
76700 9152 378731 9039 388269
76800 9160 379179 9060 388821
76900 9173 379698 9075 389302
77000 9191 380202 9084 389798
77100 9203 380743 9094 390257
77200 9210 381248 9101 390752
77300 9229 381741 9112 391259
77400 9242 382203 9127 391797
77500 9254 382735 9140 392265
77600 9271 383223 9156 392777
77700 9288 383636 9172 393364
77800 9298 384159 9180 393841
77900 9313 384728 9189 394272
78000 9328 385217 9204 394783
78100 9332 385744 9219 395256
78200 9343 386228 9228 395772
78300 9359 386781 9241 396219
78400 9367 387270 9252 396730
78500 9372 387727 9259 397273
78600 9389 388245 9274 397755
78700 9401 388755 9285 398245
78800 9410 389312 9296 398688
78900 9417 389822 9300 399178
79000 9428 390366 9312 399634
79100 9436 390920 9320 400080
79200 9444 391403 9327 400597
79300 9450 391984 9336 401016
79400 9473 392480 9355 401520
79500 9478 392903 9360 402097
79600 9490 393411 9367 402589
79700 9499 393884 9379 403116
79800 9517 394439 9390 403561
79900 9527 394910 9405 404090
80000 9538 395376 9425 404624
80100 9547 395886 9433 405114
80200 9557 396404 9445 405596
80300 9575 396825 9457 406175
80400 9583 397332 9470 406668
80500 9599 397784 9483 407216
80600 9605 398291 9491 407709
80700 9613 398763 9501 408237
80800 9623 399288 9512 408712
80900 9635 399745 9524 409255
81000 9644 400270 9531 409730
81100 9658 400796 9542 410204
81200 9668 401227 9548 410773
81300 9674 401745 9555 411255
81400 9686 402254 9565 411746
81500 9699 402750 9570 412250
81600 9705 403251 9589 412749
81700 9721 403726 9603 413274
81800 9733 404246 9615 413754
81900 9745 404747 9627 414253
82000 9752 405189 9636 414811
82100 9766 405722 9650 415278
82200 9776 406241 9669 415759
82300 9786 406734 9677 416266
82400 9792 407295 9684 416705
82500 9806 407786 9693 417214
82600 9815 408232 9705 417768
82700 9820 408705 9722 418295
82800 9837 409156 9731 418844
82900 9846 409663 9743 419337
83000 9859 410149 9761 419851
83100 9865 410617 9775 420383
83200 9875 411042 9781 420958
83300 9889 411612 9794 421388
83400 9896 412087 9810 421913
83500 9906 412553 9820 422447
83600 9917 413086 9837 422914
83700 9929 413603 9847 423397
83800 9939 414098 9859 423902
83900 9946 414507 9866 424493
84000 9955 414998 9870 425002
84100 9963 415439 9877 425561
84200 9977 415944 9895 426056
84300 9998 416392 9908 426608
84400 10016 416932 9915 427068
84500 10035 417376 9925 427624
84600 10046 417834 9939 428166
84700 10058 418318 9955 428682
84800 10068 418818 9969 429182
84900 10076 419254 9976 429746
85000 10094 419741 9988 430259
85100 10103 420252 10001 430748
85200 10112 420703 10008 431297
85300 10122 421178 10019 431822
85400 10128 421712 10028 432288
85500 10143 422163 10038 432837
85600 10154 422675 10049 433325
85700 10164 423223 10059 433777
85800 10185 423717 10074 434283
85900 10193 424212 10087 434788
86000 10202 424716 10094 435284
86100 10210 425230 10103 435770
86200 10223 425723 10119 436277
86300 10229 426220 10128 436780
86400 10239 426738 10142 437262
86500 10252 427227 10159 437773
86600 10266 427658 10166 438342
86700 10274 428165 10179 438835
86800 10288 428649 10187 439351
86900 10298 429262 10199 439738
87000 10301 429744 10211 440256
87100 10308 430263 10219 440737
87200 10315 430777 10226 441223
87300 10332 431281 10241 441719
87400 10345 431741 10257 442259
87500 10356 432235 10266 442765
87600 10366 432724 10275 443276
87700 10379 433187 10291 443813
87800 10389 433619 10309 444381
87900 10399 434156 10317 444844
88000 10414 434632 10326 445368
88100 10423 435083 10337 445917
88200 10435 435607 10354 446393
88300 10451 436103 10370 446897
88400 10464 436555 10382 447445
88500 10474 437062 10394 447938
88600 10484 437539 10404 448461
88700 10490 438030 10415 448970
88800 10496 438610 10422 449390
88900 10510 439208 10438 449792
89000 10519 439764 10449 450236
89100 10530 440194 10461 450806
89200 10538 440753 10470 451247
89300 10548 441226 10479 451774
89400 10560 441726 10484 452274
89500 10568 442216 10492 452784
89600 10574 442777 10503 453223
89700 10590 443286 10516 453714
89800 10596 443763 10525 454237
89900 10605 444368 10542 454632
90000 10621 444903 10559 455097
90100 10625 445418 10568 455582
90200 10633 445857 10574 456143
90300 10643 446334 10580 456666
90400 10660 446824 10593 457176
90500 10673 447291 10610 457709
90600 10686 447742 10631 458258
90700 10700 448187 10643 458813
90800 10706 448723 10653 459277
90900 10713 449204 10664 459796
91000 10723 449719 10677 460281
91100 10730 450291 10690 460709
91200 10743 450811 10701 461189
91300 10750 451280 10704 461720
91400 10757 451803 10711 462197
91500 10771 452326 10721 462674
91600 10781 452775 10723 463225
91700 10789 453394 10729 463606
91800 10808 453892 10742 464108
91900 10822 454434 10750 464566
92000 10833 455010 10760 464990
92100 10844 455546 10768 465454
92200 10853 456089 10781 465911
92300 10864 456548 10795 466452
92400 10872 457011 10801 466989
92500 10885 457521 10812 467479
92600 10898 458008 10823 467992
92700 10907 458447 10834 468553
92800 10919 458895 10846 469105
92900 10930 459366 10857 469634
93000 10943 459931 10874 470069
93100 10951 460467 10890 470533
93200 10958 461018 10903 470982
93300 10961 461461 10911 471539
93400 10978 461984 10920 472016
93500 10992 462445 10930 472555
93600 11004 462861 10942 473139
93700 11016 463339 10956 473661
93800 11025 463828 10968 474172
93900 11031 464300 10973 474700
94000 11037 464816 10983 475184
94100 11053 465349 10995 475651
94200 11062 465812 11006 476188
94300 11084 466270 11017 476730
94400 11100 466799 11029 477201
94500 11117 467284 11048 477716
94600 11132 467749 11061 478251
94700 11139 468214 11070 478786
94800 11146 468774 11084 479226
94900 11154 469271 11089 479729
95000 11164 469791 11098 480209
95100 11173 470338 11108 480662
95200 11180 470800 11117 481200
95300 11193 471319 11126 481681
95400 11199 471797 11131 482203
95500 11208 472309 11140 482691
95600 11231 472853 11158 483147
95700 11243 473290 11173 483710
95800 11256 473767 11184 484233
95900 11269 474230 11200 484770
96000 11280 474731 11211 485269
96100 11293 475129 11223 485871
96200 11302 475573 11236 486427
96300 11309 476070 11244 486930
96400 11326 476660 11261 487340
96500 11335 477197 11271 487803
96600 11346 477691 11292 488309
96700 11349 478234 11297 488766
96800 11361 478718 11313 489282
96900 11368 479174 11323 489826
97000 11381 479716 11340 490284
97100 11393 480235 11349 490765
97200 11405 480678 11355 491322
97300 11417 481074 11380 491926
97400 11426 481583 11387 492417
97500 11430 482040 11396 492960
97600 11439 482615 11402 493385
97700 11450 483135 11412 493865
97800 11456 483693 11429 494307
97900 11460 484222 11446 494778
98000 11473 484730 11457 495270
98100 11480 485273 11472 495727
98200 11491 485823 11488 496177
98300 11497 486312 11496 496688
98400 11504 486852 11504 497148
98500 11506 487326 11515 497674
98600 11518 487872 11525 498128
98700 11524 488341 11536 498659
98800 11535 488744 11555 499256
98900 11553 489246 11574 499754
99000 11563 489776 11582 500224
99100 11581 490402 11601 500598
99200 11596 490923 11622 501077
99300 11607 491398 11641 501602
99400 11620 491913 11650 502087
99500 11630 492397 11665 502603
99600 11634 492867 11677 503133
99700 11641 493341 11686 503659
99800 11654 493910 11700 504090
99900 11661 494469 11717 504531
100000 11673 494948 11730 505052
100100 11692 495490 11738 505510
100200 11703 495940 11750 506060
100300 11713 496448 11756 506552
100400 11726 496969 11773 507031
100500 11735 497373 11795 507627
100600 11745 497815 11804 508185
100700 11759 498321 11811 508679
100800 11768 498837 11821 509163
100900 11784 499370 11834 509630
101000 11793 499847 11849 510153
101100 11804 500365 11856 510635
101200 11821 500828 11870 511172
101300 11828 501300 11887 511700
101400 11839 501828 11903 512172
101500 11844 502308 11912 512692
101600 11853 502841 11923 513159
101700 11865 503342 11935 513658
101800 11881 503824 11944 514176
101900 11891 504265 11955 514735
102000 11900 504671 11970 515329
102100 11914 505255 11981 515745
102200 11931 505779 11999 516221
102300 11945 506263 12012 516737
102400 11955 506714 12025 517286
102500 11969 507138 12040 517862
102600 11981 507611 12058 518389
102700 11995 508123 12069 518877
102800 12005 508629 12077 519371
102900 12016 509138 12088 519862
103000 12022 509644 12099 520356
103100 12031 510141 12109 520859
103200 12045 510639 12121 521361
103300 12048 511134 12129 521866
103400 12062 511641 12146 522359
103500 12072 512126 12158 522874
103600 12078 512605 12166 523395
103700 12091 513138 12176 523862
103800 12097 513613 12187 524387
103900 12104 514140 12199 524860
104000 12116 514662 12211 525338
104100 12131 515130 12223 525870
104200 12141 515650 12238 526350
104300 12158 516193 12250 526807
104400 12167 516652 12261 527348
104500 12178 517190 12270 527810
104600 12192 517746 12276 528254
104700 12205 518262 12284 528738
104800 12216 518731 12292 529269
104900 12224 519211 12303 529789
105000 12235 519738 12317 530262
105100 12242 520186 12329 530814
105200 12262 520660 12345 531340
105300 12273 521114 12353 531886
105400 12287 521636 12363 532364
105500 12295 522161 12373 532839
105600 12310 522648 12383 533352
105700 12323 523163 12388 533837
105800 12331 523631 12395 534369
105900 12343 524129 12401 534871
106000 12350 524642 12413 535358
106100 12358 525141 12428 535859
106200 12367 525654 12434 536346
106300 12374 526155 12442 536845
106400 12380 526685 12452 537315
106500 12399 527196 12470 537804
106600 12403 527724 12476 538276
106700 12412 528197 12483 538803
106800 12425 528726 12498 539274
106900 12441 529252 12503 539748
107000 12451 529695 12513 540305
107100 12459 530222 12524 540778
107200 12472 530792 12531 541208
107300 12480 531249 12542 541751
107400 12492 531801 12556 542199
107500 12503 532275 12570 542725
107600 12510 532802 12584 543198
107700 12520 533276 12594 543724
107800 12536 533765 12611 544235
107900 12547 534221 12622 544779
108000 12556 534747 12639 545253
108100 12561 535233 12648 545767
108200 12572 535735 12660 546265
108300 12583 536121 12674 546879
108400 12593 536601 12693 547399
108500 12603 537096 12703 547904
108600 12615 537606 12712 548394
108700 12623 538103 12721 548897
108800 12633 538575 12732 549425
108900 12652 539026 12749 549974
109000 12663 539583 12763 550417
109100 12672 540147 12772 550853
109200 12687 540666 12783 551334
109300 12697 541141 12794 551859
109400 12712 541712 12812 552288
109500 12728 542241 12825 552759
109600 12741 542768 12832 553232
109700 12753 543273 12845 553727
109800 12762 543777 12854 554223
109900 12778 544215 12865 554785
110000 12787 544684 12878 555316
110100 12805 545107 12889 555893
110200 12812 545622 12894 556378
110300 12820 546068 12900 556932
110400 12833 546526 12917 557474
110500 12842 547071 12927 557929
110600 12855 547593 12941 558407
110700 12867 548063 12954 558937
110800 12879 548508 12968 559492
110900 12892 548951 12980 560049
111000 12904 549360 12988 560640
111100 12920 549820 12999 561180
111200 12932 550295 13013 561705
111300 12948 550792 13023 562208
111400 12963 551278 13038 562722
111500 12976 551811 13046 563189
111600 12994 552317 13053 563683
111700 13003 552806 13058 564194
111800 13017 553291 13072 564709
111900 13030 553750 13082 565250
112000 13037 554171 13093 565829
112100 13050 554626 13110 566374
112200 13060 555147 13119 566853
112300 13075 555590 13126 567410
112400 13080 556124 13133 567876
112500 13086 556655 13146 568345
112600 13105 557138 13155 568862
112700 13115 557627 13171 569373
112800 13127 558131 13182 569869
112900 13133 558673 13191 570327
113000 13148 559192 13199 570808
113100 13165 559733 13209 571267
113200 13175 560256 13217 571744
113300 13184 560706 13224 572294
113400 13192 561225 13235 572775
113500 13201 561751 13246 573249
113600 13205 562231 13253 573769
113700 13212 562649 13265 574351
113800 13226 563091 13276 574909
113900 13242 563571 13286 575429
114000 13249 564087 13291 575913
114100 13262 564609 13309 576391
114200 13275 565161 13320 576839
114300 13288 565672 13333 577328
114400 13294 566201 13342 577799
114500 13308 566709 13353 578291
114600 13314 567204 13360 578796
114700 13326 567735 13371 579265
114800 13335 568271 13382 579729
114900 13343 568765 13397 580235
115000 13354 569298 13410 580702
115100 13366 569847 13427 581153
115200 13385 570391 13439 581609
115300 13394 570983 13457 582017
115400 13413 571499 13479 582501
115500 13426 571961 13496 583039
115600 13442 572413 13514 583587
115700 13455 572951 13529 584049
115800 13469 573528 13548 584472
115900 13479 574043 13567 584957
116000 13488 574453 13581 585547
116100 13498 574890 13595 586110
116200 13517 575469 13603 586531
116300 13528 575952 13610 587048
116400 13536 576442 13623 587558
116500 13550 576911 13633 588089
116600 13559 577434 13644 588566
116700 13573 577949 13652 589051
116800 13588 578468 13665 589532
116900 13600 578908 13672 590092
117000 13619 579392 13689 590608
117100 13634 579942 13697 591058
117200 13647 580487 13706 591513
117300 13661 581019 13716 591981
117400 13672 581497 13737 592503
117500 13690 582033 13753 592967
117600 13695 582574 13760 593426
117700 13704 583149 13774 593851
117800 13711 583639 13788 594361
117900 13718 584052 13794 594948
118000 13725 584518 13809 595482
118100 13734 585034 13813 595966
118200 13743 585458 13822 596542
118300 13751 585979 13828 597021
118400 13762 586554 13840 597446
118500 13771 587007 13854 597993
118600 13780 587496 13867 598504
118700 13793 587995 13872 599005
118800 13805 588543 13883 599457
118900 13818 589032 13892 599968
119000 13825 589560 13900 600440
119100 13840 590113 13913 600887
119200 13854 590594 13927 601406
119300 13859 591048 13935 601952
119400 13871 591541 13947 602459
119500 13884 592097 13959 602903
119600 13899 592574 13975 603426
119700 13914 593064 13992 603936
119800 13927 593534 14002 604466
119900 13938 594004 14014 604996
120000 13948 594532 14022 605468
120100 13967 595008 14034 605992
120200 13981 595508 14045 606492
120300 13993 596063 14059 606937
120400 14006 596634 14071 607366
120500 14022 597109 14081 607891
120600 14039 597576 14091 608424
120700 14052 598150 14106 608850
120800 14061 598674 14122 609326
120900 14072 599223 14132 609777
121000 14080 599702 14148 610298
121100 14098 600174 14159 610826
121200 14107 600658 14171 611342
121300 14119 601148 14181 611852
121400 14138 601622 14193 612378
121500 14144 602135 14205 612865
121600 14156 602702 14212 613298
121700 14170 603177 14221 613823
121800 14185 603689 14234 614311
121900 14199 604170 14243 614830
122000 14218 604668 14252 615332
122100 14227 605218 14261 615782
122200 14236 605747 14274 616253
122300 14246 606267 14287 616733
122400 14259 606776 14295 617224
122500 14273 607224 14313 617776
122600 14284 607727 14325 618273
122700 14296 608325 14338 618675
122800 14310 608839 14350 619161
122900 14322 609394 14366 619606
123000 14330 609910 14378 620090
123100 14340 610403 14399 620597
123200 14351 610880 14406 621120
123300 14370 611300 14423 621700
123400 14384 611736 14433 622264
123500 14400 612242 14446 622758
123600 14414 612708 14461 623292
123700 14428 613231 14478 623769
123800 14438 613762 14492 624238
123900 14447 614195 14506 624805
124000 14455 614657 14519 625343
124100 14470 615176 14527 625824
124200 14485 615626 14532 626374
124300 14495 616086 14541 626914
124400 14503 616525 14554 627475
124500 14518 617000 14564 628000
124600 14530 617529 14572 628471
124700 14538 617999 14587 629001
124800 14546 618467 14599 629533
124900 14563 618923 14611 630077
125000 14573 619460 14626 630540
125100 14591 619946 14642 631054
125200 14594 620388 14646 631612
125300 14599 620892 14655 632108
125400 14606 621374 14668 632626
125500 14616 621895 14675 633105
125600 14635 622400 14695 633600
125700 14647 622892 14706 634108
125800 14652 623414 14716 634586
125900 14665 623887 14731 635113
126000 14676 624334 14742 635666
126100 14686 624857 14750 636143
126200 14695 625343 14757 636657
126300 14713 625799 14775 637201
126400 14725 626261 14791 637739
126500 14740 626714 14809 638286
126600 14758 627187 14820 638813
126700 14768 627684 14830 639316
126800 14780 628247 14839 639753
126900 14795 628708 14850 640292
127000 14808 629221 14861 640779
127100 14817 629719 14868 641281
127200 14827 630229 14884 641771
127300 14838 630686 14891 642314
127400 14845 631188 14898 642812
127500 14858 631669 14904 643331
127600 14867 632163 14911 643837
127700 14879 632645 14922 644355
127800 14888 633133 14937 644867
127900 14901 633597 14946 645403
128000 14907 634113 14960 645887
128100 14914 634656 14967 646344
128200 14928 635151 14977 646849
128300 14938 635612 14988 647388
128400 14947 636110 15002 647890
128500 14966 636633 15017 648367
128600 14978 637173 15027 648827
128700 14990 637736 15047 649264
128800 14997 638314 15062 649686
128900 15004 638851 15068 650149
129000 15017 639364 15087 650636
129100 15030 639780 15104 651220
129200 15039 640311 15121 651689
129300 15053 640851 15134 652149
129400 15063 641390 15148 652610
129500 15079 641957 15165 653043
129600 15087 642440 15177 653560
129700 15096 642921 15188 654079
129800 15100 643353 15195 654647
129900 15110 643891 15212 655109
130000 15121 644409 15228 655591
130100 15136 644901 15239 656099
130200 15148 645390 15250 656610
130300 15154 645852 15260 657148
130400 15165 646358 15265 657642
130500 15178 646823 15274 658177
130600 15188 647342 15286 658658
130700 15207 647858 15302 659142
130800 15216 648302 15307 659698
130900 15230 648755 15322 660245
131000 15242 649298 15327 660702
131100 15255 649762 15343 661238
131200 15269 650240 15352 661760
131300 15284 650736 15368 662264
131400 15297 651189 15374 662811
131500 15305 651670 15391 663330
131600 15318 652263 15402 663737
131700 15327 652866 15409 664134
131800 15339 653384 15421 664616
131900 15350 653844 15434 665156
132000 15364 654243 15453 665757
132100 15381 654759 15465 666241
132200 15392 655240 15475 666760
132300 15404 655691 15481 667309
132400 15410 656195 15485 667805
132500 15428 656648 15497 668352
132600 15442 657127 15510 668873
132700 15457 657646 15520 669354
132800 15462 658169 15531 669831
132900 15473 658708 15542 670292
133000 15486 659199 15549 670801
133100 15495 659682 15555 671318
133200 15508 660214 15559 671786
133300 15523 660693 15570 672307
133400 15537 661221 15586 672779
133500 15550 661682 15604 673318
133600 15560 662208 15616 673792
133700 15570 662684 15631 674316
133800 15578 663205 15646 674795
133900 15586 663697 15660 675303
134000 15595 664187 15675 675813
134100 15605 664667 15689 676333
134200 15614 665105 15700 676895
134300 15624 665576 15704 677424
134400 15635 666136 15721 677864
134500 15642 666715 15726 678285
134600 15657 667218 15733 678782
134700 15679 667745 15746 679255
134800 15694 668229 15762 679771
134900 15708 668689 15775 680311
135000 15721 669174 15783 680826
135100 15734 669646 15787 681354
135200 15746 670191 15799 681809
135300 15753 670637 15813 682363
135400 15766 671068 15822 682932
135500 15777 671590 15834 683410
135600 15782 672026 15845 683974
135700 15793 672524 15852 684476
135800 15801 672955 15863 685045
135900 15808 673453 15878 685547
136000 15822 673924 15887 686076
136100 15836 674449 15901 686551
136200 15846 675015 15913 686985
136300 15861 675533 15920 687467
136400 15874 676021 15930 687979
136500 15887 676485 15940 688515
136600 15899 676937 15948 689063
136700 15905 677453 15958 689547
136800 15918 677963 15967 690037
136900 15926 678480 15976 690520
137000 15934 679014 15980 690986
137100 15944 679502 15995 691498
137200 15958 680083 16004 691917
137300 15972 680531 16012 692469
137400 15980 681020 16022 692980
137500 15991 681554 16034 693446
137600 16007 682050 16048 693950
137700 16013 682559 16058 694441
137800 16022 683047 16068 694953
137900 16031 683560 16075 695440
138000 16039 684100 16083 695900
138100 16047 684531 16094 696469
138200 16065 684982 16102 697018
138300 16085 685434 16111 697566
138400 16091 685975 16125 698025
138500 16105 686422 16133 698578
138600 16116 686908 16141 699092
138700 16125 687405 16156 699595
138800 16131 687881 16162 700119
138900 16144 688360 16169 700640
139000 16152 688810 16182 701190
139100 16166 689372 16192 701628
139200 16178 689822 16201 702178
139300 16195 690326 16214 702674
139400 16206 690846 16225 703154
139500 16214 691384 16239 703616
139600 16230 691898 16256 704102
139700 16236 692366 16264 704634
139800 16246 692834 16269 705166
139900 16255 693411 16280 705589
140000 16268 693914 16283 706086
140100 16276 694473 16298 706527
140200 16295 694969 16307 707031
140300 16314 695433 16324 707567
140400 16324 696006 16330 707994
140500 16334 696550 16342 708450
140600 16342 697031 16347 708969
140700 16353 697549 16355 709451
140800 16372 698082 16367 709918
140900 16380 698583 16378 710417
141000 16391 699038 16390 710962
141100 16399 699475 16401 711525
141200 16410 699988 16415 712012
141300 16423 700395 16427 712605
141400 16429 700882 16434 713118
141500 16448 701351 16454 713649
141600 16456 701881 16470 714119
141700 16466 702403 16475 714597
141800 16477 702944 16486 715056
141900 16489 703448 16488 715552
142000 16504 703928 16500 716072
142100 16515 704452 16517 716548
142200 16527 704979 16520 717021
142300 16538 705405 16527 717595
142400 16556 705825 16540 718175
142500 16567 706364 16545 718636
142600 16576 706884 16552 719116
142700 16586 707397 16560 719603
142800 16596 707846 16574 720154
142900 16604 708267 16586 720733
143000 16615 708751 16595 721249
143100 16626 709213 16603 721787
143200 16631 709642 16607 722358
143300 16643 710112 16619 722888
143400 16654 710606 16637 723394
143500 16664 711052 16643 723948
143600 16671 711495 16651 724505
143700 16687 711959 16667 725041
143800 16691 712476 16676 725524
143900 16701 712994 16687 726006
144000 16709 713444 16694 726556
144100 16718 713893 16708 727107
144200 16731 714382 16721 727618
144300 16741 714952 16732 728048
144400 16744 715472 16736 728528
144500 16752 716007 16747 728993
144600 16761 716514 16756 729486
144700 16776 716999 16767 730001
144800 16791 717536 16786 730464
144900 16800 718052 16791 730948
145000 16808 718466 16799 731534
145100 16816 718908 16807 732092
145200 16823 719405 16814 732595
145300 16832 719935 16825 733065
145400 16849 720470 16837 733530
145500 16861 720998 16851 734002
145600 16877 721474 16864 734526
145700 16887 721935 16879 735065
145800 16898 722370 16892 735630
145900 16906 722913 16903 736087
146000 16910 723426 16913 736574
146100 16918 723942 16919 737058
146200 16931 724432 16932 737568
146300 16944 724955 16947 738045
146400 16955 725431 16955 738569
146500 16968 725945 16972 739055
146600 16983 726427 16985 739573
146700 16991 726940 16998 740060
146800 17003 727509 17009 740491
146900 17014 727989 17021 741011
147000 17031 728473 17036 741527
147100 17038 728948 17046 742052
147200 17048 729405 17065 742595
147300 17056 729866 17074 743134
147400 17064 730377 17083 743623
147500 17071 730838 17090 744162
147600 17080 731305 17094 744695
147700 17090 731736 17111 745264
147800 17098 732215 17114 745785
147900 17107 732663 17123 746337
148000 17116 733111 17132 746889
148100 17121 733607 17137 747393
148200 17132 734079 17148 747921
148300 17150 734579 17157 748421
148400 17160 735090 17169 748910
148500 17170 735650 17174 749350
148600 17179 736123 17183 749877
148700 17185 736616 17192 750384
148800 17195 737149 17207 750851
148900 17208 737664 17219 751336
149000 17224 738192 17234 751808
149100 17236 738683 17241 752317
149200 17250 739172 17255 752828
149300 17257 739684 17260 753316
149400 17263 740136 17270 753864
149500 17270 740680 17279 754320
149600 17281 741164 17290 754836
149700 17293 741666 17295 755334
149800 17301 742204 17307 755796
149900 17311 742709 17314 756291
150000 17319 743179 17323 756821
150100 17329 743600 17333 757400
150200 17342 744091 17345 757909
150300 17356 744600 17364 758400
150400 17376 745177 17381 758823
150500 17383 745676 17388 759324
150600 17392 746192 17397 759808
150700 17402 746691 17405 760309
150800 17411 747147 17412 760853
150900 17428 747592 17421 761408
151000 17444 748073 17434 761927
151100 17455 748585 17446 762415
151200 17465 749040 17456 762960
151300 17469 749599 17459 763401
151400 17481 750091 17473 763909
151500 17496 750630 17484 764370
151600 17509 751134 17499 764866
151700 17516 751660 17512 765340
151800 17527 752155 17522 765845
151900 17537 752696 17535 766304
152000 17545 753230 17544 766770
152100 17556 753778 17556 767222
152200 17560 754244 17564 767756
152300 17570 754672 17574 768328
152400 17577 755171 17582 768829
152500 17595 755674 17600 769326
152600 17607 756155 17612 769845
152700 17618 756645 17626 770355
152800 17631 757137 17640 770863
152900 17639 757618 17648 771382
153000 17654 758101 17662 771899
153100 17664 758608 17672 772392
153200 17669 759123 17674 772877
153300 17677 759545 17679 773455
153400 17684 759999 17683 774001
153500 17700 760457 17690 774543
153600 17714 760913 17703 775087
153700 17724 761421 17713 775579
153800 17740 761848 17724 776152
153900 17747 762362 17730 776638
154000 17753 762854 17743 777146
154100 17766 763355 17762 777645
154200 17779 763892 17775 778108
154300 17800 764420 17788 778580
154400 17809 764861 17804 779139
154500 17817 765299 17815 779701
154600 17826 765706 17827 780294
154700 17843 766167 17835 780833
154800 17854 766570 17855 781430
154900 17867 767034 17865 781966
155000 17872 767579 17875 782421
155100 17880 768135 17885 782865
155200 17893 768617 17900 783383
155300 17907 769154 17917 783846
155400 17915 769557 17925 784443
155500 17923 770021 17932 784979
155600 17935 770600 17938 785400
155700 17949 771072 17942 785928
155800 17960 771504 17948 786496
155900 17971 771955 17954 787045
156000 17979 772463 17961 787537
156100 17984 772921 17972 788079
156200 17994 773398 17985 788602
156300 18014 773811 18001 789189
156400 18024 774274 18011 789726
156500 18037 774649 18024 790351
156600 18046 775132 18035 790868
156700 18056 775586 18052 791414
156800 18065 776124 18054 791876
156900 18080 776692 18065 792308
157000 18087 777195 18077 792805
157100 18095 777603 18080 793397
157200 18104 778077 18087 793923
157300 18116 778564 18095 794436
157400 18124 779053 18105 794947
157500 18131 779468 18111 795532
157600 18140 779965 18126 796035
157700 18146 780488 18132 796512
157800 18157 780948 18145 797052
157900 18170 781504 18164 797496
158000 18173 782006 18170 797994
158100 18184 782502 18182 798498
158200 18190 783049 18195 798951
158300 18209 783463 18202 799537
158400 18217 784048 18214 799952
158500 18224 784460 18221 800540
158600 18234 784942 18230 801058
158700 18242 785484 18238 801516
158800 18253 786055 18247 801945
158900 18264 786561 18261 802439
159000 18274 787090 18266 802910
159100 18287 787592 18277 803408
159200 18297 788074 18293 803926
159300 18312 788531 18309 804469
159400 18322 788908 18323 805092
159500 18341 789355 18336 805645
159600 18350 789816 18348 806184
159700 18362 790228 18358 806772
159800 18368 790704 18369 807296
159900 18382 791194 18377 807806
160000 18395 791644 18388 808356
160100 18405 792166 18396 808834
160200 18417 792758 18409 809242
160300 18428 793245 18417 809755
160400 18433 793787 18422 810213
160500 18439 794394 18441 810606
160600 18448 794844 18449 811156
160700 18459 795338 18463 811662
160800 18471 795885 18477 812115
160900 18480 796415 18488 812585
161000 18495 796865 18499 813135
161100 18508 797335 18511 813665
161200 18523 797857 18519 814143
161300 18539 798365 18533 814635
161400 18550 798900 18550 815100
161500 18560 799315 18561 815685
161600 18574 799809 18569 816191
161700 18585 800342 18580 816658
161800 18591 800895 18587 817105
161900 18604 801416 18597 817584
162000 18614 801971 18600 818029
162100 18625 802430 18616 818570
162200 18642 802909 18635 819091
162300 18656 803377 18654 819623
162400 18668 803896 18669 820104
162500 18678 804370 18682 820630
162600 18689 804816 18699 821184
162700 18702 805343 18704 821657
162800 18707 805803 18709 822197
162900 18725 806341 18724 822659
163000 18740 806829 18734 823171
163100 18753 807289 18750 823711
163200 18760 807764 18764 824236
163300 18778 808215 18778 824785
163400 18790 808697 18792 825303
163500 18803 809163 18805 825837
163600 18814 809663 18813 826337
163700 18826 810118 18825 826882
163800 18845 810594 18840 827406
163900 18857 811130 18851 827870
164000 18863 811622 18859 828378
164100 18876 812106 18875 828894
164200 18888 812564 18882 829436
164300 18901 813059 18892 829941
164400 18912 813601 18897 830399
164500 18923 814094 18918 830906
164600 18933 814544 18938 831456
164700 18939 815089 18947 831911
164800 18948 815596 18960 832404
164900 18958 816117 18971 832883
165000 18969 816583 18987 833417
165100 18976 817043 19002 833957
165200 18990 817576 19018 834424
165300 19000 818072 19033 834928
165400 19014 818542 19047 835458
165500 19027 818979 19057 836021
165600 19040 819498 19069 836502
165700 19050 820029 19083 836971
165800 19061 820507 19097 837493
165900 19070 820937 19104 838063
166000 19077 821493 19112 838507
166100 19080 821960 19118 839040
166200 19091 822493 19130 839507
166300 19099 822984 19139 840016
166400 19112 823513 19144 840487
166500 19123 824021 19160 840979
166600 19135 824525 19175 841475
166700 19149 825008 19185 841992
166800 19162 825454 19198 842546
166900 19172 825920 19204 843080
167000 19187 826446 19215 843554
167100 19199 826931 19223 844069
167200 19213 827520 19234 844480
167300 19227 828064 19244 844936
167400 19240 828627 19260 845373
167500 19250 829156 19273 845844
167600 19264 829630 19292 846370
167700 19280 830109 19302 846891
167800 19289 830569 19321 847431
167900 19299 831092 19329 847908
168000 19305 831567 19340 848433
168100 19314 831933 19345 849067
168200 19319 832399 19353 849601
168300 19329 832909 19363 850091
168400 19341 833450 19368 850550
168500 19354 833983 19380 851017
168600 19364 834456 19391 851544
168700 19376 834933 19410 852067
168800 19391 835421 19428 852579
168900 19406 835949 19438 853051
169000 19414 836500 19446 853500
169100 19424 837017 19458 853983
169200 19432 837504 19465 854496
169300 19438 837994 19471 855006
169400 19455 838473 19483 855527
169500 19472 839023 19492 855977
169600 19482 839592 19501 856408
169700 19495 840236 19507 856764
169800 19506 840699 19527 857301
169900 19519 841204 19540 857796
170000 19537 841652 19551 858348
170100 19558 842133 19567 858867
170200 19565 842618 19575 859382
170300 19577 843135 19590 859865
170400 19592 843602 19602 860398
170500 19603 844058 19614 860942
170600 19621 844550 19621 861450
170700 19634 845104 19628 861896
170800 19644 845538 19642 862462
170900 19653 846019 19654 862981
171000 19665 846510 19660 863490
171100 19681 847039 19670 863961
171200 19695 847553 19689 864447
171300 19706 848009 19699 864991
171400 19714 848548 19712 865452
171500 19726 849070 19723 865930
171600 19743 849561 19732 866439
171700 19750 850088 19743 866912
171800 19757 850611 19756 867389
171900 19766 851182 19766 867818
172000 19775 851679 19780 868321
172100 19786 852176 19790 868824
172200 19793 852680 19796 869320
172300 19805 853074 19802 869926
172400 19819 853637 19818 870363
172500 19825 854120 19833 870880
172600 19833 854655 19851 871345
172700 19846 855117 19866 871883
172800 19857 855648 19878 872352
172900 19870 856185 19886 872815
173000 19883 856680 19899 873320
173100 19891 857231 19904 873769
173200 19902 857770 19913 874230
173300 19911 858210 19921 874790
173400 19918 858688 19933 875312
173500 19934 859154 19946 875846
173600 19943 859715 19961 876285
173700 19951 860129 19968 876871
173800 19963 860670 19984 877330
173900 19971 861136 19995 877864
174000 19990 861575 20005 878425
174100 20000 862015 20019 878985
174200 20014 862483 20025 879517
174300 20021 862953 20031 880047
174400 20029 863348 20041 880652
174500 20037 863867 20051 881133
174600 20049 864331 20059 881669
174700 20053 864795 20063 882205
174800 20067 865257 20081 882743
174900 20072 865724 20087 883276
175000 20083 866195 20096 883805
175100 20099 866742 20115 884258
175200 20113 867215 20123 884785
175300 20127 867680 20135 885320
175400 20141 868266 20156 885734
175500 20156 868761 20171 886239
175600 20176 869230 20187 886770
175700 20188 869801 20200 887199
175800 20192 870220 20207 887780
175900 20205 870640 20221 888360
176000 20218 871068 20233 888932
176100 20235 871549 20253 889451
176200 20248 872030 20269 889970
176300 20264 872520 20282 890480
176400 20282 873088 20292 890912
176500 20303 873636 20306 891364
176600 20316 874122 20319 891878
176700 20333 874648 20333 892352
176800 20345 875178 20343 892822
176900 20368 875662 20351 893338
177000 20382 876080 20366 893920
177100 20400 876618 20378 894382
177200 20415 877134 20393 894866
177300 20424 877651 20403 895349
177400 20438 878128 20416 895872
177500 20456 878599 20425 896401
177600 20470 879115 20433 896885
177700 20478 879549 20447 897451
177800 20482 880006 20462 897994
177900 20498 880541 20477 898459
178000 20509 881042 20486 898958
178100 20521 881556 20493 899444
178200 20533 882063 20504 899937
178300 20542 882547 20523 900453
178400 20560 883052 20537 900948
178500 20570 883590 20553 901410
178600 20581 884133 20563 901867
178700 20594 884651 20572 902349
178800 20606 885129 20581 902871
178900 20617 885639 20593 903361
179000 20624 886164 20603 903836
179100 20638 886632 20611 904368
179200 20650 887051 20618 904949
179300 20667 887561 20629 905439
179400 20678 887991 20632 906009
179500 20694 888451 20641 906549
179600 20703 888979 20648 907021
179700 20712 889564 20656 907436
179800 20719 890021 20666 907979
179900 20732 890518 20676 908482
180000 20744 891076 20689 908924
180100 20754 891572 20700 909428
180200 20768 892110 20718 909890
180300 20778 892633 20732 910367
180400 20789 893166 20738 910834
180500 20801 893673 20743 911327
180600 20807 894128 20750 911872
180700 20818 894683 20761 912317
180800 20834 895145 20769 912855
180900 20853 895590 20782 913410
181000 20864 896113 20794 913887
181100 20877 896646 20810 914354
181200 20885 897126 20820 914874
181300 20901 897658 20833 915342
181400 20915 898176 20843 915824
181500 20929 898748 20854 916252
181600 20942 899315 20868 916685
181700 20948 899851 20875 917149
181800 20955 900381 20891 917619
181900 20964 900863 20907 918137
182000 20967 901334 20918 918666
182100 20978 901820 20936 919180
182200 20994 902309 20946 919691
182300 21008 902883 20959 920117
182400 21015 903423 20964 920577
182500 21021 903959 20970 921041
182600 21030 904464 20979 921536
182700 21041 905038 20989 921962
182800 21050 905477 21002 922523
182900 21062 905972 21012 923028
183000 21069 906521 21024 923479
183100 21082 907011 21032 923989
183200 21092 907530 21047 924470
183300 21100 908099 21055 924901
183400 21109 908601 21065 925399
183500 21119 909053 21078 925947
183600 21131 909514 21087 926486
183700 21141 909969 21098 927031
183800 21146 910437 21111 927563
183900 21163 910957 21120 928043
184000 21173 911459 21127 928541
184100 21187 911917 21145 929083
184200 21194 912491 21154 929509
184300 21210 913011 21163 929989
184400 21224 913517 21180 930483
184500 21235 914085 21190 930915
184600 21242 914630 21205 931370
184700 21259 915199 21215 931801
184800 21270 915722 21224 932278
184900 21281 916219 21238 932781
185000 21289 916774 21248 933226
185100 21307 917232 21264 933768
185200 21316 917893 21272 934107
185300 21326 918420 21275 934580
185400 21338 918976 21298 935024
185500 21354 919494 21307 935506
185600 21364 919980 21317 936020
185700 21375 920500 21334 936500
185800 21386 921023 21350 936977
185900 21402 921538 21367 937462
186000 21407 922063 21377 937937
186100 21418 922555 21388 938445
186200 21422 923000 21397 939000
186300 21435 923469 21410 939531
186400 21452 923993 21426 940007
186500 21464 924516 21435 940484
186600 21473 924967 21446 941033
186700 21484 925464 21456 941536
186800 21489 925935 21471 942065
186900 21502 926493 21484 942507
187000 21516 927003 21493 942997
187100 21530 927496 21506 943504
187200 21545 927946 21517 944054
187300 21553 928433 21523 944567
187400 21561 929046 21535 944954
187500 21568 929538 21548 945462
187600 21581 930012 21561 945988
187700 21602 930540 21572 946460
187800 21616 931142 21584 946858
187900 21628 931582 21594 947418
188000 21648 932066 21609 947934
188100 21656 932554 21619 948446
188200 21678 933090 21634 948910
188300 21694 933560 21648 949440
188400 21711 934086 21660 949914
188500 21728 934601 21673 950399
188600 21733 935065 21676 950935
188700 21741 935546 21688 951454
188800 21752 935985 21694 952015
188900 21760 936497 21708 952503
189000 21767 937003 21717 952997
189100 21787 937550 21730 953450
189200 21797 938055 21740 953945
189300 21808 938491 21749 954509
189400 21821 938971 21765 955029
189500 21831 939465 21774 955535
189600 21847 939887 21788 956113
189700 21857 940392 21804 956608
189800 21866 940872 21815 957128
189900 21872 941335 21822 957665
190000 21879 941849 21831 958151
190100 21890 942384 21837 958616
190200 21901 942924 21849 959076
190300 21913 943391 21861 959609
190400 21926 943837 21868 960163
190500 21933 944267 21876 960733
190600 21946 944786 21885 961214
190700 21953 945305 21894 961695
190800 21967 945773 21906 962227
190900 21976 946281 21916 962719
191000 21984 946791 21922 963209
191100 21995 947272 21933 963728
191200 22012 947668 21939 964332
191300 22022 948184 21950 964816
191400 22038 948740 21962 965260
191500 22053 949243 21970 965757
191600 22065 949796 21991 966204
191700 22078 950256 22008 966744
191800 22096 950840 22022 967160
191900 22108 951316 22034 967684
192000 22114 951852 22044 968148
192100 22129 952276 22054 968724
192200 22140 952817 22062 969183
192300 22151 953341 22076 969659
192400 22160 953847 22084 970153
192500 22174 954330 22094 970670
192600 22192 954809 22112 971191
192700 22203 955370 22126 971630
192800 22214 955894 22132 972106
192900 22224 956382 22148 972618
193000 22234 956835 22161 973165
193100 22251 957281 22177 973719
193200 22256 957777 22192 974223
193300 22272 958307 22202 974693
193400 22282 958774 22210 975226
193500 22287 959254 22217 975746
193600 22295 959746 22225 976254
193700 22317 960257 22234 976743
193800 22331 960775 22246 977225
193900 22344 961269 22254 977731
194000 22358 961807 22265 978193
194100 22365 962361 22275 978639
194200 22376 962890 22283 979110
194300 22388 963350 22301 979650
194400 22401 963789 22308 980211
194500 22408 964277 22320 980723
194600 22417 964737 22333 981263
194700 22429 965211 22347 981789
194800 22436 965700 22367 982300
194900 22450 966152 22378 982848
195000 22464 966670 22395 983330
195100 22476 967152 22400 983848
195200 22488 967688 22412 984312
195300 22498 968251 22421 984749
195400 22514 968770 22438 985230
195500 22525 969287 22446 985713
195600 22544 969727 22470 986273
195700 22553 970240 22477 986760
195800 22558 970737 22488 987263
195900 22568 971201 22497 987799
196000 22579 971711 22509 988289
196100 22588 972243 22519 988757
196200 22594 972706 22530 989294
196300 22606 973229 22541 989771
196400 22621 973694 22555 990306
196500 22634 974179 22569 990821
196600 22642 974658 22579 991342
196700 22656 975185 22590 991815
196800 22667 975717 22601 992283
196900 22679 976173 22614 992827
197000 22690 976707 22627 993293
197100 22707 977169 22639 993831
197200 22722 977605 22651 994395
197300 22732 978102 22667 994898
197400 22741 978566 22678 995434
197500 22752 979023 22685 995977
197600 22763 979493 22693 996507
197700 22772 979987 22701 997013
197800 22786 980418 22711 997582
197900 22805 981009 22726 997991
198000 22820 981477 22738 998523
198100 22838 981945 22749 999055
198200 22851 982417 22761 999583
198300 22866 982884 22769 1000116
198400 22881 983395 22786 1000605
198500 22892 983830 22802 1001170
198600 22902 984349 22816 1001651
198700 22920 984921 22833 1002079
198800 22929 985408 22847 1002592
198900 22941 985895 22859 1003105
199000 22954 986375 22866 1003625
199100 22960 986874 22877 1004126
199200 22972 987442 22892 1004558
199300 22984 987968 22907 1005032
199400 22998 988373 22918 1005627
199500 23011 988833 22928 1006167
199600 23022 989327 22940 1006673
199700 23032 989820 22953 1007180
199800 23039 990267 22956 1007733
199900 23056 990741 22975 1008259
200000 23074 991156 22987 1008844
