#! FIELDS timestep dup_succ dup_attempts kill_succ kill_attempts
#! SET timestep 0.5
#! SET kernel_bandwidth [0.25 0.25]
#! SET kt 1.0
100 101 318 109 682
200 191 676 224 1324
300 296 985 347 2015
400 401 1398 460 2602
500 475 1868 545 3132
600 526 2245 600 3755
700 561 2609 641 4391
800 583 3003 666 4997
900 607 3496 686 5504
1000 631 3972 710 6028
1100 654 4436 727 6564
1200 667 4941 741 7059
1300 680 5454 751 7546
1400 697 5934 770 8066
1500 712 6459 790 8541
1600 731 6944 804 9056
1700 744 7483 819 9517
1800 764 7942 831 10058
1900 783 8376 854 10624
2000 809 8882 874 11118
2100 823 9338 888 11662
2200 847 9854 909 12146
2300 863 10310 922 12690
2400 882 10781 938 13219
2500 900 11236 957 13764
2600 926 11731 978 14269
2700 939 12252 996 14748
2800 951 12694 1014 15306
2900 962 13173 1034 15827
3000 977 13665 1051 16335
3100 993 14152 1064 16848
3200 1005 14694 1076 17306
3300 1019 15169 1091 17831
3400 1039 15622 1102 18378
3500 1059 16146 1116 18854
3600 1082 16634 1132 19366
3700 1101 17170 1148 19830
3800 1118 17663 1166 20337
3900 1130 18184 1182 20816
4000 1140 18741 1200 21259
4100 1160 19224 1220 21776
4200 1188 19720 1243 22280
4300 1213 20210 1265 22790
4400 1237 20745 1279 23255
4500 1253 21206 1291 23794
4600 1258 21678 1304 24322
4700 1273 22171 1322 24829
4800 1293 22667 1345 25333
4900 1314 23139 1377 25861
5000 1333 23669 1399 26331
5100 1344 24226 1419 26774
5200 1365 24758 1434 27242
5300 1382 25259 1454 27741
5400 1400 25734 1472 28266
5500 1419 26234 1493 28766
5600 1443 26748 1513 29252
5700 1461 27246 1527 29754
5800 1479 27722 1539 30278
5900 1491 28195 1556 30805
6000 1512 28694 1575 31306
6100 1530 29219 1594 31781
6200 1550 29719 1618 32281
6300 1568 30234 1637 32766
6400 1580 30737 1656 33263
6500 1597 31217 1674 33783
6600 1615 31709 1690 34291
6700 1636 32236 1708 34764
6800 1654 32806 1725 35194
6900 1667 33239 1734 35761
7000 1684 33759 1750 36241
7100 1708 34215 1765 36785
7200 1726 34739 1779 37261
7300 1742 35263 1793 37737
7400 1749 35775 1802 38225
7500 1768 36349 1820 38651
7600 1793 36842 1836 39158
7700 1808 37341 1857 39659
7800 1827 37761 1869 40239
7900 1844 38276 1890 40724
8000 1859 38783 1905 41217
8100 1874 39271 1923 41729
8200 1891 39753 1932 42247
8300 1906 40243 1947 42757
8400 1935 40768 1971 43232
8500 1953 41285 1987 43715
8600 1966 41828 2013 44172
8700 1979 42300 2028 44700
8800 2002 42800 2044 45200
8900 2017 43325 2064 45675
9000 2034 43800 2084 46200
9100 2051 44301 2105 46699
9200 2066 44763 2124 47237
9300 2079 45303 2145 47697
9400 2098 45826 2173 48174
9500 2110 46289 2182 48711
9600 2126 46804 2202 49196
9700 2142 47345 2224 49655
9800 2166 47856 2253 50144
9900 2184 48435 2270 50565
10000 2202 48966 2287 51034
10100 2231 49478 2308 51522
10200 2254 50009 2322 51991
10300 2268 50533 2332 52467
10400 2280 51017 2350 52983
10500 2303 51514 2363 53486
10600 2324 51947 2382 54053
10700 2342 52406 2401 54594
10800 2354 52896 2418 55104
10900 2377 53421 2443 55579
11000 2390 53910 2449 56090
11100 2407 54418 2465 56582
11200 2426 54898 2482 57102
11300 2440 55437 2510 57563
11400 2466 55991 2532 58009
11500 2479 56493 2547 58507
11600 2493 56962 2560 59038
11700 2516 57464 2588 59536
11800 2532 57928 2611 60072
11900 2556 58426 2631 60574
12000 2576 58971 2652 61029
12100 2591 59477 2665 61523
12200 2611 59903 2682 62097
12300 2625 60464 2697 62536
12400 2640 60939 2710 63061
12500 2656 61435 2717 63565
12600 2676 61964 2737 64036
12700 2693 62523 2754 64477
12800 2705 63088 2772 64912
12900 2727 63580 2790 65420
13000 2739 64025 2811 65975
13100 2750 64500 2826 66500
13200 2767 65009 2846 66991
13300 2783 65518 2863 67482
13400 2794 66050 2878 67950
13500 2809 66572 2890 68428
13600 2827 67064 2906 68936
13700 2846 67518 2927 69482
13800 2860 68029 2956 69971
13900 2879 68562 2980 70438
14000 2901 69056 2999 70944
14100 2919 69556 3019 71444
14200 2941 70050 3038 71950
14300 2962 70558 3055 72442
14400 2980 71081 3070 72919
14500 2995 71564 3081 73436
14600 3009 71991 3106 74009
14700 3032 72473 3126 74527
14800 3049 72914 3143 75086
14900 3067 73403 3156 75597
15000 3083 73943 3169 76057
15100 3110 74492 3189 76508
15200 3130 75015 3208 76985
15300 3146 75475 3225 77525
15400 3163 75995 3250 78005
15500 3179 76508 3258 78492
15600 3205 76978 3281 79022
15700 3217 77481 3300 79519
15800 3238 78029 3315 79971
15900 3250 78582 3331 80418
16000 3264 79070 3343 80930
16100 3282 79582 3356 81418
16200 3298 80113 3376 81887
16300 3311 80571 3396 82429
16400 3328 81064 3412 82936
16500 3342 81541 3423 83459
16600 3353 82030 3439 83970
16700 3369 82498 3449 84502
16800 3385 82987 3470 85013
16900 3400 83484 3485 85516
17000 3417 83946 3502 86054
17100 3431 84486 3521 86514
17200 3445 84928 3540 87072
17300 3461 85358 3554 87642
17400 3476 85801 3576 88199
17500 3492 86257 3598 88743
17600 3504 86800 3618 89200
17700 3515 87320 3627 89680
17800 3527 87810 3646 90190
17900 3542 88309 3665 90691
18000 3561 88796 3681 91204
18100 3585 89304 3694 91696
18200 3611 89820 3716 92180
18300 3631 90362 3736 92638
18400 3649 90854 3757 93146
18500 3664 91370 3772 93630
18600 3685 91933 3786 94067
18700 3698 92442 3809 94558
18800 3718 92915 3825 95085
18900 3738 93414 3841 95586
19000 3753 93911 3850 96089
19100 3768 94435 3867 96565
19200 3787 94903 3890 97097
19300 3800 95372 3910 97628
19400 3818 95920 3921 98080
19500 3830 96398 3930 98602
19600 3850 96926 3946 99074
19700 3865 97472 3966 99528
19800 3888 98028 3989 99972
19900 3907 98503 4010 100497
20000 3930 98983 4027 101017
20100 3947 99491 4041 101509
20200 3972 99976 4062 102024
20300 3983 100495 4069 102505
20400 3997 100987 4082 103013
20500 4012 101510 4093 103490
20600 4028 101977 4106 104023
20700 4044 102468 4123 104532
20800 4066 102966 4141 105034
20900 4085 103437 4157 105563
21000 4099 103941 4174 106059
21100 4118 104421 4189 106579
21200 4130 104926 4205 107074
21300 4151 105454 4217 107546
21400 4164 105918 4240 108082
21500 4190 106385 4254 108615
21600 4206 106836 4279 109164
21700 4222 107308 4298 109692
21800 4243 107826 4314 110174
21900 4262 108400 4333 110600
22000 4278 108861 4351 111139
22100 4301 109400 4376 111600
22200 4315 109821 4393 112179
22300 4338 110361 4412 112639
22400 4350 110885 4428 113115
22500 4369 111325 4444 113675
22600 4381 111793 4458 114207
22700 4389 112290 4476 114710
22800 4408 112871 4496 115129
22900 4429 113363 4513 115637
23000 4447 113897 4532 116103
23100 4457 114374 4549 116626
23200 4473 114823 4566 117177
23300 4490 115320 4583 117680
23400 4505 115769 4604 118231
23500 4522 116259 4628 118741
23600 4537 116762 4649 119238
23700 4548 117189 4662 119811
23800 4565 117634 4674 120366
23900 4589 118150 4690 120850
24000 4609 118637 4712 121363
24100 4624 119159 4726 121841
24200 4641 119662 4747 122338
24300 4656 120135 4764 122865
24400 4673 120605 4781 123395
24500 4688 121041 4795 123959
24600 4708 121499 4815 124501
24700 4725 121982 4832 125018
24800 4738 122447 4848 125553
24900 4748 122951 4862 126049
25000 4774 123442 4885 126558
25100 4798 123921 4899 127079
25200 4815 124388 4921 127612
25300 4835 124932 4937 128068
25400 4852 125434 4952 128566
25500 4863 125949 4973 129051
25600 4875 126503 4990 129497
25700 4888 127026 5006 129974
25800 4904 127554 5021 130446
25900 4926 127945 5044 131055
26000 4941 128402 5058 131598
26100 4961 128866 5077 132134
26200 4981 129400 5091 132600
26300 5001 129877 5112 133123
26400 5015 130334 5128 133666
26500 5028 130796 5143 134204
26600 5049 131280 5162 134720
26700 5065 131711 5175 135289
26800 5087 132251 5194 135749
26900 5105 132786 5220 136214
27000 5124 133281 5235 136719
27100 5139 133802 5245 137198
27200 5152 134282 5267 137718
27300 5174 134728 5285 138272
27400 5192 135255 5305 138745
27500 5210 135768 5318 139232
27600 5224 136255 5330 139745
27700 5236 136724 5346 140276
27800 5249 137171 5360 140829
27900 5264 137687 5378 141313
28000 5275 138207 5395 141793
28100 5288 138666 5403 142334
28200 5310 139148 5422 142852
28300 5318 139629 5435 143371
28400 5335 140125 5451 143875
28500 5353 140652 5474 144348
28600 5362 141169 5492 144831
28700 5377 141669 5512 145331
28800 5395 142100 5534 145900
28900 5409 142621 5557 146379
29000 5429 143152 5574 146848
29100 5449 143645 5596 147355
29200 5466 144133 5612 147867
29300 5482 144645 5624 148355
29400 5496 145183 5639 148817
29500 5511 145673 5652 149327
29600 5528 146161 5662 149839
29700 5544 146621 5675 150379
29800 5559 147106 5691 150894
29900 5571 147583 5716 151417
30000 5586 148059 5731 151941
30100 5607 148576 5756 152424
30200 5620 149078 5768 152922
30300 5639 149584 5783 153416
30400 5655 150054 5792 153946
30500 5667 150536 5824 154464
30600 5678 151075 5834 154925
30700 5689 151537 5851 155463
30800 5701 152071 5874 155929
30900 5714 152622 5892 156378
31000 5735 153116 5915 156884
31100 5750 153580 5932 157420
31200 5766 154104 5956 157896
31300 5781 154601 5976 158399
31400 5804 155070 6003 158930
31500 5820 155541 6015 159459
31600 5833 156006 6024 159994
31700 5853 156502 6041 160498
31800 5869 157007 6052 160993
31900 5884 157445 6070 161555
32000 5900 157957 6081 162043
32100 5913 158448 6094 162552
32200 5933 158883 6106 163117
32300 5962 159368 6123 163632
32400 5980 159882 6142 164118
32500 6001 160335 6156 164665
32600 6016 160837 6167 165163
32700 6030 161385 6189 165615
32800 6049 161899 6202 166101
32900 6069 162368 6217 166632
33000 6082 162816 6230 167184
33100 6099 163277 6242 167723
33200 6120 163734 6259 168266
33300 6133 164227 6273 168773
33400 6152 164655 6284 169345
33500 6162 165156 6295 169844
33600 6185 165603 6319 170397
33700 6200 166048 6344 170952
33800 6214 166597 6363 171403
33900 6232 167120 6378 171880
34000 6250 167595 6401 172405
34100 6266 168045 6419 172955
34200 6282 168492 6427 173508
34300 6306 168971 6453 174029
34400 6335 169441 6472 174559
34500 6357 169946 6483 175054
34600 6374 170387 6500 175613
34700 6383 170896 6518 176104
34800 6407 171421 6531 176579
34900 6425 171917 6549 177083
35000 6447 172376 6572 177624
35100 6465 172887 6579 178113
35200 6479 173362 6597 178638
35300 6500 173822 6623 179178
35400 6515 174316 6643 179684
35500 6531 174809 6662 180191
35600 6546 175380 6678 180620
35700 6563 175877 6694 181123
35800 6591 176344 6706 181656
35900 6618 176856 6726 182144
36000 6633 177306 6741 182694
36100 6655 177811 6755 183189
36200 6671 178282 6775 183718
36300 6695 178720 6793 184280
36400 6717 179138 6813 184862
36500 6738 179628 6824 185372
36600 6755 180130 6839 185870
36700 6782 180656 6864 186344
36800 6793 181165 6882 186835
36900 6807 181643 6891 187357
37000 6822 182068 6909 187932
37100 6848 182562 6928 188438
37200 6867 183074 6945 188926
37300 6883 183520 6960 189480
37400 6900 184047 6975 189953
37500 6918 184578 6987 190422
37600 6933 185076 7008 190924
37700 6954 185560 7036 191440
37800 6968 186091 7067 191909
37900 6990 186575 7077 192425
38000 7011 187036 7098 192964
38100 7030 187555 7119 193445
38200 7047 188022 7139 193978
38300 7071 188537 7154 194463
38400 7091 189009 7170 194991
38500 7113 189480 7193 195520
38600 7141 189961 7211 196039
38700 7168 190500 7237 196500
38800 7185 190988 7252 197012
38900 7195 191526 7269 197474
39000 7221 192075 7288 197925
39100 7244 192578 7301 198422
39200 7265 193066 7323 198934
39300 7290 193543 7339 199457
39400 7313 194058 7357 199942
39500 7336 194554 7371 200446
39600 7350 195036 7387 200964
39700 7366 195571 7405 201429
39800 7383 196087 7422 201913
39900 7412 196591 7445 202409
40000 7427 197089 7466 202911
40100 7443 197622 7478 203378
40200 7453 198113 7499 203887
40300 7473 198605 7526 204395
40400 7487 199072 7542 204928
40500 7499 199523 7559 205477
40600 7513 200032 7582 205968
40700 7525 200550 7592 206450
40800 7542 201119 7614 206881
40900 7556 201648 7634 207352
41000 7574 202153 7651 207847
41100 7593 202673 7675 208327
41200 7611 203169 7703 208831
41300 7628 203729 7723 209271
41400 7644 204268 7739 209732
41500 7659 204779 7756 210221
41600 7687 205221 7777 210779
41700 7711 205703 7801 211297
41800 7730 206199 7826 211801
41900 7744 206653 7849 212347
42000 7765 207102 7864 212898
42100 7774 207576 7885 213424
42200 7785 208068 7902 213932
42300 7799 208617 7927 214383
42400 7823 209141 7947 214859
42500 7845 209667 7967 215333
42600 7866 210154 7985 215846
42700 7889 210689 8011 216311
42800 7903 211213 8028 216787
42900 7917 211687 8048 217313
43000 7931 212215 8061 217785
43100 7947 212705 8077 218295
43200 7974 213227 8111 218773
43300 7984 213735 8125 219265
43400 7999 214233 8150 219767
43500 8019 214720 8165 220280
43600 8028 215213 8181 220787
43700 8047 215651 8202 221349
43800 8058 216086 8224 221914
43900 8077 216672 8245 222328
44000 8088 217200 8264 222800
44100 8102 217693 8278 223307
44200 8121 218203 8288 223797
44300 8144 218627 8305 224373
44400 8169 219069 8325 224931
44500 8183 219567 8336 225433
44600 8202 220060 8354 225940
44700 8219 220510 8372 226490
44800 8240 221029 8393 226971
44900 8256 221568 8406 227432
45000 8272 222069 8418 227931
45100 8287 222571 8435 228429
45200 8308 223048 8451 228952
45300 8321 223560 8467 229440
45400 8339 224083 8483 229917
45500 8358 224624 8504 230376
45600 8373 225118 8519 230882
45700 8382 225627 8534 231373
45800 8399 226126 8551 231874
45900 8422 226542 8565 232458
46000 8436 227045 8588 232955
46100 8452 227496 8602 233504
46200 8462 227981 8612 234019
46300 8483 228489 8631 234511
46400 8500 228984 8649 235016
46500 8520 229504 8667 235496
46600 8526 229999 8681 236001
46700 8544 230485 8698 236515
46800 8563 230984 8724 237016
46900 8579 231465 8736 237535
47000 8599 231928 8755 238072
47100 8611 232409 8769 238591
47200 8627 232901 8787 239099
47300 8642 233322 8801 239678
47400 8659 233792 8821 240208
47500 8682 234275 8840 240725
47600 8704 234746 8857 241254
47700 8719 235192 8874 241808
47800 8743 235668 8890 242332
47900 8762 236153 8911 242847
48000 8779 236642 8928 243358
48100 8799 237205 8945 243795
48200 8813 237737 8965 244263
48300 8842 238250 8985 244750
48400 8869 238715 9004 245285
48500 8882 239114 9017 245886
48600 8894 239612 9036 246388
48700 8916 240131 9053 246869
48800 8937 240603 9075 247397
48900 8957 241069 9088 247931
49000 8971 241603 9101 248397
49100 8993 242206 9122 248794
49200 9007 242693 9135 249307
49300 9015 243205 9147 249795
49400 9025 243686 9162 250314
49500 9046 244186 9178 250814
49600 9063 244655 9194 251345
49700 9076 245150 9218 251850
49800 9096 245627 9229 252373
49900 9111 246079 9244 252921
50000 9130 246552 9266 253448
50100 9141 247076 9279 253924
50200 9158 247510 9298 254490
50300 9183 248111 9320 254889
50400 9201 248605 9337 255395
50500 9222 249182 9355 255818
50600 9247 249690 9367 256310
50700 9271 250193 9387 256807
50800 9291 250665 9400 257335
50900 9314 251149 9412 257851
51000 9331 251652 9421 258348
51100 9343 252133 9438 258867
51200 9363 252652 9460 259348
51300 9380 253216 9481 259784
51400 9398 253728 9499 260272
51500 9416 254162 9513 260838
51600 9434 254627 9530 261373
51700 9456 255090 9547 261910
51800 9475 255581 9563 262419
51900 9497 256078 9585 262922
52000 9512 256590 9611 263410
52100 9535 257060 9632 263940
52200 9554 257509 9654 264491
52300 9581 257983 9678 265017
52400 9597 258479 9696 265521
52500 9610 258965 9704 266035
52600 9626 259449 9715 266551
52700 9644 259955 9733 267045
52800 9655 260426 9751 267574
52900 9682 260902 9774 268098
53000 9698 261426 9795 268574
53100 9709 261976 9809 269024
53200 9719 262505 9823 269495
53300 9732 262999 9837 270001
53400 9748 263460 9858 270540
53500 9762 264015 9877 270985
53600 9783 264488 9896 271512
53700 9800 264923 9914 272077
53800 9827 265436 9937 272564
53900 9841 265935 9963 273065
54000 9854 266393 9981 273607
54100 9871 266812 9991 274188
54200 9895 267276 10011 274724
54300 9920 267707 10034 275293
54400 9937 268221 10055 275779
54500 9955 268770 10072 276230
54600 9975 269325 10093 276675
54700 9987 269720 10114 277280
54800 10001 270217 10134 277783
54900 10019 270647 10143 278353
55000 10043 271132 10163 278868
55100 10051 271532 10186 279468
55200 10072 272054 10199 279946
55300 10092 272552 10217 280448
55400 10107 273012 10232 280988
55500 10126 273541 10254 281459
55600 10141 274026 10267 281974
55700 10157 274496 10285 282504
55800 10172 275020 10304 282980
55900 10187 275516 10320 283484
56000 10202 275998 10328 284002
56100 10220 276546 10339 284454
56200 10231 277101 10351 284899
56300 10251 277612 10361 285388
56400 10265 278083 10376 285917
56500 10282 278568 10396 286432
56600 10300 279055 10414 286945
56700 10320 279514 10428 287486
56800 10340 280022 10455 287978
56900 10361 280428 10467 288572
57000 10376 280926 10483 289074
57100 10394 281407 10495 289593
57200 10412 281900 10507 290100
57300 10435 282445 10521 290555
57400 10451 283029 10537 290971
57500 10470 283511 10552 291489
57600 10493 283992 10570 292008
57700 10507 284477 10593 292523
57800 10526 284963 10608 293037
57900 10547 285436 10624 293564
58000 10566 285927 10643 294073
58100 10583 286389 10673 294611
58200 10602 286959 10687 295041
58300 10626 287423 10704 295577
58400 10646 287960 10721 296040
58500 10666 288486 10748 296514
58600 10691 288971 10773 297029
58700 10707 289469 10792 297531
58800 10725 289998 10805 298002
58900 10750 290477 10817 298523
59000 10766 290964 10837 299036
59100 10783 291451 10849 299549
59200 10812 291967 10867 300033
59300 10834 292472 10890 300528
59400 10846 292952 10907 301048
59500 10872 293457 10927 301543
59600 10885 293987 10942 302013
59700 10900 294524 10963 302476
59800 10910 294977 10971 303023
59900 10926 295465 10997 303535
60000 10950 295897 11009 304103
60100 10964 296387 11023 304613
60200 10989 296915 11033 305085
60300 11007 297423 11042 305577
60400 11025 297945 11052 306055
60500 11042 298439 11072 306561
60600 11063 298930 11088 307070
60700 11078 299437 11106 307563
60800 11095 299912 11130 308088
60900 11102 300405 11152 308595
61000 11126 300857 11166 309143
61100 11142 301372 11180 309628
61200 11156 301864 11193 310136
61300 11171 302382 11206 310618
61400 11187 302892 11217 311108
61500 11207 303334 11236 311666
61600 11226 303860 11258 312140
61700 11243 304341 11279 312659
61800 11254 304830 11297 313170
61900 11266 305397 11316 313603
62000 11278 305928 11334 314072
62100 11293 306449 11356 314551
62200 11306 306997 11370 315003
62300 11330 307456 11388 315544
62400 11352 307981 11399 316019
62500 11369 308456 11415 316544
62600 11383 308961 11432 317039
62700 11402 309450 11463 317550
62800 11425 309924 11483 318076
62900 11449 310432 11506 318568
63000 11460 310906 11528 319094
63100 11475 311377 11549 319623
63200 11493 311857 11567 320143
63300 11515 312390 11583 320610
63400 11531 312857 11608 321143
63500 11546 313336 11620 321664
63600 11559 313815 11631 322185
63700 11578 314288 11648 322712
63800 11595 314868 11673 323132
63900 11607 315376 11682 323624
64000 11618 315859 11692 324141
64100 11653 316341 11719 324659
64200 11676 316861 11730 325139
64300 11693 317397 11750 325603
64400 11713 317895 11776 326105
64500 11739 318374 11802 326626
64600 11753 318825 11822 327175
64700 11774 319333 11833 327667
64800 11793 319740 11852 328260
64900 11814 320264 11872 328736
65000 11829 320844 11890 329156
65100 11848 321370 11904 329630
65200 11864 321792 11919 330208
65300 11880 322202 11942 330798
65400 11900 322745 11961 331255
65500 11917 323274 11977 331726
65600 11931 323753 12000 332247
65700 11952 324227 12023 332773
65800 11970 324713 12038 333287
65900 11989 325197 12051 333803
66000 12006 325732 12067 334268
66100 12026 326214 12082 334786
66200 12037 326689 12097 335311
66300 12054 327171 12109 335829
66400 12074 327706 12128 336294
66500 12093 328200 12141 336800
66600 12109 328700 12159 337300
66700 12121 329224 12182 337776
66800 12138 329736 12199 338264
66900 12158 330226 12222 338774
67000 12181 330696 12238 339304
67100 12202 331158 12251 339842
67200 12219 331635 12264 340365
67300 12247 332110 12287 340890
67400 12264 332567 12298 341433
67500 12280 333068 12324 341932
67600 12299 333569 12341 342431
67700 12320 334012 12367 342988
67800 12338 334438 12383 343562
67900 12357 334935 12405 344065
68000 12368 335434 12425 344566
68100 12381 335876 12443 345124
68200 12393 336294 12456 345706
68300 12404 336821 12476 346179
68400 12418 337275 12496 346725
68500 12435 337831 12517 347169
68600 12458 338328 12526 347672
68700 12468 338875 12544 348125
68800 12484 339387 12565 348613
68900 12495 339982 12575 349018
69000 12505 340460 12594 349540
69100 12523 340980 12614 350020
69200 12541 341499 12632 350501
69300 12557 342079 12648 350921
69400 12569 342612 12663 351388
69500 12589 343148 12689 351852
69600 12608 343656 12702 352344
69700 12630 344174 12721 352826
69800 12643 344647 12734 353353
69900 12664 345193 12757 353807
70000 12677 345673 12773 354327
70100 12696 346202 12787 354798
70200 12708 346693 12808 355307
70300 12724 347207 12827 355793
70400 12739 347738 12847 356262
70500 12749 348208 12863 356792
70600 12769 348705 12891 357295
70700 12790 349198 12908 357802
70800 12807 349686 12920 358314
70900 12819 350162 12935 358838
71000 12835 350636 12956 359364
71100 12854 351150 12975 359850
71200 12877 351605 12994 360395
71300 12895 352139 13009 360861
71400 12910 352659 13026 361341
71500 12922 353202 13042 361798
71600 12935 353683 13050 362317
71700 12948 354123 13061 362877
71800 12963 354608 13071 363392
71900 12977 355131 13076 363869
72000 12994 355544 13097 364456
72100 13013 356085 13128 364915
72200 13031 356578 13153 365422
72300 13041 357066 13174 365934
72400 13060 357583 13192 366417
72500 13074 358086 13207 366914
72600 13097 358594 13235 367406
72700 13114 359080 13246 367920
72800 13132 359646 13264 368354
72900 13149 360154 13290 368846
73000 13172 360678 13302 369322
73100 13194 361198 13325 369802
73200 13217 361649 13341 370351
73300 13239 362186 13363 370814
73400 13251 362610 13380 371390
73500 13275 363082 13402 371918
73600 13287 363598 13415 372402
73700 13306 364134 13443 372866
73800 13329 364604 13468 373396
73900 13344 365082 13488 373918
74000 13360 365576 13504 374424
74100 13371 366094 13516 374906
74200 13390 366625 13536 375375
74300 13415 367106 13552 375894
74400 13430 367577 13573 376423
74500 13446 368005 13596 376995
74600 13456 368463 13614 377537
74700 13475 368878 13629 378122
74800 13495 369366 13645 378634
74900 13512 369873 13667 379127
75000 13526 370363 13681 379637
75100 13548 370869 13701 380131
75200 13562 371336 13716 380664
75300 13577 371779 13727 381221
75400 13596 372213 13748 381787
75500 13612 372737 13775 382263
75600 13624 373185 13788 382815
75700 13641 373663 13809 383337
75800 13664 374127 13829 383873
75900 13680 374690 13846 384310
76000 13697 375190 13860 384810
76100 13710 375701 13874 385299
76200 13725 376171 13896 385829
76300 13738 376684 13907 386316
76400 13762 377199 13926 386801
76500 13774 377717 13933 387283
76600 13794 378267 13946 387733
76700 13809 378761 13967 388239
76800 13823 379247 13979 388753
76900 13842 379771 14001 389229
77000 13853 380216 14013 389784
77100 13877 380796 14037 390204
77200 13896 381255 14064 390745
77300 13911 381730 14077 391270
77400 13933 382264 14095 391736
77500 13942 382750 14112 392250
77600 13968 383239 14126 392761
77700 13980 383716 14138 393284
77800 14003 384171 14164 393829
77900 14018 384630 14180 394370
78000 14042 385178 14206 394822
78100 14056 385762 14233 395238
78200 14068 386275 14251 395725
78300 14090 386759 14263 396241
78400 14109 387265 14284 396735
78500 14122 387755 14299 397245
78600 14141 388283 14317 397717
78700 14157 388741 14333 398259
78800 14170 389207 14350 398793
78900 14191 389696 14365 399304
79000 14219 390234 14381 399766
79100 14242 390696 14391 400304
79200 14269 391204 14411 400796
79300 14284 391670 14426 401330
79400 14301 392135 14447 401865
79500 14324 392669 14471 402331
79600 14337 393127 14489 402873
79700 14352 393580 14507 403420
79800 14366 394078 14534 403922
79900 14383 394567 14550 404433
80000 14404 395073 14564 404927
80100 14422 395594 14583 405406
80200 14430 396056 14593 405944
80300 14444 396519 14606 406481
80400 14464 396971 14618 407029
80500 14485 397462 14635 407538
80600 14493 397947 14646 408053
80700 14509 398486 14665 408514
80800 14525 398904 14683 409096
80900 14537 399399 14700 409601
81000 14551 399894 14729 410106
81100 14576 400390 14745 410610
81200 14595 400856 14769 411144
81300 14609 401301 14796 411699
81400 14626 401819 14822 412181
81500 14648 402306 14840 412694
81600 14667 402823 14862 413177
81700 14679 403321 14880 413679
81800 14694 403869 14902 414131
81900 14711 404387 14922 414613
82000 14733 404824 14938 415176
82100 14745 405218 14954 415782
82200 14757 405732 14965 416268
82300 14774 406192 14980 416808
82400 14792 406700 14994 417300
82500 14808 407176 15011 417824
82600 14832 407671 15033 418329
82700 14851 408150 15047 418850
82800 14867 408684 15052 419316
82900 14887 409210 15066 419790
83000 14899 409751 15076 420249
83100 14917 410273 15086 420727
83200 14928 410753 15102 421247
83300 14944 411233 15118 421767
83400 14966 411756 15135 422244
83500 14978 412254 15147 422746
83600 14988 412775 15166 423225
83700 15001 413252 15184 423748
83800 15009 413753 15201 424247
83900 15025 414266 15215 424734
84000 15040 414764 15229 425236
84100 15054 415285 15241 425715
84200 15066 415804 15255 426196
84300 15086 416272 15267 426728
84400 15111 416837 15282 427163
84500 15125 417332 15293 427668
84600 15143 417847 15308 428153
84700 15160 418330 15321 428670
84800 15171 418831 15333 429169
84900 15189 419284 15358 429716
85000 15207 419800 15372 430200
85100 15226 420299 15390 430701
85200 15241 420784 15407 431216
85300 15271 421273 15433 431727
85400 15288 421809 15452 432191
85500 15303 422292 15465 432708
85600 15320 422719 15482 433281
85700 15342 423179 15492 433821
85800 15360 423609 15503 434391
85900 15377 424095 15520 434905
86000 15389 424592 15536 435408
86100 15404 425130 15557 435870
86200 15421 425622 15570 436378
86300 15432 426122 15584 436878
86400 15446 426589 15603 437411
86500 15462 427062 15614 437938
86600 15472 427463 15622 438537
86700 15488 427941 15646 439059
86800 15508 428402 15663 439598
86900 15542 428941 15681 440059
87000 15558 429401 15699 440599
87100 15570 429904 15713 441096
87200 15595 430435 15740 441565
87300 15615 430949 15750 442051
87400 15625 431412 15762 442588
87500 15641 431971 15777 443029
87600 15655 432421 15793 443579
87700 15666 432909 15813 444091
87800 15676 433394 15830 444606
87900 15694 433873 15850 445127
88000 15708 434347 15867 445653
88100 15724 434829 15881 446171
88200 15738 435313 15899 446687
88300 15752 435789 15907 447211
88400 15771 436237 15920 447763
88500 15778 436727 15936 448273
88600 15802 437250 15946 448750
88700 15827 437783 15969 449217
88800 15848 438282 15993 449718
88900 15879 438803 16015 450197
89000 15903 439301 16044 450699
89100 15936 439826 16062 451174
89200 15951 440322 16084 451678
89300 15970 440840 16097 452160
89400 15987 441366 16121 452634
89500 16007 441837 16138 453163
89600 16026 442367 16157 453633
89700 16046 442868 16168 454132
89800 16060 443403 16183 454597
89900 16072 443881 16197 455119
90000 16091 444320 16214 455680
90100 16107 444823 16235 456177
90200 16121 445312 16251 456688
90300 16136 445845 16263 457155
90400 16159 446374 16279 457626
90500 16180 446889 16307 458111
90600 16195 447385 16324 458615
90700 16211 447900 16340 459100
90800 16233 448436 16362 459564
90900 16248 448923 16378 460077
91000 16268 449425 16399 460575
91100 16287 449913 16422 461087
91200 16308 450380 16440 461620
91300 16330 450877 16454 462123
91400 16361 451360 16475 462640
91500 16378 451892 16486 463108
91600 16402 452428 16510 463572
91700 16424 452929 16531 464071
91800 16442 453411 16548 464589
91900 16464 453926 16559 465074
92000 16479 454398 16568 465602
92100 16494 454873 16587 466127
92200 16512 455331 16606 466669
92300 16527 455873 16623 467127
92400 16555 456388 16645 467612
92500 16569 456831 16659 468169
92600 16584 457330 16678 468670
92700 16595 457865 16693 469135
92800 16610 458372 16709 469628
92900 16625 458869 16726 470131
93000 16639 459325 16742 470675
93100 16661 459835 16756 471165
93200 16682 460341 16772 471659
93300 16697 460740 16794 472260
93400 16713 461281 16803 472719
93500 16732 461743 16822 473257
93600 16748 462231 16841 473769
93700 16768 462773 16859 474227
93800 16791 463265 16878 474735
93900 16822 463758 16890 475242
94000 16839 464300 16902 475700
94100 16853 464813 16918 476187
94200 16869 465358 16938 476642
94300 16881 465893 16949 477107
94400 16904 466368 16967 477632
94500 16917 466922 16987 478078
94600 16943 467427 17011 478573
94700 16953 467955 17028 479045
94800 16969 468503 17047 479497
94900 16989 469049 17060 479951
95000 17013 469519 17080 480481
95100 17035 470046 17093 480954
95200 17058 470519 17121 481481
95300 17076 471001 17138 481999
95400 17092 471497 17162 482503
95500 17109 471974 17182 483026
95600 17133 472516 17205 483484
95700 17150 473075 17217 483925
95800 17163 473594 17241 484406
95900 17180 474077 17258 484923
96000 17192 474536 17275 485464
96100 17210 475057 17291 485943
96200 17225 475569 17312 486431
96300 17246 476069 17327 486931
96400 17266 476571 17352 487429
96500 17281 477017 17363 487983
96600 17298 477522 17385 488478
96700 17322 478003 17404 488997
96800 17340 478545 17424 489455
96900 17354 479094 17449 489906
97000 17374 479614 17463 490386
97100 17390 480154 17480 490846
97200 17419 480689 17491 491311
97300 17441 481198 17511 491802
97400 17455 481714 17524 492286
97500 17466 482235 17539 492765
97600 17485 482729 17563 493271
97700 17505 483236 17589 493764
97800 17519 483746 17597 494254
97900 17530 484270 17615 494730
98000 17553 484825 17638 495175
98100 17566 485321 17657 495679
98200 17593 485867 17690 496133
98300 17601 486372 17708 496628
98400 17619 486884 17728 497116
98500 17628 487393 17745 497607
98600 17644 487873 17760 498127
98700 17659 488403 17778 498597
98800 17669 488965 17796 499035
98900 17686 489454 17816 499546
99000 17703 489979 17831 500021
99100 17721 490527 17851 500473
99200 17732 491059 17870 500941
99300 17745 491596 17889 501404
99400 17765 492172 17906 501828
99500 17780 492655 17929 502345
99600 17795 493095 17942 502905
99700 17821 493573 17954 503427
99800 17839 494042 17972 503958
99900 17852 494523 17988 504477
100000 17862 495083 18005 504917
100100 17882 495603 18032 505397
100200 17892 496064 18045 505936
100300 17918 496535 18062 506465
100400 17931 497064 18084 506936
100500 17953 497625 18106 507375
100600 17968 498131 18134 507869
100700 17991 498613 18154 508387
100800 18000 499066 18174 508934
100900 18015 499573 18197 509427
101000 18040 500078 18222 509922
101100 18072 500625 18244 510375
101200 18090 501100 18263 510900
101300 18109 501539 18281 511461
101400 18122 502008 18305 511992
101500 18140 502409 18319 512591
101600 18151 502851 18334 513149
101700 18169 503334 18361 513666
101800 18191 503787 18377 514213
101900 18211 504304 18400 514696
102000 18228 504733 18420 515267
102100 18245 505218 18446 515782
102200 18267 505721 18472 516279
102300 18279 506213 18490 516787
102400 18291 506661 18508 517339
102500 18303 507143 18517 517857
102600 18325 507674 18534 518326
102700 18344 508172 18553 518828
102800 18363 508739 18574 519261
102900 18375 509253 18593 519747
103000 18394 509788 18603 520212
103100 18415 510297 18623 520703
103200 18429 510777 18640 521223
103300 18442 511257 18658 521743
103400 18461 511757 18676 522243
103500 18480 512220 18693 522780
103600 18493 512656 18712 523344
103700 18511 513122 18731 523878
103800 18530 513548 18749 524452
103900 18543 514108 18777 524892
104000 18555 514636 18788 525364
104100 18573 515149 18805 525851
104200 18594 515695 18828 526305
104300 18614 516125 18844 526875
104400 18639 516706 18872 527294
104500 18664 517243 18892 527757
104600 18681 517758 18908 528242
104700 18691 518172 18927 528828
104800 18712 518648 18941 529352
104900 18744 519179 18967 529821
105000 18758 519698 18983 530302
105100 18772 520167 18996 530833
105200 18786 520710 19014 531290
105300 18803 521255 19026 531745
105400 18818 521759 19049 532241
105500 18841 522268 19061 532732
105600 18853 522756 19080 533244
105700 18865 523211 19106 533789
105800 18883 523716 19130 534284
105900 18896 524141 19143 534859
106000 18909 524635 19155 535365
106100 18924 525153 19174 535847
106200 18944 525662 19186 536338
106300 18959 526135 19203 536865
106400 18977 526605 19221 537395
106500 19001 527131 19244 537869
106600 19018 527626 19266 538374
106700 19037 528115 19278 538885
106800 19054 528587 19299 539413
106900 19083 529053 19313 539947
107000 19104 529562 19336 540438
107100 19131 530080 19359 540920
107200 19150 530579 19381 541421
107300 19167 531033 19398 541967
107400 19187 531558 19410 542442
107500 19201 532103 19435 542897
107600 19227 532610 19451 543390
107700 19240 533091 19461 543909
107800 19260 533517 19478 544483
107900 19267 533972 19500 545028
108000 19289 534469 19523 545531
108100 19307 535012 19538 545988
108200 19325 535534 19554 546466
108300 19340 536032 19565 546968
108400 19362 536502 19583 547498
108500 19381 537048 19602 547952
108600 19401 537510 19619 548490
108700 19427 538017 19646 548983
108800 19438 538535 19663 549465
108900 19454 539063 19680 549937
109000 19469 539543 19702 550457
109100 19483 540062 19719 550938
109200 19503 540561 19738 551439
109300 19517 541100 19758 551900
109400 19530 541562 19773 552438
109500 19550 542029 19793 552971
109600 19571 542559 19821 553441
109700 19590 543076 19843 553924
109800 19608 543622 19864 554378
109900 19625 544168 19887 554832
110000 19643 544671 19906 555329
110100 19663 545169 19929 555831
110200 19685 545667 19946 556333
110300 19703 546116 19967 556884
110400 19721 546595 19983 557405
110500 19740 547136 20004 557864
110600 19772 547656 20019 558344
110700 19789 548102 20042 558898
110800 19815 548540 20060 559460
110900 19835 549067 20079 559933
111000 19846 549602 20089 560398
111100 19872 550075 20109 560925
111200 19881 550574 20123 561426
111300 19888 551051 20132 561949
111400 19911 551479 20153 562521
111500 19925 551943 20168 563057
111600 19951 552456 20194 563544
111700 19971 552946 20213 564054
111800 19992 553465 20228 564535
111900 20012 553958 20238 565042
112000 20031 554425 20256 565575
112100 20046 554910 20264 566090
112200 20057 555372 20280 566628
112300 20073 555794 20295 567206
112400 20088 556275 20311 567725
112500 20102 556770 20333 568230
112600 20112 557233 20344 568767
112700 20126 557715 20361 569285
112800 20141 558233 20379 569767
112900 20152 558814 20400 570186
113000 20164 559314 20426 570686
113100 20185 559780 20448 571220
113200 20200 560345 20476 571655
113300 20222 560810 20504 572190
113400 20244 561341 20525 572659
113500 20267 561878 20542 573122
113600 20293 562400 20566 573600
113700 20315 562945 20590 574055
113800 20331 563456 20604 574544
113900 20349 564009 20617 574991
114000 20369 564549 20639 575451
114100 20389 565014 20660 575986
114200 20410 565515 20693 576485
114300 20427 565968 20716 577032
114400 20452 566465 20737 577535
114500 20473 566979 20752 578021
114600 20489 567470 20764 578530
114700 20504 568034 20784 578966
114800 20510 568563 20808 579437
114900 20527 569024 20820 579976
115000 20549 569533 20831 580467
115100 20568 570017 20844 580983
115200 20582 570512 20854 581488
115300 20600 571043 20874 581957
115400 20624 571575 20886 582425
115500 20649 572103 20903 582897
115600 20670 572572 20919 583428
115700 20693 573061 20941 583939
115800 20708 573580 20957 584420
115900 20724 574117 20975 584883
116000 20732 574616 20996 585384
116100 20749 575063 21019 585937
116200 20757 575520 21032 586480
116300 20771 575992 21043 587008
116400 20799 576505 21064 587495
116500 20809 577022 21081 587978
116600 20824 577497 21101 588503
116700 20838 577982 21120 589018
116800 20858 578448 21133 589552
116900 20886 578917 21157 590083
117000 20900 579464 21169 590536
117100 20915 579949 21192 591051
117200 20936 580505 21214 591495
117300 20945 580996 21236 592004
117400 20962 581405 21248 592595
117500 20980 581920 21265 593080
117600 21003 582400 21281 593600
117700 21028 582901 21301 594099
117800 21043 583378 21313 594622
117900 21063 583872 21338 595128
118000 21078 584361 21356 595639
118100 21097 584825 21379 596175
118200 21115 585358 21399 596642
118300 21131 585854 21420 597146
118400 21147 586358 21442 597642
118500 21164 586876 21457 598124
118600 21183 587338 21474 598662
118700 21198 587778 21493 599222
118800 21223 588207 21510 599793
118900 21239 588615 21522 600385
119000 21258 589070 21540 600930
119100 21276 589535 21559 601465
119200 21290 590009 21576 601991
119300 21307 590568 21592 602432
119400 21323 591076 21607 602924
119500 21351 591569 21625 603431
119600 21361 592008 21634 603992
119700 21381 592514 21651 604486
119800 21406 593025 21667 604975
119900 21421 593515 21691 605485
120000 21431 594017 21706 605983
120100 21449 594557 21718 606443
120200 21477 595057 21743 606943
120300 21497 595566 21761 607434
120400 21514 596046 21783 607954
120500 21522 596551 21796 608449
120600 21544 597056 21810 608944
120700 21556 597563 21824 609437
120800 21569 597996 21837 610004
120900 21586 598522 21850 610478
121000 21600 599012 21867 610988
121100 21614 599527 21889 611473
121200 21636 600090 21905 611910
121300 21646 600549 21921 612451
121400 21663 601008 21941 612992
121500 21684 601476 21956 613524
121600 21706 601971 21979 614029
121700 21721 602491 21998 614509
121800 21743 602967 22017 615033
121900 21752 603415 22029 615585
122000 21778 603866 22049 616134
122100 21800 604424 22063 616576
122200 21814 604913 22078 617087
122300 21833 605383 22093 617617
122400 21847 605886 22109 618114
122500 21866 606399 22128 618601
122600 21886 606899 22150 619101
122700 21898 607415 22174 619585
122800 21907 607904 22193 620096
122900 21931 608416 22221 620584
123000 21963 608941 22243 621059
123100 21979 609457 22257 621543
123200 21992 609976 22284 622024
123300 22006 610499 22306 622501
123400 22021 611038 22326 622962
123500 22034 611502 22338 623498
123600 22058 611945 22355 624055
123700 22070 612404 22370 624596
123800 22080 612920 22379 625080
123900 22092 613434 22401 625566
124000 22112 613981 22413 626019
124100 22132 614611 22435 626389
124200 22149 615132 22455 626868
124300 22169 615615 22474 627385
124400 22190 616108 22487 627892
124500 22206 616652 22509 628348
124600 22223 617111 22525 628889
124700 22233 617623 22538 629377
124800 22248 618121 22548 629879
124900 22269 618623 22565 630377
125000 22288 619077 22572 630923
125100 22303 619554 22589 631446
125200 22325 620034 22607 631966
125300 22334 620528 22619 632472
125400 22354 621002 22639 632998
125500 22373 621516 22652 633484
125600 22395 621949 22673 634051
125700 22422 622415 22695 634585
125800 22443 622907 22708 635093
125900 22459 623406 22727 635594
126000 22481 623933 22742 636067
126100 22497 624431 22762 636569
126200 22509 624874 22778 637126
126300 22522 625399 22787 637601
126400 22540 625969 22802 638031
126500 22555 626420 22817 638580
126600 22568 626885 22833 639115
126700 22582 627389 22850 639611
126800 22600 627872 22869 640128
126900 22622 628432 22889 640568
127000 22646 628915 22901 641085
127100 22659 629437 22920 641563
127200 22672 629905 22936 642095
127300 22698 630385 22958 642615
127400 22713 630919 22979 643081
127500 22730 631422 22999 643578
127600 22750 631877 23025 644123
127700 22763 632403 23044 644597
127800 22782 632856 23077 645144
127900 22804 633365 23103 645635
128000 22823 633853 23121 646147
128100 22841 634333 23144 646667
128200 22856 634794 23159 647206
128300 22889 635287 23170 647713
128400 22904 635791 23197 648209
128500 22919 636258 23207 648742
128600 22940 636720 23223 649280
128700 22960 637256 23236 649744
128800 22985 637760 23251 650240
128900 23001 638241 23266 650759
129000 23013 638775 23281 651225
129100 23034 639297 23298 651703
129200 23048 639813 23314 652187
129300 23071 640301 23332 652699
129400 23089 640810 23357 653190
129500 23110 641308 23379 653692
129600 23127 641770 23395 654230
129700 23137 642263 23417 654737
129800 23152 642698 23437 655302
129900 23165 643184 23452 655816
130000 23184 643726 23469 656274
130100 23199 644269 23495 656731
130200 23215 644759 23510 657241
130300 23236 645266 23524 657734
130400 23249 645732 23538 658268
130500 23267 646250 23550 658750
130600 23289 646707 23568 659293
130700 23310 647253 23584 659747
130800 23318 647738 23599 660262
130900 23332 648226 23616 660774
131000 23350 648742 23641 661258
131100 23371 649222 23658 661778
131200 23388 649693 23673 662307
131300 23413 650182 23693 662818
131400 23424 650681 23708 663319
131500 23441 651154 23727 663846
131600 23466 651717 23753 664283
131700 23483 652274 23764 664726
131800 23508 652811 23775 665189
131900 23520 653314 23794 665686
132000 23533 653830 23810 666170
132100 23551 654310 23820 666690
132200 23565 654788 23838 667212
132300 23580 655312 23851 667688
132400 23593 655827 23873 668173
132500 23606 656309 23891 668691
132600 23627 656790 23905 669210
132700 23646 657301 23917 669699
132800 23667 657830 23932 670170
132900 23684 658394 23948 670606
133000 23696 658853 23962 671147
133100 23714 659324 23990 671676
133200 23730 659867 24005 672133
133300 23746 660386 24026 672614
133400 23765 660860 24037 673140
133500 23779 661247 24058 673753
133600 23796 661683 24076 674317
133700 23812 662147 24092 674853
133800 23834 662658 24110 675342
133900 23843 663128 24120 675872
134000 23863 663628 24142 676372
134100 23878 664121 24150 676879
134200 23887 664611 24164 677389
134300 23901 665146 24177 677854
134400 23914 665619 24204 678381
134500 23931 666038 24216 678962
134600 23947 666532 24226 679468
134700 23973 667033 24248 679967
134800 23984 667570 24260 680430
134900 24002 668011 24278 680989
135000 24017 668479 24290 681521
135100 24039 668971 24307 682029
135200 24058 669485 24323 682515
135300 24072 670004 24335 682996
135400 24087 670534 24354 683466
135500 24109 671029 24366 683971
135600 24122 671546 24380 684454
135700 24134 671964 24394 685036
135800 24144 672431 24414 685569
135900 24149 672887 24428 686113
136000 24166 673428 24442 686572
136100 24178 673949 24458 687051
136200 24189 674476 24484 687524
136300 24209 674981 24510 688019
136400 24225 675476 24521 688524
136500 24238 675961 24531 689039
136600 24257 676455 24545 689545
136700 24273 676890 24566 690110
136800 24286 677337 24581 690663
136900 24298 677794 24595 691206
137000 24314 678224 24605 691776
137100 24324 678747 24624 692253
137200 24342 679307 24649 692693
137300 24363 679819 24661 693181
137400 24379 680359 24673 693641
137500 24392 680876 24689 694124
137600 24406 681377 24702 694623
137700 24423 681897 24724 695103
137800 24435 682371 24741 695629
137900 24458 682833 24769 696167
138000 24480 683288 24793 696712
138100 24496 683769 24806 697231
138200 24508 684292 24816 697708
138300 24520 684803 24838 698197
138400 24534 685341 24863 698659
138500 24545 685818 24875 699182
138600 24562 686325 24888 699675
138700 24572 686865 24904 700135
138800 24592 687379 24928 700621
138900 24601 687866 24942 701134
139000 24617 688351 24962 701649
139100 24630 688828 24980 702172
139200 24644 689339 25004 702661
139300 24666 689883 25014 703117
139400 24683 690434 25040 703566
139500 24697 690910 25057 704090
139600 24713 691395 25076 704605
139700 24731 691869 25101 705131
139800 24749 692339 25115 705661
139900 24769 692775 25127 706225
140000 24781 693287 25142 706713
140100 24796 693764 25163 707236
140200 24812 694248 25180 707752
140300 24828 694710 25205 708290
140400 24843 695225 25224 708775
140500 24858 695737 25240 709263
140600 24875 696233 25257 709767
140700 24889 696688 25272 710312
140800 24913 697192 25287 710808
140900 24926 697703 25298 711297
141000 24949 698224 25318 711776
141100 24970 698772 25332 712228
141200 24982 699246 25349 712754
141300 25000 699729 25367 713271
141400 25025 700248 25384 713752
141500 25040 700712 25403 714288
141600 25061 701195 25422 714805
141700 25077 701731 25439 715269
141800 25092 702200 25455 715800
141900 25109 702681 25472 716319
142000 25135 703213 25484 716787
142100 25152 703744 25504 717256
142200 25172 704270 25523 717730
142300 25185 704771 25544 718229
142400 25202 705271 25566 718729
142500 25215 705876 25579 719124
142600 25235 706422 25597 719578
142700 25252 706943 25608 720057
142800 25271 707455 25629 720545
142900 25289 707858 25645 721142
143000 25317 708350 25663 721650
143100 25334 708883 25678 722117
143200 25358 709383 25704 722617
143300 25370 709893 25715 723107
143400 25392 710425 25734 723575
143500 25414 710938 25755 724062
143600 25438 711409 25772 724591
143700 25456 711848 25791 725152
143800 25476 712332 25808 725668
143900 25487 712781 25825 726219
144000 25506 713254 25850 726746
144100 25523 713782 25865 727218
144200 25542 714333 25875 727667
144300 25566 714749 25897 728251
144400 25581 715308 25918 728692
144500 25597 715824 25930 729176
144600 25616 716316 25948 729684
144700 25635 716828 25964 730172
144800 25666 717308 25982 730692
144900 25673 717745 26000 731255
145000 25691 718266 26023 731734
145100 25713 718735 26040 732265
145200 25730 719239 26058 732761
145300 25740 719766 26078 733234
145400 25757 720229 26089 733771
145500 25772 720722 26104 734278
145600 25787 721315 26125 734685
145700 25807 721856 26143 735144
145800 25825 722316 26163 735684
145900 25836 722828 26186 736172
146000 25867 723360 26202 736640
146100 25892 723790 26220 737210
146200 25911 724294 26241 737706
146300 25937 724848 26267 738152
146400 25954 725349 26290 738651
146500 25966 725842 26311 739158
146600 25987 726342 26329 739658
146700 26005 726833 26349 740167
146800 26022 727320 26373 740680
146900 26043 727827 26391 741173
147000 26062 728320 26407 741680
147100 26075 728732 26425 742268
147200 26101 729195 26443 742805
147300 26119 729736 26461 743264
147400 26142 730297 26476 743703
147500 26161 730825 26489 744175
147600 26183 731302 26497 744698
147700 26202 731878 26518 745122
147800 26218 732342 26531 745658
147900 26234 732832 26544 746168
148000 26247 733334 26560 746666
148100 26266 733809 26583 747191
148200 26286 734256 26607 747744
148300 26296 734750 26616 748250
148400 26314 735292 26629 748708
148500 26325 735838 26643 749162
148600 26339 736352 26655 749648
148700 26360 736835 26672 750165
148800 26382 737305 26694 750695
148900 26397 737771 26706 751229
149000 26410 738259 26723 751741
149100 26423 738810 26743 752190
149200 26443 739297 26758 752703
149300 26458 739818 26772 753182
149400 26482 740278 26791 753722
149500 26502 740782 26808 754218
149600 26525 741269 26826 754731
149700 26531 741810 26847 755190
149800 26553 742350 26856 755650
149900 26566 742884 26874 756116
150000 26585 743426 26892 756574
150100 26606 743932 26917 757068
150200 26622 744503 26935 757497
150300 26638 745026 26949 757974
150400 26655 745514 26967 758486
150500 26673 746030 26982 758970
150600 26692 746467 26997 759533
150700 26712 746927 27022 760073
150800 26728 747439 27035 760561
150900 26744 747968 27047 761032
151000 26770 748487 27062 761513
151100 26790 748991 27080 762009
151200 26810 749481 27095 762519
151300 26827 749918 27120 763082
151400 26840 750418 27143 763582
151500 26864 750908 27163 764092
151600 26890 751480 27180 764520
151700 26902 751963 27196 765037
151800 26914 752455 27212 765545
151900 26923 752936 27234 766064
152000 26934 753383 27253 766617
152100 26951 753909 27279 767091
152200 26962 754419 27299 767581
152300 26990 754970 27320 768030
152400 27006 755518 27334 768482
152500 27018 756038 27351 768962
152600 27037 756560 27380 769440
152700 27061 757032 27391 769968
152800 27072 757482 27411 770518
152900 27079 757965 27422 771035
153000 27093 758440 27439 771560
153100 27110 758882 27452 772118
153200 27125 759346 27466 772654
153300 27140 759833 27482 773167
153400 27153 760339 27497 773661
153500 27169 760902 27508 774098
153600 27187 761407 27525 774593
153700 27210 761898 27539 775102
153800 27221 762348 27561 775652
153900 27240 762822 27577 776178
154000 27261 763283 27591 776717
154100 27284 763773 27607 777227
154200 27297 764261 27620 777739
154300 27317 764767 27636 778233
154400 27329 765280 27652 778720
154500 27353 765793 27672 779207
154600 27373 766272 27692 779728
154700 27386 766759 27711 780241
154800 27401 767336 27729 780664
154900 27426 767852 27747 781148
155000 27440 768374 27764 781626
155100 27460 768916 27784 782084
155200 27472 769418 27798 782582
155300 27487 769920 27817 783080
155400 27507 770447 27833 783553
155500 27526 770944 27845 784056
155600 27543 771445 27870 784555
155700 27562 771963 27886 785037
155800 27577 772495 27907 785505
155900 27592 772969 27921 786031
156000 27611 773415 27937 786585
156100 27628 773939 27950 787061
156200 27644 774442 27967 787558
156300 27657 774937 27976 788063
156400 27677 775463 28001 788537
156500 27693 776028 28009 788972
156600 27715 776524 28022 789476
156700 27740 777051 28042 789949
156800 27762 777558 28067 790442
156900 27788 778009 28089 790991
157000 27808 778465 28109 791535
157100 27827 778975 28125 792025
157200 27844 779450 28153 792550
157300 27858 779984 28176 793016
157400 27872 780490 28195 793510
157500 27879 780946 28211 794054
157600 27892 781461 28228 794539
157700 27912 781986 28241 795014
157800 27930 782486 28255 795514
157900 27944 782963 28269 796037
158000 27956 783459 28292 796541
158100 27973 783912 28310 797088
158200 28000 784454 28334 797546
158300 28019 784931 28347 798069
158400 28038 785459 28363 798541
158500 28055 785919 28383 799081
158600 28073 786399 28403 799601
158700 28082 786894 28412 800106
158800 28098 787463 28426 800537
158900 28120 788067 28446 800933
159000 28130 788512 28465 801488
159100 28143 788973 28474 802027
159200 28162 789480 28499 802520
159300 28178 790033 28511 802967
159400 28202 790559 28535 803441
159500 28218 791051 28548 803949
159600 28237 791567 28560 804433
159700 28255 792070 28579 804930
159800 28270 792683 28596 805317
159900 28296 793164 28608 805836
160000 28314 793697 28622 806303
160100 28332 794201 28632 806799
160200 28352 794650 28646 807350
160300 28368 795122 28672 807878
160400 28388 795623 28694 808377
160500 28408 796098 28719 808902
160600 28434 796606 28737 809394
160700 28449 797107 28746 809893
160800 28460 797612 28762 810388
160900 28482 798083 28779 810917
161000 28495 798605 28796 811395
161100 28509 799075 28815 811925
161200 28520 799571 28826 812429
161300 28536 799970 28841 813030
161400 28548 800538 28857 813462
161500 28567 800999 28876 814001
161600 28580 801533 28893 814467
161700 28596 802049 28910 814951
161800 28615 802516 28921 815484
161900 28627 803027 28934 815973
162000 28646 803476 28955 816524
162100 28658 803891 28968 817109
162200 28681 804368 28979 817632
162300 28696 804836 28989 818164
162400 28714 805313 29001 818687
162500 28733 805773 29016 819227
162600 28752 806253 29038 819747
162700 28772 806703 29056 820297
162800 28794 807227 29072 820773
162900 28819 807725 29092 821275
163000 28826 808214 29106 821786
163100 28841 808676 29117 822324
163200 28862 809140 29137 822860
163300 28883 809606 29157 823394
163400 28894 810099 29169 823901
163500 28911 810609 29181 824391
163600 28933 811156 29193 824844
163700 28959 811641 29215 825359
163800 28974 812143 29236 825857
163900 28989 812584 29249 826416
164000 29005 813142 29271 826858
164100 29025 813650 29286 827350
164200 29045 814140 29300 827860
164300 29060 814605 29322 828395
164400 29077 815129 29341 828871
164500 29098 815591 29356 829409
164600 29112 816113 29365 829887
164700 29133 816686 29381 830314
164800 29155 817287 29399 830713
164900 29171 817782 29422 831218
165000 29180 818283 29448 831717
165100 29192 818761 29468 832239
165200 29207 819316 29492 832684
165300 29220 819822 29504 833178
165400 29237 820337 29520 833663
165500 29256 820870 29531 834130
165600 29276 821279 29550 834721
165700 29291 821824 29570 835176
165800 29303 822256 29603 835744
165900 29315 822759 29616 836241
166000 29327 823240 29629 836760
166100 29337 823769 29642 837231
166200 29360 824233 29665 837767
166300 29376 824760 29679 838240
166400 29390 825346 29698 838654
166500 29407 825871 29718 839129
166600 29420 826356 29729 839644
166700 29440 826859 29739 840141
166800 29454 827388 29752 840612
166900 29469 827845 29773 841155
167000 29485 828355 29788 841645
167100 29497 828867 29805 842133
167200 29513 829360 29816 842640
167300 29527 829921 29835 843079
167400 29539 830437 29850 843563
167500 29559 830917 29864 844083
167600 29579 831462 29876 844538
167700 29594 832026 29893 844974
167800 29606 832553 29907 845447
167900 29629 833052 29922 845948
168000 29635 833548 29937 846452
168100 29647 834096 29957 846904
168200 29661 834571 29966 847429
168300 29682 835091 29984 847909
168400 29700 835543 29996 848457
168500 29717 836004 30009 848996
168600 29734 836396 30020 849604
168700 29751 836936 30046 850064
168800 29759 837438 30062 850562
168900 29784 837958 30078 851042
169000 29802 838458 30097 851542
169100 29827 838976 30112 852024
169200 29846 839440 30135 852560
169300 29867 839859 30157 853141
169400 29882 840354 30169 853646
169500 29906 840827 30190 854173
169600 29931 841361 30212 854639
169700 29948 841864 30229 855136
169800 29961 842327 30248 855673
169900 29979 842765 30262 856235
170000 29996 843311 30275 856689
170100 30017 843803 30284 857197
170200 30031 844336 30299 857664
170300 30052 844871 30313 858129
170400 30060 845367 30324 858633
170500 30077 845857 30336 859143
170600 30093 846344 30345 859656
170700 30113 846800 30365 860200
170800 30130 847261 30387 860739
170900 30151 847740 30406 861260
171000 30157 848236 30423 861764
171100 30170 848683 30437 862317
171200 30181 849202 30445 862798
171300 30198 849714 30467 863286
171400 30218 850214 30497 863786
171500 30232 850765 30512 864235
171600 30256 851246 30536 864754
171700 30277 851792 30560 865208
171800 30290 852260 30577 865740
171900 30324 852763 30597 866237
172000 30340 853257 30614 866743
172100 30350 853753 30628 867247
172200 30369 854334 30642 867666
172300 30383 854813 30666 868187
172400 30400 855309 30687 868691
172500 30412 855790 30703 869210
172600 30436 856367 30725 869633
172700 30451 856851 30742 870149
172800 30469 857351 30764 870649
172900 30486 857903 30784 871097
173000 30501 858492 30800 871508
173100 30510 858990 30812 872010
173200 30529 859494 30830 872506
173300 30543 859994 30849 873006
173400 30560 860470 30860 873530
173500 30579 860932 30874 874068
173600 30593 861443 30897 874557
173700 30613 861936 30913 875064
173800 30635 862391 30930 875609
173900 30659 862877 30948 876123
174000 30679 863349 30958 876651
174100 30689 863810 30977 877190
174200 30705 864287 30990 877713
174300 30715 864764 31002 878236
174400 30736 865237 31026 878763
174500 30762 865669 31049 879331
174600 30779 866185 31063 879815
174700 30804 866720 31075 880280
174800 30819 867320 31091 880680
174900 30844 867820 31105 881180
175000 30873 868317 31122 881683
175100 30902 868836 31140 882164
175200 30919 869363 31161 882637
175300 30937 869893 31183 883107
175400 30954 870399 31193 883601
175500 30967 870899 31214 884101
175600 30979 871385 31225 884615
175700 30991 871882 31238 885118
175800 31005 872348 31248 885652
175900 31016 872841 31260 886159
176000 31031 873312 31274 886688
176100 31052 873784 31287 887216
176200 31069 874288 31303 887712
176300 31076 874834 31314 888166
176400 31102 875306 31342 888694
176500 31113 875781 31351 889219
176600 31128 876288 31363 889712
176700 31143 876808 31380 890192
176800 31155 877335 31392 890665
176900 31171 877819 31409 891181
177000 31187 878321 31420 891679
177100 31202 878843 31434 892157
177200 31219 879327 31456 892673
177300 31236 879785 31477 893215
177400 31249 880295 31487 893705
177500 31258 880732 31502 894268
177600 31275 881184 31516 894816
177700 31294 881659 31532 895341
177800 31311 882086 31553 895914
177900 31327 882644 31565 896356
178000 31348 883169 31587 896831
178100 31353 883683 31595 897317
178200 31373 884129 31612 897871
178300 31387 884631 31630 898369
178400 31406 885118 31645 898882
178500 31420 885599 31661 899401
178600 31445 886089 31687 899911
178700 31453 886527 31699 900473
178800 31484 886972 31729 901028
178900 31503 887491 31741 901509
179000 31524 888065 31763 901935
179100 31539 888532 31775 902468
179200 31559 889024 31789 902976
179300 31577 889503 31803 903497
179400 31589 890011 31815 903989
179500 31599 890466 31829 904534
179600 31621 890959 31851 905041
179700 31636 891480 31868 905520
179800 31667 891955 31893 906045
179900 31680 892471 31911 906529
180000 31705 892979 31930 907021
180100 31726 893522 31945 907478
180200 31744 893965 31962 908035
180300 31771 894488 31976 908512
180400 31789 894899 31995 909101
180500 31807 895451 32026 909549
180600 31824 895872 32037 910128
180700 31843 896350 32056 910650
180800 31856 896903 32075 911097
180900 31877 897400 32091 911600
181000 31896 897912 32107 912088
181100 31914 898339 32121 912661
181200 31930 898840 32142 913160
181300 31939 899362 32159 913638
181400 31957 899868 32182 914132
181500 31968 900353 32203 914647
181600 31989 900803 32220 915197
181700 32007 901259 32239 915741
181800 32029 901742 32260 916258
181900 32051 902208 32275 916792
182000 32059 902654 32290 917346
182100 32078 903188 32313 917812
182200 32090 903686 32327 918314
182300 32102 904135 32339 918865
182400 32117 904618 32355 919382
182500 32128 905050 32366 919950
182600 32143 905542 32385 920458
182700 32172 906009 32407 920991
182800 32188 906488 32418 921512
182900 32206 907034 32431 921966
183000 32221 907552 32448 922448
183100 32238 908063 32467 922937
183200 32250 908514 32480 923486
183300 32259 908927 32497 924073
183400 32272 909467 32512 924533
183500 32294 910003 32536 924997
183600 32312 910472 32549 925528
183700 32323 910930 32563 926070
183800 32343 911418 32578 926582
183900 32360 911925 32588 927075
184000 32377 912370 32609 927630
184100 32392 912869 32630 928131
184200 32411 913429 32646 928571
184300 32420 913936 32656 929064
184400 32429 914428 32671 929572
184500 32445 914936 32695 930064
184600 32463 915493 32714 930507
184700 32475 915937 32720 931063
184800 32494 916438 32739 931562
184900 32500 916870 32756 932130
185000 32529 917331 32779 932669
185100 32551 917828 32795 933172
185200 32573 918273 32809 933727
185300 32589 918742 32824 934258
185400 32613 919208 32851 934792
185500 32633 919749 32880 935251
185600 32651 920315 32907 935685
185700 32667 920810 32926 936190
185800 32689 921368 32944 936632
185900 32704 921918 32960 937082
186000 32729 922395 32984 937605
186100 32751 922893 33006 938107
186200 32765 923369 33023 938631
186300 32784 923839 33039 939161
186400 32805 924339 33059 939661
186500 32819 924799 33076 940201
186600 32833 925275 33084 940725
186700 32856 925740 33102 941260
186800 32880 926218 33128 941782
186900 32889 926631 33144 942369
187000 32905 927165 33163 942835
187100 32929 927634 33183 943366
187200 32946 928151 33200 943849
187300 32966 928662 33220 944338
187400 32977 929151 33236 944849
187500 32992 929651 33271 945349
187600 33003 930153 33288 945847
187700 33024 930636 33302 946364
187800 33043 931139 33320 946861
187900 33063 931597 33340 947403
188000 33081 932121 33369 947879
188100 33095 932572 33378 948428
188200 33105 933101 33386 948899
188300 33131 933641 33403 949359
188400 33148 934088 33410 949912
188500 33164 934573 33427 950427
188600 33172 935169 33445 950831
188700 33190 935643 33464 951357
188800 33213 936194 33480 951806
188900 33234 936706 33499 952294
189000 33262 937244 33521 952756
189100 33278 937705 33537 953295
189200 33293 938239 33556 953761
189300 33315 938736 33578 954264
189400 33334 939236 33598 954764
189500 33347 939705 33610 955295
189600 33366 940239 33623 955761
189700 33388 940759 33640 956241
189800 33404 941241 33669 956759
189900 33417 941735 33683 957265
190000 33432 942233 33698 957767
190100 33455 942724 33719 958276
190200 33462 943193 33735 958807
190300 33481 943731 33755 959269
190400 33502 944164 33769 959836
190500 33521 944726 33785 960274
190600 33533 945239 33809 960761
190700 33551 945749 33826 961251
190800 33565 946243 33842 961757
190900 33578 946724 33861 962276
191000 33588 947256 33865 962744
191100 33603 947783 33877 963217
191200 33618 948320 33890 963680
191300 33640 948787 33907 964213
191400 33658 949275 33926 964725
191500 33679 949796 33941 965204
191600 33701 950316 33964 965684
191700 33715 950861 33976 966139
191800 33735 951367 33990 966633
191900 33755 951867 34002 967133
192000 33774 952381 34017 967619
192100 33791 952954 34029 968046
192200 33810 953573 34047 968427
192300 33830 954104 34057 968896
192400 33848 954555 34079 969445
192500 33864 955028 34091 969972
192600 33878 955472 34102 970528
192700 33899 955921 34124 971079
192800 33914 956440 34143 971560
192900 33930 956969 34154 972031
193000 33954 957437 34172 972563
193100 33978 957957 34195 973043
193200 33990 958455 34210 973545
193300 34016 958908 34228 974092
193400 34040 959398 34252 974602
193500 34063 959938 34279 975062
193600 34088 960446 34291 975554
193700 34110 960948 34304 976052
193800 34127 961434 34329 976566
193900 34157 961985 34345 977015
194000 34172 962462 34357 977538
194100 34185 962974 34373 978026
194200 34207 963499 34390 978501
194300 34226 964036 34405 978964
194400 34238 964534 34423 979466
194500 34249 965045 34444 979955
194600 34263 965557 34464 980443
194700 34291 966102 34481 980898
194800 34305 966593 34501 981407
194900 34320 967127 34523 981873
195000 34336 967603 34532 982397
195100 34349 968082 34546 982918
195200 34365 968688 34563 983312
195300 34382 969212 34577 983788
195400 34399 969646 34590 984354
195500 34413 970154 34609 984846
195600 34431 970652 34627 985348
195700 34454 971139 34647 985861
195800 34474 971679 34668 986321
195900 34499 972166 34690 986834
196000 34524 972633 34705 987367
196100 34546 973090 34722 987910
196200 34572 973591 34740 988409
196300 34589 974111 34757 988889
196400 34610 974653 34772 989347
196500 34621 975071 34783 989929
196600 34638 975573 34797 990427
196700 34646 976102 34819 990898
196800 34664 976561 34830 991439
196900 34669 977047 34842 991953
197000 34700 977540 34868 992460
197100 34725 978041 34888 992959
197200 34746 978506 34898 993494
197300 34769 978953 34917 994047
197400 34792 979414 34932 994586
197500 34800 979853 34947 995147
197600 34811 980384 34959 995616
197700 34827 980885 34969 996115
197800 34845 981428 34995 996572
197900 34865 981965 35021 997035
198000 34881 982435 35038 997565
198100 34904 982959 35046 998041
198200 34917 983496 35061 998504
198300 34936 984033 35072 998967
198400 34953 984573 35092 999427
198500 34972 985119 35107 999881
198600 34987 985640 35120 1000360
198700 35011 986204 35146 1000796
198800 35032 986692 35157 1001308
198900 35054 987182 35171 1001818
199000 35071 987731 35194 1002269
199100 35088 988255 35207 1002745
199200 35106 988789 35228 1003211
199300 35121 989365 35244 1003635
199400 35132 989810 35255 1004190
199500 35148 990300 35270 1004700
199600 35163 990854 35289 1005146
199700 35179 991393 35304 1005607
199800 35211 991801 35332 1006199
199900 35234 992288 35345 1006712
200000 35252 992790 35359 1007210
