#! FIELDS timestep dup_succ dup_attempts kill_succ kill_attempts
#! SET timestep 0.5
#! SET kernel_bandwidth [0.8 0.8]
#! SET kt 1.0
100 56 160 75 840
200 125 414 163 1586
300 204 742 255 2258
400 276 1175 325 2825
500 338 1687 376 3313
600 378 2265 414 3735
700 402 2769 431 4231
800 416 3319 451 4681
900 434 3745 468 5255
1000 443 4171 479 5829
1100 454 4587 490 6413
1200 461 5012 496 6988
1300 464 5506 497 7494
1400 469 6008 503 7992
1500 471 6518 507 8482
1600 473 7043 508 8957
1700 474 7548 509 9452
1800 477 8009 513 9991
1900 481 8496 519 10504
2000 485 9032 521 10968
2100 492 9441 527 11559
2200 495 10012 528 11988
2300 496 10563 530 12437
2400 496 11089 533 12911
2500 499 11536 535 13464
2600 501 12004 537 13996
2700 509 12519 545 14481
2800 515 12970 550 15030
2900 519 13340 552 15660
3000 524 13718 555 16282
3100 528 14215 556 16785
3200 534 14655 560 17345
3300 537 15175 562 17825
3400 541 15716 566 18284
3500 543 16181 568 18819
3600 545 16637 573 19363
3700 548 17173 578 19827
3800 554 17683 581 20317
3900 558 18210 584 20790
4000 562 18768 584 21232
4100 566 19251 586 21749
4200 569 19855 590 22145
4300 575 20341 593 22659
4400 578 20800 598 23200
4500 582 21292 605 23708
4600 588 21659 609 24341
4700 591 22152 611 24848
4800 596 22776 616 25224
4900 603 23273 620 25727
5000 607 23782 622 26218
5100 609 24261 627 26739
5200 610 24742 628 27258
5300 612 25172 629 27828
5400 614 25594 632 28406
5500 614 26131 637 28869
5600 620 26578 639 29422
5700 627 27007 645 29993
5800 633 27447 650 30553
5900 635 28041 654 30959
6000 635 28556 658 31444
6100 639 29104 663 31896
6200 644 29625 667 32375
6300 647 29993 674 33007
6400 650 30504 681 33496
6500 656 31018 684 33982
6600 661 31576 692 34424
6700 665 32073 702 34927
6800 673 32583 707 35417
6900 676 33041 712 35959
7000 678 33581 716 36419
7100 682 34130 717 36870
7200 682 34629 719 37371
7300 685 35126 721 37874
7400 686 35637 726 38363
7500 689 36217 726 38783
7600 691 36691 728 39309
7700 695 37150 732 39850
7800 698 37695 733 40305
7900 702 38213 735 40787
8000 708 38736 739 41264
8100 715 39183 747 41817
8200 719 39711 752 42289
8300 723 40176 759 42824
8400 730 40623 761 43377
8500 736 41177 764 43823
8600 738 41691 767 44309
8700 742 42209 773 44791
8800 749 42715 780 45285
8900 757 43171 784 45829
9000 761 43698 787 46302
9100 764 44150 789 46850
9200 767 44618 791 47382
9300 772 45061 794 47939
9400 778 45535 798 48465
9500 782 46103 801 48897
9600 786 46738 806 49262
9700 791 47258 809 49742
9800 794 47673 812 50327
9900 799 48209 814 50791
10000 803 48724 820 51276
10100 816 49285 827 51715
10200 822 49925 830 52075
10300 828 50494 837 52506
10400 835 51013 839 52987
10500 842 51482 846 53518
10600 846 51997 852 54003
10700 850 52508 856 54492
10800 851 53009 858 54991
10900 856 53560 861 55440
11000 862 54061 870 55939
11100 864 54536 872 56464
11200 869 54928 876 57072
11300 871 55399 879 57601
11400 874 55947 882 58053
11500 879 56562 885 58438
11600 881 57013 897 58987
11700 884 57486 899 59514
11800 888 57950 904 60050
11900 891 58486 908 60514
12000 896 58995 912 61005
12100 901 59518 922 61482
12200 907 60059 924 61941
12300 909 60552 928 62448
12400 911 61012 935 62988
12500 915 61492 936 63508
12600 920 62055 940 63945
12700 922 62514 946 64486
12800 927 63004 949 64996
12900 927 63469 950 65531
13000 931 64029 954 65971
13100 938 64668 961 66332
13200 939 65078 963 66922
13300 943 65551 969 67449
13400 945 66021 976 67979
13500 953 66469 982 68531
13600 961 66951 983 69049
13700 967 67451 990 69549
13800 974 67968 994 70032
13900 975 68418 1000 70582
14000 979 68892 1005 71108
14100 983 69487 1006 71513
14200 986 69991 1008 72009
14300 993 70597 1009 72403
14400 995 71248 1011 72752
14500 999 71792 1014 73208
14600 1003 72326 1018 73674
14700 1003 72866 1023 74134
14800 1004 73371 1027 74629
14900 1005 73906 1029 75094
15000 1009 74465 1031 75535
15100 1017 74955 1036 76045
15200 1023 75407 1045 76593
15300 1027 75886 1050 77114
15400 1034 76376 1055 77624
15500 1036 76877 1056 78123
15600 1036 77352 1059 78648
15700 1042 77915 1063 79085
15800 1044 78272 1066 79728
15900 1047 78732 1070 80268
16000 1051 79266 1074 80734
16100 1054 79816 1076 81184
16200 1060 80419 1080 81581
16300 1061 80859 1084 82141
16400 1068 81346 1084 82654
16500 1070 81870 1087 83130
16600 1074 82351 1090 83649
16700 1079 82759 1094 84241
16800 1086 83382 1097 84618
16900 1089 83875 1100 85125
17000 1094 84304 1104 85696
17100 1097 84801 1107 86199
17200 1099 85298 1110 86702
17300 1103 85803 1117 87197
17400 1105 86295 1117 87705
17500 1107 86829 1126 88171
17600 1109 87308 1134 88692
17700 1111 87825 1141 89175
17800 1113 88433 1146 89567
17900 1118 88863 1151 90137
18000 1119 89396 1155 90604
18100 1121 90003 1160 90997
18200 1125 90486 1165 91514
18300 1127 91140 1166 91860
18400 1132 91478 1169 92522
18500 1135 91987 1173 93013
18600 1138 92609 1174 93391
18700 1142 93084 1175 93916
18800 1145 93517 1181 94483
18900 1153 93950 1187 95050
19000 1156 94469 1189 95531
19100 1158 94999 1190 96001
19200 1160 95584 1194 96416
19300 1163 95958 1199 97042
19400 1171 96537 1199 97463
19500 1177 97050 1204 97950
19600 1181 97583 1208 98417
19700 1184 97964 1211 99036
19800 1188 98462 1215 99538
19900 1194 98921 1217 100079
20000 1199 99468 1223 100532
20100 1203 99943 1226 101057
20200 1208 100433 1230 101567
20300 1209 100855 1235 102145
20400 1211 101296 1239 102704
20500 1211 101774 1243 103226
20600 1214 102175 1245 103825
20700 1216 102617 1248 104383
20800 1217 103202 1250 104798
20900 1217 103704 1253 105296
21000 1218 104195 1255 105805
21100 1220 104697 1258 106303
21200 1225 105155 1261 106845
21300 1228 105668 1262 107332
21400 1235 106075 1265 107925
21500 1243 106520 1269 108480
21600 1247 106936 1271 109064
21700 1251 107431 1274 109569
21800 1253 107973 1277 110027
21900 1256 108536 1278 110464
22000 1257 109054 1282 110946
22100 1264 109543 1284 111457
22200 1270 110085 1289 111915
22300 1278 110574 1294 112426
22400 1281 111077 1300 112923
22500 1283 111576 1305 113424
22600 1284 111907 1310 114093
22700 1291 112233 1318 114767
22800 1300 112582 1320 115418
22900 1305 113063 1325 115937
23000 1311 113580 1329 116420
23100 1313 113987 1333 117013
23200 1318 114478 1335 117522
23300 1321 115129 1337 117871
23400 1324 115634 1338 118366
23500 1328 116056 1339 118944
23600 1330 116644 1341 119356
23700 1332 117111 1343 119889
23800 1337 117526 1344 120474
23900 1340 118044 1348 120956
24000 1347 118587 1352 121413
24100 1350 119054 1356 121946
24200 1354 119589 1358 122411
24300 1356 119996 1360 123004
24400 1360 120365 1368 123635
24500 1365 120963 1374 124037
24600 1366 121488 1376 124512
24700 1372 122088 1379 124912
24800 1377 122544 1387 125456
24900 1379 123015 1393 125985
25000 1381 123496 1396 126504
25100 1385 123946 1399 127054
25200 1396 124348 1403 127652
25300 1399 124842 1407 128158
25400 1405 125178 1411 128822
25500 1412 125637 1417 129363
25600 1415 126015 1419 129985
25700 1416 126594 1423 130406
25800 1421 127106 1428 130894
25900 1427 127639 1433 131361
26000 1428 128200 1436 131800
26100 1431 128710 1441 132290
26200 1434 129092 1443 132908
26300 1439 129609 1447 133391
26400 1439 130142 1450 133858
26500 1445 130804 1452 134196
26600 1450 131349 1459 134651
26700 1453 131862 1460 135138
26800 1456 132323 1463 135677
26900 1460 132801 1467 136199
27000 1461 133280 1471 136720
27100 1466 133780 1476 137220
27200 1472 134308 1480 137692
27300 1477 134751 1483 138249
27400 1478 135154 1487 138846
27500 1482 135578 1489 139422
27600 1484 135904 1494 140096
27700 1487 136324 1501 140676
27800 1492 136836 1507 141164
27900 1496 137283 1510 141717
28000 1498 137780 1512 142220
28100 1502 138206 1517 142794
28200 1510 138675 1521 143325
28300 1514 139222 1529 143778
28400 1517 139801 1534 144199
28500 1520 140320 1536 144680
28600 1523 140941 1538 145059
28700 1525 141264 1541 145736
28800 1529 141745 1543 146255
28900 1530 142163 1545 146837
29000 1531 142693 1548 147307
29100 1533 143143 1552 147857
29200 1537 143660 1557 148340
29300 1538 144111 1561 148889
29400 1543 144638 1561 149362
29500 1546 145218 1564 149782
29600 1549 145755 1566 150245
29700 1552 146200 1567 150800
29800 1556 146741 1571 151259
29900 1558 147214 1574 151786
30000 1561 147736 1577 152264
30100 1562 148278 1582 152722
30200 1564 148768 1583 153232
30300 1565 149256 1585 153744
30400 1567 149678 1590 154322
30500 1569 150113 1594 154887
30600 1574 150603 1596 155397
30700 1574 150975 1598 156025
30800 1576 151400 1602 156600
30900 1579 151845 1610 157155
31000 1579 152358 1612 157642
31100 1581 152844 1615 158156
31200 1581 153436 1617 158564
31300 1584 153993 1622 159007
31400 1587 154390 1623 159610
31500 1589 154856 1625 160144
31600 1594 155277 1633 160723
31700 1596 155980 1636 161020
31800 1600 156606 1643 161394
31900 1603 157228 1648 161772
32000 1605 157708 1649 162292
32100 1609 158289 1651 162711
32200 1611 158768 1655 163232
32300 1611 159248 1656 163752
32400 1618 159691 1660 164309
32500 1624 160107 1664 164893
32600 1627 160598 1667 165402
32700 1627 161161 1668 165839
32800 1630 161693 1669 166307
32900 1632 162197 1674 166803
33000 1636 162663 1677 167337
33100 1641 163131 1681 167869
33200 1646 163656 1688 168344
33300 1648 164188 1695 168812
33400 1656 164706 1701 169294
33500 1659 165252 1702 169748
33600 1664 165696 1705 170304
33700 1666 166150 1710 170850
33800 1672 166649 1714 171351
33900 1676 167199 1718 171801
34000 1681 167769 1724 172231
34100 1683 168276 1727 172724
34200 1688 168799 1731 173201
34300 1696 169256 1732 173744
34400 1699 169674 1735 174326
34500 1702 170128 1739 174872
34600 1704 170615 1740 175385
34700 1708 171085 1746 175915
34800 1713 171451 1749 176549
34900 1715 171892 1753 177108
35000 1720 172440 1761 177560
35100 1724 173019 1769 177981
35200 1727 173549 1770 178451
35300 1729 174000 1770 179000
35400 1731 174653 1778 179347
35500 1738 175177 1782 179823
35600 1738 175603 1784 180397
35700 1744 176131 1787 180869
35800 1747 176584 1788 181416
35900 1751 177027 1792 181973
36000 1753 177501 1796 182499
36100 1754 177850 1800 183150
36200 1759 178247 1806 183753
36300 1760 178681 1808 184319
36400 1764 179148 1811 184852
36500 1768 179673 1813 185327
36600 1769 180226 1815 185774
36700 1770 180822 1821 186178
36800 1774 181338 1827 186662
36900 1775 181905 1828 187095
37000 1777 182475 1831 187525
37100 1782 182911 1835 188089
37200 1785 183342 1836 188658
37300 1787 183795 1841 189205
37400 1792 184263 1846 189737
37500 1793 184715 1850 190285
37600 1797 185131 1855 190869
37700 1801 185582 1858 191418
37800 1805 186106 1860 191894
37900 1810 186593 1868 192407
38000 1811 187130 1873 192870
38100 1813 187568 1877 193432
38200 1820 188058 1882 193942
38300 1820 188572 1889 194428
38400 1822 189015 1891 194985
38500 1823 189460 1891 195540
38600 1827 189866 1895 196134
38700 1830 190239 1900 196761
38800 1833 190720 1901 197280
38900 1838 191390 1904 197610
39000 1840 191961 1905 198039
39100 1843 192388 1912 198612
39200 1847 192980 1916 199020
39300 1851 193461 1921 199539
39400 1852 193949 1924 200051
39500 1858 194374 1928 200626
39600 1861 194837 1932 201163
39700 1866 195290 1936 201710
39800 1869 195865 1943 202135
39900 1872 196395 1951 202605
40000 1875 196841 1953 203159
40100 1880 197176 1954 203824
40200 1882 197523 1958 204477
40300 1885 197974 1960 205026
40400 1886 198541 1962 205459
40500 1894 199081 1966 205919
40600 1897 199598 1973 206402
40700 1901 200128 1977 206872
40800 1903 200744 1979 207256
40900 1907 201207 1982 207793
41000 1908 201695 1983 208305
41100 1911 202206 1983 208794
41200 1918 202737 1984 209263
41300 1919 203251 1987 209749
41400 1926 203721 1988 210279
41500 1928 204263 1994 210737
41600 1930 204817 1999 211183
41700 1935 205303 2001 211697
41800 1937 205882 2004 212118
41900 1941 206392 2011 212608
42000 1946 206836 2013 213164
42100 1956 207254 2017 213746
42200 1958 207641 2020 214359
42300 1963 207997 2021 215003
42400 1964 208487 2023 215513
42500 1965 208953 2026 216047
42600 1971 209401 2030 216599
42700 1975 209795 2035 217205
42800 1981 210248 2038 217752
42900 1983 210698 2042 218302
43000 1984 211025 2051 218975
43100 1995 211537 2058 219463
43200 1999 212023 2058 219977
43300 2003 212412 2061 220588
43400 2008 212884 2064 221116
43500 2013 213434 2066 221566
43600 2016 214009 2069 221991
43700 2019 214506 2073 222494
43800 2023 214964 2079 223036
43900 2025 215462 2081 223538
44000 2029 215946 2083 224054
44100 2032 216449 2086 224551
44200 2037 217013 2093 224987
44300 2040 217550 2096 225450
44400 2047 218102 2099 225898
44500 2049 218586 2101 226414
44600 2053 219027 2103 226973
44700 2053 219517 2106 227483
44800 2058 220062 2114 227938
44900 2060 220536 2117 228464
45000 2063 221017 2121 228983
45100 2066 221516 2123 229484
45200 2070 222010 2125 229990
45300 2071 222395 2128 230605
45400 2077 222889 2132 231111
45500 2077 223348 2136 231652
45600 2081 223875 2139 232125
45700 2086 224439 2147 232561
45800 2089 224964 2151 233036
45900 2092 225580 2156 233420
46000 2096 226120 2159 233880
46100 2098 226531 2163 234469
46200 2102 226971 2166 235029
46300 2104 227463 2170 235537
46400 2111 227869 2178 236131
46500 2115 228330 2184 236670
46600 2123 228798 2187 237202
46700 2126 229235 2192 237765
46800 2133 229636 2194 238364
46900 2137 230088 2196 238912
47000 2140 230512 2199 239488
47100 2143 230918 2200 240082
47200 2147 231393 2205 240607
47300 2157 231764 2207 241236
47400 2162 232280 2213 241720
47500 2166 232915 2213 242085
47600 2169 233525 2218 242475
47700 2170 233990 2218 243010
47800 2172 234447 2220 243553
47900 2180 234936 2223 244064
48000 2184 235610 2229 244390
48100 2188 236079 2230 244921
48200 2190 236564 2233 245436
48300 2196 237114 2236 245886
48400 2203 237619 2240 246381
48500 2205 238136 2241 246864
48600 2214 238667 2249 247333
48700 2216 239176 2251 247824
48800 2220 239666 2255 248334
48900 2225 240149 2260 248851
49000 2226 240577 2261 249423
49100 2230 240935 2268 250065
49200 2235 241447 2269 250553
49300 2238 241786 2271 251214
49400 2240 242240 2272 251760
49500 2248 242750 2279 252250
49600 2253 243263 2282 252737
49700 2256 243784 2283 253216
49800 2261 244368 2285 253632
49900 2269 244857 2290 254143
50000 2270 245329 2290 254671
50100 2273 245854 2295 255146
50200 2274 246348 2296 255652
50300 2282 246871 2298 256129
50400 2286 247417 2301 256583
50500 2288 247927 2309 257073
50600 2293 248407 2314 257593
50700 2299 248837 2317 258163
50800 2301 249259 2321 258741
50900 2304 249551 2326 259449
51000 2308 250015 2327 259985
51100 2311 250502 2332 260498
51200 2315 250989 2336 261011
51300 2319 251466 2341 261534
51400 2320 252069 2342 261931
51500 2324 252608 2350 262392
51600 2328 253238 2353 262762
51700 2335 253666 2356 263334
51800 2336 254172 2360 263828
51900 2340 254749 2361 264251
52000 2343 255262 2366 264738
52100 2344 255772 2367 265228
52200 2348 256322 2374 265678
52300 2352 256875 2378 266125
52400 2356 257291 2380 266709
52500 2361 257816 2381 267184
52600 2366 258407 2384 267593
52700 2370 259007 2388 267993
52800 2376 259617 2390 268383
52900 2379 259942 2392 269058
53000 2386 260346 2392 269654
53100 2387 260732 2395 270268
53200 2389 261188 2398 270812
53300 2391 261708 2400 271292
53400 2393 262213 2408 271787
53500 2396 262603 2411 272397
53600 2403 263301 2415 272699
53700 2412 263670 2416 273330
53800 2415 264101 2419 273899
53900 2416 264536 2421 274464
54000 2421 264976 2423 275024
54100 2424 265385 2430 275615
54200 2426 265922 2430 276078
54300 2429 266397 2434 276603
54400 2431 266832 2439 277168
54500 2434 267299 2440 277701
54600 2437 267949 2443 278051
54700 2439 268419 2444 278581
54800 2441 268917 2448 279083
54900 2441 269519 2450 279481
55000 2443 270023 2454 279977
55100 2446 270525 2457 280475
55200 2449 270984 2459 281016
55300 2455 271551 2462 281449
55400 2462 272128 2465 281872
55500 2467 272729 2472 282271
55600 2469 273319 2475 282681
55700 2470 273818 2479 283182
55800 2473 274305 2482 283695
55900 2474 274688 2484 284312
56000 2479 275134 2489 284866
56100 2486 275624 2494 285376
56200 2492 276174 2502 285826
56300 2495 276555 2507 286445
56400 2498 277031 2511 286969
56500 2506 277515 2516 287485
56600 2508 278058 2519 287942
56700 2510 278553 2521 288447
56800 2514 279100 2524 288900
56900 2519 279655 2525 289345
57000 2520 280186 2530 289814
57100 2521 280731 2532 290269
57200 2524 281221 2536 290779
57300 2530 281858 2541 291142
57400 2533 282437 2544 291563
57500 2541 282862 2549 292138
57600 2545 283247 2552 292753
57700 2551 283597 2556 293403
57800 2552 284018 2559 293982
57900 2555 284409 2561 294591
58000 2556 284840 2563 295160
58100 2560 285361 2564 295639
58200 2562 285869 2567 296131
58300 2566 286379 2572 296621
58400 2570 286855 2576 297145
58500 2572 287313 2579 297687
58600 2577 287892 2581 298108
58700 2579 288367 2582 298633
58800 2581 288965 2586 299035
58900 2582 289484 2586 299516
59000 2586 290028 2586 299972
59100 2588 290483 2587 300517
59200 2595 290986 2592 301014
59300 2598 291293 2597 301707
59400 2602 291795 2601 302205
59500 2602 292345 2606 302655
59600 2609 292870 2613 303130
59700 2613 293384 2620 303616
59800 2615 293891 2623 304109
59900 2620 294451 2630 304549
60000 2624 294934 2635 305066
60100 2627 295536 2643 305464
60200 2630 296033 2648 305967
60300 2632 296522 2651 306478
60400 2633 297030 2654 306970
60500 2641 297528 2657 307472
60600 2647 297969 2665 308031
60700 2649 298433 2667 308567
60800 2656 298953 2671 309047
60900 2658 299391 2674 309609
61000 2665 299898 2679 310102
61100 2669 300416 2682 310584
61200 2671 300944 2685 311056
61300 2677 301321 2688 311679
61400 2680 301830 2693 312170
61500 2682 302339 2698 312661
61600 2686 302816 2702 313184
61700 2688 303317 2705 313683
61800 2690 303779 2706 314221
61900 2693 304208 2708 314792
62000 2695 304649 2711 315351
62100 2697 305136 2714 315864
62200 2701 305603 2719 316397
62300 2704 306021 2722 316979
62400 2711 306466 2727 317534
62500 2720 306821 2733 318179
62600 2724 307219 2737 318781
62700 2727 307741 2739 319259
62800 2733 308283 2744 319717
62900 2736 308784 2748 320216
63000 2737 309287 2751 320713
63100 2740 309808 2758 321192
63200 2745 310394 2768 321606
63300 2750 310982 2772 322018
63400 2753 311525 2774 322475
63500 2761 312085 2780 322915
63600 2765 312596 2783 323404
63700 2771 313052 2787 323948
63800 2776 313583 2788 324417
63900 2777 314039 2795 324961
64000 2781 314498 2798 325502
64100 2790 314914 2807 326086
64200 2793 315397 2808 326603
64300 2799 315878 2815 327122
64400 2805 316405 2824 327595
64500 2811 316916 2829 328084
64600 2813 317420 2831 328580
64700 2815 317921 2836 329079
64800 2823 318409 2840 329591
64900 2824 318770 2842 330230
65000 2831 319228 2847 330772
65100 2836 319619 2849 331381
65200 2840 319867 2850 332133
65300 2844 320309 2856 332691
65400 2850 320773 2863 333227
65500 2854 321126 2869 333874
65600 2860 321680 2872 334320
65700 2862 322095 2873 334905
65800 2870 322519 2879 335481
65900 2874 322961 2884 336039
66000 2875 323422 2891 336578
66100 2877 323759 2894 337241
66200 2880 324206 2901 337794
66300 2882 324596 2905 338404
66400 2886 324966 2906 339034
66500 2889 325458 2910 339542
66600 2892 325902 2913 340098
66700 2893 326392 2913 340608
66800 2895 326844 2914 341156
66900 2899 327221 2919 341779
67000 2903 327652 2926 342348
67100 2904 328033 2927 342967
67200 2913 328507 2936 343493
67300 2916 328955 2940 344045
67400 2924 329461 2945 344539
67500 2933 329984 2949 345016
67600 2934 330469 2951 345531
67700 2936 330898 2952 346102
67800 2939 331441 2958 346559
67900 2945 331969 2961 347031
68000 2949 332512 2965 347488
68100 2953 332971 2967 348029
68200 2959 333537 2970 348463
68300 2961 333902 2971 349098
68400 2964 334374 2974 349626
68500 2965 334790 2974 350210
68600 2972 335182 2977 350818
68700 2974 335719 2982 351281
68800 2975 336285 2982 351715
68900 2980 336660 2983 352340
69000 2985 337102 2987 352898
69100 2990 337607 2993 353393
69200 2994 338047 2995 353953
69300 2994 338505 3000 354495
69400 2999 338919 3006 355081
69500 3002 339462 3013 355538
69600 3003 339959 3014 356041
69700 3003 340409 3016 356591
69800 3009 340930 3022 357070
69900 3014 341468 3025 357532
70000 3016 341984 3028 358016
70100 3021 342519 3034 358481
70200 3024 342991 3037 359009
70300 3024 343468 3042 359532
70400 3027 343933 3047 360067
70500 3034 344408 3049 360592
70600 3039 344934 3051 361066
70700 3042 345414 3054 361586
70800 3047 345951 3058 362049
70900 3049 346552 3060 362448
71000 3049 347069 3062 362931
71100 3056 347592 3064 363408
71200 3060 348187 3067 363813
71300 3062 348711 3068 364289
71400 3064 349166 3071 364834
71500 3068 349498 3076 365502
71600 3072 349989 3083 366011
71700 3078 350518 3087 366482
71800 3081 350935 3095 367065
71900 3083 351485 3097 367515
72000 3089 352020 3101 367980
72100 3095 352584 3104 368416
72200 3097 353147 3106 368853
72300 3098 353688 3108 369312
72400 3100 354179 3109 369821
72500 3103 354720 3109 370280
72600 3107 355214 3111 370786
72700 3111 355704 3116 371296
72800 3112 356272 3120 371728
72900 3115 356798 3123 372202
73000 3119 357219 3123 372781
73100 3125 357770 3125 373230
73200 3131 358379 3132 373621
73300 3133 358915 3136 374085
73400 3138 359406 3139 374594
73500 3140 359960 3144 375040
73600 3141 360418 3146 375582
73700 3144 360946 3151 376054
73800 3149 361536 3151 376464
73900 3150 362101 3155 376899
74000 3153 362514 3158 377486
74100 3153 362954 3160 378046
74200 3156 363436 3163 378564
74300 3158 363976 3165 379024
74400 3161 364444 3168 379556
74500 3166 365021 3172 379979
74600 3170 365547 3173 380453
74700 3176 366187 3176 380813
74800 3178 366725 3180 381275
74900 3182 367189 3181 381811
75000 3184 367694 3185 382306
75100 3190 368185 3191 382815
75200 3194 368687 3195 383313
75300 3199 369120 3198 383880
75400 3203 369620 3199 384380
75500 3206 370192 3203 384808
75600 3209 370749 3206 385251
75700 3210 371271 3208 385729
75800 3213 371761 3214 386239
75900 3218 372225 3217 386775
76000 3223 372731 3222 387269
76100 3224 373358 3225 387642
76200 3228 373887 3230 388113
76300 3234 374311 3237 388689
76400 3238 374744 3244 389256
76500 3244 375247 3246 389753
76600 3249 375729 3254 390271
76700 3254 376153 3256 390847
76800 3256 376664 3257 391336
76900 3259 377207 3262 391793
77000 3264 377737 3266 392263
77100 3267 378285 3270 392715
77200 3268 378822 3273 393178
77300 3270 379260 3276 393740
77400 3272 379787 3278 394213
77500 3274 380331 3282 394669
77600 3281 380884 3289 395116
77700 3286 381489 3291 395511
77800 3294 382062 3296 395938
77900 3297 382627 3300 396373
78000 3300 383106 3302 396894
78100 3306 383617 3303 397383
78200 3309 384127 3307 397873
78300 3311 384579 3308 398421
78400 3316 384995 3310 399005
78500 3321 385542 3312 399458
78600 3328 386050 3320 399950
78700 3334 386520 3323 400480
78800 3338 387106 3326 400894
78900 3343 387605 3329 401395
79000 3344 388074 3334 401926
79100 3347 388530 3338 402470
79200 3351 388996 3339 403004
79300 3355 389584 3340 403416
79400 3355 390191 3340 403809
79500 3358 390733 3345 404267
79600 3363 391255 3349 404745
79700 3366 391777 3352 405223
79800 3371 392299 3358 405701
79900 3376 392895 3362 406105
80000 3377 393386 3366 406614
80100 3381 393901 3367 407099
80200 3382 394514 3371 407486
80300 3384 394960 3371 408040
80400 3388 395469 3376 408531
80500 3389 396008 3378 408992
80600 3390 396475 3381 409525
80700 3395 396885 3385 410115
80800 3398 397365 3393 410635
80900 3402 397841 3398 411159
81000 3404 398385 3399 411615
81100 3406 398872 3402 412128
81200 3407 399369 3405 412631
81300 3409 399884 3410 413116
81400 3411 400506 3414 413494
81500 3412 401034 3415 413966
81600 3414 401457 3418 414543
81700 3418 402062 3419 414938
81800 3423 402485 3421 415515
81900 3430 403101 3422 415899
82000 3434 403618 3427 416382
82100 3439 404063 3430 416937
82200 3442 404477 3432 417523
82300 3448 404944 3435 418056
82400 3454 405440 3440 418560
82500 3458 406035 3447 418965
82600 3466 406616 3451 419384
82700 3468 407111 3455 419889
82800 3471 407674 3456 420326
82900 3473 408191 3460 420809
83000 3478 408708 3463 421292
83100 3483 409120 3465 421880
83200 3485 409682 3466 422318
83300 3485 410209 3467 422791
83400 3489 410784 3469 423216
83500 3496 411308 3477 423692
83600 3501 411849 3480 424151
83700 3507 412431 3490 424569
83800 3516 412988 3493 425012
83900 3521 413510 3497 425490
84000 3530 414054 3510 425946
84100 3533 414492 3513 426508
84200 3537 415025 3518 426975
84300 3539 415557 3525 427443
84400 3544 416123 3532 427877
84500 3546 416585 3540 428415
84600 3552 417123 3548 428877
84700 3554 417721 3559 429279
84800 3558 418300 3563 429700
84900 3561 418839 3566 430161
85000 3571 419292 3571 430708
85100 3575 419759 3575 431241
85200 3578 420301 3579 431699
85300 3580 420809 3581 432191
85400 3583 421331 3582 432669
85500 3586 421822 3588 433178
85600 3589 422294 3588 433706
85700 3590 422896 3588 434104
85800 3594 423361 3594 434639
85900 3600 423932 3596 435068
86000 3603 424430 3599 435570
86100 3605 424822 3601 436178
86200 3605 425336 3601 436664
86300 3609 425870 3604 437130
86400 3612 426421 3608 437579
86500 3620 426972 3616 438028
86600 3623 427459 3618 438541
86700 3624 428059 3621 438941
86800 3630 428543 3622 439457
86900 3637 429081 3630 439919
87000 3640 429583 3636 440417
87100 3641 430110 3639 440890
87200 3646 430571 3642 441429
87300 3648 431031 3647 441969
87400 3650 431499 3651 442501
87500 3654 431964 3653 443036
87600 3656 432443 3657 443557
87700 3660 432921 3660 444079
87800 3667 433418 3664 444582
87900 3669 433872 3670 445128
88000 3673 434456 3672 445544
88100 3677 435049 3676 445951
88200 3683 435621 3677 446379
88300 3686 436124 3680 446876
88400 3688 436715 3682 447285
88500 3688 437236 3684 447764
88600 3691 437727 3688 448273
88700 3692 438174 3690 448826
88800 3694 438563 3694 449437
88900 3697 439137 3696 449863
89000 3697 439642 3699 450358
89100 3705 440100 3703 450900
89200 3710 440620 3707 451380
89300 3713 441041 3712 451959
89400 3715 441547 3714 452453
89500 3717 441974 3717 453026
89600 3721 442509 3722 453491
89700 3725 443030 3724 453970
89800 3734 443530 3730 454470
89900 3736 444019 3739 454981
90000 3738 444472 3741 455528
90100 3744 444979 3748 456021
90200 3744 445472 3749 456528
90300 3750 445980 3755 457020
90400 3755 446538 3756 457462
90500 3758 446965 3758 458035
90600 3759 447495 3764 458505
90700 3761 448159 3769 458841
90800 3766 448576 3774 459424
90900 3769 449008 3780 459992
91000 3774 449428 3784 460572
91100 3781 449928 3789 461072
91200 3786 450453 3793 461547
91300 3788 450963 3795 462037
91400 3792 451358 3801 462642
91500 3793 451847 3803 463153
91600 3796 452277 3806 463723
91700 3798 452790 3811 464210
91800 3802 453288 3812 464712
91900 3806 453816 3816 465184
92000 3810 454183 3822 465817
92100 3818 454584 3824 466416
92200 3825 455124 3826 466876
92300 3830 455640 3828 467360
92400 3833 456143 3830 467857
92500 3833 456576 3831 468424
92600 3835 457041 3839 468959
92700 3839 457533 3842 469467
92800 3841 458001 3845 469999
92900 3848 458491 3846 470509
93000 3852 459045 3848 470955
93100 3858 459507 3853 471493
93200 3861 460013 3855 471987
93300 3865 460559 3860 472441
93400 3867 461102 3863 472898
93500 3878 461565 3868 473435
93600 3882 462012 3869 473988
93700 3884 462471 3872 474529
93800 3887 463013 3877 474987
93900 3888 463469 3883 475531
94000 3893 463910 3888 476090
94100 3894 464376 3891 476624
94200 3897 464806 3892 477194
94300 3900 465325 3896 477675
94400 3909 465805 3899 478195
94500 3914 466338 3901 478662
94600 3916 466813 3904 479187
94700 3923 467218 3912 479782
94800 3929 467651 3914 480349
94900 3930 468111 3918 480889
95000 3930 468487 3920 481513
95100 3931 468973 3925 482027
95200 3936 469376 3935 482624
95300 3940 469874 3935 483126
95400 3943 470232 3937 483768
95500 3945 470625 3939 484375
95600 3949 471005 3942 484995
95700 3953 471449 3946 485551
95800 3957 472027 3955 485973
95900 3961 472553 3959 486447
96000 3964 473037 3961 486963
96100 3967 473534 3966 487466
96200 3970 474008 3969 487992
96300 3975 474509 3975 488491
96400 3981 475044 3980 488956
96500 3982 475619 3982 489381
96600 3983 476203 3987 489797
96700 3990 476761 3992 490239
96800 3994 477207 3998 490793
96900 3997 477667 4001 491333
97000 4002 478151 4003 491849
97100 4002 478764 4004 492236
97200 4007 479359 4012 492641
97300 4011 479973 4017 493027
97400 4017 480539 4023 493461
97500 4019 481017 4026 493983
97600 4024 481496 4035 494504
97700 4031 481976 4046 495024
97800 4033 482432 4051 495568
97900 4035 482978 4052 496022
98000 4040 483477 4053 496523
98100 4041 483958 4057 497042
98200 4048 484464 4059 497536
98300 4058 484937 4065 498063
98400 4061 485414 4071 498586
98500 4062 485946 4075 499054
98600 4063 486421 4082 499579
98700 4067 486778 4086 500222
98800 4072 487298 4087 500702
98900 4074 487799 4087 501201
99000 4077 488292 4089 501708
99100 4081 488910 4092 502090
99200 4083 489605 4092 502395
99300 4085 490066 4095 502934
99400 4087 490605 4100 503395
99500 4092 491137 4105 503863
99600 4094 491688 4112 504312
99700 4096 492142 4114 504858
99800 4101 492506 4117 505494
99900 4104 493008 4120 505992
100000 4106 493457 4123 506543
100100 4107 493915 4125 507085
100200 4111 494442 4128 507558
100300 4114 494931 4128 508069
100400 4116 495491 4132 508509
100500 4121 496078 4137 508922
100600 4123 496618 4139 509382
100700 4128 497073 4144 509927
100800 4131 497409 4147 510591
100900 4134 497885 4154 511115
101000 4136 498287 4158 511713
101100 4139 498653 4160 512347
101200 4141 499261 4165 512739
101300 4152 499738 4171 513262
101400 4155 500265 4176 513735
101500 4159 500667 4179 514333
101600 4164 501208 4183 514792
101700 4165 501764 4188 515236
101800 4169 502278 4193 515722
101900 4177 502806 4195 516194
102000 4180 503297 4198 516703
102100 4181 503784 4199 517216
102200 4185 504247 4201 517753
102300 4186 504674 4205 518326
102400 4189 505094 4215 518906
102500 4194 505700 4219 519300
102600 4200 506260 4223 519740
102700 4204 506762 4226 520238
102800 4210 507260 4236 520740
102900 4212 507750 4240 521250
103000 4216 508275 4244 521725
103100 4219 508863 4252 522137
103200 4222 509407 4255 522593
103300 4225 509914 4257 523086
103400 4234 510468 4262 523532
103500 4236 510992 4264 524008
103600 4241 511536 4267 524464
103700 4246 512060 4268 524940
103800 4249 512580 4269 525420
103900 4252 513114 4271 525886
104000 4257 513623 4272 526377
104100 4261 514227 4273 526773
104200 4264 514761 4275 527239
104300 4277 515236 4284 527764
104400 4283 515718 4290 528282
104500 4288 516170 4295 528830
104600 4289 516624 4299 529376
104700 4292 517230 4302 529770
104800 4295 517773 4307 530227
104900 4298 518317 4309 530683
105000 4299 518844 4312 531156
105100 4305 519432 4315 531568
105200 4312 520091 4319 531909
105300 4318 520678 4326 532322
105400 4322 521173 4329 532827
105500 4325 521724 4335 533276
105600 4332 522201 4341 533799
105700 4333 522742 4346 534258
105800 4340 523210 4347 534790
105900 4344 523655 4350 535345
106000 4346 524073 4351 535927
106100 4349 524505 4354 536495
106200 4351 524877 4357 537123
106300 4353 525390 4362 537610
106400 4355 525920 4364 538080
106500 4356 526406 4366 538594
106600 4366 526898 4372 539102
106700 4367 527499 4372 539501
106800 4376 527973 4376 540027
106900 4380 528444 4377 540556
107000 4385 528919 4385 541081
107100 4390 529420 4392 541580
107200 4400 529909 4394 542091
107300 4402 530378 4400 542622
107400 4404 530925 4402 543075
107500 4406 531494 4404 543506
107600 4409 531915 4408 544085
107700 4412 532441 4411 544559
107800 4417 532962 4418 545038
107900 4423 533527 4423 545473
108000 4430 534064 4429 545936
108100 4431 534481 4430 546519
108200 4433 535065 4434 546935
108300 4435 535571 4436 547429
108400 4439 536019 4438 547981
108500 4442 536472 4444 548528
108600 4451 536996 4446 549004
108700 4456 537523 4451 549477
108800 4460 537936 4456 550064
108900 4464 538364 4458 550636
109000 4468 538843 4463 551157
109100 4471 539357 4465 551643
109200 4477 539968 4466 552032
109300 4481 540580 4469 552420
109400 4483 541079 4469 552921
109500 4486 541563 4474 553437
109600 4488 541941 4478 554059
109700 4491 542420 4480 554580
109800 4492 542934 4482 555066
109900 4495 543505 4485 555495
110000 4499 543966 4490 556034
110100 4505 544442 4497 556558
110200 4512 544875 4500 557125
110300 4519 545287 4506 557713
110400 4524 545794 4508 558206
110500 4528 546262 4519 558738
110600 4536 546809 4521 559191
110700 4543 547351 4532 559649
110800 4547 547922 4538 560078
110900 4549 548390 4543 560610
111000 4550 548844 4546 561156
111100 4553 549407 4550 561593
111200 4553 550009 4551 561991
111300 4554 550491 4553 562509
111400 4559 550850 4555 563150
111500 4564 551247 4564 563753
111600 4572 551693 4567 564307
111700 4576 552169 4570 564831
111800 4585 552718 4574 565282
111900 4589 553220 4576 565780
112000 4595 553685 4581 566315
112100 4598 554216 4586 566784
112200 4600 554795 4592 567205
112300 4605 555361 4600 567639
112400 4606 556010 4602 567990
112500 4608 556439 4607 568561
112600 4612 556943 4612 569057
112700 4618 557450 4614 569550
112800 4623 557886 4617 570114
112900 4625 558337 4623 570663
113000 4630 558740 4627 571260
113100 4635 559169 4629 571831
113200 4640 559668 4631 572332
113300 4643 560269 4638 572731
113400 4651 560876 4645 573124
113500 4658 561414 4647 573586
113600 4661 561805 4651 574195
113700 4664 562226 4657 574774
113800 4671 562719 4663 575281
113900 4676 563273 4666 575727
114000 4678 563736 4667 576264
114100 4683 564172 4670 576828
114200 4691 564668 4674 577332
114300 4695 565232 4682 577768
114400 4698 565708 4686 578292
114500 4705 566160 4687 578840
114600 4708 566667 4688 579333
114700 4712 567254 4690 579746
114800 4715 567755 4694 580245
114900 4719 568110 4701 580890
115000 4721 568621 4702 581379
115100 4729 569049 4713 581951
115200 4731 569480 4713 582520
115300 4736 569966 4719 583034
115400 4739 570480 4723 583520
115500 4740 570925 4725 584075
115600 4743 571340 4726 584660
115700 4746 571809 4730 585191
115800 4752 572250 4735 585750
115900 4755 572709 4736 586291
116000 4758 573271 4740 586729
116100 4761 573747 4746 587253
116200 4766 574258 4750 587742
116300 4767 574697 4752 588303
116400 4769 575191 4755 588809
116500 4774 575683 4755 589317
116600 4775 576165 4758 589835
116700 4778 576702 4766 590298
116800 4780 577166 4773 590834
116900 4784 577619 4775 591381
117000 4791 578109 4778 591891
117100 4794 578615 4781 592385
117200 4800 579023 4783 592977
117300 4807 579560 4787 593440
117400 4809 580146 4789 593854
117500 4810 580602 4794 594398
117600 4811 580976 4800 595024
117700 4815 581366 4803 595634
117800 4820 581835 4806 596165
117900 4822 582265 4812 596735
118000 4824 582793 4818 597207
118100 4827 583348 4820 597652
118200 4830 583885 4822 598115
118300 4834 584319 4824 598681
118400 4835 584686 4826 599314
118500 4838 585089 4830 599911
118600 4841 585540 4833 600460
118700 4843 585986 4834 601014
118800 4843 586496 4837 601504
118900 4847 587015 4839 601985
119000 4849 587510 4840 602490
119100 4849 588091 4844 602909
119200 4853 588759 4848 603241
119300 4856 589302 4850 603698
119400 4860 589758 4850 604242
119500 4868 590188 4856 604812
119600 4870 590525 4864 605475
119700 4871 590989 4868 606011
119800 4876 591449 4873 606551
119900 4885 591960 4877 607040
120000 4888 592425 4886 607575
120100 4895 592852 4891 608148
120200 4900 593258 4895 608742
120300 4904 593659 4897 609341
120400 4911 594145 4900 609855
120500 4918 594665 4905 610335
120600 4927 595174 4907 610826
120700 4933 595688 4911 611312
120800 4939 596266 4915 611734
120900 4941 596786 4917 612214
121000 4944 597221 4922 612779
121100 4950 597735 4927 613265
121200 4952 598256 4930 613744
121300 4954 598675 4935 614325
121400 4957 599073 4940 614927
121500 4958 599635 4946 615365
121600 4964 600137 4950 615863
121700 4964 600657 4956 616343
121800 4965 601089 4958 616911
121900 4971 601551 4963 617449
122000 4975 602097 4967 617903
122100 4978 602592 4972 618408
122200 4978 603096 4976 618904
122300 4979 603596 4980 619404
122400 4987 604030 4983 619970
122500 4990 604446 4989 620554
122600 4993 604865 4996 621135
122700 4998 605300 4999 621700
122800 4999 605683 5003 622317
122900 5000 606033 5007 622967
123000 5002 606478 5008 623522
123100 5004 606990 5010 624010
123200 5006 607553 5011 624447
123300 5011 608188 5014 624812
123400 5011 608678 5015 625322
123500 5012 609224 5017 625776
123600 5018 609818 5023 626182
123700 5023 610362 5026 626638
123800 5027 610835 5033 627165
123900 5031 611316 5039 627684
124000 5032 611778 5041 628222
124100 5032 612352 5044 628648
124200 5033 612956 5046 629044
124300 5034 613372 5047 629628
124400 5037 613840 5049 630160
124500 5039 614304 5052 630696
124600 5043 614772 5057 631228
124700 5044 615284 5059 631716
124800 5045 615831 5063 632169
124900 5050 616318 5068 632682
125000 5052 616643 5070 633357
125100 5053 617059 5076 633941
125200 5057 617506 5080 634494
125300 5060 618027 5084 634973
125400 5062 618456 5089 635544
125500 5065 618882 5090 636118
125600 5066 619337 5093 636663
125700 5069 619843 5096 637157
125800 5072 620327 5097 637673
125900 5076 620820 5100 638180
126000 5079 621294 5101 638706
126100 5083 621736 5102 639264
126200 5088 622174 5106 639826
126300 5092 622604 5108 640396
126400 5100 623137 5113 640863
126500 5102 623621 5113 641379
126600 5107 624144 5117 641856
126700 5111 624679 5117 642321
126800 5114 625207 5122 642793
126900 5116 625621 5125 643379
127000 5122 626020 5131 643980
127100 5130 626513 5138 644487
127200 5134 627030 5142 644970
127300 5137 627429 5143 645571
127400 5142 627890 5148 646110
127500 5146 628331 5151 646669
127600 5151 628713 5151 647287
127700 5155 629082 5157 647918
127800 5162 629612 5161 648388
127900 5165 630087 5161 648913
128000 5168 630650 5162 649350
128100 5175 631149 5166 649851
128200 5178 631625 5171 650375
128300 5181 632214 5173 650786
128400 5183 632751 5178 651249
128500 5186 633237 5182 651763
128600 5187 633724 5183 652276
128700 5192 634306 5187 652694
128800 5200 634782 5189 653218
128900 5204 635273 5191 653727
129000 5208 635665 5194 654335
129100 5210 636218 5195 654782
129200 5212 636730 5200 655270
129300 5217 637317 5204 655683
129400 5226 637811 5210 656189
129500 5230 638365 5212 656635
129600 5234 638864 5221 657136
129700 5237 639361 5225 657639
129800 5240 639888 5228 658112
129900 5244 640368 5231 658632
130000 5246 640858 5233 659142
130100 5248 641348 5238 659652
130200 5253 641653 5245 660347
130300 5257 642089 5247 660911
130400 5261 642535 5253 661465
130500 5265 643075 5257 661925
130600 5268 643639 5259 662361
130700 5271 644209 5267 662791
130800 5273 644798 5271 663202
130900 5276 645302 5276 663698
131000 5278 645786 5280 664214
131100 5280 646317 5285 664683
131200 5284 646750 5290 665250
131300 5288 647112 5293 665888
131400 5290 647423 5300 666577
131500 5298 647973 5309 667027
131600 5303 648554 5319 667446
131700 5306 648929 5321 668071
131800 5309 649462 5322 668538
131900 5313 650016 5327 668984
132000 5315 650549 5328 669451
132100 5316 650966 5332 670034
132200 5319 651385 5333 670615
132300 5319 651896 5337 671104
132400 5323 652408 5341 671592
132500 5326 653004 5345 671996
132600 5332 653586 5353 672414
132700 5334 654081 5358 672919
132800 5335 654563 5364 673437
132900 5343 654983 5369 674017
133000 5345 655563 5373 674437
133100 5349 656067 5376 674933
133200 5353 656607 5379 675393
133300 5358 657197 5383 675803
133400 5360 657731 5389 676269
133500 5364 658163 5394 676837
133600 5367 658588 5402 677412
133700 5371 659143 5405 677857
133800 5372 659566 5411 678434
133900 5376 660068 5418 678932
134000 5382 660564 5423 679436
134100 5385 661083 5426 679917
134200 5385 661632 5429 680368
134300 5390 662191 5431 680809
134400 5391 662672 5438 681328
134500 5394 663222 5444 681778
134600 5400 663694 5449 682306
134700 5402 664162 5455 682838
134800 5403 664576 5459 683424
134900 5409 664985 5466 684015
135000 5413 665434 5470 684566
135100 5419 665871 5474 685129
135200 5420 666338 5475 685662
135300 5421 666852 5476 686148
135400 5424 667414 5476 686586
135500 5426 667930 5477 687070
135600 5429 668418 5482 687582
135700 5432 668877 5490 688123
135800 5434 669355 5493 688645
135900 5436 669829 5501 689171
136000 5442 670301 5511 689699
136100 5444 670804 5514 690196
136200 5448 671169 5521 690831
136300 5452 671700 5526 691300
136400 5455 672215 5528 691785
136500 5458 672797 5530 692203
136600 5462 673326 5530 692674
136700 5466 673802 5538 693198
136800 5466 674250 5541 693750
136900 5475 674743 5545 694257
137000 5481 675293 5545 694707
137100 5483 675797 5547 695203
137200 5485 676322 5550 695678
137300 5487 676861 5553 696139
137400 5490 677369 5555 696631
137500 5494 677753 5557 697247
137600 5495 678240 5558 697760
137700 5497 678688 5561 698312
137800 5498 679228 5567 698772
137900 5498 679692 5569 699308
138000 5500 680186 5573 699814
138100 5508 680620 5578 700380
138200 5512 681120 5581 700880
138300 5515 681556 5583 701444
138400 5520 682036 5585 701964
138500 5526 682599 5589 702401
138600 5530 683080 5592 702920
138700 5531 683637 5597 703363
138800 5531 684094 5598 703906
138900 5535 684534 5598 704466
139000 5536 685085 5600 704915
139100 5541 685662 5603 705338
139200 5545 686309 5607 705691
139300 5550 686888 5610 706112
139400 5552 687442 5614 706558
139500 5558 687898 5617 707102
139600 5562 688437 5619 707563
139700 5564 689046 5621 707954
139800 5566 689589 5625 708411
139900 5569 690142 5626 708858
140000 5570 690688 5627 709312
140100 5572 691372 5634 709628
140200 5573 691859 5635 710141
140300 5577 692316 5637 710684
140400 5581 692803 5640 711197
140500 5585 693245 5646 711755
140600 5591 693659 5649 712341
140700 5595 694039 5652 712961
140800 5595 694478 5656 713522
140900 5598 694893 5658 714107
141000 5603 695328 5664 714672
141100 5608 695806 5664 715194
141200 5609 696290 5666 715710
141300 5609 696883 5666 716117
141400 5614 697317 5676 716683
141500 5614 697851 5677 717149
141600 5617 698348 5678 717652
141700 5619 698850 5678 718150
141800 5624 699403 5678 718597
141900 5626 699918 5678 719082
142000 5634 700464 5682 719536
142100 5637 700944 5687 720056
142200 5643 701503 5687 720497
142300 5648 702114 5691 720886
142400 5652 702555 5694 721445
142500 5664 703009 5703 721991
142600 5668 703595 5706 722405
142700 5671 704134 5711 722866
142800 5672 704614 5714 723386
142900 5675 705140 5719 723860
143000 5681 705684 5721 724316
143100 5684 706297 5726 724703
143200 5688 706789 5732 725211
143300 5691 707293 5736 725707
143400 5695 707750 5736 726250
143500 5696 708177 5739 726823
143600 5696 708647 5743 727353
143700 5699 709125 5747 727875
143800 5700 709687 5749 728313
143900 5708 710122 5752 728878
144000 5713 710554 5757 729446
144100 5720 711089 5762 729911
144200 5723 711640 5768 730360
144300 5727 712149 5772 730851
144400 5736 712727 5779 731273
144500 5741 713277 5784 731723
144600 5744 713726 5787 732274
144700 5746 714247 5790 732753
144800 5746 714820 5793 733180
144900 5746 715269 5796 733731
145000 5747 715745 5800 734255
145100 5750 716089 5800 734911
145200 5754 716606 5801 735394
145300 5757 717168 5803 735832
145400 5762 717631 5806 736369
145500 5764 718179 5808 736821
145600 5764 718714 5809 737286
145700 5765 719193 5813 737807
145800 5767 719661 5816 738339
145900 5771 720070 5821 738930
146000 5774 720572 5825 739428
146100 5776 721036 5833 739964
146200 5778 721495 5838 740505
146300 5783 721953 5840 741047
146400 5787 722470 5840 741530
146500 5791 722999 5845 742001
146600 5796 723397 5849 742603
146700 5799 723887 5854 743113
146800 5808 724405 5858 743595
146900 5816 724935 5861 744065
147000 5824 725345 5867 744655
147100 5829 725873 5871 745127
147200 5835 726423 5874 745577
147300 5838 727011 5881 745989
147400 5842 727570 5882 746430
147500 5848 728102 5887 746898
147600 5855 728574 5891 747426
147700 5862 728998 5895 748002
147800 5863 729472 5899 748528
147900 5871 729913 5902 749087
148000 5878 730458 5904 749542
148100 5881 731013 5909 749987
148200 5891 731555 5916 750445
148300 5899 732079 5923 750921
148400 5901 732555 5925 751445
148500 5905 733001 5928 751999
148600 5905 733355 5932 752645
148700 5908 734011 5932 752989
148800 5911 734687 5937 753313
148900 5913 735251 5940 753749
149000 5917 735740 5942 754260
149100 5922 736294 5946 754706
149200 5924 736807 5951 755193
149300 5926 737279 5954 755721
149400 5928 737789 5961 756211
149500 5929 738417 5961 756583
149600 5936 738935 5962 757065
149700 5937 739429 5966 757571
149800 5942 740011 5974 757989
149900 5947 740564 5978 758436
150000 5950 741113 5979 758887
150100 5956 741630 5979 759370
150200 5960 742227 5987 759773
150300 5962 742726 5989 760274
150400 5967 743091 5990 760909
150500 5970 743484 5995 761516
150600 5974 743873 6002 762127
150700 5978 744363 6009 762637
150800 5981 744877 6015 763123
150900 5983 745277 6016 763723
151000 5984 745743 6018 764257
151100 5989 746148 6022 764852
151200 5996 746653 6024 765347
151300 6000 747123 6030 765877
151400 6003 747689 6034 766311
151500 6009 748207 6038 766793
151600 6014 748685 6042 767315
151700 6017 749131 6045 767869
151800 6018 749549 6047 768451
151900 6026 750073 6051 768927
152000 6029 750600 6053 769400
152100 6036 751176 6056 769824
152200 6044 751802 6059 770198
152300 6048 752256 6065 770744
152400 6053 752793 6073 771207
152500 6056 753316 6075 771684
152600 6058 753803 6079 772197
152700 6061 754305 6081 772695
152800 6062 754896 6083 773104
152900 6064 755383 6084 773617
153000 6070 755905 6086 774095
153100 6073 756326 6091 774674
153200 6076 756762 6093 775238
153300 6084 757241 6095 775759
153400 6088 757801 6100 776199
153500 6092 758374 6103 776626
153600 6093 758827 6110 777173
153700 6095 759109 6115 777891
153800 6097 759639 6116 778361
153900 6099 760089 6120 778911
154000 6103 760488 6122 779512
154100 6106 761036 6125 779964
154200 6107 761613 6127 780387
154300 6112 762096 6127 780904
154400 6117 762546 6133 781454
154500 6122 763028 6135 781972
154600 6127 763505 6137 782495
154700 6130 764009 6137 782991
154800 6132 764441 6144 783559
154900 6137 765005 6150 783995
155000 6143 765508 6152 784492
155100 6146 766107 6157 784893
155200 6149 766596 6158 785404
155300 6151 767117 6160 785883
155400 6155 767676 6160 786324
155500 6160 768280 6163 786720
155600 6161 768800 6166 787200
155700 6162 769238 6168 787762
155800 6164 769714 6168 788286
155900 6172 770277 6171 788723
156000 6174 770781 6178 789219
156100 6179 771372 6184 789628
156200 6181 771852 6190 790148
156300 6186 772360 6195 790640
156400 6191 772895 6200 791105
156500 6193 773353 6211 791647
156600 6196 773698 6216 792302
156700 6199 774147 6222 792853
156800 6201 774686 6227 793314
156900 6202 775161 6231 793839
157000 6203 775666 6231 794334
157100 6208 776156 6234 794844
157200 6211 776677 6238 795323
157300 6217 777107 6241 795893
157400 6222 777596 6241 796404
157500 6225 778016 6242 796984
157600 6225 778556 6246 797444
157700 6229 779081 6251 797919
157800 6232 779594 6254 798406
157900 6234 780202 6255 798798
158000 6239 780757 6257 799243
158100 6243 781393 6260 799607
158200 6246 781938 6263 800062
158300 6252 782445 6267 800555
158400 6255 783017 6272 800983
158500 6259 783553 6274 801447
158600 6264 784081 6279 801919
158700 6267 784539 6279 802461
158800 6274 785104 6288 802896
158900 6278 785624 6295 803376
159000 6282 786164 6299 803836
159100 6287 786722 6304 804278
159200 6290 787140 6304 804860
159300 6291 787694 6306 805306
159400 6294 788214 6306 805786
159500 6297 788749 6307 806251
159600 6302 789241 6309 806759
159700 6307 789785 6312 807215
159800 6311 790285 6315 807715
159900 6315 790742 6317 808258
160000 6324 791212 6321 808788
160100 6328 791750 6323 809250
160200 6331 792319 6325 809681
160300 6332 792752 6330 810248
160400 6336 793107 6335 810893
160500 6341 793507 6337 811493
160600 6352 794000 6345 812000
160700 6357 794474 6351 812526
160800 6362 794929 6361 813071
160900 6367 795446 6362 813554
161000 6371 795975 6364 814025
161100 6378 796432 6368 814568
161200 6382 796980 6372 815020
161300 6385 797441 6374 815559
161400 6389 798014 6379 815986
161500 6391 798515 6383 816485
161600 6395 799023 6385 816977
161700 6400 799483 6387 817517
161800 6403 799919 6388 818081
161900 6405 800292 6390 818708
162000 6407 800782 6394 819218
162100 6412 801390 6396 819610
162200 6413 801695 6402 820305
162300 6416 802159 6408 820841
162400 6417 802604 6409 821396
162500 6417 803201 6410 821799
162600 6422 803843 6413 822157
162700 6425 804384 6415 822616
162800 6429 804859 6420 823141
162900 6429 805401 6426 823599
163000 6437 805794 6426 824206
163100 6441 806434 6428 824566
163200 6445 806880 6432 825120
163300 6448 807407 6436 825593
163400 6452 807868 6439 826132
163500 6453 808358 6444 826642
163600 6458 808972 6445 827028
163700 6461 809349 6448 827651
163800 6469 809737 6454 828263
163900 6470 810176 6455 828824
164000 6472 810668 6456 829332
164100 6474 811151 6458 829849
164200 6477 811691 6463 830309
164300 6480 812127 6464 830873
164400 6483 812573 6468 831427
164500 6490 813159 6470 831841
164600 6496 813750 6472 832250
164700 6500 814267 6484 832733
164800 6504 814695 6487 833305
164900 6506 815073 6494 833927
165000 6507 815551 6498 834449
165100 6512 816025 6502 834975
165200 6515 816512 6502 835488
165300 6517 817028 6510 835972
165400 6521 817490 6514 836510
165500 6526 818069 6519 836931
165600 6531 818600 6528 837400
165700 6539 819206 6530 837794
165800 6553 819706 6538 838294
165900 6558 820170 6539 838830
166000 6564 820762 6539 839238
166100 6566 821273 6540 839727
166200 6568 821795 6543 840205
166300 6572 822252 6546 840748
166400 6575 822809 6547 841191
166500 6577 823365 6553 841635
166600 6581 823978 6559 842022
166700 6582 824440 6560 842560
166800 6587 824960 6562 843040
166900 6592 825385 6562 843615
167000 6599 825906 6563 844094
167100 6602 826357 6564 844643
167200 6603 826867 6567 845133
167300 6606 827343 6575 845657
167400 6613 827723 6577 846277
167500 6618 828228 6580 846772
167600 6618 828713 6581 847287
167700 6623 829147 6586 847853
167800 6627 829549 6588 848451
167900 6629 830149 6591 848851
168000 6631 830703 6594 849297
168100 6632 831214 6598 849786
168200 6632 831690 6601 850310
168300 6637 832067 6605 850933
168400 6639 832585 6607 851415
168500 6645 833095 6611 851905
168600 6647 833661 6613 852339
168700 6651 834218 6616 852782
168800 6653 834745 6619 853255
168900 6654 835281 6624 853719
169000 6657 835834 6629 854166
169100 6666 836250 6634 854750
169200 6673 836691 6636 855309
169300 6683 837185 6642 855815
169400 6684 837624 6646 856376
169500 6689 838028 6649 856972
169600 6695 838460 6658 857540
169700 6697 838942 6660 858058
169800 6702 839388 6666 858612
169900 6709 839879 6669 859121
170000 6713 840387 6669 859613
170100 6718 840949 6674 860051
170200 6722 841386 6674 860614
170300 6727 841846 6681 861154
170400 6730 842379 6684 861621
170500 6732 842885 6687 862115
170600 6738 843412 6689 862588
170700 6742 843959 6689 863041
170800 6744 844471 6694 863529
170900 6752 845003 6697 863997
171000 6754 845429 6698 864571
171100 6761 845869 6702 865131
171200 6767 846291 6704 865709
171300 6771 846796 6711 866204
171400 6778 847264 6715 866736
171500 6780 847855 6719 867145
171600 6784 848299 6720 867701
171700 6787 848833 6723 868167
171800 6789 849326 6728 868674
171900 6792 849821 6729 869179
172000 6792 850313 6731 869687
172100 6796 850834 6732 870166
172200 6804 851297 6735 870703
172300 6806 851765 6737 871235
172400 6806 852310 6738 871690
172500 6809 852844 6742 872156
172600 6811 853420 6747 872580
172700 6811 853937 6751 873063
172800 6814 854465 6753 873535
172900 6821 854966 6758 874034
173000 6826 855550 6761 874450
173100 6831 856081 6764 874919
173200 6834 856526 6768 875474
173300 6837 856917 6772 876083
173400 6843 857417 6776 876583
173500 6849 857939 6779 877061
173600 6852 858441 6789 877559
173700 6855 859070 6792 877930
173800 6860 859673 6797 878327
173900 6865 860187 6797 878813
174000 6867 860785 6799 879215
174100 6872 861290 6808 879710
174200 6876 861718 6812 880282
174300 6882 862211 6815 880789
174400 6886 862589 6818 881411
174500 6888 863240 6824 881760
174600 6890 863746 6826 882254
174700 6895 864322 6828 882678
174800 6902 864890 6836 883110
174900 6904 865417 6841 883583
175000 6907 865967 6844 884033
175100 6911 866505 6853 884495
175200 6914 867053 6863 884947
175300 6918 867488 6864 885512
175400 6923 868052 6872 885948
175500 6926 868602 6876 886398
175600 6927 869073 6877 886927
175700 6929 869593 6877 887407
175800 6931 870190 6878 887810
175900 6933 870714 6881 888286
176000 6936 871141 6882 888859
176100 6939 871609 6884 889391
176200 6939 872050 6885 889950
176300 6947 872491 6890 890509
176400 6956 872972 6897 891028
176500 6959 873426 6904 891574
176600 6963 873884 6914 892116
176700 6967 874465 6916 892535
176800 6969 874995 6916 893005
176900 6970 875466 6919 893534
177000 6972 875927 6922 894073
177100 6980 876411 6927 894589
177200 6984 876852 6936 895148
177300 6988 877369 6938 895631
177400 6996 877919 6941 896081
177500 6997 878419 6944 896581
177600 7001 878949 6947 897051
177700 7006 879337 6950 897663
177800 7009 879892 6952 898108
177900 7011 880296 6956 898704
178000 7020 880741 6962 899259
178100 7025 881358 6963 899642
178200 7033 881897 6966 900103
178300 7039 882459 6970 900541
178400 7043 883053 6973 900947
178500 7046 883543 6978 901457
178600 7052 884107 6981 901893
178700 7053 884598 6985 902402
178800 7059 885034 6987 902966
178900 7063 885562 6989 903438
179000 7065 885998 6990 904002
179100 7069 886535 6994 904465
179200 7073 887007 7000 904993
179300 7076 887556 7005 905444
179400 7082 888095 7007 905905
179500 7085 888622 7012 906378
179600 7087 889173 7013 906827
179700 7091 889742 7017 907258
179800 7098 890282 7020 907718
179900 7107 890829 7030 908171
180000 7110 891311 7035 908689
180100 7118 891774 7041 909226
180200 7124 892297 7044 909703
180300 7130 892790 7049 910210
180400 7130 893283 7055 910717
180500 7132 893834 7058 911166
180600 7140 894289 7063 911711
180700 7142 894663 7066 912337
180800 7144 895095 7074 912905
180900 7151 895710 7080 913290
181000 7154 896222 7084 913778
181100 7154 896797 7086 914203
181200 7157 897400 7086 914600
181300 7160 897839 7090 915161
181400 7165 898328 7093 915672
181500 7167 898923 7093 916077
181600 7170 899403 7094 916597
181700 7172 899905 7097 917095
181800 7173 900265 7101 917735
181900 7174 900811 7102 918189
182000 7179 901303 7103 918697
182100 7184 901781 7108 919219
182200 7188 902160 7110 919840
182300 7190 902720 7111 920280
182400 7191 903299 7117 920701
182500 7192 903792 7119 921208
182600 7195 904264 7122 921736
182700 7199 904854 7127 922146
182800 7200 905345 7129 922655
182900 7202 905667 7130 923333
183000 7204 906141 7132 923859
183100 7207 906688 7135 924312
183200 7209 907232 7141 924768
183300 7214 907706 7142 925294
183400 7216 908165 7145 925835
183500 7219 908684 7148 926316
183600 7222 909210 7150 926790
183700 7227 909633 7151 927367
183800 7229 910166 7152 927834
183900 7230 910657 7154 928343
184000 7231 911151 7155 928849
184100 7234 911629 7156 929371
184200 7241 912195 7163 929805
184300 7243 912563 7165 930437
184400 7244 913002 7171 930998
184500 7249 913537 7177 931463
184600 7253 914032 7178 931968
184700 7258 914513 7179 932487
184800 7259 915089 7181 932911
184900 7263 915587 7186 933413
185000 7269 916112 7192 933888
185100 7274 916542 7195 934458
185200 7276 916984 7198 935016
185300 7281 917465 7204 935535
185400 7287 917996 7206 936004
185500 7293 918574 7210 936426
185600 7298 919103 7214 936897
185700 7303 919529 7217 937471
185800 7310 920104 7220 937896
185900 7316 920588 7223 938412
186000 7318 921130 7227 938870
186100 7324 921636 7231 939364
186200 7324 922067 7235 939933
186300 7328 922463 7240 940537
186400 7330 922883 7248 941117
186500 7333 923225 7251 941775
186600 7340 923638 7255 942362
186700 7342 924100 7260 942900
186800 7346 924672 7263 943328
186900 7349 925138 7270 943862
187000 7351 925763 7272 944237
187100 7359 926245 7278 944755
187200 7362 926664 7284 945336
187300 7368 927075 7286 945925
187400 7375 927498 7288 946502
187500 7380 927998 7291 947002
187600 7381 928452 7294 947548
187700 7389 928896 7298 948104
187800 7395 929311 7301 948689
187900 7395 929923 7306 949077
188000 7396 930441 7311 949559
188100 7399 930875 7317 950125
188200 7402 931345 7320 950655
188300 7405 931813 7322 951187
188400 7411 932351 7330 951649
188500 7415 932890 7331 952110
188600 7418 933460 7338 952540
188700 7419 934023 7342 952977
188800 7421 934531 7346 953469
188900 7425 935067 7351 953933
189000 7429 935526 7357 954474
189100 7433 936099 7359 954901
189200 7435 936558 7362 955442
189300 7440 937019 7367 955981
189400 7441 937374 7375 956626
189500 7444 937832 7376 957168
189600 7448 938320 7379 957680
189700 7448 938840 7382 958160
189800 7448 939448 7389 958552
189900 7452 939927 7391 959073
190000 7454 940507 7395 959493
190100 7457 941038 7398 959962
190200 7464 941547 7404 960453
190300 7467 942088 7410 960912
190400 7474 942613 7412 961387
190500 7478 943148 7417 961852
190600 7483 943702 7423 962298
190700 7488 944220 7425 962780
190800 7491 944748 7427 963252
190900 7493 945315 7429 963685
191000 7496 945771 7434 964229
191100 7498 946166 7437 964834
191200 7503 946598 7442 965402
191300 7507 947067 7447 965933
191400 7513 947595 7448 966405
191500 7518 948153 7452 966847
191600 7518 948658 7458 967342
191700 7522 949183 7463 967817
191800 7524 949751 7468 968249
191900 7530 950315 7475 968685
192000 7532 950728 7479 969272
192100 7536 951214 7481 969786
192200 7539 951698 7485 970302
192300 7543 952153 7489 970847
192400 7546 952607 7491 971393
192500 7547 953186 7496 971814
192600 7549 953729 7498 972271
192700 7555 954200 7500 972800
192800 7562 954662 7507 973338
192900 7567 955259 7517 973741
193000 7568 955741 7520 974259
193100 7570 956268 7531 974732
193200 7571 956737 7533 975263
193300 7572 957188 7534 975812
193400 7574 957655 7535 976345
193500 7576 958213 7539 976787
193600 7581 958643 7541 977357
193700 7583 959110 7542 977890
193800 7590 959636 7544 978364
193900 7592 960080 7546 978920
194000 7593 960570 7550 979430
194100 7599 960956 7553 980044
194200 7601 961424 7560 980576
194300 7606 961918 7565 981082
194400 7608 962464 7567 981536
194500 7620 963045 7574 981955
194600 7623 963628 7577 982372
194700 7628 964081 7578 982919
194800 7631 964682 7581 983318
194900 7635 965236 7586 983764
195000 7640 965658 7593 984342
195100 7644 966042 7593 984958
195200 7652 966486 7595 985514
195300 7657 967008 7597 985992
195400 7659 967471 7599 986529
195500 7662 967942 7602 987058
195600 7665 968443 7606 987557
195700 7669 968881 7607 988119
195800 7670 969385 7611 988615
195900 7674 969857 7613 989143
196000 7676 970323 7617 989677
196100 7679 970812 7621 990188
196200 7682 971211 7625 990789
196300 7687 971650 7630 991350
196400 7692 972112 7632 991888
196500 7694 972626 7633 992374
196600 7694 973049 7637 992951
196700 7696 973432 7646 993568
196800 7710 973830 7654 994170
196900 7713 974293 7657 994707
197000 7718 974802 7660 995198
197100 7721 975376 7664 995624
197200 7723 975756 7668 996244
197300 7724 976356 7669 996644
197400 7727 976910 7673 997090
197500 7731 977441 7680 997559
197600 7732 978017 7683 997983
197700 7741 978530 7687 998470
197800 7745 978935 7690 999065
197900 7749 979492 7698 999508
198000 7755 980028 7703 999972
198100 7762 980507 7707 1000493
198200 7767 981058 7710 1000942
198300 7772 981608 7712 1001392
198400 7778 982101 7714 1001899
198500 7779 982592 7719 1002408
198600 7781 983055 7723 1002945
198700 7786 983474 7728 1003526
198800 7787 983927 7729 1004073
198900 7787 984485 7731 1004515
199000 7793 984950 7733 1005050
199100 7802 985414 7745 1005586
199200 7804 985953 7750 1006047
199300 7806 986353 7755 1006647
199400 7810 986763 7759 1007237
199500 7814 987224 7762 1007776
199600 7818 987667 7765 1008333
199700 7824 988220 7771 1008780
199800 7827 988667 7775 1009333
199900 7832 989162 7777 1009838
200000 7837 989661 7777 1010339
