#! FIELDS timestep dup_succ dup_attempts kill_succ kill_attempts
#! SET timestep 0.5
#! SET kernel_bandwidth [0.4 0.4]
#! SET kt 1.0
100 93 323 92 677
200 185 576 199 1424
300 281 898 330 2102
400 375 1339 434 2661
500 453 1689 514 3311
600 515 2082 568 3918
700 552 2509 604 4491
800 576 2955 632 5045
900 587 3527 643 5473
1000 595 3986 653 6014
1100 602 4540 663 6460
1200 614 5054 677 6946
1300 621 5590 688 7410
1400 629 6072 700 7928
1500 631 6594 705 8406
1600 636 7004 721 8996
1700 642 7472 728 9528
1800 657 7905 738 10095
1900 662 8327 746 10673
2000 669 8854 751 11146
2100 675 9315 760 11685
2200 681 9801 773 12199
2300 687 10257 787 12743
2400 690 10736 790 13264
2500 691 11281 797 13719
2600 700 11846 808 14154
2700 705 12339 816 14661
2800 723 12856 831 15144
2900 735 13332 835 15668
3000 747 13898 843 16102
3100 757 14437 846 16563
3200 764 14879 858 17121
3300 772 15373 865 17627
3400 778 15809 873 18191
3500 782 16307 877 18693
3600 784 16749 883 19251
3700 791 17280 895 19720
3800 796 17723 905 20277
3900 804 18253 917 20747
4000 817 18760 927 21240
4100 826 19206 932 21794
4200 829 19687 938 22313
4300 834 20108 941 22892
4400 840 20742 947 23258
4500 849 21211 955 23789
4600 864 21667 960 24333
4700 868 22162 967 24838
4800 882 22680 975 25320
4900 892 23147 977 25853
5000 915 23656 991 26344
5100 924 24049 997 26951
5200 931 24466 1005 27534
5300 938 24982 1015 28018
5400 944 25440 1018 28560
5500 957 25901 1026 29099
5600 962 26409 1038 29591
5700 970 26907 1043 30093
5800 981 27289 1052 30711
5900 987 27744 1061 31256
6000 996 28313 1074 31687
6100 1003 28805 1083 32195
6200 1011 29299 1090 32701
6300 1017 29741 1101 33259
6400 1027 30229 1109 33771
6500 1034 30707 1121 34293
6600 1043 31282 1137 34718
6700 1052 31713 1144 35287
6800 1059 32267 1154 35733
6900 1068 32734 1157 36266
7000 1075 33175 1163 36825
7100 1082 33734 1170 37266
7200 1090 34275 1177 37725
7300 1104 34791 1190 38209
7400 1109 35294 1194 38706
7500 1114 35773 1201 39227
7600 1117 36209 1212 39791
7700 1124 36668 1220 40332
7800 1131 37156 1229 40844
7900 1138 37623 1233 41377
8000 1144 38102 1238 41898
8100 1152 38570 1245 42430
8200 1162 39096 1257 42904
8300 1170 39629 1260 43371
8400 1175 40133 1267 43867
8500 1182 40633 1274 44367
8600 1189 41244 1283 44756
8700 1199 41743 1291 45257
8800 1207 42172 1305 45828
8900 1209 42658 1312 46342
9000 1215 43187 1317 46813
9100 1216 43751 1321 47249
9200 1222 44323 1330 47677
9300 1233 44916 1337 48084
9400 1239 45410 1341 48590
9500 1248 45905 1344 49095
9600 1257 46444 1356 49556
9700 1263 47002 1365 49998
9800 1265 47477 1366 50523
9900 1274 47888 1373 51112
10000 1283 48377 1383 51623
10100 1288 48930 1389 52070
10200 1296 49459 1398 52541
10300 1304 49907 1405 53093
10400 1308 50420 1413 53580
10500 1317 50910 1420 54090
10600 1321 51432 1428 54568
10700 1329 51964 1437 55036
10800 1338 52437 1444 55563
10900 1350 53023 1448 55977
11000 1363 53524 1460 56476
11100 1370 54097 1467 56903
11200 1376 54643 1472 57357
11300 1380 55143 1482 57857
11400 1390 55683 1491 58317
11500 1393 56130 1496 58870
11600 1398 56644 1505 59356
11700 1410 57101 1511 59899
11800 1416 57620 1517 60380
11900 1425 58209 1523 60791
12000 1438 58618 1536 61382
12100 1456 59103 1559 61897
12200 1465 59556 1579 62444
12300 1471 59932 1591 63068
12400 1479 60335 1597 63665
12500 1485 60822 1606 64178
12600 1497 61306 1623 64694
12700 1506 61762 1635 65238
12800 1514 62287 1639 65713
12900 1526 62783 1644 66217
13000 1531 63262 1655 66738
13100 1542 63815 1663 67185
13200 1547 64353 1668 67647
13300 1560 64772 1678 68228
13400 1571 65170 1690 68830
13500 1583 65667 1699 69333
13600 1596 66211 1708 69789
13700 1603 66753 1716 70247
13800 1611 67226 1729 70774
13900 1618 67705 1745 71295
14000 1628 68229 1757 71771
14100 1639 68773 1763 72227
14200 1645 69238 1771 72762
14300 1655 69739 1781 73261
14400 1661 70235 1789 73765
14500 1666 70713 1801 74287
14600 1673 71224 1805 74776
14700 1678 71805 1815 75195
14800 1688 72390 1823 75610
14900 1693 72954 1830 76046
15000 1696 73469 1839 76531
15100 1705 73894 1847 77106
15200 1709 74339 1860 77661
15300 1715 74803 1866 78197
15400 1718 75309 1872 78691
15500 1731 75768 1879 79232
15600 1741 76266 1889 79734
15700 1752 76812 1898 80188
15800 1759 77347 1905 80653
15900 1777 77886 1913 81114
16000 1785 78416 1919 81584
16100 1793 78922 1927 82078
16200 1799 79396 1936 82604
16300 1805 79808 1942 83192
16400 1820 80339 1952 83661
16500 1830 80692 1966 84308
16600 1847 81220 1979 84780
16700 1850 81749 1982 85251
16800 1862 82282 1995 85718
16900 1871 82769 2008 86231
17000 1876 83371 2014 86629
17100 1887 83810 2022 87190
17200 1893 84208 2024 87792
17300 1901 84770 2033 88230
17400 1910 85244 2041 88756
17500 1921 85680 2047 89320
17600 1935 86251 2052 89749
17700 1946 86742 2068 90258
17800 1957 87292 2080 90708
17900 1963 87893 2085 91107
18000 1968 88477 2090 91523
18100 1971 89057 2093 91943
18200 1982 89579 2103 92421
18300 1991 89995 2111 93005
18400 1999 90512 2118 93488
18500 2006 91014 2129 93986
18600 2014 91535 2136 94465
18700 2020 92050 2141 94950
18800 2026 92628 2146 95372
18900 2036 93166 2152 95834
19000 2041 93606 2159 96394
19100 2053 94056 2161 96944
19200 2064 94512 2172 97488
19300 2073 94926 2187 98074
19400 2078 95367 2197 98633
19500 2081 95867 2201 99133
19600 2090 96377 2206 99623
19700 2096 96823 2215 100177
19800 2105 97354 2221 100646
19900 2120 97872 2228 101128
20000 2124 98447 2232 101553
20100 2132 99058 2241 101942
20200 2138 99516 2251 102484
20300 2148 99980 2260 103020
20400 2155 100547 2269 103453
20500 2159 100987 2281 104013
20600 2168 101468 2286 104532
20700 2174 101970 2293 105030
20800 2185 102492 2298 105508
20900 2195 102983 2306 106017
21000 2204 103406 2314 106594
21100 2208 103913 2323 107087
21200 2212 104446 2331 107554
21300 2221 104903 2339 108097
21400 2228 105352 2352 108648
21500 2235 105798 2357 109202
21600 2249 106276 2366 109724
21700 2266 106669 2379 110331
21800 2279 107148 2386 110852
21900 2283 107603 2393 111397
22000 2291 108140 2402 111860
22100 2298 108570 2412 112430
22200 2306 109043 2419 112957
22300 2315 109502 2431 113498
22400 2318 110006 2437 113994
22500 2329 110600 2444 114400
22600 2334 111098 2452 114902
22700 2342 111545 2461 115455
22800 2349 112000 2470 116000
22900 2357 112541 2472 116459
23000 2365 113021 2480 116979
23100 2374 113506 2489 117494
23200 2383 113994 2493 118006
23300 2386 114484 2497 118516
23400 2392 114906 2504 119094
23500 2395 115356 2513 119644
23600 2403 115889 2525 120111
23700 2405 116446 2530 120554
23800 2407 117038 2542 120962
23900 2412 117507 2547 121493
24000 2423 117929 2553 122071
24100 2436 118405 2562 122595
24200 2444 118941 2571 123059
24300 2449 119477 2578 123523
24400 2459 119968 2583 124032
24500 2462 120497 2591 124503
24600 2471 120995 2600 125005
24700 2481 121407 2602 125593
24800 2486 121856 2608 126144
24900 2490 122306 2622 126694
25000 2501 122816 2632 127184
25100 2509 123300 2638 127700
25200 2519 123841 2647 128159
25300 2531 124381 2656 128619
25400 2537 124818 2663 129182
25500 2544 125225 2673 129775
25600 2554 125623 2680 130377
25700 2562 126110 2692 130890
25800 2568 126592 2695 131408
25900 2574 127029 2699 131971
26000 2581 127590 2706 132410
26100 2592 128094 2714 132906
26200 2601 128619 2726 133381
26300 2606 129109 2734 133891
26400 2618 129672 2737 134328
26500 2627 130168 2746 134832
26600 2632 130754 2758 135246
26700 2637 131202 2764 135798
26800 2654 131735 2774 136265
26900 2660 132202 2777 136798
27000 2668 132703 2784 137297
27100 2676 133193 2787 137807
27200 2686 133672 2795 138328
27300 2698 134153 2804 138847
27400 2705 134709 2810 139291
27500 2714 135292 2820 139708
27600 2721 135795 2832 140205
27700 2726 136402 2838 140598
27800 2733 136857 2848 141143
27900 2737 137283 2858 141717
28000 2743 137883 2868 142117
28100 2749 138373 2875 142627
28200 2758 138862 2884 143138
28300 2761 139298 2889 143702
28400 2769 139656 2896 144344
28500 2776 140073 2911 144927
28600 2781 140747 2919 145253
28700 2787 141231 2922 145769
28800 2795 141645 2938 146355
28900 2803 142145 2948 146855
29000 2808 142703 2956 147297
29100 2813 143269 2968 147731
29200 2817 143742 2976 148258
29300 2828 144196 2985 148804
29400 2841 144654 2991 149346
29500 2848 145139 2997 149861
29600 2860 145664 3002 150336
29700 2871 146074 3011 150926
29800 2881 146607 3022 151393
29900 2890 147131 3031 151869
30000 2903 147598 3039 152402
30100 2908 148017 3043 152983
30200 2915 148562 3052 153438
30300 2927 149077 3064 153923
30400 2934 149518 3070 154482
30500 2941 150053 3079 154947
30600 2947 150527 3092 155473
30700 2954 150938 3099 156062
30800 2961 151522 3104 156478
30900 2967 152093 3107 156907
31000 2973 152511 3119 157489
31100 2984 152976 3127 158024
31200 3000 153453 3131 158547
31300 3009 153921 3136 159079
31400 3017 154441 3142 159559
31500 3024 154875 3151 160125
31600 3030 155323 3159 160677
31700 3036 155761 3168 161239
31800 3042 156199 3176 161801
31900 3051 156787 3184 162213
32000 3058 157289 3193 162711
32100 3070 157874 3202 163126
32200 3075 158350 3207 163650
32300 3080 158792 3215 164208
32400 3083 159344 3219 164656
32500 3093 159841 3224 165159
32600 3103 160359 3232 165641
32700 3107 160868 3235 166132
32800 3111 161408 3238 166592
32900 3124 162089 3245 166911
33000 3130 162626 3249 167374
33100 3142 163145 3259 167855
33200 3147 163586 3266 168414
33300 3157 164098 3278 168902
33400 3164 164571 3283 169429
33500 3171 165116 3286 169884
33600 3190 165599 3293 170401
33700 3196 166138 3304 170862
33800 3200 166624 3311 171376
33900 3205 167085 3314 171915
34000 3213 167605 3321 172395
34100 3218 168128 3334 172872
34200 3228 168577 3344 173423
34300 3232 169130 3346 173870
34400 3238 169644 3355 174356
34500 3246 170235 3360 174765
34600 3254 170791 3369 175209
34700 3259 171235 3375 175765
34800 3270 171761 3381 176239
34900 3274 172226 3393 176774
35000 3282 172730 3402 177270
35100 3291 173285 3414 177715
35200 3298 173854 3419 178146
35300 3307 174340 3428 178660
35400 3313 174760 3437 179240
35500 3320 175285 3444 179715
35600 3324 175771 3449 180229
35700 3334 176244 3457 180756
35800 3339 176700 3463 181300
35900 3350 177252 3469 181748
36000 3356 177747 3479 182253
36100 3364 178245 3486 182755
36200 3370 178826 3496 183174
36300 3385 179292 3505 183708
36400 3394 179832 3509 184168
36500 3398 180316 3511 184684
36600 3409 180808 3518 185192
36700 3417 181353 3533 185647
36800 3425 181853 3535 186147
36900 3431 182349 3537 186651
37000 3434 182837 3547 187163
37100 3444 183360 3555 187640
37200 3450 183811 3569 188189
37300 3463 184336 3572 188664
37400 3471 184795 3575 189205
37500 3477 185314 3583 189686
37600 3484 185774 3595 190226
37700 3492 186306 3601 190694
37800 3502 186854 3611 191146
37900 3507 187338 3618 191662
38000 3519 187921 3623 192079
38100 3530 188385 3630 192615
38200 3539 189008 3638 192992
38300 3548 189527 3645 193473
38400 3557 190045 3656 193955
38500 3572 190662 3680 194338
38600 3586 191166 3686 194834
38700 3595 191629 3693 195371
38800 3602 192130 3700 195870
38900 3608 192703 3718 196297
39000 3614 193145 3723 196855
39100 3619 193636 3730 197364
39200 3620 194109 3735 197891
39300 3625 194543 3749 198457
39400 3635 194966 3760 199034
39500 3642 195461 3769 199539
39600 3648 195939 3779 200061
39700 3652 196410 3785 200590
39800 3663 196803 3792 201197
39900 3672 197315 3798 201685
40000 3675 197787 3805 202213
40100 3686 198346 3811 202654
40200 3692 198909 3818 203091
40300 3700 199351 3823 203649
40400 3717 199882 3834 204118
40500 3721 200359 3841 204641
40600 3732 200798 3849 205202
40700 3736 201262 3857 205738
40800 3741 201714 3866 206286
40900 3746 202253 3874 206747
41000 3758 202824 3880 207176
41100 3768 203286 3888 207714
41200 3774 203811 3892 208189
41300 3778 204293 3896 208707
41400 3787 204751 3901 209249
41500 3793 205211 3908 209789
41600 3797 205794 3917 210206
41700 3806 206339 3922 210661
41800 3810 206827 3925 211173
41900 3816 207395 3935 211605
42000 3824 207882 3942 212118
42100 3834 208334 3951 212666
42200 3839 208772 3954 213228
42300 3849 209224 3962 213776
42400 3857 209696 3965 214304
42500 3861 210198 3973 214802
42600 3862 210798 3975 215202
42700 3874 211226 3987 215774
42800 3882 211670 3993 216330
42900 3885 212058 3998 216942
43000 3895 212549 4011 217451
43100 3901 213113 4023 217887
43200 3911 213600 4027 218400
43300 3917 214112 4033 218888
43400 3921 214609 4038 219391
43500 3927 215137 4046 219863
43600 3938 215627 4055 220373
43700 3944 216219 4068 220781
43800 3952 216763 4073 221237
43900 3963 217328 4079 221672
44000 3969 217834 4089 222166
44100 3974 218339 4099 222661
44200 3976 218735 4108 223265
44300 3981 219163 4114 223837
44400 3988 219605 4123 224395
44500 4006 220021 4136 224979
44600 4010 220498 4144 225502
44700 4019 220972 4154 226028
44800 4028 221469 4163 226531
44900 4035 222011 4169 226989
45000 4042 222535 4176 227465
45100 4052 223079 4193 227921
45200 4069 223594 4199 228406
45300 4075 224035 4206 228965
45400 4084 224514 4212 229486
45500 4094 224939 4223 230061
45600 4103 225354 4230 230646
45700 4106 225838 4236 231162
45800 4111 226390 4239 231610
45900 4119 226841 4249 232159
46000 4127 227258 4254 232742
46100 4136 227645 4266 233355
46200 4144 228116 4275 233884
46300 4156 228623 4288 234377
46400 4164 229084 4295 234916
46500 4170 229614 4306 235386
46600 4181 230123 4318 235877
46700 4190 230606 4320 236394
46800 4195 231145 4328 236855
46900 4202 231674 4339 237326
47000 4212 232207 4346 237793
47100 4222 232676 4361 238324
47200 4225 233172 4366 238828
47300 4234 233677 4379 239323
47400 4241 234115 4392 239885
47500 4247 234715 4397 240285
47600 4253 235237 4404 240763
47700 4261 235757 4413 241243
47800 4268 236180 4424 241820
47900 4276 236568 4426 242432
48000 4283 237158 4442 242842
48100 4291 237699 4449 243301
48200 4303 238118 4455 243882
48300 4311 238605 4462 244395
48400 4317 239185 4469 244815
48500 4320 239637 4473 245363
48600 4327 240063 4477 245937
48700 4341 240610 4486 246390
48800 4356 241118 4497 246882
48900 4366 241577 4507 247423
49000 4370 242128 4516 247872
49100 4381 242593 4524 248407
49200 4386 243098 4534 248902
49300 4393 243487 4537 249513
49400 4399 244113 4543 249887
49500 4405 244742 4550 250258
49600 4412 245286 4554 250714
49700 4426 245759 4566 251241
49800 4433 246268 4579 251732
49900 4444 246793 4588 252207
50000 4451 247332 4599 252668
50100 4456 247911 4613 253089
50200 4461 248383 4618 253617
50300 4472 248877 4626 254123
50400 4481 249398 4634 254602
50500 4488 249917 4646 255083
50600 4496 250430 4654 255570
50700 4506 250948 4661 256052
50800 4509 251416 4671 256584
50900 4517 251939 4679 257061
51000 4523 252435 4683 257565
51100 4528 252967 4684 258033
51200 4532 253426 4689 258574
51300 4537 253948 4691 259052
51400 4544 254481 4701 259519
51500 4547 255048 4706 259952
51600 4557 255543 4715 260457
51700 4563 256033 4720 260967
51800 4569 256562 4723 261438
51900 4579 257055 4727 261945
52000 4583 257625 4731 262375
52100 4588 258214 4744 262786
52200 4595 258767 4755 263233
52300 4607 259212 4767 263788
52400 4612 259674 4772 264326
52500 4619 260201 4776 264799
52600 4623 260810 4781 265190
52700 4628 261351 4784 265649
52800 4639 261813 4788 266187
52900 4644 262290 4792 266710
53000 4647 262781 4799 267219
53100 4653 263241 4806 267759
53200 4659 263778 4811 268222
53300 4667 264274 4822 268726
53400 4673 264725 4831 269275
53500 4683 265178 4848 269822
53600 4694 265735 4858 270265
53700 4702 266122 4861 270878
53800 4713 266626 4872 271374
53900 4721 266989 4878 272011
54000 4727 267543 4885 272457
54100 4732 268035 4892 272965
54200 4737 268509 4900 273491
54300 4745 269025 4911 273975
54400 4759 269417 4919 274583
54500 4761 269897 4929 275103
54600 4769 270389 4938 275611
54700 4782 270821 4957 276179
54800 4793 271306 4965 276694
54900 4800 271803 4972 277197
55000 4810 272282 4985 277718
55100 4818 272710 4993 278290
55200 4822 273202 5001 278798
55300 4832 273644 5008 279356
55400 4841 274174 5014 279826
55500 4847 274702 5019 280298
55600 4858 275195 5027 280805
55700 4867 275771 5033 281229
55800 4877 276284 5040 281716
55900 4879 276666 5047 282334
56000 4885 277055 5050 282945
56100 4889 277503 5057 283497
56200 4895 277992 5059 284008
56300 4906 278437 5066 284563
56400 4911 278961 5074 285039
56500 4920 279358 5086 285642
56600 4930 279850 5095 286150
56700 4935 280322 5102 286678
56800 4941 280854 5109 287146
56900 4946 281365 5116 287635
57000 4951 281807 5128 288193
57100 4960 282351 5138 288649
57200 4970 282774 5147 289226
57300 4979 283333 5153 289667
57400 4986 283836 5161 290164
57500 4994 284313 5167 290687
57600 5001 284844 5174 291156
57700 5007 285343 5180 291657
57800 5015 285935 5184 292065
57900 5026 286486 5194 292514
58000 5031 287018 5205 292982
58100 5037 287589 5215 293411
58200 5053 288068 5223 293932
58300 5056 288523 5230 294477
58400 5066 289040 5238 294960
58500 5076 289502 5258 295498
58600 5084 290059 5274 295941
58700 5091 290624 5281 296376
58800 5098 291198 5288 296802
58900 5109 291678 5296 297322
59000 5114 292232 5303 297768
59100 5125 292678 5314 298322
59200 5132 293153 5320 298847
59300 5139 293621 5325 299379
59400 5147 294114 5333 299886
59500 5155 294593 5344 300407
59600 5165 295026 5354 300974
59700 5171 295477 5357 301523
59800 5179 296075 5363 301925
59900 5185 296529 5365 302471
60000 5191 297063 5371 302937
60100 5198 297602 5383 303398
60200 5209 298058 5398 303942
60300 5220 298550 5410 304450
60400 5233 298987 5414 305013
60500 5237 299491 5425 305509
60600 5245 300032 5436 305968
60700 5248 300558 5442 306442
60800 5259 301137 5451 306863
60900 5270 301641 5462 307359
61000 5278 302154 5465 307846
61100 5284 302591 5474 308409
61200 5292 303032 5484 308968
61300 5299 303495 5489 309505
61400 5305 304042 5498 309958
61500 5311 304531 5503 310469
61600 5318 305038 5513 310962
61700 5326 305528 5522 311472
61800 5337 306121 5526 311879
61900 5350 306618 5538 312382
62000 5361 307062 5541 312938
62100 5370 307623 5544 313377
62200 5378 308113 5550 313887
62300 5384 308589 5560 314411
62400 5390 309044 5566 314956
62500 5396 309463 5572 315537
62600 5402 310032 5578 315968
62700 5407 310490 5583 316510
62800 5417 311012 5593 316988
62900 5423 311493 5597 317507
63000 5428 311913 5602 318087
63100 5434 312429 5609 318571
63200 5447 312998 5624 319002
63300 5454 313501 5628 319499
63400 5462 313994 5634 320006
63500 5467 314525 5637 320475
63600 5478 314983 5645 321017
63700 5485 315447 5651 321553
63800 5493 315898 5653 322102
63900 5499 316395 5665 322605
64000 5505 316894 5673 323106
64100 5509 317454 5678 323546
64200 5516 317930 5688 324070
64300 5526 318401 5698 324599
64400 5534 318810 5702 325190
64500 5538 319373 5709 325627
64600 5541 319884 5715 326116
64700 5547 320414 5723 326586
64800 5556 320881 5732 327119
64900 5566 321328 5744 327672
65000 5571 321793 5755 328207
65100 5581 322192 5760 328808
65200 5592 322569 5772 329431
65300 5595 323048 5784 329952
65400 5603 323441 5789 330559
65500 5611 323971 5797 331029
65600 5623 324451 5808 331549
65700 5631 324919 5819 332081
65800 5642 325393 5830 332607
65900 5651 325884 5836 333116
66000 5654 326337 5847 333663
66100 5661 326737 5854 334263
66200 5669 327266 5861 334734
66300 5685 327833 5864 335167
66400 5694 328389 5871 335611
66500 5698 328924 5880 336076
66600 5700 329497 5887 336503
66700 5711 329944 5900 337056
66800 5725 330443 5908 337557
66900 5728 330955 5912 338045
67000 5739 331427 5924 338573
67100 5747 331978 5933 339022
67200 5755 332434 5940 339566
67300 5764 332980 5948 340020
67400 5772 333491 5952 340509
67500 5782 334035 5957 340965
67600 5794 334584 5960 341416
67700 5806 335008 5968 341992
67800 5813 335396 5975 342604
67900 5823 335913 5982 343087
68000 5832 336492 5996 343508
68100 5840 337074 6003 343926
68200 5847 337616 6007 344384
68300 5854 338150 6021 344850
68400 5866 338585 6027 345415
68500 5871 339005 6032 345995
68600 5883 339553 6038 346447
68700 5892 340141 6053 346859
68800 5906 340514 6069 347486
68900 5915 341081 6078 347919
69000 5922 341533 6081 348467
69100 5929 341914 6086 349086
69200 5935 342371 6094 349629
69300 5939 342873 6099 350127
69400 5945 343378 6110 350622
69500 5952 343933 6115 351067
69600 5959 344445 6125 351555
69700 5968 344903 6131 352097
69800 5979 345435 6137 352565
69900 5987 345914 6147 353086
70000 6000 346431 6153 353569
70100 6017 346954 6165 354046
70200 6030 347603 6172 354397
70300 6035 348188 6176 354812
70400 6042 348626 6179 355374
70500 6044 349087 6187 355913
70600 6055 349593 6194 356407
70700 6060 350122 6198 356878
70800 6071 350562 6204 357438
70900 6078 351003 6206 357997
71000 6087 351508 6216 358492
71100 6093 351928 6226 359072
71200 6102 352420 6232 359580
71300 6107 352946 6240 360054
71400 6113 353468 6250 360532
71500 6133 353938 6257 361062
71600 6141 354460 6267 361540
71700 6150 354816 6276 362184
71800 6157 355273 6282 362727
71900 6162 355690 6288 363310
72000 6169 356135 6294 363865
72100 6173 356626 6303 364374
72200 6181 357146 6309 364854
72300 6189 357611 6317 365389
72400 6199 358045 6320 365955
72500 6208 358552 6325 366448
72600 6215 359061 6330 366939
72700 6222 359611 6333 367389
72800 6227 360101 6341 367899
72900 6235 360609 6346 368391
73000 6247 361107 6356 368893
73100 6256 361553 6363 369447
73200 6263 362074 6368 369926
73300 6269 362552 6379 370448
73400 6276 363060 6386 370940
73500 6286 363579 6393 371421
73600 6296 364024 6403 371976
73700 6299 364479 6408 372521
73800 6301 364983 6419 373017
73900 6313 365447 6424 373553
74000 6318 365938 6431 374062
74100 6321 366439 6442 374561
74200 6329 366925 6444 375075
74300 6337 367410 6452 375590
74400 6344 367947 6458 376053
74500 6350 368380 6465 376620
74600 6355 368808 6480 377192
74700 6361 369384 6491 377616
74800 6370 369976 6498 378024
74900 6374 370461 6508 378539
75000 6382 371008 6519 378992
75100 6391 371492 6528 379508
75200 6399 371932 6530 380068
75300 6413 372373 6541 380627
75400 6419 372890 6549 381110
75500 6423 373439 6555 381561
75600 6431 373980 6563 382020
75700 6439 374514 6575 382486
75800 6445 374836 6582 383164
75900 6454 375246 6597 383754
76000 6463 375747 6604 384253
76100 6465 376209 6611 384791
76200 6470 376734 6618 385266
76300 6476 377189 6627 385811
76400 6484 377666 6636 386334
76500 6490 378189 6650 386811
76600 6498 378694 6654 387306
76700 6509 379156 6663 387844
76800 6517 379737 6670 388263
76900 6524 380245 6679 388755
77000 6531 380782 6688 389218
77100 6540 381297 6703 389703
77200 6546 381841 6713 390159
77300 6552 382302 6717 390698
77400 6563 382734 6726 391266
77500 6571 383229 6733 391771
77600 6577 383666 6740 392334
77700 6583 384172 6747 392828
77800 6589 384750 6759 393250
77900 6600 385377 6767 393623
78000 6612 385858 6776 394142
78100 6620 386350 6788 394650
78200 6636 386822 6797 395178
78300 6649 387310 6802 395690
78400 6656 387785 6808 396215
78500 6665 388310 6816 396690
78600 6670 388812 6826 397188
78700 6675 389310 6835 397690
78800 6684 389742 6844 398258
78900 6693 390165 6851 398835
79000 6701 390675 6856 399325
79100 6704 391183 6860 399817
79200 6713 391754 6863 400246
79300 6722 392329 6874 400671
79400 6735 392882 6881 401118
79500 6741 393342 6889 401658
79600 6749 393902 6897 402098
79700 6755 394430 6905 402570
79800 6764 394894 6908 403106
79900 6775 395403 6922 403597
80000 6783 395852 6929 404148
80100 6785 396363 6934 404637
80200 6796 396877 6942 405123
80300 6798 397312 6946 405688
80400 6805 397942 6950 406058
80500 6811 398366 6961 406634
80600 6823 398811 6969 407189
80700 6832 399267 6975 407733
80800 6840 399724 6981 408276
80900 6850 400196 6991 408804
81000 6861 400720 6998 409280
81100 6868 401255 7008 409745
81200 6879 401786 7020 410214
81300 6884 402251 7033 410749
81400 6887 402682 7035 411318
81500 6897 403101 7044 411899
81600 6903 403518 7049 412482
81700 6911 404022 7059 412978
81800 6915 404627 7065 413373
81900 6925 405105 7073 413895
82000 6933 405672 7082 414328
82100 6940 406202 7088 414798
82200 6948 406737 7095 415263
82300 6961 407233 7101 415767
82400 6972 407764 7112 416236
82500 6979 408249 7125 416751
82600 6984 408787 7128 417213
82700 6990 409199 7140 417801
82800 7005 409663 7149 418337
82900 7012 410231 7158 418769
83000 7017 410636 7164 419364
83100 7022 411075 7170 419925
83200 7035 411537 7182 420463
83300 7042 412084 7188 420916
83400 7049 412753 7198 421247
83500 7058 413201 7209 421799
83600 7066 413687 7221 422313
83700 7077 414240 7235 422760
83800 7082 414745 7240 423255
83900 7086 415262 7248 423738
84000 7091 415762 7259 424238
84100 7096 416185 7262 424815
84200 7110 416660 7270 425340
84300 7116 417207 7273 425793
84400 7120 417721 7276 426279
84500 7125 418233 7283 426767
84600 7131 418681 7289 427319
84700 7135 419191 7299 427809
84800 7145 419756 7309 428244
84900 7152 420239 7317 428761
85000 7162 420765 7332 429235
85100 7169 421336 7344 429664
85200 7176 421787 7354 430213
85300 7181 422217 7361 430783
85400 7193 422785 7366 431215
85500 7203 423238 7374 431762
85600 7207 423741 7380 432259
85700 7215 424256 7388 432744
85800 7216 424652 7390 433348
85900 7227 425056 7397 433944
86000 7233 425506 7402 434494
86100 7236 425999 7410 435001
86200 7250 426456 7417 435544
86300 7263 426963 7428 436037
86400 7270 427454 7434 436546
86500 7283 427912 7444 437088
86600 7289 428367 7452 437633
86700 7295 428802 7455 438198
86800 7304 429251 7458 438749
86900 7312 429627 7469 439373
87000 7319 430079 7474 439921
87100 7328 430618 7483 440382
87200 7342 431115 7486 440885
87300 7353 431597 7492 441403
87400 7359 432100 7494 441900
87500 7368 432578 7506 442422
87600 7376 433173 7513 442827
87700 7385 433664 7520 443336
87800 7393 434095 7529 443905
87900 7401 434596 7536 444404
88000 7414 435055 7546 444945
88100 7418 435599 7553 445401
88200 7425 436076 7558 445924
88300 7430 436526 7568 446474
88400 7436 437042 7574 446958
88500 7447 437635 7580 447365
88600 7451 438100 7585 447900
88700 7454 438598 7593 448402
88800 7458 439045 7599 448955
88900 7470 439563 7609 449437
89000 7475 439970 7615 450030
89100 7477 440518 7617 450482
89200 7482 441069 7621 450931
89300 7485 441550 7635 451450
89400 7490 442027 7643 451973
89500 7499 442517 7643 452483
89600 7504 443067 7653 452933
89700 7513 443536 7661 453464
89800 7524 444099 7670 453901
89900 7532 444602 7680 454398
90000 7539 445067 7685 454933
90100 7545 445570 7696 455430
90200 7552 446073 7700 455927
90300 7558 446496 7704 456504
90400 7566 447073 7720 456927
90500 7573 447478 7725 457522
90600 7580 448065 7734 457935
90700 7589 448606 7745 458394
90800 7604 449092 7752 458908
90900 7612 449606 7755 459394
91000 7619 450186 7760 459814
91100 7625 450691 7767 460309
91200 7633 451268 7775 460732
91300 7649 451753 7779 461247
91400 7657 452350 7789 461650
91500 7664 452851 7793 462149
91600 7670 453347 7801 462653
91700 7682 453858 7810 463142
91800 7692 454353 7817 463647
91900 7705 454850 7824 464150
92000 7707 455371 7826 464629
92100 7712 455947 7833 465053
92200 7721 456475 7846 465525
92300 7723 456931 7850 466069
92400 7732 457396 7853 466604
92500 7737 457945 7862 467055
92600 7750 458459 7864 467541
92700 7757 458948 7873 468052
92800 7767 459472 7886 468528
92900 7775 459908 7895 469092
93000 7785 460279 7905 469721
93100 7791 460777 7907 470223
93200 7796 461288 7913 470712
93300 7809 461762 7925 471238
93400 7819 462309 7933 471691
93500 7823 462768 7945 472232
93600 7831 463147 7955 472853
93700 7841 463551 7965 473449
93800 7849 464145 7969 473855
93900 7856 464620 7976 474380
94000 7859 465109 7981 474891
94100 7864 465679 7990 475321
94200 7869 466233 8001 475767
94300 7879 466661 8006 476339
94400 7888 467186 8015 476814
94500 7896 467624 8024 477376
94600 7904 468070 8029 477930
94700 7907 468529 8038 478471
94800 7914 469005 8050 478995
94900 7923 469475 8058 479525
95000 7926 469935 8065 480065
95100 7934 470422 8073 480578
95200 7945 470993 8089 481007
95300 7951 471554 8098 481446
95400 7956 472023 8102 481977
95500 7962 472495 8108 482505
95600 7969 472995 8116 483005
95700 7976 473448 8128 483552
95800 7981 473815 8132 484185
95900 7992 474266 8142 484734
96000 8004 474738 8150 485262
96100 8017 475265 8156 485735
96200 8022 475705 8160 486295
96300 8033 476256 8172 486744
96400 8049 476754 8183 487246
96500 8061 477199 8194 487801
96600 8065 477664 8202 488336
96700 8075 478131 8207 488869
96800 8078 478638 8211 489362
96900 8081 479146 8215 489854
97000 8084 479669 8220 490331
97100 8091 480198 8228 490802
97200 8093 480560 8238 491440
97300 8103 481003 8246 491997
97400 8109 481510 8249 492490
97500 8119 481946 8262 493054
97600 8126 482443 8275 493557
97700 8135 482866 8285 494134
97800 8144 483323 8296 494677
97900 8152 483775 8299 495225
98000 8165 484333 8312 495667
98100 8172 484799 8323 496201
98200 8179 485311 8335 496689
98300 8184 485838 8339 497162
98400 8192 486406 8342 497594
98500 8205 486876 8351 498124
98600 8209 487413 8359 498587
98700 8221 487954 8365 499046
98800 8232 488476 8373 499524
98900 8238 489027 8376 499973
99000 8244 489512 8385 500488
99100 8256 490015 8393 500985
99200 8268 490493 8403 501507
99300 8278 490988 8407 502012
99400 8281 491540 8411 502460
99500 8290 492054 8419 502946
99600 8298 492480 8427 503520
99700 8306 493028 8440 503972
99800 8310 493559 8448 504441
99900 8321 494019 8460 504981
100000 8326 494529 8463 505471
100100 8334 495029 8473 505971
100200 8346 495487 8480 506513
100300 8353 496024 8485 506976
100400 8360 496540 8492 507460
100500 8364 497069 8501 507931
100600 8377 497653 8506 508347
100700 8382 498135 8513 508865
100800 8392 498647 8521 509353
100900 8403 499130 8531 509870
101000 8409 499644 8540 510356
101100 8417 500096 8550 510904
101200 8428 500603 8557 511397
101300 8434 501132 8563 511868
101400 8440 501734 8574 512266
101500 8445 502225 8583 512775
101600 8452 502797 8585 513203
101700 8460 503226 8595 513774
101800 8476 503586 8600 514414
101900 8490 504093 8605 514907
102000 8498 504487 8612 515513
102100 8508 504930 8619 516070
102200 8512 505446 8628 516554
102300 8518 505965 8636 517035
102400 8524 506460 8641 517540
102500 8531 506984 8649 518016
102600 8541 507459 8656 518541
102700 8546 507957 8663 519043
102800 8554 508448 8669 519552
102900 8561 508930 8675 520070
103000 8563 509422 8688 520578
103100 8568 509929 8698 521071
103200 8570 510420 8706 521580
103300 8575 510974 8711 522026
103400 8583 511540 8726 522460
103500 8590 512087 8733 522913
103600 8596 512592 8741 523408
103700 8610 513109 8751 523891
103800 8619 513601 8755 524399
103900 8626 514100 8756 524900
104000 8633 514564 8765 525436
104100 8638 515053 8772 525947
104200 8647 515529 8781 526471
104300 8649 516066 8783 526934
104400 8653 516567 8790 527433
104500 8661 517034 8801 527966
104600 8668 517582 8805 528418
104700 8672 518091 8810 528909
104800 8677 518601 8813 529399
104900 8688 519168 8828 529832
105000 8695 519691 8837 530309
105100 8707 520110 8847 530890
105200 8712 520591 8857 531409
105300 8719 521128 8866 531872
105400 8725 521641 8877 532359
105500 8738 522221 8887 532779
105600 8745 522742 8897 533258
105700 8756 523240 8907 533760
105800 8762 523677 8914 534323
105900 8772 524215 8923 534785
106000 8780 524700 8932 535300
106100 8790 525140 8943 535860
106200 8794 525702 8947 536298
106300 8800 526170 8954 536830
106400 8805 526722 8965 537278
106500 8810 527174 8969 537826
106600 8816 527680 8979 538320
106700 8823 528194 8990 538806
106800 8830 528662 8992 539338
106900 8833 529177 9000 539823
107000 8843 529690 9007 540310
107100 8847 530188 9010 540812
107200 8853 530763 9014 541237
107300 8861 531303 9026 541697
107400 8863 531856 9030 542144
107500 8869 532361 9042 542639
107600 8874 532853 9048 543147
107700 8881 533415 9053 543585
107800 8887 533935 9057 544065
107900 8892 534548 9059 544452
108000 8899 535164 9070 544836
108100 8906 535687 9078 545313
108200 8916 536214 9081 545786
108300 8920 536717 9085 546283
108400 8927 537226 9090 546774
108500 8935 537727 9096 547273
108600 8942 538283 9100 547717
108700 8954 538829 9117 548171
108800 8966 539366 9123 548634
108900 8977 539904 9134 549096
109000 8992 540396 9143 549604
109100 8997 540935 9154 550065
109200 9009 541466 9160 550534
109300 9019 541973 9170 551027
109400 9022 542539 9179 551461
109500 9031 542926 9184 552074
109600 9043 543382 9187 552618
109700 9048 543863 9192 553137
109800 9055 544390 9201 553610
109900 9061 544880 9212 554120
110000 9070 545306 9216 554694
110100 9075 545662 9223 555338
110200 9078 546195 9233 555805
110300 9085 546690 9247 556310
110400 9087 547283 9253 556717
110500 9095 547828 9264 557172
110600 9106 548279 9274 557721
110700 9112 548772 9279 558228
110800 9121 549379 9288 558621
110900 9131 549930 9300 559070
111000 9134 550450 9305 559550
111100 9139 550997 9308 560003
111200 9142 551533 9314 560467
111300 9149 552034 9321 560966
111400 9156 552555 9330 561445
111500 9160 553146 9334 561854
111600 9162 553600 9335 562400
111700 9172 554121 9341 562879
111800 9178 554541 9347 563459
111900 9187 555106 9356 563894
112000 9191 555621 9362 564379
112100 9200 556147 9369 564853
112200 9211 556632 9377 565368
112300 9218 557102 9385 565898
112400 9221 557593 9395 566407
112500 9229 558173 9404 566827
112600 9234 558730 9410 567270
112700 9240 559218 9415 567782
112800 9253 559674 9420 568326
112900 9269 560237 9432 568763
113000 9276 560761 9434 569239
113100 9284 561287 9439 569713
113200 9288 561790 9443 570210
113300 9295 562285 9450 570715
113400 9308 562726 9462 571274
113500 9319 563177 9468 571823
113600 9328 563702 9474 572298
113700 9335 564155 9479 572845
113800 9342 564633 9485 573367
113900 9347 565104 9489 573896
114000 9352 565602 9495 574398
114100 9361 566046 9500 574954
114200 9368 566625 9507 575375
114300 9374 567117 9515 575883
114400 9382 567653 9523 576347
114500 9389 568117 9531 576883
114600 9394 568671 9541 577329
114700 9403 569178 9547 577822
114800 9413 569716 9561 578284
114900 9418 570211 9568 578789
115000 9427 570726 9571 579274
115100 9433 571225 9580 579775
115200 9440 571809 9587 580191
115300 9443 572245 9595 580755
115400 9451 572715 9608 581285
115500 9463 573256 9614 581744
115600 9471 573716 9620 582284
115700 9484 574184 9628 582816
115800 9498 574723 9640 583277
115900 9501 575200 9647 583800
116000 9511 575671 9660 584329
116100 9520 576237 9668 584763
116200 9531 576791 9672 585209
116300 9539 577334 9681 585666
116400 9549 577829 9693 586171
116500 9557 578217 9703 586783
116600 9568 578752 9715 587248
116700 9580 579216 9724 587784
116800 9585 579682 9730 588318
116900 9593 580140 9736 588860
117000 9601 580639 9742 589361
117100 9610 581136 9755 589864
117200 9617 581651 9765 590349
117300 9630 582201 9769 590799
117400 9637 582752 9778 591248
117500 9643 583191 9784 591809
117600 9651 583676 9787 592324
117700 9659 584145 9796 592855
117800 9662 584621 9803 593379
117900 9667 585191 9812 593809
118000 9678 585679 9823 594321
118100 9684 586175 9828 594825
118200 9694 586685 9830 595315
118300 9696 587227 9837 595773
118400 9707 587662 9852 596338
118500 9719 588231 9863 596769
118600 9724 588693 9871 597307
118700 9735 589196 9875 597804
118800 9739 589657 9880 598343
118900 9744 590117 9885 598883
119000 9752 590611 9892 599389
119100 9758 591173 9896 599827
119200 9767 591718 9902 600282
119300 9773 592226 9912 600774
119400 9785 592620 9918 601380
119500 9794 593072 9927 601928
119600 9806 593588 9939 602412
119700 9812 594174 9951 602826
119800 9821 594595 9952 603405
119900 9827 595091 9959 603909
120000 9833 595630 9966 604370
120100 9841 596082 9978 604918
120200 9849 596581 9985 605419
120300 9852 597196 9994 605804
120400 9859 597652 10002 606348
120500 9867 598058 10015 606942
120600 9884 598476 10023 607524
120700 9890 598987 10033 608013
120800 9899 599562 10038 608438
120900 9907 600131 10043 608869
121000 9921 600673 10048 609327
121100 9929 601212 10055 609788
121200 9934 601717 10066 610283
121300 9942 602215 10076 610785
121400 9950 602672 10089 611328
121500 9961 603210 10103 611790
121600 9973 603735 10115 612265
121700 9983 604194 10119 612806
121800 9987 604673 10124 613327
121900 9997 605169 10127 613831
122000 10005 605580 10134 614420
122100 10016 606083 10151 614917
122200 10026 606635 10154 615365
122300 10033 607135 10159 615865
122400 10045 607638 10167 616362
122500 10054 608108 10174 616892
122600 10061 608601 10181 617399
122700 10069 609076 10190 617924
122800 10076 609550 10197 618450
122900 10086 610062 10204 618938
123000 10101 610538 10215 619462
123100 10108 611065 10224 619935
123200 10116 611558 10231 620442
123300 10126 611962 10236 621038
123400 10135 612412 10244 621588
123500 10147 612975 10254 622025
123600 10155 613558 10259 622442
123700 10164 614090 10265 622910
123800 10175 614573 10280 623427
123900 10178 614977 10287 624023
124000 10183 615442 10291 624558
124100 10194 615961 10301 625039
124200 10209 616525 10314 625475
124300 10216 617052 10322 625948
124400 10225 617539 10333 626461
124500 10232 617992 10342 627008
124600 10240 618448 10351 627552
124700 10250 618878 10357 628122
124800 10254 619377 10366 628623
124900 10263 619869 10374 629131
125000 10274 620397 10382 629603
125100 10283 620958 10394 630042
125200 10290 621520 10398 630480
125300 10294 622018 10403 630982
125400 10305 622498 10413 631502
125500 10319 623046 10424 631954
125600 10326 623563 10427 632437
125700 10333 624043 10434 632957
125800 10336 624508 10436 633492
125900 10340 625012 10441 633988
126000 10346 625619 10448 634381
126100 10357 626153 10453 634847
126200 10361 626647 10460 635353
126300 10365 627171 10470 635829
126400 10375 627571 10480 636429
126500 10388 628048 10492 636952
126600 10410 628496 10497 637504
126700 10418 628978 10504 638022
126800 10427 629417 10508 638583
126900 10432 629907 10510 639093
127000 10441 630369 10521 639631
127100 10451 630792 10526 640208
127200 10461 631322 10532 640678
127300 10467 631846 10539 641154
127400 10472 632291 10548 641709
127500 10481 632765 10556 642235
127600 10488 633235 10565 642765
127700 10500 633789 10572 643211
127800 10510 634326 10582 643674
127900 10517 634841 10586 644159
128000 10524 635381 10593 644619
128100 10527 635904 10595 645096
128200 10535 636452 10605 645548
128300 10539 637000 10617 646000
128400 10545 637525 10624 646475
128500 10554 638008 10636 646992
128600 10564 638546 10642 647454
128700 10576 639038 10656 647962
128800 10588 639517 10659 648483
128900 10595 640090 10666 648910
129000 10601 640628 10677 649372
129100 10611 641145 10685 649855
129200 10619 641627 10705 650373
129300 10627 642143 10716 650857
129400 10637 642615 10724 651385
129500 10648 643156 10734 651844
129600 10656 643697 10739 652303
129700 10669 644222 10742 652778
129800 10675 644717 10749 653283
129900 10683 645255 10755 653745
130000 10691 645735 10769 654265
130100 10698 646276 10776 654724
130200 10709 646753 10792 655247
130300 10716 647224 10801 655776
130400 10722 647674 10814 656326
130500 10731 648257 10827 656743
130600 10737 648794 10835 657206
130700 10743 649312 10843 657688
130800 10748 649819 10845 658181
130900 10749 650372 10852 658628
131000 10755 650824 10855 659176
131100 10763 651286 10861 659714
131200 10775 651730 10874 660270
131300 10781 652231 10883 660769
131400 10789 652675 10888 661325
131500 10800 653222 10897 661778
131600 10807 653723 10904 662277
131700 10815 654220 10919 662780
131800 10823 654694 10928 663306
131900 10831 655181 10933 663819
132000 10843 655614 10938 664386
132100 10848 656164 10945 664836
132200 10859 656650 10954 665350
132300 10865 657122 10956 665878
132400 10871 657643 10957 666357
132500 10877 658114 10960 666886
132600 10888 658620 10964 667380
132700 10894 659135 10972 667865
132800 10898 659564 10978 668436
132900 10907 660023 10987 668977
133000 10911 660544 10995 669456
133100 10920 661031 11012 669969
133200 10922 661539 11020 670461
133300 10928 662028 11028 670972
133400 10941 662491 11036 671509
133500 10946 662998 11042 672002
133600 10956 663469 11052 672531
133700 10960 663984 11067 673016
133800 10968 664464 11074 673536
133900 10973 664992 11079 674008
134000 10979 665536 11088 674464
134100 10990 665961 11097 675039
134200 10996 666440 11107 675560
134300 11002 666797 11115 676203
134400 11015 667287 11124 676713
134500 11019 667792 11128 677208
134600 11032 668285 11135 677715
134700 11040 668835 11142 678165
134800 11046 669386 11147 678614
134900 11050 669877 11151 679123
135000 11054 670359 11158 679641
135100 11061 670925 11165 680075
135200 11065 671401 11172 680599
135300 11070 671941 11174 681059
135400 11076 672473 11184 681527
135500 11086 673084 11199 681916
135600 11093 673620 11204 682380
135700 11100 674017 11214 682983
135800 11109 674421 11224 683579
135900 11121 674893 11231 684107
136000 11127 675377 11235 684623
136100 11136 675836 11242 685164
136200 11139 676295 11251 685705
136300 11149 676790 11259 686210
136400 11157 677320 11269 686680
136500 11162 677839 11276 687161
136600 11173 678279 11288 687721
136700 11181 678758 11298 688242
136800 11184 679269 11304 688731
136900 11197 679777 11314 689223
137000 11206 680327 11319 689673
137100 11215 680777 11327 690223
137200 11230 681274 11338 690726
137300 11243 681767 11344 691233
137400 11253 682188 11354 691812
137500 11259 682710 11367 692290
137600 11267 683254 11375 692746
137700 11270 683833 11383 693167
137800 11273 684364 11394 693636
137900 11283 684933 11399 694067
138000 11287 685456 11407 694544
138100 11289 685996 11408 695004
138200 11298 686595 11422 695405
138300 11307 687086 11429 695914
138400 11314 687599 11434 696401
138500 11316 688103 11438 696897
138600 11322 688583 11442 697417
138700 11323 689071 11450 697929
138800 11331 689528 11456 698472
138900 11338 690025 11464 698975
139000 11349 690539 11472 699461
139100 11356 691034 11479 699966
139200 11365 691444 11488 700556
139300 11373 691937 11501 701063
139400 11384 692412 11513 701588
139500 11390 692830 11516 702170
139600 11395 693335 11520 702665
139700 11401 693879 11526 703121
139800 11404 694281 11534 703719
139900 11413 694726 11542 704274
140000 11421 695263 11549 704737
140100 11431 695723 11555 705277
140200 11437 696288 11558 705712
140300 11441 696755 11561 706245
140400 11445 697311 11572 706689
140500 11449 697793 11581 707207
140600 11459 698327 11587 707673
140700 11472 698808 11594 708192
140800 11483 699272 11605 708728
140900 11490 699744 11613 709256
141000 11498 700239 11620 709761
141100 11506 700730 11631 710270
141200 11511 701155 11639 710845
141300 11520 701616 11647 711384
141400 11530 702079 11664 711921
141500 11537 702561 11669 712439
141600 11545 703110 11678 712890
141700 11550 703664 11686 713336
141800 11559 704094 11694 713906
141900 11567 704702 11701 714298
142000 11585 705212 11721 714788
142100 11588 705671 11726 715329
142200 11593 706145 11734 715855
142300 11605 706597 11737 716403
142400 11611 706984 11743 717016
142500 11611 707458 11746 717542
142600 11620 707885 11758 718115
142700 11626 708329 11767 718671
142800 11634 708841 11772 719159
142900 11638 709372 11780 719628
143000 11645 709835 11787 720165
143100 11657 710361 11798 720639
143200 11665 710893 11805 721107
143300 11674 711498 11816 721502
143400 11685 712035 11822 721965
143500 11690 712532 11829 722468
143600 11697 712954 11833 723046
143700 11708 713390 11842 723610
143800 11716 713825 11847 724175
143900 11726 714331 11852 724669
144000 11730 714880 11857 725120
144100 11744 715398 11867 725602
144200 11753 715854 11872 726146
144300 11757 716393 11883 726607
144400 11766 716927 11897 727073
144500 11775 717423 11906 727577
144600 11782 717893 11908 728107
144700 11790 718366 11913 728634
144800 11794 718879 11919 729121
144900 11800 719426 11928 729574
145000 11816 719971 11935 730029
145100 11822 720457 11939 730543
145200 11826 720863 11946 731137
145300 11831 721379 11954 731621
145400 11838 721884 11961 732116
145500 11841 722425 11968 732575
145600 11850 722869 11978 733131
145700 11857 723342 11991 733658
145800 11864 723753 11997 734247
145900 11877 724147 12009 734853
146000 11885 724657 12018 735343
146100 11891 725136 12026 735864
146200 11898 725664 12030 736336
146300 11902 726137 12034 736863
146400 11914 726664 12044 737336
146500 11923 727129 12050 737871
146600 11931 727702 12062 738298
146700 11940 728283 12073 738717
146800 11947 728930 12081 739070
146900 11951 729408 12088 739592
147000 11954 729929 12094 740071
147100 11962 730486 12100 740514
147200 11968 731014 12105 740986
147300 11973 731521 12111 741479
147400 11984 731915 12121 742085
147500 11990 732473 12130 742527
147600 12001 733076 12138 742924
147700 12009 733505 12149 743495
147800 12019 734009 12159 743991
147900 12028 734489 12164 744511
148000 12035 734970 12172 745030
148100 12042 735471 12178 745529
148200 12053 735957 12185 746043
148300 12069 736434 12193 746566
148400 12077 736827 12199 747173
148500 12080 737312 12202 747688
148600 12082 737809 12207 748191
148700 12092 738264 12214 748736
148800 12098 738829 12222 749171
148900 12117 739309 12231 749691
149000 12126 739812 12240 750188
149100 12136 740374 12249 750626
149200 12139 740840 12254 751160
149300 12141 741353 12258 751647
149400 12145 741782 12264 752218
149500 12155 742293 12275 752707
149600 12172 742799 12281 753201
149700 12180 743365 12293 753635
149800 12189 743877 12300 754123
149900 12193 744435 12311 754565
150000 12202 744913 12317 755087
150100 12210 745441 12327 755559
150200 12221 745941 12338 756059
150300 12228 746439 12346 756561
150400 12231 746977 12357 757023
150500 12240 747436 12361 757564
150600 12247 747942 12366 758058
150700 12256 748450 12376 758550
150800 12266 748891 12385 759109
150900 12269 749317 12393 759683
151000 12275 749776 12397 760224
151100 12280 750270 12403 760730
151200 12287 750814 12406 761186
151300 12297 751308 12413 761692
151400 12308 751706 12425 762294
151500 12317 752140 12429 762860
151600 12328 752649 12434 763351
151700 12334 753207 12438 763793
151800 12339 753601 12440 764399
151900 12349 754013 12445 764987
152000 12351 754406 12447 765594
152100 12363 754903 12454 766097
152200 12373 755398 12466 766602
152300 12379 755925 12471 767075
152400 12387 756406 12473 767594
152500 12396 756924 12478 768076
152600 12403 757278 12489 768722
152700 12410 757736 12499 769264
152800 12416 758228 12506 769772
152900 12421 758691 12509 770309
153000 12432 759225 12515 770775
153100 12439 759745 12520 771255
153200 12447 760186 12531 771814
153300 12460 760609 12542 772391
153400 12466 761112 12549 772888
153500 12468 761561 12553 773439
153600 12483 762047 12564 773953
153700 12495 762538 12572 774462
153800 12508 762955 12585 775045
153900 12514 763418 12593 775582
154000 12519 763975 12602 776025
154100 12526 764494 12613 776506
154200 12538 765041 12621 776959
154300 12550 765585 12624 777415
154400 12554 766091 12628 777909
154500 12560 766574 12636 778426
154600 12570 767085 12642 778915
154700 12576 767536 12648 779464
154800 12588 767940 12655 780060
154900 12594 768445 12663 780555
155000 12609 768899 12675 781101
155100 12614 769404 12677 781596
155200 12618 769932 12681 782068
155300 12624 770377 12688 782623
155400 12634 770928 12692 783072
155500 12643 771422 12698 783578
155600 12649 771915 12711 784085
155700 12650 772485 12715 784515
155800 12655 772952 12723 785048
155900 12660 773413 12733 785587
156000 12671 773824 12742 786176
156100 12677 774326 12747 786674
156200 12683 774816 12753 787184
156300 12690 775291 12768 787709
156400 12696 775689 12774 788311
156500 12707 776208 12786 788792
156600 12719 776751 12796 789249
156700 12724 777277 12800 789723
156800 12725 777886 12804 790114
156900 12734 778482 12815 790518
157000 12740 779012 12822 790988
157100 12749 779460 12826 791540
157200 12751 779953 12832 792047
157300 12755 780557 12838 792443
157400 12762 781156 12843 792844
157500 12766 781678 12853 793322
157600 12773 782235 12861 793765
157700 12786 782732 12868 794268
157800 12797 783225 12882 794775
157900 12805 783739 12886 795261
158000 12809 784198 12899 795802
158100 12818 784661 12907 796339
158200 12829 785128 12914 796872
158300 12835 785663 12925 797337
158400 12843 786049 12940 797951
158500 12850 786587 12946 798413
158600 12856 787019 12953 798981
158700 12863 787556 12957 799444
158800 12873 788053 12968 799947
158900 12877 788630 12973 800370
159000 12882 789101 12982 800899
159100 12893 789604 12993 801396
159200 12899 790077 12998 801923
159300 12906 790493 13006 802507
159400 12915 791088 13009 802912
159500 12926 791630 13020 803370
159600 12931 792093 13030 803907
159700 12935 792538 13039 804462
159800 12943 793046 13049 804954
159900 12952 793572 13060 805428
160000 12959 794014 13068 805986
160100 12965 794491 13079 806509
160200 12977 794905 13089 807095
160300 12982 795295 13096 807705
160400 12991 795833 13105 808167
160500 12997 796321 13121 808679
160600 13010 796840 13128 809160
160700 13019 797359 13134 809641
160800 13035 797830 13142 810170
160900 13040 798365 13147 810635
161000 13046 798891 13152 811109
161100 13051 799458 13160 811542
161200 13057 799931 13167 812069
161300 13063 800399 13172 812601
161400 13072 800872 13181 813128
161500 13082 801377 13187 813623
161600 13089 801896 13193 814104
161700 13092 802400 13197 814600
161800 13101 802912 13209 815088
161900 13103 803411 13218 815589
162000 13116 803996 13230 816004
162100 13123 804503 13238 816497
162200 13130 804997 13246 817003
162300 13141 805475 13253 817525
162400 13146 806012 13258 817988
162500 13153 806451 13265 818549
162600 13165 806906 13281 819094
162700 13175 807424 13288 819576
162800 13178 807949 13294 820051
162900 13189 808472 13300 820528
163000 13194 808936 13302 821064
163100 13198 809434 13307 821566
163200 13208 809886 13314 822114
163300 13213 810345 13318 822655
163400 13218 810797 13328 823203
163500 13223 811217 13337 823783
163600 13232 811696 13353 824304
163700 13243 812217 13358 824783
163800 13251 812675 13363 825325
163900 13269 813169 13373 825831
164000 13278 813749 13378 826251
164100 13283 814386 13385 826614
164200 13290 814847 13392 827153
164300 13298 815277 13399 827723
164400 13305 815777 13402 828223
164500 13308 816370 13408 828630
164600 13317 816893 13417 829107
164700 13329 817336 13428 829664
164800 13334 817900 13434 830100
164900 13338 818522 13440 830478
165000 13339 819104 13451 830896
165100 13346 819648 13457 831352
165200 13355 820063 13460 831937
165300 13362 820567 13471 832433
165400 13374 821054 13483 832946
165500 13378 821538 13495 833462
165600 13386 822031 13501 833969
165700 13392 822534 13508 834466
165800 13398 823122 13510 834878
165900 13405 823580 13520 835420
166000 13409 824103 13529 835897
166100 13417 824563 13539 836437
166200 13429 824998 13551 837002
166300 13432 825603 13563 837397
166400 13441 826017 13569 837983
166500 13450 826508 13579 838492
166600 13459 826977 13592 839023
166700 13465 827393 13598 839607
166800 13476 827931 13604 840069
166900 13487 828453 13608 840547
167000 13497 828944 13616 841056
167100 13502 829433 13619 841567
167200 13507 829921 13625 842079
167300 13512 830447 13633 842553
167400 13516 830998 13636 843002
167500 13520 831465 13640 843535
167600 13526 831982 13647 844018
167700 13530 832371 13656 844629
167800 13539 832899 13669 845101
167900 13544 833460 13676 845540
168000 13554 833896 13679 846104
168100 13563 834430 13689 846570
168200 13568 834994 13690 847006
168300 13573 835448 13698 847552
168400 13578 835973 13713 848027
168500 13581 836439 13719 848561
168600 13591 836878 13725 849122
168700 13601 837407 13734 849593
168800 13619 837973 13739 850027
168900 13628 838431 13749 850569
169000 13637 838896 13764 851104
169100 13641 839452 13776 851548
169200 13647 840020 13783 851980
169300 13651 840520 13786 852480
169400 13657 841019 13790 852981
169500 13666 841448 13801 853552
169600 13674 841873 13808 854127
169700 13679 842325 13816 854675
169800 13685 842800 13826 855200
169900 13701 843241 13842 855759
170000 13708 843694 13852 856306
170100 13712 844186 13856 856814
170200 13719 844677 13860 857323
170300 13727 845130 13873 857870
170400 13729 845572 13880 858428
170500 13737 846129 13887 858871
170600 13744 846539 13901 859461
170700 13750 846957 13905 860043
170800 13761 847485 13908 860515
170900 13775 848034 13918 860966
171000 13786 848582 13925 861418
171100 13796 849046 13937 861954
171200 13802 849535 13943 862465
171300 13811 850038 13954 862962
171400 13817 850626 13967 863374
171500 13827 851093 13971 863907
171600 13836 851548 13980 864452
171700 13842 852044 13985 864956
171800 13855 852511 13997 865489
171900 13864 852996 14004 866004
172000 13873 853456 14014 866544
172100 13880 854038 14027 866962
172200 13889 854507 14032 867493
172300 13897 855050 14036 867950
172400 13902 855599 14040 868401
172500 13915 856120 14055 868880
172600 13922 856592 14071 869408
172700 13932 857083 14076 869917
172800 13943 857547 14081 870453
172900 13951 857986 14087 871014
173000 13955 858431 14095 871569
173100 13961 858956 14103 872044
173200 13971 859501 14107 872499
173300 13980 860048 14116 872952
173400 13991 860491 14120 873509
173500 13997 860991 14125 874009
173600 14002 861471 14135 874529
173700 14006 861915 14144 875085
173800 14020 862487 14156 875513
173900 14028 863019 14163 875981
174000 14040 863486 14174 876514
174100 14050 864042 14178 876958
174200 14057 864506 14185 877494
174300 14060 865081 14191 877919
174400 14072 865597 14197 878403
174500 14077 866087 14204 878913
174600 14082 866566 14211 879434
174700 14083 867118 14219 879882
174800 14097 867656 14231 880344
174900 14104 868082 14241 880918
175000 14112 868622 14249 881378
175100 14117 869127 14255 881873
175200 14125 869559 14260 882441
175300 14132 870001 14264 882999
175400 14146 870482 14268 883518
175500 14157 871000 14281 884000
175600 14164 871479 14292 884521
175700 14170 871966 14299 885034
175800 14178 872498 14307 885502
175900 14183 873061 14314 885939
176000 14188 873530 14322 886470
176100 14193 874040 14327 886960
176200 14202 874606 14333 887394
176300 14211 875169 14339 887831
176400 14215 875740 14343 888260
176500 14226 876283 14354 888717
176600 14235 876789 14365 889211
176700 14243 877284 14377 889716
176800 14249 877735 14386 890265
176900 14257 878210 14393 890790
177000 14273 878662 14412 891338
177100 14287 879215 14423 891785
177200 14293 879782 14433 892218
177300 14299 880287 14441 892713
177400 14311 880738 14448 893262
177500 14322 881172 14460 893828
177600 14329 881731 14466 894269
177700 14335 882096 14476 894904
177800 14343 882540 14486 895460
177900 14355 882988 14497 896012
178000 14363 883466 14508 896534
178100 14377 883959 14514 897041
178200 14382 884467 14519 897533
178300 14389 885008 14526 897992
178400 14397 885471 14539 898529
178500 14409 885933 14550 899067
178600 14414 886424 14556 899576
178700 14421 886845 14561 900155
178800 14424 887404 14568 900596
178900 14432 887883 14574 901117
179000 14440 888356 14585 901644
179100 14447 888821 14593 902179
179200 14452 889258 14600 902742
179300 14460 889749 14605 903251
179400 14474 890180 14612 903820
179500 14481 890737 14621 904263
179600 14484 891266 14625 904734
179700 14497 891777 14634 905223
179800 14509 892280 14642 905720
179900 14516 892866 14651 906134
180000 14519 893377 14659 906623
180100 14529 893845 14662 907155
180200 14533 894361 14672 907639
180300 14546 894889 14681 908111
180400 14553 895304 14690 908696
180500 14561 895762 14696 909238
180600 14570 896265 14706 909735
180700 14576 896836 14713 910164
180800 14583 897319 14720 910681
180900 14592 897768 14726 911232
181000 14600 898321 14732 911679
181100 14605 898767 14740 912233
181200 14612 899269 14748 912731
181300 14621 899774 14753 913226
181400 14628 900223 14757 913777
181500 14636 900783 14766 914217
181600 14643 901318 14782 914682
181700 14649 901925 14789 915075
181800 14655 902375 14800 915625
181900 14664 902867 14813 916133
182000 14679 903322 14828 916678
182100 14686 903781 14834 917219
182200 14692 904180 14843 917820
182300 14699 904620 14847 918380
182400 14708 905078 14850 918922
182500 14721 905550 14860 919450
182600 14727 905984 14869 920016
182700 14737 906482 14874 920518
182800 14748 906920 14884 921080
182900 14755 907413 14895 921587
183000 14759 907896 14900 922104
183100 14764 908372 14904 922628
183200 14770 908864 14907 923136
183300 14777 909412 14915 923588
183400 14782 909864 14918 924136
183500 14787 910345 14932 924655
183600 14796 910793 14938 925207
183700 14803 911211 14953 925789
183800 14814 911693 14967 926307
183900 14828 912191 14970 926809
184000 14835 912667 14979 927333
184100 14840 913142 14989 927858
184200 14847 913656 14997 928344
184300 14855 914234 15005 928766
184400 14866 914760 15013 929240
184500 14874 915269 15017 929731
184600 14884 915691 15024 930309
184700 14891 916163 15040 930837
184800 14899 916630 15040 931370
184900 14908 917184 15048 931816
185000 14922 917715 15052 932285
185100 14932 918169 15057 932831
185200 14935 918643 15062 933357
185300 14942 919173 15068 933827
185400 14956 919630 15075 934370
185500 14963 920203 15082 934797
185600 14967 920719 15091 935281
185700 14979 921208 15095 935792
185800 14987 921652 15100 936348
185900 14995 922186 15109 936814
186000 15003 922673 15114 937327
186100 15009 923159 15123 937841
186200 15019 923659 15133 938341
186300 15027 924193 15140 938807
186400 15037 924657 15147 939343
186500 15045 925223 15156 939777
186600 15051 925768 15162 940232
186700 15054 926317 15175 940683
186800 15060 926872 15183 941128
186900 15064 927410 15189 941590
187000 15070 927910 15197 942090
187100 15073 928354 15203 942646
187200 15084 928807 15208 943193
187300 15094 929278 15228 943722
187400 15103 929766 15241 944234
187500 15111 930213 15248 944787
187600 15121 930757 15255 945243
187700 15128 931288 15261 945712
187800 15137 931818 15270 946182
187900 15153 932396 15283 946604
188000 15163 932829 15297 947171
188100 15171 933374 15303 947626
188200 15178 933891 15311 948109
188300 15188 934371 15323 948629
188400 15194 934839 15328 949161
188500 15203 935409 15336 949591
188600 15212 935947 15344 950053
188700 15221 936432 15350 950568
188800 15223 936822 15355 951178
188900 15229 937335 15360 951665
189000 15241 937883 15370 952117
189100 15251 938369 15383 952631
189200 15266 938831 15390 953169
189300 15275 939191 15392 953809
189400 15287 939696 15400 954304
189500 15295 940249 15408 954751
189600 15299 940690 15412 955310
189700 15306 941142 15422 955858
189800 15309 941652 15426 956348
189900 15320 942171 15439 956829
190000 15326 942716 15443 957284
190100 15335 943175 15449 957825
190200 15342 943644 15459 958356
190300 15349 944116 15466 958884
190400 15354 944556 15470 959444
190500 15358 944986 15479 960014
190600 15367 945447 15492 960553
190700 15379 945888 15501 961112
190800 15387 946479 15517 961521
190900 15396 947003 15525 961997
191000 15403 947445 15533 962555
191100 15410 947943 15544 963057
191200 15424 948439 15551 963561
191300 15436 948928 15561 964072
191400 15440 949418 15568 964582
191500 15448 949827 15573 965173
191600 15456 950359 15579 965641
191700 15471 950876 15593 966124
191800 15476 951377 15602 966623
191900 15484 951804 15613 967196
192000 15487 952261 15617 967739
192100 15493 952859 15627 968141
192200 15504 953358 15638 968642
192300 15516 953850 15646 969150
192400 15522 954373 15656 969627
192500 15527 954937 15660 970063
192600 15536 955340 15671 970660
192700 15541 955811 15680 971189
192800 15547 956433 15683 971567
192900 15557 956947 15695 972053
193000 15566 957515 15703 972485
193100 15576 958050 15712 972950
193200 15582 958623 15718 973377
193300 15591 959091 15729 973909
193400 15599 959582 15738 974418
193500 15606 959974 15744 975026
193600 15608 960512 15752 975488
193700 15615 961016 15762 975984
193800 15623 961539 15772 976461
193900 15628 962040 15777 976960
194000 15635 962502 15783 977498
194100 15648 962974 15793 978026
194200 15661 963443 15806 978557
194300 15670 963892 15811 979108
194400 15674 964281 15820 979719
194500 15683 964747 15822 980253
194600 15691 965181 15830 980819
194700 15695 965692 15833 981308
194800 15704 966184 15842 981816
194900 15718 966690 15854 982310
195000 15722 967193 15862 982807
195100 15732 967648 15868 983352
195200 15735 968180 15873 983820
195300 15742 968637 15881 984363
195400 15754 969147 15884 984853
195500 15770 969729 15896 985271
195600 15781 970210 15906 985790
195700 15789 970629 15912 986371
195800 15795 971067 15921 986933
195900 15803 971513 15928 987487
196000 15807 971974 15932 988026
196100 15819 972545 15942 988455
196200 15826 973013 15950 988987
196300 15832 973549 15956 989451
196400 15839 974016 15962 989984
196500 15851 974476 15970 990524
196600 15863 974951 15978 991049
196700 15865 975499 15981 991501
196800 15872 976078 15986 991922
196900 15877 976611 15996 992389
197000 15880 977062 16007 992938
197100 15888 977523 16014 993477
197200 15898 978031 16028 993969
197300 15900 978525 16036 994475
197400 15914 978985 16044 995015
197500 15922 979489 16056 995511
197600 15932 979916 16066 996084
197700 15940 980436 16071 996564
197800 15945 980993 16078 997007
197900 15951 981524 16087 997476
198000 15961 982113 16098 997887
198100 15974 982521 16101 998479
198200 15982 982944 16111 999056
198300 15985 983461 16124 999539
198400 15996 984026 16131 999974
198500 16006 984503 16148 1000497
198600 16018 984952 16155 1001048
198700 16026 985477 16168 1001523
198800 16035 986004 16174 1001996
198900 16048 986507 16188 1002493
199000 16056 986954 16194 1003046
199100 16062 987413 16203 1003587
199200 16075 987910 16217 1004090
199300 16081 988355 16217 1004645
199400 16092 988828 16224 1005172
199500 16102 989340 16234 1005660
199600 16116 989897 16250 1006103
199700 16129 990407 16257 1006593
199800 16131 990846 16259 1007154
199900 16138 991371 16263 1007629
200000 16146 991855 16271 1008145
