#! FIELDS timestep dup_succ dup_attempts kill_succ kill_attempts
#! SET timestep 0.5
#! SET kernel_bandwidth [0.9 0.9]
#! SET kt 1.0
100 60 169 60 831
200 122 432 130 1568
300 196 761 217 2239
400 268 1174 281 2826
500 313 1674 322 3326
600 353 2229 354 3771
700 373 2764 382 4236
800 391 3170 402 4830
900 402 3594 420 5406
1000 417 3986 431 6014
1100 425 4435 436 6565
1200 431 4831 444 7169
1300 438 5287 455 7713
1400 439 5760 462 8240
1500 447 6175 466 8825
1600 451 6624 469 9376
1700 453 7120 471 9880
1800 460 7807 474 10193
1900 462 8371 476 10629
2000 468 8916 481 11084
2100 471 9446 485 11554
2200 478 9984 489 12016
2300 483 10508 495 12492
2400 486 10981 499 13019
2500 490 11405 501 13595
2600 492 11818 502 14182
2700 494 12372 505 14628
2800 497 13020 509 14980
2900 501 13588 511 15412
3000 505 14072 515 15928
3100 508 14652 522 16348
3200 510 15216 528 16784
3300 518 15708 531 17292
3400 520 16135 534 17865
3500 522 16531 536 18469
3600 524 17060 537 18940
3700 525 17633 540 19367
3800 526 18238 542 19762
3900 531 18802 545 20198
4000 535 19292 547 20708
4100 537 19784 552 21216
4200 538 20342 552 21658
4300 540 20836 557 22164
4400 540 21331 557 22669
4500 541 21969 559 23031
4600 545 22543 559 23457
4700 548 23196 559 23804
4800 548 23788 560 24212
4900 549 24326 560 24674
5000 550 24892 562 25108
5100 551 25543 566 25457
5200 551 26073 567 25927
5300 555 26559 568 26441
5400 560 27060 572 26940
5500 562 27519 572 27481
5600 569 28023 578 27977
5700 571 28532 581 28468
5800 574 28837 583 29163
5900 577 29320 588 29680
6000 581 29701 591 30299
6100 590 30159 593 30841
6200 590 30770 597 31230
6300 593 31278 598 31722
6400 597 31768 601 32232
6500 601 32172 605 32828
6600 603 32626 606 33374
6700 610 33074 608 33926
6800 611 33592 609 34408
6900 614 34112 614 34888
7000 616 34503 614 35497
7100 619 34893 618 36107
7200 620 35362 619 36638
7300 621 35835 621 37165
7400 628 36401 621 37599
7500 631 37018 624 37982
7600 638 37597 627 38403
7700 643 38290 631 38710
7800 646 38950 632 39050
7900 651 39430 634 39570
8000 654 39986 637 40014
8100 659 40436 641 40564
8200 662 40887 648 41113
8300 668 41272 655 41728
8400 672 41731 659 42269
8500 675 42187 665 42813
8600 679 42765 670 43235
8700 682 43345 674 43655
8800 684 43901 675 44099
8900 691 44412 676 44588
9000 692 44867 681 45133
9100 695 45347 683 45653
9200 700 45736 685 46264
9300 705 46113 688 46887
9400 711 46404 692 47596
9500 715 46888 694 48112
9600 717 47281 700 48719
9700 719 47743 701 49257
9800 722 48300 706 49700
9900 723 48712 710 50288
10000 724 49142 711 50858
10100 726 49561 714 51439
10200 728 50025 716 51975
10300 730 50519 719 52481
10400 731 50869 720 53131
10500 737 51568 728 53432
10600 740 51998 732 54002
10700 742 52380 734 54620
10800 744 52833 736 55167
10900 745 53309 738 55691
11000 746 53786 741 56214
11100 749 54217 744 56783
11200 751 54674 747 57326
11300 753 55127 749 57873
11400 755 55714 751 58286
11500 761 56270 756 58730
11600 763 56824 759 59176
11700 764 57285 763 59715
11800 767 57674 769 60326
11900 770 58184 770 60816
12000 770 58693 773 61307
12100 774 59197 778 61803
12200 776 59733 785 62267
12300 784 60096 790 62904
12400 786 60585 793 63415
12500 789 61184 796 63816
12600 791 61645 796 64355
12700 796 62039 799 64961
12800 798 62543 801 65457
12900 801 63020 804 65980
13000 803 63388 806 66612
13100 807 63852 812 67148
13200 808 64365 812 67635
13300 811 64853 814 68147
13400 814 65343 816 68657
13500 819 65810 821 69190
13600 822 66224 828 69776
13700 822 66816 837 70184
13800 824 67277 839 70723
13900 827 67779 840 71221
14000 833 68376 847 71624
14100 838 68982 851 72018
14200 841 69415 851 72585
14300 843 69945 852 73055
14400 848 70493 857 73507
14500 852 71044 859 73956
14600 853 71452 863 74548
14700 854 71935 865 75065
14800 857 72334 868 75666
14900 862 72692 871 76308
15000 870 73332 875 76668
15100 873 73924 877 77076
15200 877 74421 879 77579
15300 879 74914 882 78086
15400 880 75432 886 78568
15500 883 75840 890 79160
15600 884 76373 892 79627
15700 887 76837 896 80163
15800 888 77274 900 80726
15900 891 77736 903 81264
16000 894 78227 906 81773
16100 899 78743 913 82257
16200 902 79038 917 82962
16300 905 79516 921 83484
16400 908 79918 926 84082
16500 909 80399 926 84601
16600 913 80806 933 85194
16700 914 81229 938 85771
16800 916 81685 938 86315
16900 916 82115 939 86885
17000 919 82490 943 87510
17100 925 83003 946 87997
17200 925 83545 952 88455
17300 930 84072 953 88928
17400 930 84595 957 89405
17500 933 85207 959 89793
17600 934 85774 966 90226
17700 937 86315 971 90685
17800 943 86764 974 91236
17900 945 87234 975 91766
18000 948 87648 976 92352
18100 949 88188 977 92812
18200 951 88782 979 93218
18300 955 89418 981 93582
18400 960 90060 984 93940
18500 965 90673 986 94327
18600 967 91119 987 94881
18700 968 91567 988 95433
18800 973 92004 992 95996
18900 978 92574 999 96426
19000 981 93146 1004 96854
19100 984 93571 1007 97429
19200 985 94100 1012 97900
19300 991 94670 1016 98330
19400 998 95270 1026 98730
19500 1006 95911 1042 99089
19600 1013 96287 1045 99713
19700 1014 96721 1046 100279
19800 1015 97154 1051 100846
19900 1019 97602 1057 101398
20000 1020 98146 1060 101854
20100 1021 98686 1063 102314
20200 1024 99074 1070 102926
20300 1025 99666 1073 103334
20400 1028 100183 1075 103817
20500 1029 100655 1076 104345
20600 1031 101170 1082 104830
20700 1032 101604 1086 105396
20800 1035 101965 1090 106035
20900 1039 102544 1094 106456
21000 1042 102997 1098 107003
21100 1046 103403 1106 107597
21200 1053 103820 1113 108180
21300 1060 104251 1115 108749
21400 1066 104673 1118 109327
21500 1071 105106 1119 109894
21600 1072 105486 1121 110514
21700 1075 105994 1122 111006
21800 1078 106591 1124 111409
21900 1082 107122 1128 111878
22000 1084 107559 1130 112441
22100 1086 108159 1134 112841
22200 1086 108600 1136 113400
22300 1088 109117 1139 113883
22400 1093 109584 1145 114416
22500 1094 109996 1148 115004
22600 1098 110552 1153 115448
22700 1100 111114 1153 115886
22800 1101 111632 1154 116368
22900 1103 112036 1156 116964
23000 1105 112610 1160 117390
23100 1106 113074 1161 117926
23200 1111 113475 1164 118525
23300 1114 113866 1168 119134
23400 1117 114272 1172 119728
23500 1118 114810 1177 120190
23600 1118 115320 1179 120680
23700 1121 115875 1182 121125
23800 1125 116430 1186 121570
23900 1133 116825 1187 122175
24000 1135 117088 1189 122912
24100 1142 117512 1195 123488
24200 1144 117972 1197 124028
24300 1147 118549 1198 124451
24400 1148 118984 1199 125016
24500 1151 119522 1200 125478
24600 1152 120037 1204 125963
24700 1154 120515 1205 126485
24800 1156 120974 1206 127026
24900 1160 121511 1206 127489
25000 1160 121913 1207 128087
25100 1161 122539 1209 128461
25200 1163 122949 1209 129051
25300 1168 123392 1212 129608
25400 1174 123863 1219 130137
25500 1180 124353 1223 130647
25600 1183 124861 1228 131139
25700 1186 125547 1233 131453
25800 1189 126126 1235 131874
25900 1191 126691 1237 132309
26000 1191 127112 1240 132888
26100 1193 127556 1244 133444
26200 1195 128032 1249 133968
26300 1203 128546 1255 134454
26400 1207 129092 1264 134908
26500 1214 129643 1271 135357
26600 1220 130175 1276 135825
26700 1226 130693 1279 136307
26800 1229 131273 1284 136727
26900 1232 131826 1286 137174
27000 1235 132270 1287 137730
27100 1235 132633 1291 138367
27200 1235 133058 1292 138942
27300 1241 133518 1296 139482
27400 1244 134043 1299 139957
27500 1249 134550 1303 140450
27600 1251 135125 1306 140875
27700 1254 135657 1307 141343
27800 1258 136157 1307 141843
27900 1258 136586 1311 142414
28000 1263 137143 1316 142857
28100 1264 137596 1318 143404
28200 1269 138079 1321 143921
28300 1274 138568 1325 144432
28400 1275 139050 1327 144950
28500 1275 139460 1332 145540
28600 1280 139979 1340 146021
28700 1280 140480 1345 146520
28800 1282 140799 1347 147201
28900 1282 141196 1349 147804
29000 1283 141776 1352 148224
29100 1285 142362 1352 148638
29200 1289 142975 1355 149025
29300 1290 143569 1355 149431
29400 1291 144074 1357 149926
29500 1292 144677 1359 150323
29600 1294 145136 1361 150864
29700 1302 145692 1366 151308
29800 1307 146214 1370 151786
29900 1311 146696 1372 152304
30000 1314 147258 1374 152742
30100 1315 147860 1376 153140
30200 1320 148446 1380 153554
30300 1323 149008 1382 153992
30400 1327 149553 1387 154447
30500 1330 149989 1388 155011
30600 1331 150476 1390 155524
30700 1333 150893 1392 156107
30800 1338 151511 1396 156489
30900 1341 151938 1401 157062
31000 1343 152574 1404 157426
31100 1346 153143 1406 157857
31200 1349 153542 1408 158458
31300 1353 153976 1413 159024
31400 1356 154475 1416 159525
31500 1361 155092 1421 159908
31600 1367 155650 1424 160350
31700 1370 156092 1427 160908
31800 1378 156633 1430 161367
31900 1381 157101 1432 161899
32000 1386 157720 1436 162280
32100 1386 158158 1436 162842
32200 1388 158728 1436 163272
32300 1393 159272 1438 163728
32400 1398 159792 1440 164208
32500 1401 160322 1445 164678
32600 1405 160860 1450 165140
32700 1409 161402 1451 165598
32800 1412 161813 1453 166187
32900 1415 162310 1453 166690
33000 1416 162767 1456 167233
33100 1420 163298 1456 167702
33200 1421 163901 1457 168099
33300 1421 164476 1461 168524
33400 1427 165032 1463 168968
33500 1433 165632 1465 169368
33600 1435 166137 1468 169863
33700 1441 166486 1470 170514
33800 1442 166929 1472 171071
33900 1444 167486 1472 171514
34000 1448 168077 1479 171923
34100 1450 168596 1482 172404
34200 1451 169078 1484 172922
34300 1451 169597 1486 173403
34400 1455 170114 1487 173886
34500 1459 170668 1491 174332
34600 1466 171130 1497 174870
34700 1466 171639 1500 175361
34800 1470 172201 1503 175799
34900 1474 172720 1507 176280
35000 1480 173232 1511 176768
35100 1482 173657 1515 177343
35200 1484 174150 1516 177850
35300 1488 174760 1518 178240
35400 1494 175314 1522 178686
35500 1495 175817 1525 179183
35600 1496 176400 1530 179600
35700 1498 176856 1536 180144
35800 1501 177271 1540 180729
35900 1504 177779 1543 181221
36000 1506 178260 1546 181740
36100 1507 178746 1547 182254
36200 1507 179327 1548 182673
36300 1509 179918 1554 183082
36400 1510 180382 1555 183618
36500 1511 180806 1557 184194
36600 1514 181241 1558 184759
36700 1516 181835 1558 185165
36800 1522 182402 1563 185598
36900 1523 182945 1565 186055
37000 1525 183520 1569 186480
37100 1527 184108 1571 186892
37200 1530 184541 1577 187459
37300 1532 184985 1577 188015
37400 1535 185572 1579 188428
37500 1537 186173 1582 188827
37600 1538 186691 1586 189309
37700 1541 187159 1587 189841
37800 1542 187709 1589 190291
37900 1545 188207 1592 190793
38000 1550 188612 1596 191388
38100 1552 189141 1598 191859
38200 1555 189639 1599 192361
38300 1555 190049 1602 192951
38400 1560 190493 1606 193507
38500 1562 191044 1611 193956
38600 1567 191695 1616 194305
38700 1570 192111 1616 194889
38800 1573 192628 1620 195372
38900 1575 193131 1623 195869
39000 1580 193678 1624 196322
39100 1585 194288 1629 196712
39200 1590 194819 1631 197181
39300 1591 195345 1633 197655
39400 1594 195826 1635 198174
39500 1598 196243 1638 198757
39600 1599 196759 1639 199241
39700 1602 197275 1639 199725
39800 1606 197732 1640 200268
39900 1608 198067 1642 200933
40000 1610 198450 1643 201550
40100 1612 198924 1647 202076
40200 1613 199410 1647 202590
40300 1616 199848 1650 203152
40400 1621 200251 1653 203749
40500 1624 200660 1655 204340
40600 1626 201197 1662 204803
40700 1629 201566 1665 205434
40800 1631 202012 1667 205988
40900 1638 202389 1672 206611
41000 1643 202950 1673 207050
41100 1648 203537 1678 207463
41200 1648 204013 1679 207987
41300 1651 204563 1681 208437
41400 1652 205039 1682 208961
41500 1657 205645 1688 209355
41600 1658 206260 1689 209740
41700 1660 206835 1689 210165
41800 1662 207325 1690 210675
41900 1664 207834 1692 211166
42000 1666 208260 1696 211740
42100 1667 208858 1696 212142
42200 1672 209314 1700 212686
42300 1673 209740 1702 213260
42400 1678 210192 1703 213808
42500 1678 210789 1704 214211
42600 1680 211317 1707 214683
42700 1682 211975 1711 215025
42800 1689 212474 1712 215526
42900 1691 212954 1714 216046
43000 1693 213445 1717 216555
43100 1694 214032 1717 216968
43200 1695 214578 1722 217422
43300 1697 215202 1726 217798
43400 1701 215697 1729 218303
43500 1703 216162 1732 218838
43600 1704 216498 1736 219502
43700 1707 217002 1738 219998
43800 1708 217496 1739 220504
43900 1711 218101 1742 220899
44000 1714 218638 1743 221362
44100 1716 219169 1749 221831
44200 1719 219680 1751 222320
44300 1720 220202 1755 222798
44400 1724 220721 1758 223279
44500 1725 221304 1759 223696
44600 1731 221859 1761 224141
44700 1735 222430 1769 224570
44800 1739 222998 1773 225002
44900 1744 223472 1774 225528
45000 1747 224113 1779 225887
45100 1748 224704 1780 226296
45200 1755 225352 1784 226648
45300 1761 225820 1787 227180
45400 1764 226393 1789 227607
45500 1768 227046 1791 227954
45600 1773 227400 1793 228600
45700 1775 227739 1799 229261
45800 1777 228231 1804 229769
45900 1782 228779 1806 230221
46000 1792 229334 1813 230666
46100 1797 229760 1818 231240
46200 1800 230125 1819 231875
46300 1804 230526 1822 232474
46400 1807 230979 1825 233021
46500 1814 231502 1832 233498
46600 1821 232011 1837 233989
46700 1823 232499 1838 234501
46800 1827 232978 1842 235022
46900 1829 233462 1844 235538
47000 1832 233887 1844 236113
47100 1834 234339 1844 236661
47200 1835 234839 1846 237161
47300 1836 235379 1848 237621
47400 1840 235918 1849 238082
47500 1841 236455 1851 238545
47600 1847 236964 1859 239036
47700 1848 237517 1862 239483
47800 1850 237992 1863 240008
47900 1851 238407 1870 240593
48000 1853 238889 1875 241111
48100 1854 239257 1881 241743
48200 1861 239607 1888 242393
48300 1868 240005 1894 242995
48400 1872 240423 1899 243577
48500 1872 240945 1901 244055
48600 1873 241495 1904 244505
48700 1878 242050 1906 244950
48800 1882 242630 1911 245370
48900 1886 243163 1911 245837
49000 1888 243628 1913 246372
49100 1892 243980 1916 247020
49200 1894 244479 1919 247521
49300 1896 244955 1925 248045
49400 1898 245369 1926 248631
49500 1899 245787 1929 249213
49600 1905 246314 1930 249686
49700 1912 246811 1935 250189
49800 1916 247382 1940 250618
49900 1921 247816 1943 251184
50000 1923 248214 1945 251786
50100 1928 248623 1947 252377
50200 1929 249245 1949 252755
50300 1932 249892 1958 253108
50400 1936 250465 1960 253535
50500 1940 250961 1961 254039
50600 1945 251505 1964 254495
50700 1949 252039 1966 254961
50800 1951 252665 1966 255335
50900 1958 253228 1968 255772
51000 1963 253851 1973 256149
51100 1965 254331 1975 256669
51200 1971 254832 1979 257168
51300 1973 255420 1979 257580
51400 1977 255861 1979 258139
51500 1980 256354 1985 258646
51600 1988 256803 1987 259197
51700 1988 257297 1988 259703
51800 1991 257811 1989 260189
51900 1993 258338 1989 260662
52000 1994 258769 1991 261231
52100 1996 259414 1992 261586
52200 1998 259991 1997 262009
52300 2002 260475 1998 262525
52400 2005 260954 2001 263046
52500 2007 261533 2005 263467
52600 2009 261911 2007 264089
52700 2011 262343 2010 264657
52800 2016 262881 2015 265119
52900 2017 263312 2020 265688
53000 2020 263782 2023 266218
53100 2025 264250 2025 266750
53200 2027 264705 2028 267295
53300 2028 265126 2035 267874
53400 2031 265554 2039 268446
53500 2032 266218 2040 268782
53600 2032 266797 2041 269203
53700 2038 267416 2042 269584
53800 2041 267985 2044 270015
53900 2043 268322 2047 270678
54000 2045 268820 2052 271180
54100 2051 269157 2059 271843
54200 2062 269660 2063 272340
54300 2066 270313 2065 272687
54400 2069 270822 2069 273178
54500 2071 271386 2075 273614
54600 2072 271918 2076 274082
54700 2081 272427 2077 274573
54800 2082 272978 2080 275022
54900 2084 273475 2082 275525
55000 2087 273918 2087 276082
55100 2090 274275 2091 276725
55200 2092 274655 2092 277345
55300 2096 275149 2094 277851
55400 2099 275735 2097 278265
55500 2104 276221 2100 278779
55600 2111 276632 2105 279368
55700 2113 277123 2107 279877
55800 2114 277710 2107 280290
55900 2116 278206 2108 280794
56000 2118 278753 2110 281247
56100 2120 279349 2111 281651
56200 2122 279977 2112 282023
56300 2123 280607 2113 282393
56400 2127 281106 2117 282894
56500 2130 281609 2119 283391
56600 2133 282210 2120 283790
56700 2135 282790 2123 284210
56800 2139 283376 2132 284624
56900 2144 283944 2132 285056
57000 2147 284450 2140 285550
57100 2151 285046 2143 285954
57200 2157 285483 2147 286517
57300 2157 285967 2148 287033
57400 2160 286415 2151 287585
57500 2160 286886 2152 288114
57600 2161 287421 2155 288579
57700 2165 287931 2158 289069
57800 2169 288503 2162 289497
57900 2176 288898 2163 290102
58000 2183 289391 2166 290609
58100 2188 289912 2171 291088
58200 2191 290382 2175 291618
58300 2194 290867 2179 292133
58400 2195 291299 2183 292701
58500 2196 291717 2185 293283
58600 2198 292169 2186 293831
58700 2200 292736 2189 294264
58800 2204 293307 2194 294693
58900 2206 293812 2199 295188
59000 2209 294254 2202 295746
59100 2210 294667 2203 296333
59200 2215 295170 2208 296830
59300 2219 295744 2214 297256
59400 2223 296061 2216 297939
59500 2224 296576 2218 298424
59600 2230 297082 2221 298918
59700 2238 297581 2226 299419
59800 2245 298060 2231 299940
59900 2248 298640 2235 300360
60000 2249 299191 2238 300809
60100 2250 299768 2240 301232
60200 2255 300365 2248 301635
60300 2259 300836 2252 302164
60400 2262 301344 2255 302656
60500 2267 301817 2258 303183
60600 2268 302508 2259 303492
60700 2269 303074 2262 303926
60800 2274 303666 2265 304334
60900 2281 304298 2271 304702
61000 2288 304667 2273 305333
61100 2290 305178 2273 305822
61200 2290 305652 2277 306348
61300 2293 306175 2281 306825
61400 2293 306751 2281 307249
61500 2293 307177 2286 307823
61600 2298 307646 2290 308354
61700 2299 308130 2290 308870
61800 2301 308550 2295 309450
61900 2301 309054 2298 309946
62000 2303 309552 2301 310448
62100 2304 310072 2302 310928
62200 2308 310676 2306 311324
62300 2311 311240 2309 311760
62400 2316 311761 2314 312239
62500 2320 312275 2316 312725
62600 2325 312858 2321 313142
62700 2328 313262 2323 313738
62800 2334 313637 2328 314363
62900 2342 313963 2331 315037
63000 2345 314366 2331 315634
63100 2351 314796 2338 316204
63200 2351 315223 2340 316777
63300 2355 315804 2348 317196
63400 2359 316167 2350 317833
63500 2361 316692 2353 318308
63600 2363 317117 2354 318883
63700 2365 317595 2354 319405
63800 2365 318095 2357 319905
63900 2369 318608 2359 320392
64000 2370 319067 2361 320933
64100 2370 319573 2364 321427
64200 2370 319999 2365 322001
64300 2372 320460 2370 322540
64400 2373 320979 2373 323021
64500 2375 321406 2374 323594
64600 2382 321900 2376 324100
64700 2383 322440 2376 324560
64800 2389 323019 2379 324981
64900 2393 323579 2382 325421
65000 2396 324088 2384 325912
65100 2400 324419 2386 326581
65200 2401 324849 2387 327151
65300 2404 325365 2389 327635
65400 2408 325825 2390 328175
65500 2415 326352 2399 328648
65600 2416 326887 2401 329113
65700 2421 327317 2407 329683
65800 2429 327847 2410 330153
65900 2430 328237 2413 330763
66000 2433 328627 2417 331373
66100 2439 329196 2419 331804
66200 2439 329799 2425 332201
66300 2439 330276 2431 332724
66400 2445 330803 2435 333197
66500 2453 331328 2438 333672
66600 2455 331771 2438 334229
66700 2456 332198 2446 334802
66800 2463 332534 2449 335466
66900 2464 332975 2452 336025
67000 2464 333464 2453 336536
67100 2467 333913 2456 337087
67200 2471 334353 2456 337647
67300 2471 334773 2458 338227
67400 2471 335180 2462 338820
67500 2475 335721 2463 339279
67600 2476 336227 2463 339773
67700 2477 336819 2464 340181
67800 2480 337370 2468 340630
67900 2483 337917 2472 341083
68000 2488 338417 2475 341583
68100 2490 338906 2479 342094
68200 2492 339378 2481 342622
68300 2494 339961 2484 343039
68400 2496 340530 2486 343470
68500 2497 341034 2488 343966
68600 2498 341628 2497 344372
68700 2501 342164 2500 344836
68800 2503 342559 2503 345441
68900 2504 343103 2506 345897
69000 2505 343651 2508 346349
69100 2508 344105 2512 346895
69200 2511 344564 2512 347436
69300 2517 345025 2515 347975
69400 2520 345685 2517 348315
69500 2527 346238 2522 348762
69600 2530 346700 2525 349300
69700 2535 347223 2529 349777
69800 2538 347719 2533 350281
69900 2541 348314 2537 350686
70000 2543 348755 2537 351245
70100 2543 349273 2538 351727
70200 2547 349759 2543 352241
70300 2550 350333 2545 352667
70400 2552 350853 2548 353147
70500 2554 351461 2550 353539
70600 2560 351970 2554 354030
70700 2564 352489 2557 354511
70800 2566 352971 2560 355029
70900 2569 353428 2562 355572
71000 2572 353969 2563 356031
71100 2574 354536 2566 356464
71200 2577 355016 2567 356984
71300 2581 355552 2570 357448
71400 2583 356093 2573 357907
71500 2586 356614 2577 358386
71600 2588 357147 2582 358853
71700 2595 357670 2584 359330
71800 2596 358301 2587 359699
71900 2597 358821 2590 360179
72000 2600 359186 2594 360814
72100 2603 359744 2595 361256
72200 2605 360361 2596 361639
72300 2609 360843 2596 362157
72400 2611 361274 2597 362726
72500 2615 361679 2598 363321
72600 2621 362215 2602 363785
72700 2625 362804 2605 364196
72800 2626 363421 2610 364579
72900 2630 364065 2613 364935
73000 2631 364641 2616 365359
73100 2632 365100 2619 365900
73200 2634 365596 2621 366404
73300 2638 366005 2624 366995
73400 2640 366430 2629 367570
73500 2641 366850 2630 368150
73600 2643 367249 2634 368751
73700 2645 367811 2644 369189
73800 2646 368312 2644 369688
73900 2649 368839 2646 370161
74000 2652 369287 2650 370713
74100 2652 369878 2654 371122
74200 2655 370407 2659 371593
74300 2657 370889 2660 372111
74400 2659 371494 2663 372506
74500 2665 371994 2669 373006
74600 2671 372574 2671 373426
74700 2674 373229 2671 373771
74800 2677 373704 2675 374296
74900 2677 374191 2675 374809
75000 2680 374626 2677 375374
75100 2682 375098 2680 375902
75200 2685 375589 2681 376411
75300 2689 376139 2684 376861
75400 2692 376673 2689 377327
75500 2698 377222 2693 377778
75600 2699 377812 2694 378188
75700 2701 378177 2695 378823
75800 2704 378617 2700 379383
75900 2709 379071 2704 379929
76000 2714 379556 2707 380444
76100 2715 380100 2709 380900
76200 2716 380663 2711 381337
76300 2721 381218 2715 381782
76400 2726 381633 2718 382367
76500 2726 382095 2721 382905
76600 2732 382614 2725 383386
76700 2736 383120 2726 383880
76800 2739 383595 2733 384405
76900 2743 383985 2739 385015
77000 2744 384516 2746 385484
77100 2749 384996 2749 386004
77200 2753 385560 2752 386440
77300 2756 386083 2756 386917
77400 2756 386532 2758 387468
77500 2760 387060 2761 387940
77600 2763 387605 2764 388395
77700 2766 388192 2768 388808
77800 2767 388554 2768 389446
77900 2769 389104 2771 389896
78000 2774 389598 2773 390402
78100 2777 390180 2777 390820
78200 2780 390720 2782 391280
78300 2784 391187 2786 391813
78400 2785 391642 2788 392358
78500 2788 392028 2791 392972
78600 2793 392480 2795 393520
78700 2798 392896 2796 394104
78800 2801 393419 2797 394581
78900 2806 393969 2803 395031
79000 2811 394507 2808 395493
79100 2816 395072 2812 395928
79200 2819 395645 2815 396355
79300 2823 396173 2817 396827
79400 2823 396625 2821 397375
79500 2826 397035 2826 397965
79600 2827 397452 2830 398548
79700 2828 398007 2832 398993
79800 2830 398490 2838 399510
79900 2834 399065 2843 399935
80000 2837 399567 2847 400433
80100 2840 400052 2849 400948
80200 2840 400529 2854 401471
80300 2845 401103 2857 401897
80400 2847 401717 2863 402283
80500 2848 402221 2863 402779
80600 2849 402784 2866 403216
80700 2852 403375 2871 403625
80800 2855 403884 2876 404116
80900 2860 404322 2881 404678
81000 2864 404740 2883 405260
81100 2870 405198 2886 405802
81200 2874 405676 2890 406324
81300 2875 406123 2891 406877
81400 2880 406472 2898 407528
81500 2886 406965 2902 408035
81600 2890 407464 2906 408536
81700 2893 407955 2909 409045
81800 2894 408410 2911 409590
81900 2897 408669 2914 410331
82000 2900 409221 2915 410779
82100 2906 409664 2917 411336
82200 2908 410157 2919 411843
82300 2911 410714 2922 412286
82400 2913 411304 2927 412696
82500 2914 411946 2930 413054
82600 2915 412425 2932 413575
82700 2916 412891 2936 414109
82800 2921 413318 2941 414682
82900 2923 413757 2945 415243
83000 2925 414393 2950 415607
83100 2928 414953 2952 416047
83200 2931 415383 2953 416617
83300 2936 415826 2959 417174
83400 2938 416306 2963 417694
83500 2939 416813 2964 418187
83600 2939 417329 2966 418671
83700 2943 417822 2971 419178
83800 2946 418289 2973 419711
83900 2948 418698 2976 420302
84000 2949 419176 2976 420824
84100 2955 419624 2983 421376
84200 2960 420149 2985 421851
84300 2963 420617 2986 422383
84400 2967 421030 2990 422970
84500 2970 421568 2992 423432
84600 2972 422194 2998 423806
84700 2976 422775 3001 424225
84800 2979 423331 3003 424669
84900 2982 423845 3009 425155
85000 2984 424313 3009 425687
85100 2984 424810 3010 426190
85200 2989 425252 3012 426748
85300 2989 425682 3013 427318
85400 2993 426075 3014 427925
85500 2996 426456 3016 428544
85600 2996 426989 3021 429011
85700 2997 427596 3024 429404
85800 3001 428087 3027 429913
85900 3005 428532 3031 430468
86000 3006 429015 3034 430985
86100 3011 429495 3034 431505
86200 3011 429903 3036 432097
86300 3012 430357 3038 432643
86400 3015 430755 3046 433245
86500 3020 431310 3050 433690
86600 3020 431809 3056 434191
86700 3022 432329 3057 434671
86800 3024 432744 3060 435256
86900 3027 433340 3062 435660
87000 3029 433874 3062 436126
87100 3031 434444 3062 436556
87200 3032 434992 3063 437008
87300 3032 435378 3067 437622
87400 3034 435912 3074 438088
87500 3038 436452 3079 438548
87600 3039 436998 3080 439002
87700 3040 437556 3083 439444
87800 3041 437988 3083 440012
87900 3043 438529 3086 440471
88000 3045 439086 3088 440914
88100 3047 439572 3089 441428
88200 3050 439995 3095 442005
88300 3053 440484 3096 442516
88400 3054 440891 3100 443109
88500 3057 441378 3104 443622
88600 3061 441810 3106 444190
88700 3062 442335 3107 444665
88800 3063 442859 3107 445141
88900 3068 443330 3108 445670
89000 3072 443857 3114 446143
89100 3079 444322 3121 446678
89200 3080 444906 3128 447094
89300 3088 445461 3132 447539
89400 3092 446019 3137 447981
89500 3095 446503 3141 448497
89600 3096 447017 3146 448983
89700 3098 447477 3151 449523
89800 3104 448092 3155 449908
89900 3113 448622 3155 450378
90000 3118 449211 3160 450789
90100 3118 449753 3161 451247
90200 3118 450273 3161 451727
90300 3119 450753 3164 452247
90400 3122 451288 3165 452712
90500 3123 451760 3166 453240
90600 3123 452223 3166 453777
90700 3126 452718 3168 454282
90800 3129 453212 3172 454788
90900 3135 453717 3173 455283
91000 3140 454340 3178 455660
91100 3141 454884 3180 456116
91200 3144 455396 3183 456604
91300 3145 455954 3185 457046
91400 3147 456429 3187 457571
91500 3150 456950 3188 458050
91600 3151 457402 3192 458598
91700 3158 457803 3198 459197
91800 3162 458207 3204 459793
91900 3164 458733 3207 460267
92000 3165 459166 3207 460834
92100 3165 459545 3207 461455
92200 3167 459945 3210 462055
92300 3167 460462 3211 462538
92400 3172 460875 3214 463125
92500 3178 461464 3218 463536
92600 3180 461975 3220 464025
92700 3182 462441 3223 464559
92800 3185 463046 3225 464954
92900 3187 463526 3227 465474
93000 3190 464121 3228 465879
93100 3191 464619 3229 466381
93200 3194 465089 3231 466911
93300 3195 465557 3233 467443
93400 3198 466052 3234 467948
93500 3201 466584 3237 468416
93600 3208 467072 3241 468928
93700 3212 467508 3245 469492
93800 3217 467951 3252 470049
93900 3218 468435 3253 470565
94000 3221 468931 3258 471069
94100 3225 469526 3263 471474
94200 3228 470121 3268 471879
94300 3232 470695 3271 472305
94400 3234 471226 3284 472774
94500 3235 471710 3287 473290
94600 3244 472206 3289 473794
94700 3249 472709 3291 474291
94800 3250 473055 3295 474945
94900 3252 473520 3298 475480
95000 3256 473997 3300 476003
95100 3258 474486 3302 476514
95200 3259 475029 3304 476971
95300 3263 475606 3308 477394
95400 3265 476198 3309 477802
95500 3266 476666 3314 478334
95600 3268 477137 3316 478863
95700 3268 477657 3318 479343
95800 3269 478192 3319 479808
95900 3273 478641 3320 480359
96000 3276 479017 3324 480983
96100 3280 479415 3325 481585
96200 3284 479884 3330 482116
96300 3288 480511 3332 482489
96400 3289 481161 3337 482839
96500 3295 481682 3340 483318
96600 3298 482235 3341 483765
96700 3302 482712 3343 484288
96800 3306 483172 3346 484828
96900 3309 483546 3350 485454
97000 3312 483954 3351 486046
97100 3316 484420 3352 486580
97200 3320 484846 3355 487154
97300 3320 485313 3355 487687
97400 3320 485706 3359 488294
97500 3322 486164 3362 488836
97600 3324 486643 3364 489357
97700 3327 487174 3368 489826
97800 3332 487702 3370 490298
97900 3334 488244 3372 490756
98000 3335 488772 3374 491228
98100 3338 489271 3374 491729
98200 3341 489726 3376 492274
98300 3346 490211 3384 492789
98400 3349 490662 3385 493338
98500 3352 491098 3389 493902
98600 3354 491586 3395 494414
98700 3360 492098 3401 494902
98800 3362 492551 3405 495449
98900 3370 492980 3413 496020
99000 3376 493429 3418 496571
99100 3379 493954 3422 497046
99200 3385 494532 3426 497468
99300 3386 495025 3429 497975
99400 3387 495630 3432 498370
99500 3390 496121 3436 498879
99600 3396 496570 3438 499430
99700 3399 497066 3444 499934
99800 3401 497454 3447 500546
99900 3410 497927 3452 501073
100000 3412 498406 3454 501594
100100 3416 498879 3457 502121
100200 3421 499338 3460 502662
100300 3424 499782 3463 503218
100400 3426 500233 3469 503767
100500 3427 500676 3472 504324
100600 3427 501040 3474 504960
100700 3429 501502 3481 505498
100800 3433 501907 3484 506093
100900 3433 502324 3488 506676
101000 3441 502751 3493 507249
101100 3442 503322 3497 507678
101200 3446 503747 3500 508253
101300 3449 504242 3504 508758
101400 3450 504664 3507 509336
101500 3453 504965 3508 510035
101600 3456 505512 3508 510488
101700 3458 505968 3513 511032
101800 3463 506327 3515 511673
101900 3467 506862 3518 512138
102000 3468 507243 3519 512757
102100 3471 507701 3519 513299
102200 3473 508185 3521 513815
102300 3481 508763 3523 514237
102400 3484 509271 3529 514729
102500 3490 509785 3530 515215
102600 3490 510274 3531 515726
102700 3493 510696 3532 516304
102800 3497 511173 3536 516827
102900 3500 511628 3538 517372
103000 3501 512074 3540 517926
103100 3502 512523 3546 518477
103200 3503 512961 3551 519039
103300 3503 513507 3551 519493
103400 3504 514004 3553 519996
103500 3505 514553 3554 520447
103600 3508 514971 3556 521029
103700 3512 515482 3562 521518
103800 3515 516011 3563 521989
103900 3516 516435 3566 522565
104000 3518 516936 3567 523064
104100 3518 517417 3569 523583
104200 3521 517843 3571 524157
104300 3524 518403 3573 524597
104400 3528 518968 3575 525032
104500 3528 519605 3580 525395
104600 3529 519991 3586 526009
104700 3532 520481 3588 526519
104800 3535 520919 3589 527081
104900 3536 521473 3592 527527
105000 3544 521966 3593 528034
105100 3545 522388 3594 528612
105200 3546 522857 3595 529143
105300 3546 523306 3598 529694
105400 3549 523756 3599 530244
105500 3549 524255 3601 530745
105600 3550 524750 3604 531250
105700 3550 525344 3605 531656
105800 3550 525806 3606 532194
105900 3553 526228 3607 532772
106000 3553 526767 3611 533233
106100 3556 527247 3615 533753
106200 3560 527647 3615 534353
106300 3568 528136 3620 534864
106400 3571 528644 3623 535356
106500 3572 529087 3625 535913
106600 3575 529599 3629 536401
106700 3578 530054 3630 536946
106800 3582 530478 3633 537522
106900 3584 531013 3636 537987
107000 3589 531574 3638 538426
107100 3596 532171 3639 538829
107200 3602 532701 3641 539299
107300 3603 533108 3643 539892
107400 3605 533531 3645 540469
107500 3608 533973 3647 541027
107600 3610 534490 3651 541510
107700 3612 535033 3654 541967
107800 3614 535435 3654 542565
107900 3618 535861 3656 543139
108000 3621 536291 3661 543709
108100 3626 536770 3667 544230
108200 3632 537391 3673 544609
108300 3639 537833 3676 545167
108400 3642 538263 3677 545737
108500 3646 538788 3682 546212
108600 3653 539405 3684 546595
108700 3657 539751 3687 547249
108800 3661 540318 3691 547682
108900 3664 540766 3693 548234
109000 3666 541153 3698 548847
109100 3670 541577 3699 549423
109200 3671 542111 3702 549889
109300 3674 542692 3706 550308
109400 3679 543151 3710 550849
109500 3682 543609 3713 551391
109600 3689 544089 3716 551911
109700 3691 544519 3720 552481
109800 3694 544949 3724 553051
109900 3697 545351 3725 553649
110000 3699 545735 3729 554265
110100 3702 546187 3734 554813
110200 3703 546610 3738 555390
110300 3708 547131 3741 555869
110400 3713 547466 3743 556534
110500 3717 547953 3749 557047
110600 3717 548575 3754 557425
110700 3722 549078 3756 557922
110800 3723 549658 3761 558342
110900 3725 550168 3766 558832
111000 3728 550622 3769 559378
111100 3736 551155 3770 559845
111200 3739 551600 3775 560400
111300 3742 552100 3779 560900
111400 3745 552615 3781 561385
111500 3748 553168 3786 561832
111600 3753 553748 3791 562252
111700 3754 554249 3792 562751
111800 3755 554769 3795 563231
111900 3757 555361 3798 563639
112000 3758 555830 3799 564170
112100 3759 556328 3803 564672
112200 3763 556780 3807 565220
112300 3766 557254 3809 565746
112400 3766 557730 3811 566270
112500 3766 558184 3813 566816
112600 3766 558585 3815 567415
112700 3771 559076 3821 567924
112800 3771 559494 3822 568506
112900 3771 559886 3825 569114
113000 3773 560434 3827 569566
113100 3775 560940 3829 570060
113200 3779 561460 3830 570540
113300 3781 561891 3833 571109
113400 3786 562378 3836 571622
113500 3790 562911 3837 572089
113600 3793 563346 3837 572654
113700 3793 563740 3838 573260
113800 3795 564177 3841 573823
113900 3800 564665 3841 574335
114000 3803 565141 3845 574859
114100 3805 565767 3847 575233
114200 3807 566315 3848 575685
114300 3811 566856 3851 576144
114400 3812 567289 3852 576711
114500 3816 567654 3853 577346
114600 3819 568132 3855 577868
114700 3821 568465 3857 578535
114800 3825 569004 3862 578996
114900 3828 569500 3865 579500
115000 3832 570150 3868 579850
115100 3835 570755 3870 580245
115200 3841 571260 3878 580740
115300 3846 571731 3879 581269
115400 3852 572255 3881 581745
115500 3854 572701 3881 582299
115600 3856 573127 3882 582873
115700 3858 573702 3884 583298
115800 3859 574115 3887 583885
115900 3865 574626 3889 584374
116000 3868 574989 3891 585011
116100 3874 575495 3897 585505
116200 3877 575923 3899 586077
116300 3881 576562 3900 586438
116400 3886 576982 3902 587018
116500 3888 577499 3905 587501
116600 3891 577955 3908 588045
116700 3894 578489 3916 588511
116800 3898 578971 3921 589029
116900 3901 579456 3923 589544
117000 3903 580024 3925 589976
117100 3907 580555 3927 590445
117200 3911 581027 3930 590973
117300 3916 581469 3939 591531
117400 3919 581931 3945 592069
117500 3925 582397 3949 592603
117600 3930 582806 3957 593194
117700 3938 583303 3963 593697
117800 3943 583743 3967 594257
117900 3946 584179 3970 594821
118000 3946 584598 3972 595402
118100 3950 585091 3975 595909
118200 3951 585545 3976 596455
118300 3955 586118 3977 596882
118400 3956 586599 3980 597401
118500 3961 587027 3985 597973
118600 3962 587478 3987 598522
118700 3964 588097 3993 598903
118800 3969 588663 3998 599337
118900 3975 589164 4000 599836
119000 3985 589547 4006 600453
119100 3988 589986 4010 601014
119200 3992 590421 4012 601579
119300 3995 590817 4013 602183
119400 3999 591260 4014 602740
119500 4003 591739 4019 603261
119600 4003 592302 4020 603698
119700 4008 592734 4021 604266
119800 4010 593226 4024 604774
119900 4012 593631 4024 605369
120000 4016 594153 4026 605847
120100 4023 594662 4028 606338
120200 4027 595186 4031 606814
120300 4028 595622 4033 607378
120400 4032 596015 4034 607985
120500 4033 596547 4036 608453
120600 4036 597005 4039 608995
120700 4043 597425 4043 609575
120800 4046 597849 4046 610151
120900 4047 598260 4048 610740
121000 4051 598672 4050 611328
121100 4051 599209 4052 611791
121200 4052 599722 4054 612278
121300 4056 600202 4057 612798
121400 4059 600564 4059 613436
121500 4060 600917 4060 614083
121600 4062 601418 4062 614582
121700 4064 601934 4062 615066
121800 4066 602345 4064 615655
121900 4068 602737 4067 616263
122000 4074 603165 4074 616835
122100 4076 603670 4076 617330
122200 4077 604134 4078 617866
122300 4078 604639 4079 618361
122400 4079 605170 4084 618830
122500 4083 605692 4087 619308
122600 4089 606215 4091 619785
122700 4093 606709 4100 620291
122800 4097 607190 4103 620810
122900 4102 607781 4104 621219
123000 4111 608214 4110 621786
123100 4112 608804 4111 622196
123200 4113 609286 4112 622714
123300 4116 609774 4114 623226
123400 4118 610332 4118 623668
123500 4123 610864 4121 624136
123600 4126 611250 4122 624750
123700 4130 611712 4128 625288
123800 4138 612262 4132 625738
123900 4139 612803 4138 626197
124000 4144 613331 4145 626669
124100 4152 613915 4151 627085
124200 4157 614368 4155 627632
124300 4158 614906 4159 628094
124400 4160 615381 4162 628619
124500 4161 615890 4163 629110
124600 4164 616391 4167 629609
124700 4165 616873 4169 630127
124800 4165 617412 4174 630588
124900 4169 617879 4177 631121
125000 4173 618277 4181 631723
125100 4176 618791 4183 632209
125200 4180 619295 4187 632705
125300 4184 619814 4189 633186
125400 4187 620251 4192 633749
125500 4191 620637 4194 634363
125600 4195 620979 4196 635021
125700 4202 621479 4198 635521
125800 4208 621953 4202 636047
125900 4214 622536 4204 636464
126000 4215 623169 4211 636831
126100 4222 623713 4216 637287
126200 4222 624293 4217 637707
126300 4225 624886 4221 638114
126400 4230 625381 4224 638619
126500 4231 625765 4227 639235
126600 4234 626146 4229 639854
126700 4238 626700 4230 640300
126800 4243 627164 4234 640836
126900 4246 627646 4237 641354
127000 4247 628301 4239 641699
127100 4249 628798 4243 642202
127200 4252 629338 4246 642662
127300 4253 629914 4246 643086
127400 4255 630484 4247 643516
127500 4257 631059 4252 643941
127600 4258 631578 4261 644422
127700 4262 631975 4266 645025
127800 4263 632508 4267 645492
127900 4268 633044 4275 645956
128000 4269 633524 4276 646476
128100 4270 634068 4280 646932
128200 4272 634531 4283 647469
128300 4272 634995 4286 648005
128400 4276 635520 4288 648480
128500 4281 636041 4289 648959
128600 4283 636598 4293 649402
128700 4287 637015 4299 649985
128800 4294 637431 4303 650569
128900 4296 637867 4310 651133
129000 4302 638359 4314 651641
129100 4304 638823 4316 652177
129200 4305 639351 4321 652649
129300 4311 639874 4327 653126
129400 4314 640219 4329 653781
129500 4316 640781 4329 654219
129600 4318 641274 4329 654726
129700 4319 641726 4333 655274
129800 4320 642128 4336 655872
129900 4321 642535 4336 656465
130000 4325 642957 4341 657043
130100 4331 643447 4345 657553
130200 4337 643881 4349 658119
130300 4337 644343 4351 658657
130400 4340 644832 4352 659168
130500 4345 645226 4355 659774
130600 4348 645888 4356 660112
130700 4355 646428 4360 660572
130800 4361 646897 4365 661103
130900 4365 647353 4370 661647
131000 4371 647797 4374 662203
131100 4373 648345 4379 662655
131200 4376 649011 4384 662989
131300 4377 649593 4384 663407
131400 4380 650159 4387 663841
131500 4384 650660 4394 664340
131600 4388 651190 4396 664810
131700 4394 651719 4396 665281
131800 4397 652259 4400 665741
131900 4399 652703 4401 666297
132000 4402 653270 4407 666730
132100 4403 653792 4416 667208
132200 4404 654286 4420 667714
132300 4404 654694 4421 668306
132400 4406 655076 4425 668924
132500 4409 655506 4427 669494
132600 4412 655976 4432 670024
132700 4415 656545 4437 670455
132800 4421 657145 4438 670855
132900 4424 657727 4438 671273
133000 4429 658190 4443 671810
133100 4440 658618 4446 672382
133200 4447 659110 4449 672890
133300 4451 659634 4455 673366
133400 4454 660106 4455 673894
133500 4457 660558 4455 674442
133600 4458 661106 4457 674894
133700 4460 661553 4459 675447
133800 4465 662107 4462 675893
133900 4467 662616 4463 676384
134000 4467 663116 4465 676884
134100 4476 663522 4466 677478
134200 4480 664037 4469 677963
134300 4481 664506 4470 678494
134400 4482 665017 4476 678983
134500 4485 665561 4481 679439
134600 4491 666018 4483 679982
134700 4493 666516 4487 680484
134800 4495 667129 4490 680871
134900 4498 667531 4491 681469
135000 4500 667990 4491 682010
135100 4501 668502 4493 682498
135200 4501 669044 4494 682956
135300 4504 669618 4499 683382
135400 4506 670097 4503 683903
135500 4509 670513 4505 684487
135600 4509 671036 4507 684964
135700 4511 671545 4509 685455
135800 4513 672038 4511 685962
135900 4519 672591 4512 686409
136000 4521 673141 4513 686859
136100 4526 673658 4516 687342
136200 4529 674106 4520 687894
136300 4532 674601 4526 688399
136400 4534 675232 4526 688768
136500 4535 675759 4527 689241
136600 4540 676139 4529 689861
136700 4542 676607 4531 690393
136800 4545 676934 4534 691066
136900 4547 677399 4536 691601
137000 4551 677955 4538 692045
137100 4551 678487 4544 692513
137200 4554 678981 4549 693019
137300 4556 679433 4552 693567
137400 4561 679893 4557 694107
137500 4564 680362 4558 694638
137600 4566 680965 4562 695035
137700 4568 681534 4562 695466
137800 4571 682061 4564 695939
137900 4572 682599 4565 696401
138000 4573 683138 4568 696862
138100 4577 683570 4572 697430
138200 4578 684104 4575 697896
138300 4580 684537 4577 698463
138400 4583 684880 4580 699120
138500 4584 685358 4582 699642
138600 4586 685851 4585 700149
138700 4590 686305 4588 700695
138800 4594 686813 4592 701187
138900 4597 687206 4595 701794
139000 4601 687839 4600 702161
139100 4606 688396 4605 702604
139200 4613 688936 4609 703064
139300 4615 689391 4612 703609
139400 4617 689881 4615 704119
139500 4620 690309 4619 704691
139600 4624 690688 4621 705312
139700 4624 691353 4622 705647
139800 4628 691978 4627 706022
139900 4632 692547 4632 706453
140000 4634 693010 4633 706990
140100 4634 693544 4635 707456
140200 4638 694087 4637 707913
140300 4639 694639 4640 708361
140400 4639 695111 4644 708889
140500 4644 695468 4652 709532
140600 4651 695950 4657 710050
140700 4651 696378 4660 710622
140800 4653 696809 4662 711191
140900 4659 697206 4663 711794
141000 4662 697515 4664 712485
141100 4670 698102 4666 712898
141200 4670 698684 4666 713316
141300 4673 699243 4670 713757
141400 4673 699762 4671 714238
141500 4676 700262 4673 714738
141600 4678 700817 4676 715183
141700 4682 701212 4678 715788
141800 4682 701650 4679 716350
141900 4685 702224 4681 716776
142000 4693 702865 4688 717135
142100 4694 703321 4692 717679
142200 4695 703798 4693 718202
142300 4698 704215 4698 718785
142400 4701 704690 4705 719310
142500 4705 705110 4707 719890
142600 4708 705641 4712 720359
142700 4709 706177 4715 720823
142800 4710 706724 4717 721276
142900 4710 707227 4720 721773
143000 4714 707704 4724 722296
143100 4719 708260 4730 722740
143200 4719 708677 4730 723323
143300 4722 709206 4732 723794
143400 4722 709703 4734 724297
143500 4724 710278 4736 724722
143600 4725 710781 4743 725219
143700 4728 711303 4748 725697
143800 4732 711874 4750 726126
143900 4738 712423 4755 726577
144000 4743 712889 4756 727111
144100 4750 713360 4761 727640
144200 4753 713849 4762 728151
144300 4757 714343 4765 728657
144400 4761 714869 4767 729131
144500 4762 715344 4768 729656
144600 4763 715858 4770 730142
144700 4764 716388 4771 730612
144800 4768 716972 4774 731028
144900 4769 717502 4777 731498
145000 4773 718083 4783 731917
145100 4778 718590 4786 732410
145200 4782 718992 4788 733008
145300 4786 719382 4792 733618
145400 4789 719835 4796 734165
145500 4793 720305 4803 734695
145600 4793 720883 4805 735117
145700 4794 721568 4807 735432
145800 4798 722098 4814 735902
145900 4799 722553 4814 736447
146000 4805 723027 4817 736973
146100 4807 723654 4819 737346
146200 4813 724340 4823 737660
146300 4815 724781 4823 738219
146400 4816 725429 4824 738571
146500 4817 725929 4826 739071
146600 4820 726370 4830 739630
146700 4820 726878 4831 740122
146800 4821 727333 4834 740667
146900 4821 727827 4837 741173
147000 4825 728242 4841 741758
147100 4830 728632 4844 742368
147200 4834 729119 4848 742881
147300 4836 729608 4850 743392
147400 4838 730083 4852 743917
147500 4839 730544 4855 744456
147600 4839 731099 4855 744901
147700 4840 731619 4858 745381
147800 4840 732164 4859 745836
147900 4843 732695 4861 746305
148000 4845 733247 4864 746753
148100 4853 733836 4868 747164
148200 4860 734339 4870 747661
148300 4866 734858 4873 748142
148400 4869 735315 4876 748685
148500 4871 735798 4878 749202
148600 4875 736318 4879 749682
148700 4879 736850 4881 750150
148800 4880 737298 4881 750702
148900 4884 737796 4884 751204
149000 4885 738259 4886 751741
149100 4892 738828 4892 752172
149200 4894 739268 4898 752732
149300 4897 739798 4901 753202
149400 4904 740242 4905 753758
149500 4904 740710 4907 754290
149600 4908 741179 4912 754821
149700 4910 741640 4915 755360
149800 4914 742106 4918 755894
149900 4918 742507 4920 756493
150000 4924 742845 4922 757155
150100 4926 743331 4927 757669
150200 4928 743905 4929 758095
150300 4929 744557 4930 758443
150400 4929 745128 4931 758872
150500 4929 745709 4936 759291
150600 4936 746179 4939 759821
150700 4942 746671 4944 760329
150800 4943 747261 4951 760739
150900 4944 747778 4952 761222
151000 4946 748245 4953 761755
151100 4947 748753 4956 762247
151200 4948 749264 4958 762736
151300 4950 749725 4963 763275
151400 4950 750268 4966 763732
151500 4955 750780 4970 764220
151600 4956 751328 4971 764672
151700 4959 751840 4972 765160
151800 4965 752327 4976 765673
151900 4974 752724 4980 766276
152000 4977 753253 4984 766747
152100 4979 753712 4986 767288
152200 4980 754263 4988 767737
152300 4985 754729 4991 768271
152400 4986 755183 4997 768817
152500 4990 755710 5005 769290
152600 4994 756266 5009 769734
152700 4999 756846 5011 770154
152800 5002 757385 5011 770615
152900 5006 757860 5017 771140
153000 5011 758414 5020 771586
153100 5013 758930 5022 772070
153200 5016 759513 5026 772487
153300 5018 760053 5030 772947
153400 5020 760501 5032 773499
153500 5022 760998 5034 774002
153600 5022 761547 5035 774453
153700 5025 762041 5036 774959
153800 5029 762525 5038 775475
153900 5033 762997 5041 776003
154000 5037 763475 5045 776525
154100 5039 763974 5049 777026
154200 5040 764498 5051 777502
154300 5042 764929 5053 778071
154400 5047 765494 5054 778506
154500 5052 766104 5058 778896
154600 5056 766379 5058 779621
154700 5059 766815 5062 780185
154800 5061 767212 5065 780788
154900 5063 767659 5068 781341
155000 5064 768215 5068 781785
155100 5067 768690 5070 782310
155200 5069 769187 5072 782813
155300 5073 769733 5074 783267
155400 5076 770209 5076 783791
155500 5079 770765 5078 784235
155600 5083 771236 5081 784764
155700 5085 771673 5081 785327
155800 5087 772197 5084 785803
155900 5091 772790 5084 786210
156000 5093 773365 5091 786635
156100 5094 773878 5094 787122
156200 5094 774355 5095 787645
156300 5095 774877 5096 788123
156400 5099 775384 5097 788616
156500 5100 775913 5099 789087
156600 5105 776442 5104 789558
156700 5109 777025 5108 789975
156800 5115 777585 5109 790415
156900 5117 778186 5110 790814
157000 5118 778685 5113 791315
157100 5119 779115 5116 791885
157200 5122 779538 5120 792462
157300 5131 779959 5123 793041
157400 5135 780553 5126 793447
157500 5139 781049 5130 793951
157600 5142 781608 5130 794392
157700 5152 782119 5132 794881
157800 5156 782676 5136 795324
157900 5157 783203 5138 795797
158000 5159 783685 5140 796315
158100 5165 784111 5148 796889
158200 5168 784526 5149 797474
158300 5172 784977 5154 798023
158400 5175 785543 5160 798457
158500 5176 786057 5162 798943
158600 5177 786580 5163 799420
158700 5180 787146 5165 799854
158800 5184 787724 5169 800276
158900 5190 788225 5172 800775
159000 5192 788559 5174 801441
159100 5193 789073 5177 801927
159200 5196 789562 5180 802438
159300 5198 790106 5182 802894
159400 5201 790558 5185 803442
159500 5205 790965 5189 804035
159600 5206 791609 5192 804391
159700 5207 792240 5194 804760
159800 5211 792839 5199 805161
159900 5213 793404 5203 805596
160000 5219 793976 5207 806024
160100 5221 794546 5210 806454
160200 5226 795116 5212 806884
160300 5228 795700 5214 807300
160400 5230 796220 5219 807780
160500 5237 796728 5221 808272
160600 5241 797251 5225 808749
160700 5244 797730 5229 809270
160800 5246 798217 5231 809783
160900 5250 798752 5233 810248
161000 5253 799304 5236 810696
161100 5254 799775 5238 811225
161200 5255 800239 5239 811761
161300 5258 800735 5243 812265
161400 5261 801258 5247 812742
161500 5265 801730 5249 813270
161600 5267 802134 5251 813866
161700 5270 802553 5257 814447
161800 5271 803036 5258 814964
161900 5273 803492 5263 815508
162000 5274 804089 5264 815911
162100 5278 804561 5267 816439
162200 5280 805136 5270 816864
162300 5281 805699 5273 817301
162400 5283 806264 5275 817736
162500 5283 806748 5279 818252
162600 5286 807269 5282 818731
162700 5286 807790 5285 819210
162800 5287 808254 5285 819746
162900 5290 808779 5287 820221
163000 5293 809208 5291 820792
163100 5296 809630 5292 821370
163200 5297 810091 5293 821909
163300 5298 810669 5298 822331
163400 5299 811154 5300 822846
163500 5301 811640 5304 823360
163600 5306 812098 5305 823902
163700 5309 812558 5307 824442
163800 5314 813100 5310 824900
163900 5317 813613 5312 825387
164000 5318 814089 5313 825911
164100 5320 814602 5318 826398
164200 5323 815046 5323 826954
164300 5325 815551 5325 827449
164400 5327 816044 5326 827956
164500 5328 816553 5329 828447
164600 5331 816993 5331 829007
164700 5333 817539 5332 829461
164800 5335 818162 5339 829838
164900 5335 818699 5340 830301
165000 5337 819196 5340 830804
165100 5341 819617 5340 831383
165200 5343 820031 5340 831969
165300 5346 820597 5341 832403
165400 5348 821230 5344 832770
165500 5355 821713 5347 833287
165600 5357 822235 5352 833765
165700 5357 822786 5356 834214
165800 5359 823346 5360 834654
165900 5363 823898 5362 835102
166000 5366 824445 5362 835555
166100 5368 824854 5364 836146
166200 5373 825374 5364 836626
166300 5374 825825 5367 837175
166400 5375 826305 5372 837695
166500 5381 826713 5373 838287
166600 5386 827153 5378 838847
166700 5386 827601 5378 839399
166800 5393 828047 5381 839953
166900 5393 828575 5383 840425
167000 5396 829121 5387 840879
167100 5402 829544 5388 841456
167200 5403 829929 5391 842071
167300 5406 830408 5394 842592
167400 5407 830833 5397 843167
167500 5408 831342 5399 843658
167600 5411 831905 5402 844095
167700 5412 832375 5403 844625
167800 5415 832908 5411 845092
167900 5421 833407 5416 845593
168000 5426 833836 5421 846164
168100 5439 834282 5431 846718
168200 5440 834807 5436 847193
168300 5447 835295 5441 847705
168400 5448 835827 5442 848173
168500 5451 836386 5443 848614
168600 5453 836910 5448 849090
168700 5459 837415 5452 849585
168800 5463 837943 5454 850057
168900 5464 838497 5455 850503
169000 5468 839009 5458 850991
169100 5472 839549 5460 851451
169200 5474 840124 5465 851876
169300 5475 840623 5467 852377
169400 5476 841020 5467 852980
169500 5478 841440 5472 853560
169600 5480 841886 5477 854114
169700 5484 842303 5481 854697
169800 5487 842748 5485 855252
169900 5490 843192 5487 855808
170000 5493 843635 5489 856365
170100 5494 844056 5492 856944
170200 5494 844524 5494 857476
170300 5498 844890 5498 858110
170400 5499 845461 5501 858539
170500 5503 845995 5508 859005
170600 5507 846526 5512 859474
170700 5510 847047 5518 859953
170800 5511 847632 5520 860368
170900 5513 848121 5528 860879
171000 5518 848605 5530 861395
171100 5520 849151 5534 861849
171200 5520 849754 5535 862246
171300 5522 850287 5536 862713
171400 5522 850922 5538 863078
171500 5523 851374 5542 863626
171600 5526 851836 5545 864164
171700 5532 852323 5548 864677
171800 5541 852660 5552 865340
171900 5542 853128 5554 865872
172000 5545 853626 5554 866374
172100 5550 854125 5556 866875
172200 5550 854599 5558 867401
172300 5553 855137 5558 867863
172400 5556 855528 5562 868472
172500 5559 856048 5564 868952
172600 5560 856571 5566 869429
172700 5563 856992 5568 870008
172800 5566 857453 5572 870547
172900 5566 858002 5572 870998
173000 5567 858507 5573 871493
173100 5571 859119 5575 871881
173200 5573 859589 5577 872411
173300 5576 860041 5578 872959
173400 5577 860536 5582 873464
173500 5580 861056 5586 873944
173600 5580 861439 5589 874561
173700 5583 861881 5595 875119
173800 5589 862275 5600 875725
173900 5592 862768 5605 876232
174000 5593 863207 5609 876793
174100 5595 863702 5611 877298
174200 5599 864068 5612 877932
174300 5601 864559 5615 878441
174400 5603 864948 5616 879052
174500 5607 865414 5621 879586
174600 5611 865891 5622 880109
174700 5614 866452 5624 880548
174800 5615 867026 5624 880974
174900 5617 867458 5628 881542
175000 5619 867905 5632 882095
175100 5623 868420 5634 882580
175200 5626 868946 5638 883054
175300 5627 869368 5641 883632
175400 5633 869846 5644 884154
175500 5634 870282 5645 884718
175600 5638 870752 5646 885248
175700 5642 871287 5648 885713
175800 5644 871811 5649 886189
175900 5648 872290 5652 886710
176000 5653 872815 5656 887185
176100 5655 873346 5656 887654
176200 5655 873838 5662 888162
176300 5659 874219 5667 888781
176400 5661 874749 5668 889251
176500 5663 875254 5671 889746
176600 5666 875750 5674 890250
176700 5668 876189 5677 890811
176800 5673 876583 5681 891417
176900 5676 877019 5685 891981
177000 5679 877425 5692 892575
177100 5680 877862 5693 893138
177200 5681 878464 5696 893536
177300 5683 878929 5697 894071
177400 5689 879458 5699 894542
177500 5693 879875 5701 895125
177600 5698 880332 5706 895668
177700 5699 880825 5708 896175
177800 5701 881358 5708 896642
177900 5704 881911 5713 897089
178000 5706 882400 5715 897600
178100 5708 882872 5718 898128
178200 5713 883258 5720 898742
178300 5713 883755 5723 899245
178400 5716 884262 5725 899738
178500 5720 884733 5729 900267
178600 5732 885213 5733 900787
178700 5735 885519 5735 901481
178800 5738 885900 5735 902100
178900 5741 886493 5739 902507
179000 5744 886883 5743 903117
179100 5751 887233 5746 903767
179200 5755 887697 5748 904303
179300 5758 888160 5749 904840
179400 5761 888676 5750 905324
179500 5764 889125 5754 905875
179600 5765 889611 5759 906389
179700 5768 890148 5766 906852
179800 5770 890670 5767 907330
179900 5774 891188 5771 907812
180000 5778 891682 5775 908318
180100 5780 892157 5777 908843
180200 5785 892611 5787 909389
180300 5786 893010 5790 909990
180400 5787 893477 5791 910523
180500 5788 893923 5791 911077
180600 5791 894339 5794 911661
180700 5795 894752 5794 912248
180800 5798 895338 5798 912662
180900 5799 895804 5799 913196
181000 5802 896220 5804 913780
181100 5807 896637 5807 914363
181200 5810 897039 5812 914961
181300 5815 897518 5814 915482
181400 5817 897911 5818 916089
181500 5821 898361 5824 916639
181600 5823 898773 5827 917227
181700 5824 899168 5830 917832
181800 5828 899542 5833 918458
181900 5830 899876 5837 919124
182000 5835 900404 5843 919596
182100 5839 900979 5847 920021
182200 5842 901476 5852 920524
182300 5848 901956 5856 921044
182400 5853 902525 5861 921475
182500 5858 903036 5865 921964
182600 5864 903541 5865 922459
182700 5866 904000 5869 923000
182800 5866 904468 5871 923532
182900 5866 904979 5875 924021
183000 5869 905416 5879 924584
183100 5874 905837 5881 925163
183200 5877 906239 5885 925761
183300 5881 906590 5891 926410
183400 5883 907108 5895 926892
183500 5885 907661 5898 927339
183600 5892 908186 5900 927814
183700 5894 908680 5901 928320
183800 5898 909221 5903 928779
183900 5901 909815 5907 929185
184000 5902 910324 5910 929676
184100 5905 910783 5910 930217
184200 5906 911250 5914 930750
184300 5908 911760 5918 931240
184400 5911 912270 5919 931730
184500 5918 912707 5925 932293
184600 5925 913231 5933 932769
184700 5932 913611 5936 933389
184800 5933 914108 5939 933892
184900 5936 914609 5941 934391
185000 5939 915019 5943 934981
185100 5941 915414 5945 935586
185200 5947 915916 5952 936084
185300 5953 916478 5957 936522
185400 5955 917015 5961 936985
185500 5957 917491 5964 937509
185600 5961 917920 5969 938080
185700 5963 918348 5971 938652
185800 5964 918847 5973 939153
185900 5964 919339 5975 939661
186000 5968 919830 5976 940170
186100 5970 920290 5979 940710
186200 5973 920767 5980 941233
186300 5977 921370 5983 941630
186400 5980 921844 5984 942156
186500 5982 922334 5986 942666
186600 5985 922764 5988 943236
186700 5987 923155 5989 943845
186800 5990 923709 5990 944291
186900 5990 924353 5994 944647
187000 5994 924937 5995 945063
187100 5996 925356 5998 945644
187200 5996 925807 6003 946193
187300 6000 926340 6003 946660
187400 6002 926780 6005 947220
187500 6004 927197 6006 947803
187600 6007 927648 6010 948352
187700 6009 928129 6012 948871
187800 6013 928679 6012 949321
187900 6016 929203 6014 949797
188000 6017 929831 6017 950169
188100 6019 930318 6020 950682
188200 6026 930838 6023 951162
188300 6031 931359 6030 951641
188400 6035 931834 6033 952166
188500 6038 932221 6035 952779
188600 6041 932632 6038 953368
188700 6044 933060 6043 953940
188800 6046 933440 6045 954560
188900 6048 933976 6047 955024
189000 6051 934461 6050 955539
189100 6054 934991 6052 956009
189200 6057 935358 6054 956642
189300 6057 935892 6056 957108
189400 6061 936469 6061 957531
189500 6066 936959 6065 958041
189600 6071 937465 6072 958535
189700 6075 937903 6074 959097
189800 6077 938522 6075 959478
189900 6078 939104 6078 959896
190000 6084 939504 6080 960496
190100 6085 939974 6082 961026
190200 6089 940396 6086 961604
190300 6089 940995 6088 962005
190400 6089 941483 6089 962517
190500 6091 941944 6094 963056
190600 6095 942616 6100 963384
190700 6101 943122 6106 963878
190800 6103 943694 6109 964306
190900 6108 944252 6110 964748
191000 6109 944771 6112 965229
191100 6110 945273 6114 965727
191200 6111 945667 6117 966333
191300 6112 946174 6118 966826
191400 6117 946678 6119 967322
191500 6122 947243 6122 967757
191600 6127 947821 6125 968179
191700 6131 948287 6133 968713
191800 6131 948768 6134 969232
191900 6133 949333 6140 969667
192000 6139 949883 6144 970117
192100 6142 950439 6148 970561
192200 6149 950876 6152 971124
192300 6153 951281 6154 971719
192400 6158 951802 6157 972198
192500 6163 952328 6162 972672
192600 6166 952861 6165 973139
192700 6171 953391 6167 973609
192800 6175 953804 6172 974196
192900 6179 954235 6173 974765
193000 6184 954787 6178 975213
193100 6187 955303 6182 975697
193200 6191 955653 6185 976347
193300 6193 955960 6190 977040
193400 6195 956478 6191 977522
193500 6200 956968 6194 978032
193600 6207 957403 6195 978597
193700 6212 957923 6196 979077
193800 6212 958604 6197 979396
193900 6218 959237 6198 979763
194000 6221 959797 6202 980203
194100 6226 960317 6207 980683
194200 6226 960949 6207 981051
194300 6227 961423 6209 981577
194400 6228 961897 6212 982103
194500 6230 962444 6217 982556
194600 6234 962942 6223 983058
194700 6234 963366 6225 983634
194800 6235 963817 6226 984183
194900 6235 964273 6228 984727
195000 6238 964788 6234 985212
195100 6242 965335 6237 985665
195200 6245 965728 6238 986272
195300 6245 966188 6241 986812
195400 6247 966599 6243 987401
195500 6248 966959 6246 988041
195600 6254 967332 6251 988668
195700 6257 967781 6256 989219
195800 6257 968326 6257 989674
195900 6258 968859 6260 990141
196000 6260 969479 6260 990521
196100 6262 969927 6262 991073
196200 6265 970375 6263 991625
196300 6272 970852 6265 992148
196400 6276 971306 6268 992694
196500 6284 971814 6273 993186
196600 6289 972296 6275 993704
196700 6296 972740 6278 994260
196800 6299 973225 6282 994775
196900 6299 973644 6285 995356
197000 6305 974040 6287 995960
197100 6311 974351 6289 996649
197200 6311 974747 6290 997253
197300 6311 975203 6291 997797
197400 6312 975658 6293 998342
197500 6315 976117 6295 998883
197600 6317 976635 6296 999365
197700 6318 977110 6297 999890
197800 6322 977603 6299 1000397
197900 6325 978079 6307 1000921
198000 6329 978562 6314 1001438
198100 6330 979009 6314 1001991
198200 6333 979384 6316 1002616
198300 6335 979884 6317 1003116
198400 6337 980461 6321 1003539
198500 6339 980834 6324 1004166
198600 6342 981251 6327 1004749
198700 6348 981681 6330 1005319
198800 6357 982130 6339 1005870
198900 6359 982704 6341 1006296
199000 6362 983245 6342 1006755
199100 6364 983771 6347 1007229
199200 6367 984228 6348 1007772
199300 6368 984673 6348 1008327
199400 6370 985183 6351 1008817
199500 6373 985773 6353 1009227
199600 6374 986268 6356 1009732
199700 6378 986742 6362 1010258
199800 6385 987189 6368 1010811
199900 6391 987729 6369 1011271
200000 6398 988281 6372 1011719
