#! FIELDS timestep dup_succ dup_attempts kill_succ kill_attempts
#! SET timestep 0.5
#! SET kernel_bandwidth [0.4 0.4]
#! SET kt 1.0
100 65 100 84 900
200 143 260 172 1740
300 226 507 271 2493
400 293 841 363 3159
500 336 1254 428 3746
600 365 1542 469 4458
700 406 1613 524 5387
800 458 1728 594 6272
900 509 1896 681 7104
1000 558 2128 755 7872
1100 615 2419 820 8581
1200 660 2585 867 9415
1300 698 2717 903 10283
1400 732 2888 947 11112
1500 751 3093 964 11907
1600 760 3397 973 12603
1700 768 3647 982 13353
1800 774 4204 984 13796
1900 783 4655 987 14345
2000 788 5273 991 14727
2100 791 5725 994 15275
2200 796 6241 998 15759
2300 802 6792 999 16208
2400 805 7386 1002 16614
2500 807 7881 1004 17119
2600 811 8394 1007 17606
2700 813 8847 1014 18153
2800 817 9237 1021 18763
2900 821 9670 1023 19330
3000 821 10112 1027 19888
3100 823 10545 1032 20455
3200 826 11041 1034 20959
3300 831 11546 1038 21454
3400 831 12038 1039 21962
3500 834 12392 1039 22608
3600 838 12853 1039 23147
3700 838 13250 1040 23750
3800 842 13614 1041 24386
3900 847 14117 1044 24883
4000 851 14488 1045 25512
4100 851 14985 1047 26015
4200 852 15523 1049 26477
4300 853 16036 1051 26964
4400 857 16495 1056 27505
4500 859 17043 1058 27957
4600 863 17440 1058 28560
4700 865 17843 1058 29157
4800 867 18158 1061 29842
4900 867 18527 1062 30473
5000 871 18999 1064 31001
5100 872 19575 1064 31425
5200 877 20065 1066 31935
5300 881 20495 1070 32505
5400 882 21015 1072 32985
5500 889 21480 1074 33520
5600 890 22023 1077 33977
5700 895 22513 1081 34487
5800 898 23018 1087 34982
5900 903 23604 1091 35396
6000 907 24153 1099 35847
6100 907 24734 1100 36266
6200 913 25254 1101 36746
6300 915 25653 1104 37347
6400 918 26104 1109 37896
6500 919 26518 1109 38482
6600 925 27050 1113 38950
6700 925 27500 1116 39500
6800 927 28044 1120 39956
6900 928 28567 1121 40433
7000 931 29099 1126 40901
7100 933 29610 1126 41390
7200 936 30084 1128 41916
7300 938 30560 1129 42440
7400 940 31106 1129 42894
7500 946 31598 1131 43402
7600 951 32089 1133 43911
7700 956 32555 1135 44445
7800 961 33026 1143 44974
7900 965 33591 1149 45409
8000 968 34212 1154 45788
8100 972 34622 1157 46378
8200 978 35187 1161 46813
8300 982 35657 1163 47343
8400 984 36204 1163 47796
8500 988 36605 1167 48395
8600 993 37050 1170 48950
8700 999 37525 1173 49475
8800 1003 38054 1180 49946
8900 1007 38574 1186 50426
9000 1009 39053 1188 50947
9100 1009 39549 1189 51451
9200 1013 40022 1192 51978
9300 1016 40621 1193 52379
9400 1017 41108 1197 52892
9500 1021 41513 1201 53487
9600 1026 42074 1206 53926
9700 1030 42563 1208 54437
9800 1034 43138 1211 54862
9900 1035 43731 1211 55269
10000 1036 44223 1212 55777
10100 1038 44726 1215 56274
10200 1039 45146 1217 56854
10300 1039 45526 1220 57474
10400 1044 46032 1221 57968
10500 1046 46482 1228 58518
10600 1049 47081 1232 58919
10700 1051 47455 1234 59545
10800 1052 47904 1237 60096
10900 1054 48401 1239 60599
11000 1060 48946 1240 61054
11100 1060 49397 1243 61603
11200 1062 49926 1245 62074
11300 1065 50383 1249 62617
11400 1070 50945 1252 63055
11500 1071 51450 1258 63550
11600 1073 51957 1263 64043
11700 1076 52421 1270 64579
11800 1081 52986 1273 65014
11900 1081 53550 1279 65450
12000 1086 54046 1282 65954
12100 1093 54547 1288 66453
12200 1099 55022 1294 66978
12300 1103 55550 1295 67450
12400 1108 56199 1296 67801
12500 1110 56699 1297 68301
12600 1113 57186 1297 68814
12700 1116 57557 1302 69443
12800 1119 58132 1304 69868
12900 1123 58506 1306 70494
13000 1127 58993 1310 71007
13100 1127 59469 1312 71531
13200 1129 59989 1316 72011
13300 1133 60463 1318 72537
13400 1137 60878 1325 73122
13500 1140 61325 1330 73675
13600 1143 61926 1333 74074
13700 1147 62427 1335 74573
13800 1151 62940 1337 75060
13900 1154 63426 1339 75574
14000 1162 63909 1347 76091
14100 1164 64393 1348 76607
14200 1166 64825 1349 77175
14300 1170 65254 1352 77746
14400 1175 65838 1358 78162
14500 1178 66342 1361 78658
14600 1178 66799 1364 79201
14700 1184 67209 1366 79791
14800 1187 67697 1370 80303
14900 1189 68237 1373 80763
15000 1189 68713 1375 81287
15100 1193 69161 1376 81839
15200 1196 69709 1378 82291
15300 1198 70319 1380 82681
15400 1201 70695 1381 83305
15500 1201 71250 1386 83750
15600 1206 71659 1388 84341
15700 1207 72033 1391 84967
15800 1209 72616 1395 85384
15900 1214 73128 1397 85872
16000 1221 73560 1399 86440
16100 1224 74091 1405 86909
16200 1226 74598 1406 87402
16300 1230 75066 1409 87934
16400 1233 75472 1411 88528
16500 1239 75919 1414 89081
16600 1245 76396 1423 89604
16700 1249 77032 1425 89968
16800 1253 77470 1426 90530
16900 1256 77890 1431 91110
17000 1262 78365 1436 91635
17100 1263 78962 1438 92038
17200 1266 79461 1441 92539
17300 1267 79906 1443 93094
17400 1270 80451 1444 93549
17500 1272 80907 1451 94093
17600 1274 81453 1458 94547
17700 1277 81928 1466 95072
17800 1277 82388 1469 95612
17900 1280 82854 1472 96146
18000 1282 83400 1472 96600
18100 1286 83875 1479 97125
18200 1289 84438 1483 97562
18300 1294 84979 1483 98021
18400 1296 85470 1489 98530
18500 1301 85875 1495 99125
18600 1303 86362 1497 99638
18700 1307 86788 1499 100212
18800 1315 87296 1503 100704
18900 1322 87901 1507 101099
19000 1327 88446 1509 101554
19100 1332 88961 1516 102039
19200 1333 89587 1516 102413
19300 1339 90155 1517 102845
19400 1344 90597 1519 103403
19500 1350 91004 1524 103996
19600 1351 91469 1527 104531
19700 1354 92060 1533 104940
19800 1359 92455 1537 105545
19900 1361 92971 1540 106029
20000 1362 93524 1540 106476
20100 1362 93959 1541 107041
20200 1366 94510 1545 107490
20300 1367 94900 1547 108100
20400 1369 95412 1550 108588
20500 1373 95977 1557 109023
20600 1377 96418 1564 109582
20700 1383 96947 1564 110053
20800 1390 97456 1569 110544
20900 1392 97980 1573 111020
21000 1396 98518 1577 111482
21100 1399 99012 1579 111988
21200 1401 99465 1583 112535
21300 1409 100007 1589 112993
21400 1412 100525 1591 113475
21500 1414 101007 1597 113993
21600 1418 101459 1602 114541
21700 1421 101905 1603 115095
21800 1425 102431 1606 115569
21900 1429 102949 1610 116051
22000 1429 103410 1612 116590
22100 1430 103890 1613 117110
22200 1431 104545 1617 117455
22300 1438 105076 1617 117924
22400 1439 105444 1619 118556
22500 1446 106057 1623 118943
22600 1447 106600 1625 119400
22700 1449 107223 1629 119777
22800 1453 107761 1631 120239
22900 1455 108210 1633 120790
23000 1457 108681 1635 121319
23100 1458 109176 1636 121824
23200 1464 109709 1643 122291
23300 1467 110170 1646 122830
23400 1468 110614 1650 123386
23500 1468 111104 1650 123896
23600 1472 111467 1654 124533
23700 1478 112049 1659 124951
23800 1485 112520 1661 125480
23900 1486 112954 1664 126046
24000 1492 113495 1672 126505
24100 1495 113973 1675 127027
24200 1497 114508 1679 127492
24300 1501 115083 1684 127917
24400 1503 115528 1685 128472
24500 1507 116045 1688 128955
24600 1507 116489 1691 129511
24700 1509 117017 1694 129983
24800 1511 117464 1696 130536
24900 1514 118043 1698 130957
25000 1518 118614 1699 131386
25100 1520 119168 1702 131832
25200 1525 119780 1708 132220
25300 1529 120294 1709 132706
25400 1535 120639 1715 133361
25500 1539 121283 1718 133717
25600 1544 121654 1724 134346
25700 1550 122264 1727 134736
25800 1554 122727 1731 135273
25900 1558 123127 1734 135873
26000 1558 123643 1737 136357
26100 1559 124127 1742 136873
26200 1564 124635 1751 137365
26300 1567 125112 1756 137888
26400 1567 125436 1758 138564
26500 1572 125849 1764 139151
26600 1575 126447 1769 139553
26700 1578 126802 1770 140198
26800 1580 127282 1772 140718
26900 1582 127851 1775 141149
27000 1584 128197 1779 141803
27100 1589 128637 1780 142363
27200 1594 129150 1783 142850
27300 1594 129642 1787 143358
27400 1600 130017 1792 143983
27500 1602 130493 1793 144507
27600 1603 131040 1796 144960
27700 1604 131505 1797 145495
27800 1607 131985 1798 146015
27900 1611 132467 1802 146533
28000 1612 132950 1806 147050
28100 1616 133438 1810 147562
28200 1620 134026 1813 147974
28300 1621 134507 1814 148493
28400 1621 135006 1817 148994
28500 1623 135498 1820 149502
28600 1624 136150 1821 149850
28700 1626 136648 1825 150352
28800 1628 137124 1827 150876
28900 1629 137714 1829 151286
29000 1629 138183 1831 151817
29100 1629 138726 1834 152274
29200 1630 139197 1834 152803
29300 1632 139660 1838 153340
29400 1635 140172 1840 153828
29500 1637 140807 1842 154193
29600 1640 141231 1851 154769
29700 1647 141819 1854 155181
29800 1651 142352 1858 155648
29900 1655 142912 1862 156088
30000 1656 143347 1864 156653
30100 1663 143934 1868 157066
30200 1667 144479 1876 157521
30300 1672 145093 1881 157907
30400 1675 145549 1883 158451
30500 1676 146030 1888 158970
30600 1680 146606 1889 159394
30700 1683 147142 1893 159858
30800 1687 147548 1895 160452
30900 1691 147984 1897 161016
31000 1696 148483 1901 161517
31100 1700 149008 1901 161992
31200 1702 149533 1907 162467
31300 1705 150053 1907 162947
31400 1707 150666 1911 163334
31500 1713 151205 1916 163795
31600 1718 151808 1919 164192
31700 1721 152266 1924 164734
31800 1726 152818 1925 165182
31900 1731 153265 1930 165735
32000 1734 153902 1933 166098
32100 1737 154496 1936 166504
32200 1741 154976 1940 167024
32300 1746 155520 1942 167480
32400 1749 155947 1946 168053
32500 1753 156386 1950 168614
32600 1759 156812 1953 169188
32700 1763 157307 1957 169693
32800 1765 157779 1960 170221
32900 1767 158253 1962 170747
33000 1769 158732 1962 171268
33100 1770 159312 1965 171688
33200 1775 159836 1966 172164
33300 1779 160352 1967 172648
33400 1782 160802 1975 173198
33500 1782 161242 1977 173758
33600 1786 161659 1980 174341
33700 1788 162076 1983 174924
33800 1790 162599 1986 175401
33900 1793 163076 1988 175924
34000 1795 163559 1995 176441
34100 1797 164078 2001 176922
34200 1798 164551 2003 177449
34300 1799 164960 2007 178040
34400 1803 165330 2011 178670
34500 1810 165812 2015 179188
34600 1810 166183 2017 179817
34700 1811 166693 2022 180307
34800 1813 167159 2024 180841
34900 1816 167599 2027 181401
35000 1821 168079 2032 181921
35100 1828 168580 2036 182420
35200 1833 169069 2039 182931
35300 1838 169564 2040 183436
35400 1839 169950 2041 184050
35500 1841 170475 2047 184525
35600 1843 171003 2048 184997
35700 1846 171465 2050 185535
35800 1848 171926 2053 186074
35900 1851 172464 2056 186536
36000 1852 173004 2057 186996
36100 1854 173420 2059 187580
36200 1856 173869 2061 188131
36300 1860 174301 2062 188699
36400 1861 174812 2063 189188
36500 1864 175238 2064 189762
36600 1865 175702 2066 190298
36700 1867 176136 2069 190864
36800 1869 176696 2069 191304
36900 1871 177305 2071 191695
37000 1872 177814 2072 192186
37100 1875 178309 2075 192691
37200 1875 178862 2077 193138
37300 1878 179273 2080 193727
37400 1885 179672 2081 194328
37500 1890 180161 2091 194839
37600 1892 180751 2092 195249
37700 1893 181254 2092 195746
37800 1896 181720 2095 196280
37900 1898 182301 2095 196699
38000 1899 182857 2096 197143
38100 1900 183303 2099 197697
38200 1900 183776 2101 198224
38300 1903 184269 2104 198731
38400 1905 184790 2106 199210
38500 1906 185299 2108 199701
38600 1908 185810 2110 200190
38700 1915 186318 2117 200682
38800 1916 186816 2119 201184
38900 1924 187364 2122 201636
39000 1927 187824 2126 202176
39100 1930 188284 2127 202716
39200 1930 188789 2127 203211
39300 1933 189325 2130 203675
39400 1935 189763 2132 204237
39500 1938 190225 2133 204775
39600 1941 190617 2133 205383
39700 1945 191024 2134 205976
39800 1948 191516 2139 206484
39900 1953 191991 2144 207009
40000 1957 192563 2146 207437
40100 1963 193158 2150 207842
40200 1963 193610 2155 208390
40300 1965 194045 2161 208955
40400 1967 194502 2162 209498
40500 1969 195017 2163 209983
40600 1971 195464 2167 210536
40700 1973 196044 2170 210956
40800 1977 196419 2173 211581
40900 1981 196977 2174 212023
41000 1982 197452 2176 212548
41100 1982 197888 2176 213112
41200 1984 198432 2177 213568
41300 1987 198918 2179 214082
41400 1991 199351 2184 214649
41500 2001 199830 2186 215170
41600 2003 200278 2189 215722
41700 2004 200866 2193 216134
41800 2006 201454 2202 216546
41900 2007 201990 2204 217010
42000 2008 202605 2207 217395
42100 2013 203065 2208 217935
42200 2016 203527 2209 218473
42300 2018 203986 2211 219014
42400 2020 204448 2211 219552
42500 2021 204911 2215 220089
42600 2023 205441 2217 220559
42700 2027 205889 2221 221111
42800 2028 206323 2224 221677
42900 2029 206868 2226 222132
43000 2029 207316 2226 222684
43100 2032 207916 2229 223084
43200 2033 208559 2230 223441
43300 2037 208989 2231 224011
43400 2040 209478 2237 224522
43500 2043 209983 2239 225017
43600 2046 210675 2245 225325
43700 2051 211295 2246 225705
43800 2052 211727 2248 226273
43900 2054 212248 2249 226752
44000 2057 212602 2252 227398
44100 2061 213104 2253 227896
44200 2069 213588 2255 228412
44300 2074 213968 2261 229032
44400 2080 214519 2264 229481
44500 2085 214983 2266 230017
44600 2085 215501 2268 230499
44700 2086 215933 2271 231067
44800 2087 216351 2272 231649
44900 2090 216918 2279 232082
45000 2093 217468 2282 232532
45100 2098 218059 2287 232941
45200 2103 218672 2290 233328
45300 2106 219128 2291 233872
45400 2108 219672 2293 234328
45500 2108 220132 2296 234868
45600 2110 220721 2297 235279
45700 2112 221234 2300 235766
45800 2114 221711 2302 236289
45900 2119 222216 2307 236784
46000 2121 222733 2310 237267
46100 2121 223216 2311 237784
46200 2123 223738 2313 238262
46300 2124 224158 2313 238842
46400 2125 224797 2316 239203
46500 2128 225343 2321 239657
46600 2131 225836 2324 240164
46700 2135 226380 2329 240620
46800 2139 226836 2334 241164
46900 2142 227379 2341 241621
47000 2146 227804 2343 242196
47100 2149 228242 2346 242758
47200 2152 228778 2346 243222
47300 2155 229264 2350 243736
47400 2157 229807 2352 244193
47500 2163 230256 2356 244744
47600 2166 230713 2357 245287
47700 2168 231187 2358 245813
47800 2171 231665 2365 246335
47900 2173 232179 2370 246821
48000 2174 232621 2375 247379
48100 2179 233096 2378 247904
48200 2182 233481 2381 248519
48300 2188 234024 2384 248976
48400 2191 234520 2388 249480
48500 2199 235023 2391 249977
48600 2202 235601 2396 250399
48700 2205 236103 2398 250897
48800 2207 236520 2400 251480
48900 2208 237050 2400 251950
49000 2212 237522 2403 252478
49100 2216 238078 2405 252922
49200 2218 238524 2407 253476
49300 2222 238999 2411 254001
49400 2226 239556 2414 254444
49500 2231 240150 2415 254850
49600 2232 240735 2419 255265
49700 2236 241204 2422 255796
49800 2240 241688 2426 256312
49900 2244 242236 2426 256764
50000 2244 242695 2429 257305
50100 2246 243081 2431 257919
50200 2247 243490 2433 258510
50300 2249 244032 2439 258968
50400 2254 244467 2441 259533
50500 2256 244975 2443 260025
50600 2266 245462 2448 260538
50700 2273 245974 2450 261026
50800 2277 246524 2454 261476
50900 2278 247010 2458 261990
51000 2279 247478 2461 262522
51100 2283 248119 2464 262881
51200 2287 248620 2467 263380
51300 2291 249266 2470 263734
51400 2294 249760 2472 264240
51500 2295 250306 2480 264694
51600 2297 250961 2486 265039
51700 2301 251392 2489 265608
51800 2302 251744 2493 266256
51900 2304 252170 2498 266830
52000 2306 252676 2500 267324
52100 2309 253241 2502 267759
52200 2310 253733 2504 268267
52300 2313 254222 2510 268778
52400 2317 254625 2514 269375
52500 2319 255172 2516 269828
52600 2326 255707 2526 270293
52700 2327 256152 2531 270848
52800 2330 256585 2534 271415
52900 2332 257052 2538 271948
53000 2332 257540 2543 272460
53100 2335 258051 2546 272949
53200 2339 258340 2549 273660
53300 2339 258798 2553 274202
53400 2340 259335 2555 274665
53500 2342 259854 2556 275146
53600 2346 260352 2560 275648
53700 2347 260811 2560 276189
53800 2350 261252 2566 276748
53900 2352 261783 2569 277217
54000 2358 262286 2574 277714
54100 2361 262655 2577 278345
54200 2364 263158 2584 278842
54300 2368 263632 2593 279368
54400 2370 264135 2599 279865
54500 2374 264530 2601 280470
54600 2379 265022 2603 280978
54700 2382 265485 2603 281515
54800 2386 265974 2604 282026
54900 2389 266550 2607 282450
55000 2395 267111 2612 282889
55100 2399 267652 2619 283348
55200 2404 268064 2621 283936
55300 2411 268559 2623 284441
55400 2417 269138 2630 284862
55500 2423 269615 2637 285385
55600 2430 270067 2639 285933
55700 2432 270616 2639 286384
55800 2434 271198 2641 286802
55900 2435 271755 2644 287245
56000 2436 272121 2648 287879
56100 2437 272611 2652 288389
56200 2439 273125 2653 288875
56300 2444 273714 2655 289286
56400 2446 274174 2657 289826
56500 2449 274739 2659 290261
56600 2452 275234 2659 290766
56700 2455 275802 2663 291198
56800 2458 276249 2666 291751
56900 2460 276819 2667 292181
57000 2461 277305 2667 292695
57100 2464 277849 2671 293151
57200 2466 278246 2673 293754
57300 2472 278703 2678 294297
57400 2473 279249 2680 294751
57500 2473 279766 2682 295234
57600 2480 280281 2684 295719
57700 2483 280870 2685 296130
57800 2485 281337 2690 296663
57900 2486 281745 2690 297255
58000 2488 282226 2697 297774
58100 2491 282653 2699 298347
58200 2498 283257 2701 298743
58300 2499 283770 2701 299230
58400 2500 284285 2705 299715
58500 2510 284691 2708 300309
58600 2513 285202 2710 300798
58700 2518 285691 2715 301309
58800 2521 286144 2717 301856
58900 2523 286537 2720 302463
59000 2528 287162 2723 302838
59100 2531 287594 2726 303406
59200 2534 288106 2728 303894
59300 2537 288648 2728 304352
59400 2542 289065 2730 304935
59500 2546 289590 2731 305410
59600 2549 289977 2736 306023
59700 2553 290422 2739 306578
59800 2554 290857 2740 307143
59900 2555 291353 2742 307647
60000 2557 291928 2747 308072
60100 2560 292407 2754 308593
60200 2563 292919 2757 309081
60300 2563 293451 2760 309549
60400 2563 293919 2764 310081
60500 2566 294289 2767 310711
60600 2568 294778 2768 311222
60700 2570 295259 2774 311741
60800 2575 295700 2781 312300
60900 2578 296169 2783 312831
61000 2579 296668 2785 313332
61100 2581 297155 2787 313845
61200 2584 297699 2790 314301
61300 2584 298162 2792 314838
61400 2587 298771 2796 315229
61500 2591 299304 2798 315696
61600 2593 299948 2807 316052
61700 2594 300435 2810 316565
61800 2597 300902 2812 317098
61900 2603 301377 2818 317623
62000 2605 301859 2819 318141
62100 2612 302403 2826 318597
62200 2614 302838 2832 319162
62300 2615 303420 2835 319580
62400 2620 303980 2837 320020
62500 2621 304367 2839 320633
62600 2624 304854 2840 321146
62700 2626 305413 2846 321587
62800 2627 305836 2848 322164
62900 2627 306366 2849 322634
63000 2632 306897 2856 323103
63100 2633 307283 2857 323717
63200 2639 307855 2866 324145
63300 2645 308313 2871 324687
63400 2650 308838 2876 325162
63500 2651 309307 2877 325693
63600 2655 309946 2879 326054
63700 2655 310434 2881 326566
63800 2659 310942 2891 327058
63900 2663 311341 2895 327659
64000 2664 311849 2896 328151
64100 2666 312362 2897 328638
64200 2672 312930 2900 329070
64300 2678 313468 2905 329532
64400 2678 314010 2909 329990
64500 2683 314534 2912 330466
64600 2689 315002 2917 330998
64700 2695 315468 2923 331532
64800 2698 315988 2931 332012
64900 2699 316448 2934 332552
65000 2704 317079 2938 332921
65100 2707 317614 2938 333386
65200 2712 318081 2941 333919
65300 2713 318679 2942 334321
65400 2716 319164 2947 334836
65500 2718 319735 2951 335265
65600 2720 320248 2953 335752
65700 2722 320734 2959 336266
65800 2725 321198 2962 336802
65900 2729 321751 2963 337249
66000 2730 322283 2966 337717
66100 2732 322701 2968 338299
66200 2736 323186 2974 338814
66300 2743 323576 2979 339424
66400 2746 323829 2987 340171
66500 2747 324345 2991 340655
66600 2749 324847 2993 341153
66700 2751 325360 2993 341640
66800 2751 325808 2998 342192
66900 2753 326321 2998 342679
67000 2759 326884 3001 343116
67100 2760 327477 3001 343523
67200 2763 328008 3003 343992
67300 2764 328511 3003 344489
67400 2766 328983 3005 345017
67500 2767 329550 3007 345450
67600 2767 330005 3007 345995
67700 2770 330526 3008 346474
67800 2770 331008 3013 346992
67900 2778 331587 3016 347413
68000 2781 332207 3020 347793
68100 2785 332798 3024 348202
68200 2788 333314 3030 348686
68300 2792 333897 3035 349103
68400 2792 334436 3038 349564
68500 2794 335140 3041 349860
68600 2797 335635 3043 350365
68700 2801 336091 3047 350909
68800 2804 336600 3048 351400
68900 2806 337145 3053 351855
69000 2807 337600 3056 352400
69100 2807 338104 3056 352896
69200 2809 338476 3057 353524
69300 2811 338960 3065 354040
69400 2815 339587 3066 354413
69500 2817 340158 3068 354842
69600 2819 340690 3070 355310
69700 2824 341188 3072 355812
69800 2829 341763 3073 356237
69900 2830 342315 3074 356685
70000 2832 342934 3078 357066
70100 2835 343532 3083 357468
70200 2837 343965 3085 358035
70300 2840 344469 3088 358531
70400 2843 345043 3093 358957
70500 2848 345481 3095 359519
70600 2854 346021 3100 359979
70700 2857 346502 3105 360498
70800 2860 347054 3111 360946
70900 2865 347509 3114 361491
71000 2869 347927 3121 362073
71100 2870 348420 3121 362580
71200 2871 348941 3126 363059
71300 2877 349463 3128 363537
71400 2878 349920 3135 364080
71500 2880 350397 3136 364603
71600 2880 350961 3142 365039
71700 2882 351482 3145 365518
71800 2882 352044 3146 365956
71900 2885 352541 3149 366459
72000 2886 353012 3153 366988
72100 2889 353517 3155 367483
72200 2893 353930 3158 368070
72300 2896 354419 3163 368581
72400 2899 354891 3167 369109
72500 2902 355218 3172 369782
72600 2907 355756 3174 370244
72700 2908 356363 3175 370637
72800 2910 356819 3179 371181
72900 2912 357238 3180 371762
73000 2914 357710 3183 372290
73100 2916 358172 3189 372828
73200 2918 358687 3193 373313
73300 2923 359106 3195 373894
73400 2923 359609 3195 374391
73500 2925 360081 3197 374919
73600 2930 360685 3201 375315
73700 2934 361153 3202 375847
73800 2936 361641 3203 376359
73900 2938 362206 3206 376794
74000 2940 362737 3208 377263
74100 2943 363154 3214 377846
74200 2948 363630 3217 378370
74300 2953 364066 3221 378934
74400 2962 364513 3229 379487
74500 2966 364939 3235 380061
74600 2969 365362 3239 380638
74700 2970 365797 3244 381203
74800 2974 366232 3244 381768
74900 2983 366765 3248 382235
75000 2984 367147 3251 382853
75100 2986 367670 3258 383330
75200 2992 368167 3261 383833
75300 2994 368616 3265 384384
75400 2998 369096 3270 384904
75500 3002 369527 3274 385473
75600 3004 370053 3275 385947
75700 3010 370494 3283 386506
75800 3011 371165 3285 386835
75900 3014 371618 3286 387382
76000 3017 372098 3288 387902
76100 3018 372571 3292 388429
76200 3020 373028 3294 388972
76300 3026 373456 3298 389544
76400 3030 373965 3300 390035
76500 3033 374434 3303 390566
76600 3036 375050 3305 390950
76700 3037 375525 3309 391475
76800 3037 376005 3310 391995
76900 3038 376578 3315 392422
77000 3039 377062 3318 392938
77100 3042 377505 3322 393495
77200 3045 378006 3328 393994
77300 3047 378530 3331 394470
77400 3051 379098 3335 394902
77500 3053 379505 3339 395495
77600 3055 380155 3341 395845
77700 3055 380686 3344 396314
77800 3062 381246 3347 396754
77900 3065 381777 3353 397223
78000 3068 382233 3357 397767
78100 3073 382723 3361 398277
78200 3074 383188 3364 398812
78300 3076 383693 3365 399307
78400 3083 384230 3370 399770
78500 3086 384700 3372 400300
78600 3090 385298 3372 400702
78700 3098 385861 3375 401139
78800 3104 386430 3376 401570
78900 3107 386791 3379 402209
79000 3112 387323 3383 402677
79100 3116 387688 3386 403312
79200 3118 388142 3392 403858
79300 3123 388576 3396 404424
79400 3130 389140 3396 404860
79500 3131 389685 3402 405315
79600 3133 390112 3403 405888
79700 3138 390547 3407 406453
79800 3141 390958 3411 407042
79900 3141 391569 3416 407431
80000 3143 392141 3417 407859
80100 3149 392695 3421 408305
80200 3151 393205 3426 408795
80300 3152 393602 3428 409398
80400 3153 394184 3432 409816
80500 3154 394658 3432 410342
80600 3159 395163 3435 410837
80700 3164 395684 3439 411316
80800 3170 396121 3445 411879
80900 3173 396648 3449 412352
81000 3178 397216 3451 412784
81100 3184 397736 3456 413264
81200 3186 398162 3459 413838
81300 3189 398700 3462 414300
81400 3192 399192 3466 414808
81500 3196 399718 3470 415282
81600 3197 400160 3471 415840
81700 3199 400662 3472 416338
81800 3203 401224 3478 416776
81900 3206 401682 3478 417318
82000 3209 402214 3482 417786
82100 3213 402767 3482 418233
82200 3216 403263 3484 418737
82300 3219 403836 3485 419164
82400 3224 404388 3487 419612
82500 3225 404841 3489 420159
82600 3225 405406 3492 420594
82700 3228 405976 3497 421024
82800 3232 406500 3499 421500
82900 3233 407084 3502 421916
83000 3236 407574 3506 422426
83100 3239 407988 3509 423012
83200 3246 408509 3514 423491
83300 3252 408995 3518 424005
83400 3259 409441 3518 424559
83500 3262 409932 3519 425068
83600 3269 410402 3529 425598
83700 3271 410929 3536 426071
83800 3273 411390 3537 426610
83900 3274 411926 3541 427074
84000 3277 412473 3545 427527
84100 3278 412863 3546 428137
84200 3279 413335 3548 428665
84300 3282 413821 3550 429179
84400 3284 414277 3555 429723
84500 3287 414682 3558 430318
84600 3293 415157 3565 430843
84700 3295 415556 3570 431444
84800 3299 416079 3571 431921
84900 3301 416637 3571 432363
85000 3302 417215 3571 432785
85100 3304 417861 3574 433139
85200 3304 418421 3575 433579
85300 3305 418904 3577 434096
85400 3308 419432 3580 434568
85500 3313 420007 3583 434993
85600 3316 420538 3586 435462
85700 3321 420918 3590 436082
85800 3327 421407 3597 436593
85900 3329 421767 3602 437233
86000 3334 422207 3607 437793
86100 3337 422761 3609 438239
86200 3338 423384 3614 438616
86300 3342 423824 3616 439176
86400 3344 424332 3618 439668
86500 3345 424827 3622 440173
86600 3350 425280 3627 440720
86700 3350 425732 3629 441268
86800 3352 426141 3633 441859
86900 3352 426662 3634 442338
87000 3356 427197 3635 442803
87100 3358 427781 3638 443219
87200 3359 428218 3641 443782
87300 3362 428688 3651 444312
87400 3363 429123 3656 444877
87500 3365 429612 3660 445388
87600 3369 430296 3665 445704
87700 3372 430832 3667 446168
87800 3374 431277 3670 446723
87900 3377 431726 3673 447274
88000 3378 432246 3675 447754
88100 3381 432634 3678 448366
88200 3384 433056 3679 448944
88300 3389 433566 3683 449434
88400 3393 434071 3685 449929
88500 3396 434586 3686 450414
88600 3398 435072 3686 450928
88700 3400 435560 3689 451440
88800 3404 435933 3690 452067
88900 3408 436521 3691 452479
89000 3415 436950 3696 453050
89100 3417 437597 3704 453403
89200 3421 438155 3706 453845
89300 3428 438653 3714 454347
89400 3432 439202 3717 454798
89500 3434 439670 3721 455330
89600 3434 440111 3726 455889
89700 3436 440545 3728 456455
89800 3443 441102 3732 456898
89900 3448 441528 3737 457472
90000 3449 441995 3738 458005
90100 3449 442502 3741 458498
90200 3453 442938 3745 459062
90300 3455 443431 3749 459569
90400 3460 443988 3753 460012
90500 3463 444484 3755 460516
90600 3465 444993 3763 461007
90700 3468 445621 3766 461379
90800 3472 446105 3770 461895
90900 3479 446639 3773 462361
91000 3482 447134 3775 462866
91100 3488 447649 3780 463351
91200 3489 448136 3781 463864
91300 3494 448684 3783 464316
91400 3500 449115 3785 464885
91500 3504 449639 3788 465361
91600 3506 450276 3794 465724
91700 3512 450842 3796 466158
91800 3514 451340 3801 466660
91900 3515 451835 3803 467165
92000 3517 452442 3804 467558
92100 3519 452821 3805 468179
92200 3519 453295 3810 468705
92300 3525 453699 3814 469301
92400 3530 454205 3818 469795
92500 3532 454755 3822 470245
92600 3534 455266 3825 470734
92700 3535 455770 3827 471230
92800 3539 456246 3833 471754
92900 3540 456782 3833 472218
93000 3540 457298 3835 472702
93100 3541 457795 3838 473205
93200 3542 458205 3838 473795
93300 3542 458770 3839 474230
93400 3542 459329 3840 474671
93500 3544 459829 3843 475171
93600 3548 460351 3848 475649
93700 3552 460892 3850 476108
93800 3553 461367 3853 476633
93900 3561 461842 3858 477158
94000 3563 462305 3861 477695
94100 3566 462851 3861 478149
94200 3570 463365 3863 478635
94300 3574 463878 3866 479122
94400 3577 464348 3873 479652
94500 3581 464756 3877 480244
94600 3585 465276 3879 480724
94700 3588 465817 3882 481183
94800 3594 466329 3886 481671
94900 3598 466739 3888 482261
95000 3600 467232 3889 482768
95100 3601 467684 3889 483316
95200 3605 468105 3891 483895
95300 3607 468627 3892 484373
95400 3609 469070 3894 484930
95500 3613 469601 3894 485399
95600 3620 470062 3896 485938
95700 3622 470526 3900 486474
95800 3625 471016 3903 486984
95900 3627 471446 3904 487554
96000 3629 471889 3906 488111
96100 3635 472461 3911 488539
96200 3638 473003 3915 488997
96300 3643 473510 3917 489490
96400 3645 474114 3921 489886
96500 3648 474577 3923 490423
96600 3651 475041 3925 490959
96700 3655 475457 3925 491543
96800 3659 476019 3929 491981
96900 3662 476549 3930 492451
97000 3665 477080 3933 492920
97100 3667 477694 3937 493306
97200 3669 478148 3939 493852
97300 3673 478694 3941 494306
97400 3680 479209 3944 494791
97500 3684 479641 3945 495359
97600 3685 480103 3948 495897
97700 3687 480556 3952 496444
97800 3690 481056 3955 496944
97900 3693 481591 3957 497409
98000 3696 482064 3958 497936
98100 3702 482575 3962 498425
98200 3703 483040 3968 498960
98300 3707 483507 3973 499493
98400 3712 484026 3975 499974
98500 3715 484546 3978 500454
98600 3718 485023 3981 500977
98700 3720 485551 3981 501449
98800 3726 486006 3985 501994
98900 3730 486437 3989 502563
99000 3734 486934 3991 503066
99100 3736 487478 3994 503522
99200 3740 487916 3995 504084
99300 3741 488309 3997 504691
99400 3745 488818 3999 505182
99500 3752 489364 4001 505636
99600 3756 489885 4003 506115
99700 3758 490414 4005 506586
99800 3764 490892 4009 507108
99900 3765 491342 4011 507658
100000 3767 491887 4014 508113
100100 3767 492331 4015 508669
100200 3772 492804 4020 509196
100300 3773 493313 4023 509687
100400 3776 493878 4025 510122
100500 3778 494356 4026 510644
100600 3781 494937 4031 511063
100700 3785 495357 4035 511643
100800 3791 495696 4037 512304
100900 3793 496246 4040 512754
101000 3796 496739 4045 513261
101100 3799 497293 4047 513707
101200 3800 497766 4051 514234
101300 3806 498187 4054 514813
101400 3808 498659 4059 515341
101500 3812 499243 4062 515757
101600 3820 499860 4067 516140
101700 3825 500282 4073 516718
101800 3828 500798 4074 517202
101900 3833 501240 4079 517760
102000 3837 501664 4079 518336
102100 3839 502189 4081 518811
102200 3842 502709 4086 519291
102300 3844 503262 4090 519738
102400 3845 503827 4090 520173
102500 3848 504303 4091 520697
102600 3850 504780 4094 521220
102700 3852 505255 4097 521745
102800 3858 505821 4098 522179
102900 3861 506263 4101 522737
103000 3863 506756 4105 523244
103100 3865 507239 4106 523761
103200 3869 507731 4109 524269
103300 3871 508242 4112 524758
103400 3874 508753 4117 525247
103500 3878 509299 4121 525701
103600 3885 509756 4124 526244
103700 3888 510360 4124 526640
103800 3892 510819 4126 527181
103900 3894 511238 4133 527762
104000 3899 511617 4138 528383
104100 3901 512151 4141 528849
104200 3904 512633 4143 529367
104300 3907 513044 4147 529956
104400 3910 513598 4153 530402
104500 3913 514126 4155 530874
104600 3914 514687 4155 531313
104700 3919 515213 4155 531787
104800 3922 515660 4160 532340
104900 3926 516111 4162 532889
105000 3931 516561 4165 533439
105100 3934 517048 4168 533952
105200 3936 517543 4170 534457
105300 3938 518080 4172 534920
105400 3940 518440 4177 535560
105500 3942 518936 4181 536064
105600 3944 519492 4184 536508
105700 3949 520010 4184 536990
105800 3951 520413 4188 537587
105900 3953 520869 4189 538131
106000 3959 521398 4190 538602
106100 3961 521894 4190 539106
106200 3962 522313 4194 539687
106300 3968 522862 4198 540138
106400 3971 523303 4201 540697
106500 3973 523866 4202 541134
106600 3977 524350 4205 541650
106700 3979 524789 4209 542211
106800 3983 525188 4211 542812
106900 3985 525632 4212 543368
107000 3991 526124 4218 543876
107100 3995 526709 4222 544291
107200 3997 527199 4223 544801
107300 3999 527749 4227 545251
107400 4001 528211 4231 545789
107500 4002 528562 4236 546438
107600 4004 529043 4238 546957
107700 4006 529421 4238 547579
107800 4007 529840 4244 548160
107900 4009 530335 4247 548665
108000 4012 530814 4255 549186
108100 4016 531310 4257 549690
108200 4017 531936 4261 550064
108300 4019 532392 4262 550608
108400 4021 532922 4266 551078
108500 4027 533453 4271 551547
108600 4031 533909 4275 552091
108700 4035 534371 4277 552629
108800 4037 534941 4278 553059
108900 4041 535550 4280 553450
109000 4045 536100 4282 553900
109100 4047 536500 4284 554500
109200 4049 536970 4287 555030
109300 4050 537422 4289 555578
109400 4052 537865 4289 556135
109500 4054 538316 4293 556684
109600 4056 538836 4297 557164
109700 4058 539333 4300 557667
109800 4062 539852 4306 558148
109900 4064 540438 4311 558562
110000 4070 540902 4315 559098
110100 4072 541363 4317 559637
110200 4075 541825 4321 560175
110300 4080 542325 4325 560675
110400 4080 542824 4326 561176
110500 4082 543379 4328 561621
110600 4086 543856 4330 562144
110700 4089 544326 4332 562674
110800 4094 544783 4333 563217
110900 4096 545284 4335 563716
111000 4101 545691 4342 564309
111100 4103 546188 4347 564812
111200 4108 546672 4353 565328
111300 4111 547097 4357 565903
111400 4112 547650 4359 566350
111500 4115 548166 4364 566834
111600 4116 548646 4369 567354
111700 4116 549138 4372 567862
111800 4119 549683 4375 568317
111900 4122 550219 4376 568781
112000 4125 550704 4381 569296
112100 4129 551204 4384 569796
112200 4134 551743 4388 570257
112300 4137 552301 4391 570699
112400 4139 552718 4392 571282
112500 4141 553098 4393 571902
112600 4145 553559 4401 572441
112700 4148 554170 4402 572830
112800 4149 554595 4404 573405
112900 4150 555052 4408 573948
113000 4153 555634 4412 574366
113100 4158 556050 4415 574950
113200 4161 556675 4417 575325
113300 4163 557195 4418 575805
113400 4169 557632 4424 576368
113500 4174 558260 4425 576740
113600 4177 558706 4430 577294
113700 4183 559168 4433 577832
113800 4187 559596 4435 578404
113900 4187 560159 4438 578841
114000 4190 560650 4441 579350
114100 4190 561140 4445 579860
114200 4199 561680 4445 580320
114300 4202 562183 4447 580817
114400 4203 562738 4448 581262
114500 4204 563422 4451 581578
114600 4205 563957 4452 582043
114700 4210 564521 4457 582479
114800 4216 565023 4460 582977
114900 4219 565513 4464 583487
115000 4221 566070 4470 583930
115100 4227 566417 4474 584583
115200 4228 566951 4475 585049
115300 4229 567526 4480 585474
115400 4232 568079 4481 585921
115500 4235 568569 4483 586431
115600 4239 569119 4487 586881
115700 4242 569706 4488 587294
115800 4244 570260 4490 587740
115900 4247 570738 4492 588262
116000 4253 571291 4498 588709
116100 4256 571841 4499 589159
116200 4259 572362 4502 589638
116300 4260 572825 4504 590175
116400 4264 573404 4506 590596
116500 4266 573880 4509 591120
116600 4270 574417 4514 591583
116700 4270 574895 4515 592105
116800 4272 575435 4518 592565
116900 4278 575835 4520 593165
117000 4288 576382 4523 593618
117100 4294 577014 4524 593986
117200 4297 577490 4527 594510
117300 4306 578056 4533 594944
117400 4314 578509 4539 595491
117500 4318 579028 4542 595972
117600 4322 579651 4548 596349
117700 4326 580162 4551 596838
117800 4328 580692 4558 597308
117900 4328 581145 4560 597855
118000 4335 581662 4565 598338
118100 4339 582214 4568 598786
118200 4340 582740 4569 599260
118300 4342 583178 4576 599822
118400 4345 583711 4579 600289
118500 4349 584265 4579 600735
118600 4351 584807 4582 601193
118700 4356 585334 4584 601666
118800 4358 585862 4585 602138
118900 4359 586323 4591 602677
119000 4364 586985 4596 603015
119100 4366 587608 4600 603392
119200 4369 588075 4604 603925
119300 4373 588569 4605 604431
119400 4378 588957 4607 605043
119500 4380 589283 4608 605717
119600 4386 589838 4612 606162
119700 4396 590378 4617 606622
119800 4399 591012 4620 606988
119900 4400 591485 4624 607515
120000 4406 591942 4632 608058
120100 4408 592437 4634 608563
120200 4409 592907 4636 609093
120300 4412 593531 4638 609469
120400 4415 594046 4640 609954
120500 4416 594579 4643 610421
120600 4420 594959 4646 611041
120700 4422 595538 4648 611462
120800 4425 595961 4651 612039
120900 4427 596618 4654 612382
121000 4428 597224 4657 612776
121100 4432 597697 4658 613303
121200 4433 598148 4661 613852
121300 4436 598721 4662 614279
121400 4441 599320 4665 614680
121500 4445 599879 4666 615121
121600 4447 600447 4671 615553
121700 4448 600995 4675 616005
121800 4449 601566 4676 616434
121900 4454 602050 4681 616950
122000 4456 602554 4685 617446
122100 4458 603125 4688 617875
122200 4461 603645 4691 618355
122300 4465 604111 4699 618889
122400 4468 604546 4704 619454
122500 4478 605033 4705 619967
122600 4481 605464 4710 620536
122700 4485 605861 4714 621139
122800 4486 606362 4718 621638
122900 4491 606848 4726 622152
123000 4492 607356 4730 622644
123100 4492 607890 4734 623110
123200 4494 608287 4738 623713
123300 4499 608847 4742 624153
123400 4503 609435 4746 624565
123500 4507 610024 4749 624976
123600 4510 610560 4750 625440
123700 4512 611036 4754 625964
123800 4515 611603 4756 626397
123900 4517 612155 4761 626845
124000 4520 612667 4762 627333
124100 4524 613129 4764 627871
124200 4526 613709 4765 628291
124300 4530 614291 4767 628709
124400 4533 614747 4772 629253
124500 4538 615281 4774 629719
124600 4542 615789 4775 630211
124700 4546 616338 4779 630662
124800 4550 616896 4786 631104
124900 4555 617399 4789 631601
125000 4559 617999 4793 632001
125100 4568 618578 4798 632422
125200 4570 619067 4802 632933
125300 4572 619603 4804 633397
125400 4574 620102 4806 633898
125500 4575 620595 4809 634405
125600 4578 621207 4811 634793
125700 4579 621783 4817 635217
125800 4583 622216 4819 635784
125900 4584 622663 4825 636337
126000 4587 623166 4828 636834
126100 4588 623692 4830 637308
126200 4594 624194 4832 637806
126300 4597 624744 4836 638256
126400 4599 625127 4838 638873
126500 4601 625631 4842 639369
126600 4605 626196 4845 639804
126700 4609 626741 4849 640259
126800 4612 627229 4852 640771
126900 4615 627803 4858 641197
127000 4618 628363 4861 641637
127100 4618 628943 4864 642057
127200 4618 629353 4865 642647
127300 4620 629884 4868 643116
127400 4626 630350 4869 643650
127500 4627 630835 4871 644165
127600 4632 631249 4872 644751
127700 4634 631630 4873 645370
127800 4637 632053 4873 645947
127900 4638 632529 4874 646471
128000 4640 633028 4875 646972
128100 4642 633477 4878 647523
128200 4645 634044 4880 647956
128300 4649 634536 4882 648464
128400 4650 634991 4886 649009
128500 4653 635504 4890 649496
128600 4655 636002 4892 649998
128700 4659 636522 4893 650478
128800 4663 636922 4896 651078
128900 4665 637492 4902 651508
129000 4668 637932 4905 652068
129100 4668 638507 4906 652493
129200 4669 639068 4909 652932
129300 4671 639592 4909 653408
129400 4674 640066 4911 653934
129500 4676 640532 4911 654468
129600 4680 641030 4914 654970
129700 4682 641570 4917 655430
129800 4685 642027 4918 655973
129900 4689 642562 4928 656438
130000 4690 642976 4932 657024
130100 4691 643478 4938 657522
130200 4692 643886 4938 658114
130300 4693 644359 4938 658641
130400 4697 644959 4940 659041
130500 4699 645412 4942 659588
130600 4704 645922 4948 660078
130700 4710 646390 4952 660610
130800 4713 646844 4958 661156
130900 4720 647374 4962 661626
131000 4724 647964 4967 662036
131100 4724 648484 4971 662516
131200 4727 649030 4974 662970
131300 4729 649474 4977 663526
131400 4732 649948 4979 664052
131500 4734 650448 4980 664552
131600 4737 650950 4984 665050
131700 4741 651625 4985 665375
131800 4742 652153 4992 665847
131900 4745 652711 4997 666289
132000 4747 653239 4998 666761
132100 4748 653726 5000 667274
132200 4748 654208 5001 667792
132300 4750 654628 5004 668372
132400 4751 655229 5007 668771
132500 4753 655855 5012 669145
132600 4759 656378 5014 669622
132700 4762 656876 5021 670124
132800 4764 657379 5022 670621
132900 4770 657684 5023 671316
133000 4775 658151 5027 671849
133100 4779 658722 5028 672278
133200 4784 659220 5029 672780
133300 4789 659690 5031 673310
133400 4792 660085 5034 673915
133500 4795 660565 5035 674435
133600 4800 661077 5041 674923
133700 4804 661615 5044 675385
133800 4806 662109 5044 675891
133900 4809 662746 5045 676254
134000 4811 663218 5048 676782
134100 4812 663745 5050 677255
134200 4814 664294 5055 677706
134300 4818 664861 5057 678139
134400 4820 665327 5062 678673
134500 4824 665809 5065 679191
134600 4829 666318 5067 679682
134700 4834 666917 5071 680083
134800 4834 667409 5074 680591
134900 4841 667871 5074 681129
135000 4845 668450 5078 681550
135100 4850 669012 5083 681988
135200 4853 669489 5089 682511
135300 4856 669884 5092 683116
135400 4858 670519 5094 683481
135500 4860 671086 5095 683914
135600 4865 671681 5098 684319
135700 4866 672106 5100 684894
135800 4869 672498 5103 685502
135900 4871 672970 5105 686030
136000 4877 673381 5106 686619
136100 4880 673819 5109 687181
136200 4883 674282 5113 687718
136300 4887 674731 5114 688269
136400 4888 675274 5114 688726
136500 4894 675723 5119 689277
136600 4899 676179 5122 689821
136700 4904 676757 5123 690243
136800 4907 677180 5125 690820
136900 4912 677724 5131 691276
137000 4912 678173 5133 691827
137100 4914 678700 5135 692300
137200 4919 679272 5135 692728
137300 4920 679699 5142 693301
137400 4922 680201 5148 693799
137500 4926 680725 5151 694275
137600 4927 681251 5153 694749
137700 4930 681735 5159 695265
137800 4932 682242 5164 695758
137900 4933 682715 5166 696285
138000 4940 683230 5169 696770
138100 4940 683727 5173 697273
138200 4943 684261 5175 697739
138300 4947 684822 5184 698178
138400 4952 685421 5185 698579
138500 4956 685920 5190 699080
138600 4960 686530 5195 699470
138700 4966 687108 5200 699892
138800 4973 687611 5205 700389
138900 4982 688075 5209 700925
139000 4983 688693 5209 701307
139100 4990 689236 5211 701764
139200 4993 689841 5214 702159
139300 4996 690328 5215 702672
139400 4997 690864 5223 703136
139500 4999 691440 5226 703560
139600 4999 691965 5229 704035
139700 5006 692503 5236 704497
139800 5014 693104 5242 704896
139900 5019 693397 5244 705603
140000 5021 693947 5246 706053
140100 5023 694506 5252 706494
140200 5027 695012 5254 706988
140300 5031 695517 5256 707483
140400 5038 696128 5259 707872
140500 5042 696551 5262 708449
140600 5045 697098 5264 708902
140700 5047 697637 5267 709363
140800 5050 698124 5272 709876
140900 5057 698640 5278 710360
141000 5059 699098 5282 710902
141100 5060 699561 5286 711439
141200 5061 700019 5289 711981
141300 5064 700483 5294 712517
141400 5068 700904 5296 713096
141500 5071 701307 5299 713693
141600 5072 701779 5302 714221
141700 5076 702285 5306 714715
141800 5078 702730 5309 715270
141900 5081 703186 5317 715814
142000 5082 703678 5318 716322
142100 5083 704093 5319 716907
142200 5090 704576 5325 717424
142300 5094 705112 5326 717888
142400 5097 705717 5326 718283
142500 5100 706210 5328 718790
142600 5104 706640 5332 719360
142700 5105 707182 5335 719818
142800 5109 707734 5335 720266
142900 5116 708229 5336 720771
143000 5119 708666 5341 721334
143100 5120 709183 5341 721817
143200 5121 709691 5343 722309
143300 5121 710207 5347 722793
143400 5122 710691 5350 723309
143500 5129 711287 5358 723713
143600 5132 711919 5359 724081
143700 5136 712432 5359 724568
143800 5137 713047 5360 724953
143900 5144 713562 5361 725438
144000 5145 714042 5364 725958
144100 5146 714498 5366 726502
144200 5147 715078 5369 726922
144300 5148 715565 5373 727435
144400 5149 716060 5376 727940
144500 5151 716499 5378 728501
144600 5153 717051 5380 728949
144700 5156 717612 5382 729388
144800 5158 718131 5385 729869
144900 5159 718699 5387 730301
145000 5161 719343 5387 730657
145100 5163 719890 5390 731110
145200 5166 720349 5392 731651
145300 5170 720858 5395 732142
145400 5173 721314 5399 732686
145500 5176 721753 5400 733247
145600 5179 722234 5401 733766
145700 5181 722806 5403 734194
145800 5182 723387 5403 734613
145900 5188 723993 5410 735007
146000 5190 724460 5416 735540
146100 5198 725018 5420 735982
146200 5200 725445 5421 736555
146300 5205 725964 5422 737036
146400 5207 726352 5427 737648
146500 5209 726795 5429 738205
146600 5211 727373 5433 738627
146700 5212 727704 5434 739296
146800 5217 728237 5435 739763
146900 5220 728748 5436 740252
147000 5225 729328 5442 740672
147100 5226 729864 5442 741136
147200 5226 730499 5444 741501
147300 5228 731029 5446 741971
147400 5232 731497 5453 742503
147500 5238 731934 5459 743066
147600 5239 732436 5461 743564
147700 5241 732907 5463 744093
147800 5245 733384 5465 744616
147900 5247 733893 5466 745107
148000 5250 734419 5469 745581
148100 5252 734939 5473 746061
148200 5253 735490 5474 746510
148300 5257 735996 5477 747004
148400 5259 736411 5482 747589
148500 5262 736873 5485 748127
148600 5266 737368 5487 748632
148700 5266 737949 5490 749051
148800 5271 738370 5491 749630
148900 5271 738874 5495 750126
149000 5274 739395 5498 750605
149100 5275 739933 5505 751067
149200 5275 740469 5510 751531
149300 5279 740954 5514 752046
149400 5280 741390 5518 752610
149500 5284 741864 5520 753136
149600 5284 742376 5522 753624
149700 5286 742891 5523 754109
149800 5288 743281 5527 754719
149900 5292 743797 5533 755203
150000 5296 744211 5537 755789
150100 5296 744660 5537 756340
150200 5297 745059 5539 756941
150300 5297 745583 5540 757417
150400 5302 746232 5542 757768
150500 5308 746654 5544 758346
150600 5309 747121 5548 758879
150700 5311 747639 5550 759361
150800 5313 748050 5551 759950
150900 5317 748614 5551 760386
151000 5323 749070 5552 760930
151100 5326 749493 5558 761507
151200 5328 750033 5560 761967
151300 5330 750547 5564 762453
151400 5333 750975 5566 763025
151500 5334 751491 5569 763509
151600 5336 751970 5570 764030
151700 5340 752314 5573 764686
151800 5348 752962 5574 765038
151900 5350 753440 5575 765560
152000 5353 753911 5575 766089
152100 5355 754387 5577 766613
152200 5356 754933 5583 767067
152300 5358 755375 5586 767625
152400 5360 755777 5590 768223
152500 5360 756180 5595 768820
152600 5362 756639 5597 769361
152700 5367 757200 5599 769800
152800 5371 757747 5603 770253
152900 5374 758211 5605 770789
153000 5375 758636 5607 771364
153100 5379 759086 5609 771914
153200 5382 759554 5613 772446
153300 5382 760066 5617 772934
153400 5384 760436 5620 773564
153500 5386 761073 5623 773927
153600 5387 761689 5624 774311
153700 5392 762171 5627 774829
153800 5396 762727 5635 775273
153900 5399 763244 5637 775756
154000 5404 763721 5638 776279
154100 5404 764137 5641 776863
154200 5412 764678 5644 777322
154300 5416 765134 5648 777866
154400 5420 765696 5650 778304
154500 5425 766236 5653 778764
154600 5428 766721 5656 779279
154700 5429 767322 5662 779678
154800 5431 767851 5664 780149
154900 5436 768324 5671 780676
155000 5437 768816 5671 781184
155100 5438 769189 5674 781811
155200 5440 769598 5675 782402
155300 5444 770145 5676 782855
155400 5445 770552 5680 783448
155500 5447 770948 5686 784052
155600 5448 771420 5688 784580
155700 5451 771857 5689 785143
155800 5453 772454 5692 785546
155900 5456 773004 5697 785996
156000 5456 773579 5699 786421
156100 5458 774081 5701 786919
156200 5462 774486 5702 787514
156300 5465 774956 5702 788044
156400 5470 775492 5703 788508
156500 5473 775971 5708 789029
156600 5475 776560 5712 789440
156700 5485 777107 5716 789893
156800 5486 777579 5717 790421
156900 5491 778210 5719 790790
157000 5496 778717 5720 791283
157100 5498 779117 5722 791883
157200 5504 779637 5724 792363
157300 5511 780017 5732 792983
157400 5514 780547 5735 793453
157500 5516 781028 5736 793972
157600 5519 781516 5743 794484
157700 5522 782019 5748 794981
157800 5530 782464 5751 795536
157900 5531 782828 5753 796172
158000 5538 783233 5758 796767
158100 5540 783710 5759 797290
158200 5541 784158 5763 797842
158300 5545 784655 5768 798345
158400 5547 785248 5771 798752
158500 5547 785711 5772 799289
158600 5551 786181 5776 799819
158700 5555 786617 5780 800383
158800 5556 787017 5781 800983
158900 5558 787531 5781 801469
159000 5560 788041 5784 801959
159100 5562 788658 5787 802342
159200 5562 789104 5788 802896
159300 5566 789638 5795 803362
159400 5566 790200 5800 803800
159500 5568 790589 5801 804411
159600 5569 791184 5803 804816
159700 5574 791643 5808 805357
159800 5576 792083 5812 805917
159900 5580 792604 5814 806396
160000 5582 792978 5816 807022
160100 5584 793434 5824 807566
160200 5584 793953 5827 808047
160300 5585 794548 5827 808452
160400 5587 795003 5827 808997
160500 5593 795572 5829 809428
160600 5597 796061 5833 809939
160700 5600 796647 5839 810353
160800 5604 797180 5842 810820
160900 5609 797711 5845 811289
161000 5613 798122 5845 811878
161100 5614 798625 5849 812375
161200 5615 799194 5853 812806
161300 5618 799819 5853 813181
161400 5620 800273 5854 813727
161500 5622 800727 5854 814273
161600 5628 801224 5854 814776
161700 5630 801784 5856 815216
161800 5635 802219 5860 815781
161900 5640 802689 5860 816311
162000 5646 803197 5867 816803
162100 5649 803723 5869 817277
162200 5653 804155 5871 817845
162300 5657 804597 5874 818403
162400 5657 805073 5874 818927
162500 5658 805631 5879 819369
162600 5661 806145 5880 819855
162700 5663 806635 5883 820365
162800 5663 807179 5884 820821
162900 5668 807701 5889 821299
163000 5674 808162 5893 821838
163100 5676 808684 5898 822316
163200 5681 809230 5900 822770
163300 5683 809633 5901 823367
163400 5687 810161 5908 823839
163500 5691 810647 5911 824353
163600 5695 811185 5915 824815
163700 5702 811705 5920 825295
163800 5704 812246 5922 825754
163900 5707 812830 5925 826170
164000 5709 813285 5928 826715
164100 5714 813803 5929 827197
164200 5717 814363 5931 827637
164300 5718 814847 5933 828153
164400 5721 815298 5940 828702
164500 5723 815804 5941 829196
164600 5725 816295 5945 829705
164700 5726 816749 5945 830251
164800 5727 817232 5946 830768
164900 5729 817821 5949 831179
165000 5731 818269 5953 831731
165100 5734 818919 5954 832081
165200 5736 819437 5955 832563
165300 5740 819926 5959 833074
165400 5747 820389 5962 833611
165500 5753 820975 5966 834025
165600 5753 821415 5968 834585
165700 5759 821742 5973 835258
165800 5763 822257 5974 835743
165900 5767 822842 5975 836158
166000 5771 823298 5978 836702
166100 5772 823744 5982 837256
166200 5774 824199 5983 837801
166300 5778 824613 5985 838387
166400 5783 825099 5991 838901
166500 5786 825565 5995 839435
166600 5789 826147 5995 839853
166700 5795 826573 5997 840427
166800 5795 827000 5999 841000
166900 5797 827491 6005 841509
167000 5798 827928 6007 842072
167100 5800 828491 6009 842509
167200 5804 829012 6012 842988
167300 5806 829497 6013 843503
167400 5810 830011 6020 843989
167500 5812 830466 6024 844534
167600 5815 830983 6029 845017
167700 5818 831460 6033 845540
167800 5822 831865 6037 846135
167900 5828 832295 6043 846705
168000 5832 832902 6045 847098
168100 5837 833440 6051 847560
168200 5841 834001 6053 847999
168300 5845 834536 6055 848464
168400 5848 835091 6059 848909
168500 5852 835606 6061 849394
168600 5858 836088 6065 849912
168700 5860 836625 6067 850375
168800 5861 837139 6071 850861
168900 5866 837663 6071 851337
169000 5866 838246 6073 851754
169100 5867 838805 6075 852195
169200 5870 839269 6076 852731
169300 5873 839838 6078 853162
169400 5875 840307 6080 853693
169500 5878 840684 6082 854316
169600 5881 841223 6089 854777
169700 5883 841832 6092 855168
169800 5887 842222 6098 855778
169900 5890 842747 6101 856253
170000 5891 843238 6106 856762
170100 5893 843759 6108 857241
170200 5894 844130 6110 857870
170300 5894 844714 6111 858286
170400 5898 845131 6114 858869
170500 5901 845691 6116 859309
170600 5904 846220 6117 859780
170700 5905 846699 6122 860301
170800 5910 847140 6128 860860
170900 5913 847719 6131 861281
171000 5918 848213 6135 861787
171100 5921 848672 6135 862328
171200 5924 849259 6137 862741
171300 5925 849708 6139 863292
171400 5925 850078 6142 863922
171500 5927 850649 6142 864351
171600 5929 851102 6144 864898
171700 5933 851596 6149 865404
171800 5935 852133 6150 865867
171900 5937 852660 6156 866340
172000 5940 853125 6159 866875
172100 5944 853639 6164 867361
172200 5947 854127 6164 867873
172300 5950 854588 6170 868412
172400 5953 855096 6176 868904
172500 5956 855536 6176 869464
172600 5959 856014 6179 869986
172700 5964 856536 6184 870464
172800 5964 857041 6186 870959
172900 5970 857558 6188 871442
173000 5971 858155 6189 871845
173100 5974 858589 6191 872411
173200 5978 859141 6194 872859
173300 5982 859611 6198 873389
173400 5983 860033 6202 873967
173500 5986 860597 6204 874403
173600 5987 861189 6205 874811
173700 5993 861725 6209 875275
173800 5997 862090 6212 875910
173900 6000 862623 6213 876377
174000 6004 863196 6214 876804
174100 6006 863694 6215 877306
174200 6009 864139 6217 877861
174300 6011 864445 6223 878555
174400 6013 864974 6224 879026
174500 6018 865525 6229 879475
174600 6021 866046 6231 879954
174700 6021 866661 6234 880339
174800 6026 867211 6236 880789
174900 6028 867707 6238 881293
175000 6030 868214 6241 881786
175100 6032 868711 6243 882289
175200 6038 869261 6248 882739
175300 6041 869960 6250 883040
175400 6041 870466 6252 883534
175500 6044 870900 6254 884100
175600 6047 871409 6257 884591
175700 6049 871733 6259 885267
175800 6052 872253 6260 885747
175900 6058 872736 6261 886264
176000 6060 873364 6265 886636
176100 6061 873828 6268 887172
176200 6065 874325 6268 887675
176300 6068 874854 6272 888146
176400 6071 875408 6277 888592
176500 6073 876002 6279 888998
176600 6077 876360 6284 889640
176700 6081 876823 6286 890177
176800 6082 877343 6287 890657
176900 6084 877801 6287 891199
177000 6087 878391 6288 891609
177100 6092 878906 6292 892094
177200 6093 879415 6294 892585
177300 6097 879946 6299 893054
177400 6099 880429 6305 893571
177500 6104 880986 6309 894014
177600 6105 881585 6314 894415
177700 6105 882069 6318 894931
177800 6108 882525 6319 895475
177900 6110 883035 6322 895965
178000 6110 883406 6325 896594
178100 6112 883911 6326 897089
178200 6114 884376 6327 897624
178300 6118 884880 6330 898120
178400 6121 885432 6333 898568
178500 6128 885860 6338 899140
178600 6130 886371 6341 899629
178700 6132 886883 6343 900117
178800 6139 887475 6346 900525
178900 6142 887980 6351 901020
179000 6144 888474 6356 901526
179100 6147 888972 6357 902028
179200 6148 889430 6363 902570
179300 6153 889926 6367 903074
179400 6157 890369 6371 903631
179500 6159 890843 6379 904157
179600 6159 891512 6380 904488
179700 6159 891996 6383 905004
179800 6164 892455 6387 905545
179900 6167 892925 6392 906075
180000 6169 893341 6394 906659
180100 6173 893837 6400 907163
180200 6176 894437 6406 907563
180300 6180 894902 6410 908098
180400 6181 895487 6413 908513
180500 6188 895987 6419 909013
180600 6190 896455 6424 909545
180700 6190 896924 6427 910076
180800 6193 897439 6428 910561
180900 6199 897943 6430 911057
181000 6201 898394 6433 911606
181100 6201 898930 6435 912070
181200 6203 899455 6437 912545
181300 6210 899913 6441 913087
181400 6212 900385 6443 913615
181500 6214 900955 6447 914045
181600 6216 901416 6449 914584
181700 6218 902009 6453 914991
181800 6220 902616 6458 915384
181900 6226 903142 6459 915858
182000 6229 903554 6460 916446
182100 6230 904074 6468 916926
182200 6236 904510 6473 917490
182300 6238 905003 6478 917997
182400 6240 905471 6479 918529
182500 6241 905992 6483 919008
182600 6246 906432 6484 919568
182700 6248 906962 6485 920038
182800 6248 907484 6488 920516
182900 6249 908115 6494 920885
183000 6251 908689 6498 921311
183100 6251 908992 6500 922008
183200 6257 909544 6502 922456
183300 6259 910017 6504 922983
183400 6260 910551 6506 923449
183500 6262 911008 6512 923992
183600 6268 911400 6514 924600
183700 6271 911851 6516 925149
183800 6275 912397 6519 925603
183900 6281 912951 6522 926049
184000 6281 913532 6526 926468
184100 6282 914113 6527 926887
184200 6287 914649 6528 927351
184300 6289 915173 6532 927827
184400 6291 915697 6535 928303
184500 6293 916324 6538 928676
184600 6298 916748 6542 929252
184700 6301 917175 6542 929825
184800 6303 917725 6546 930275
184900 6307 918191 6549 930809
185000 6310 918660 6552 931340
185100 6315 919165 6557 931835
185200 6316 919669 6561 932331
185300 6320 920214 6563 932786
185400 6320 920784 6564 933216
185500 6327 921318 6569 933682
185600 6333 921793 6573 934207
185700 6340 922191 6578 934809
185800 6343 922649 6578 935351
185900 6345 923172 6580 935828
186000 6347 923715 6584 936285
186100 6348 924239 6589 936761
186200 6350 924729 6593 937271
186300 6350 925200 6596 937800
186400 6354 925659 6598 938341
186500 6357 926175 6599 938825
186600 6359 926649 6602 939351
186700 6363 927137 6606 939863
186800 6366 927729 6606 940271
186900 6371 928168 6611 940832
187000 6372 928538 6616 941462
187100 6372 928913 6618 942087
187200 6373 929320 6619 942680
187300 6375 929721 6620 943279
187400 6380 930241 6624 943759
187500 6381 930780 6628 944220
187600 6386 931177 6632 944823
187700 6386 931681 6636 945319
187800 6389 932242 6641 945758
187900 6397 932738 6647 946262
188000 6398 933166 6648 946834
188100 6406 933639 6652 947361
188200 6407 934092 6657 947908
188300 6408 934591 6658 948409
188400 6410 935070 6660 948930
188500 6418 935673 6661 949327
188600 6420 936140 6661 949860
188700 6420 936530 6663 950470
188800 6422 936968 6666 951032
188900 6424 937434 6671 951566
189000 6426 937985 6675 952015
189100 6429 938484 6677 952516
189200 6430 938955 6678 953045
189300 6435 939408 6680 953592
189400 6438 939938 6687 954062
189500 6447 940406 6691 954594
189600 6451 940950 6695 955050
189700 6451 941452 6698 955548
189800 6456 941986 6702 956014
189900 6461 942541 6709 956459
190000 6465 943040 6709 956960
190100 6467 943535 6713 957465
190200 6469 943970 6713 958030
190300 6469 944472 6714 958528
190400 6473 944973 6720 959027
190500 6478 945470 6729 959530
190600 6482 946062 6735 959938
190700 6486 946520 6740 960480
190800 6489 947051 6742 960949
190900 6489 947617 6742 961383
191000 6493 947968 6746 962032
191100 6498 948447 6749 962553
191200 6503 948939 6749 963061
191300 6504 949397 6752 963603
191400 6508 949891 6754 964109
191500 6511 950424 6757 964576
191600 6515 950923 6762 965077
191700 6520 951389 6765 965611
191800 6522 951981 6767 966019
191900 6525 952449 6772 966551
192000 6531 952934 6776 967066
192100 6531 953433 6777 967567
192200 6531 954016 6780 967984
192300 6535 954395 6788 968605
192400 6538 954942 6790 969058
192500 6541 955355 6798 969645
192600 6545 955907 6800 970093
192700 6547 956403 6803 970597
192800 6547 956878 6807 971122
192900 6552 957378 6807 971622
193000 6553 957884 6812 972116
193100 6556 958426 6814 972574
193200 6560 958860 6816 973140
193300 6564 959332 6819 973668
193400 6569 959772 6825 974228
193500 6570 960213 6828 974787
193600 6572 960766 6830 975234
193700 6572 961228 6835 975772
193800 6575 961629 6841 976371
193900 6578 962173 6843 976827
194000 6580 962770 6845 977230
194100 6582 963326 6847 977674
194200 6585 963674 6850 978326
194300 6588 964159 6851 978841
194400 6591 964557 6853 979443
194500 6598 965077 6858 979923
194600 6600 965552 6860 980448
194700 6604 966095 6868 980905
194800 6606 966547 6870 981453
194900 6608 967121 6872 981879
195000 6613 967718 6877 982282
195100 6616 968142 6878 982858
195200 6616 968625 6880 983375
195300 6621 969102 6884 983898
195400 6625 969635 6885 984365
195500 6630 970089 6888 984911
195600 6638 970665 6890 985335
195700 6638 971175 6892 985825
195800 6642 971704 6894 986296
195900 6643 972175 6898 986825
196000 6646 972717 6900 987283
196100 6650 973277 6901 987723
196200 6654 973832 6909 988168
196300 6661 974284 6910 988716
196400 6665 974848 6914 989152
196500 6670 975378 6916 989622
196600 6672 975822 6918 990178
196700 6679 976407 6919 990593
196800 6682 976936 6919 991064
196900 6685 977468 6921 991532
197000 6686 978002 6926 991998
197100 6689 978600 6931 992400
197200 6693 979096 6933 992904
197300 6695 979655 6936 993345
197400 6698 980219 6939 993781
197500 6700 980872 6939 994128
197600 6705 981426 6941 994574
197700 6711 981855 6943 995145
197800 6716 982380 6949 995620
197900 6718 982851 6952 996149
198000 6722 983251 6953 996749
198100 6724 983867 6954 997133
198200 6726 984374 6958 997626
198300 6728 984862 6959 998138
198400 6730 985349 6960 998651
198500 6733 985732 6964 999268
198600 6734 986178 6970 999822
198700 6739 986690 6972 1000310
198800 6740 987131 6975 1000869
198900 6741 987686 6975 1001314
199000 6743 988035 6980 1001965
199100 6746 988463 6982 1002537
199200 6751 988936 6984 1003064
199300 6757 989386 6989 1003614
199400 6759 989731 6991 1004269
199500 6760 990152 6994 1004848
199600 6762 990637 6997 1005363
199700 6769 991155 7000 1005845
199800 6775 991652 7004 1006348
199900 6783 992296 7009 1006704
200000 6786 992870 7011 1007130
