#! FIELDS timestep dup_succ dup_attempts kill_succ kill_attempts
#! SET timestep 0.5
#! SET kernel_bandwidth [0.85 0.85]
#! SET kt 1.0
100 65 161 64 839
200 138 428 139 1572
300 213 758 232 2242
400 285 1184 291 2816
500 328 1690 344 3310
600 357 2243 374 3757
700 383 2707 391 4293
800 404 3193 413 4807
900 416 3636 427 5364
1000 430 4212 436 5788
1100 434 4669 444 6331
1200 440 5020 453 6980
1300 447 5458 458 7542
1400 451 5887 462 8113
1500 459 6501 471 8499
1600 465 6882 479 9118
1700 468 7473 482 9527
1800 468 7962 486 10038
1900 470 8448 488 10552
2000 473 8919 492 11081
2100 478 9419 494 11581
2200 484 9851 496 12149
2300 490 10207 498 12793
2400 493 10692 499 13308
2500 498 11247 500 13753
2600 499 11606 500 14394
2700 502 12109 502 14891
2800 504 12617 508 15383
2900 506 13172 516 15828
3000 513 13699 517 16301
3100 518 14246 519 16754
3200 521 14854 523 17146
3300 525 15384 529 17616
3400 533 15906 535 18094
3500 536 16458 537 18542
3600 539 16867 539 19133
3700 540 17383 543 19617
3800 543 17957 545 20043
3900 550 18467 552 20533
4000 553 18954 554 21046
4100 554 19412 560 21588
4200 555 20066 561 21934
4300 562 20714 562 22286
4400 564 21270 568 22730
4500 567 21796 573 23204
4600 572 22412 576 23588
4700 572 22786 578 24214
4800 572 23276 579 24724
4900 576 23681 580 25319
5000 578 24124 583 25876
5100 578 24545 584 26455
5200 579 25040 585 26960
5300 583 25656 587 27344
5400 586 26136 589 27864
5500 587 26556 590 28444
5600 595 26989 594 29011
5700 598 27516 596 29484
5800 602 27893 600 30107
5900 606 28387 605 30613
6000 609 28832 609 31168
6100 616 29251 614 31749
6200 623 29626 616 32374
6300 625 30082 620 32918
6400 628 30646 623 33354
6500 632 31119 627 33881
6600 632 31513 627 34487
6700 641 31987 635 35013
6800 645 32542 639 35458
6900 650 33095 642 35905
7000 653 33620 644 36380
7100 656 34138 646 36862
7200 657 34669 646 37331
7300 662 35140 648 37860
7400 669 35551 652 38449
7500 672 36114 655 38886
7600 678 36591 661 39409
7700 679 36953 666 40047
7800 681 37263 670 40737
7900 682 37812 673 41188
8000 684 38398 675 41602
8100 688 38874 677 42126
8200 689 39473 681 42527
8300 691 39986 686 43014
8400 694 40487 687 43513
8500 696 40913 690 44087
8600 699 41520 695 44480
8700 702 42069 698 44931
8800 706 42528 702 45472
8900 708 43038 709 45962
9000 709 43620 712 46380
9100 713 44178 715 46822
9200 714 44714 720 47286
9300 719 45266 724 47734
9400 722 45791 730 48209
9500 726 46490 732 48510
9600 732 47060 733 48940
9700 735 47553 735 49447
9800 736 48011 737 49989
9900 742 48450 740 50550
10000 745 48995 740 51005
10100 747 49465 743 51535
10200 752 50009 746 51991
10300 756 50515 749 52485
10400 760 51077 749 52923
10500 764 51640 754 53360
10600 767 52157 756 53843
10700 769 52582 757 54418
10800 770 53055 759 54945
10900 772 53421 760 55579
11000 773 53920 763 56080
11100 776 54400 764 56600
11200 777 54776 767 57224
11300 780 55336 768 57664
11400 784 55723 770 58277
11500 786 56154 775 58846
11600 788 56620 781 59380
11700 790 57193 783 59807
11800 797 57674 788 60326
11900 802 58257 792 60743
12000 803 58661 793 61339
12100 807 59116 797 61884
12200 820 59638 803 62362
12300 824 60068 807 62932
12400 825 60580 809 63420
12500 828 61115 815 63885
12600 831 61627 816 64373
12700 833 62139 816 64861
12800 841 62682 823 65318
12900 841 63265 824 65735
13000 843 63812 825 66188
13100 848 64339 827 66661
13200 849 64707 828 67293
13300 852 65174 831 67826
13400 856 65628 834 68372
13500 859 66265 835 68735
13600 861 66829 839 69171
13700 864 67297 840 69703
13800 869 67697 844 70303
13900 874 68274 848 70726
14000 883 68760 856 71240
14100 884 69264 862 71736
14200 886 69713 864 72287
14300 890 70109 865 72891
14400 895 70674 869 73326
14500 898 71252 871 73748
14600 899 71791 875 74209
14700 901 72221 877 74779
14800 905 72667 884 75333
14900 908 73255 885 75745
15000 913 73660 891 76340
15100 917 74150 895 76850
15200 921 74691 897 77309
15300 923 75154 900 77846
15400 924 75657 903 78343
15500 929 76148 908 78852
15600 932 76651 910 79349
15700 939 77197 919 79803
15800 948 77681 924 80319
15900 955 78149 929 80851
16000 958 78649 930 81351
16100 961 79111 936 81889
16200 963 79629 939 82371
16300 967 80234 944 82766
16400 971 80742 946 83258
16500 975 81408 950 83592
16600 981 81818 957 84182
16700 987 82261 959 84739
16800 988 82763 960 85237
16900 991 83293 961 85707
17000 997 83811 966 86189
17100 1004 84206 973 86794
17200 1006 84620 974 87380
17300 1007 85077 979 87923
17400 1008 85738 983 88262
17500 1011 86124 988 88876
17600 1012 86629 993 89371
17700 1017 87168 1003 89832
17800 1020 87673 1013 90327
17900 1023 88171 1020 90829
18000 1032 88637 1025 91363
18100 1035 89106 1026 91894
18200 1037 89654 1032 92346
18300 1040 90245 1038 92755
18400 1043 90759 1042 93241
18500 1047 91393 1045 93607
18600 1053 91895 1050 94105
18700 1058 92514 1052 94486
18800 1063 93010 1054 94990
18900 1072 93577 1062 95423
19000 1078 94064 1065 95936
19100 1080 94569 1069 96431
19200 1085 95056 1072 96944
19300 1090 95618 1074 97382
19400 1097 96188 1085 97812
19500 1108 96662 1093 98338
19600 1113 97086 1102 98914
19700 1115 97581 1106 99419
19800 1116 97982 1112 100018
19900 1117 98458 1117 100542
20000 1120 98936 1119 101064
20100 1120 99508 1120 101492
20200 1124 100085 1122 101915
20300 1130 100634 1123 102366
20400 1131 101148 1124 102852
20500 1138 101549 1125 103451
20600 1143 102007 1126 103993
20700 1145 102470 1127 104530
20800 1148 102832 1131 105168
20900 1150 103440 1134 105560
21000 1150 104000 1134 106000
21100 1154 104515 1138 106485
21200 1156 104973 1144 107027
21300 1167 105464 1146 107536
21400 1169 105968 1154 108032
21500 1173 106492 1154 108508
21600 1177 107044 1156 108956
21700 1181 107476 1158 109524
21800 1182 107986 1161 110014
21900 1185 108504 1163 110496
22000 1187 109068 1168 110932
22100 1190 109662 1170 111338
22200 1197 110269 1172 111731
22300 1200 110868 1175 112132
22400 1205 111463 1181 112537
22500 1207 112078 1183 112922
22600 1213 112637 1191 113363
22700 1217 113142 1194 113858
22800 1220 113671 1195 114329
22900 1225 114095 1197 114905
23000 1226 114636 1200 115364
23100 1228 115105 1201 115895
23200 1234 115600 1204 116400
23300 1235 116158 1206 116842
23400 1238 116810 1209 117190
23500 1239 117287 1211 117713
23600 1242 117799 1212 118201
23700 1245 118362 1213 118638
23800 1248 118866 1218 119134
23900 1251 119272 1221 119728
24000 1253 119681 1222 120319
24100 1255 120179 1230 120821
24200 1258 120623 1232 121377
24300 1268 121021 1238 121979
24400 1273 121400 1241 122600
24500 1276 121893 1245 123107
24600 1280 122375 1246 123625
24700 1284 122753 1251 124247
24800 1286 123123 1255 124877
24900 1288 123690 1257 125310
25000 1289 124095 1257 125905
25100 1291 124633 1260 126367
25200 1293 125106 1264 126894
25300 1298 125510 1269 127490
25400 1304 125877 1275 128123
25500 1306 126234 1281 128766
25600 1309 126686 1283 129314
25700 1314 127027 1288 129973
25800 1318 127470 1293 130530
25900 1321 127921 1296 131079
26000 1323 128403 1301 131597
26100 1325 129018 1304 131982
26200 1330 129585 1308 132415
26300 1337 130163 1313 132837
26400 1351 130743 1320 133257
26500 1358 131263 1328 133737
26600 1366 131760 1336 134240
26700 1368 132397 1338 134603
26800 1372 133023 1342 134977
26900 1375 133615 1345 135385
27000 1379 134204 1349 135796
27100 1381 134707 1351 136293
27200 1383 135227 1354 136773
27300 1386 135711 1357 137289
27400 1389 136283 1359 137717
27500 1394 136712 1362 138288
27600 1396 137122 1363 138878
27700 1397 137614 1364 139386
27800 1399 138074 1365 139926
27900 1402 138626 1369 140374
28000 1405 139122 1372 140878
28100 1408 139636 1373 141364
28200 1414 140210 1377 141790
28300 1415 140736 1382 142264
28400 1415 141116 1383 142884
28500 1422 141427 1387 143573
28600 1427 141805 1392 144195
28700 1432 142318 1395 144682
28800 1436 142850 1397 145150
28900 1437 143454 1399 145546
29000 1438 144099 1400 145901
29100 1440 144542 1401 146458
29200 1444 144955 1405 147045
29300 1444 145468 1408 147532
29400 1445 146060 1410 147940
29500 1449 146567 1411 148433
29600 1452 147067 1413 148933
29700 1459 147572 1423 149428
29800 1465 148036 1427 149964
29900 1466 148544 1429 150456
30000 1470 149016 1433 150984
30100 1471 149332 1437 151668
30200 1477 149680 1442 152320
30300 1487 150161 1447 152839
30400 1489 150652 1450 153348
30500 1490 151092 1452 153908
30600 1494 151644 1453 154356
30700 1497 152081 1456 154919
30800 1501 152537 1458 155463
30900 1501 152985 1463 156015
31000 1504 153504 1466 156496
31100 1506 153827 1467 157173
31200 1508 154266 1472 157734
31300 1509 154717 1476 158283
31400 1512 155182 1479 158818
31500 1514 155594 1483 159406
31600 1520 156013 1488 159987
31700 1522 156455 1492 160545
31800 1530 156990 1496 161010
31900 1534 157471 1498 161529
32000 1538 158044 1499 161956
32100 1539 158555 1502 162445
32200 1542 159070 1508 162930
32300 1547 159538 1510 163462
32400 1549 160101 1514 163899
32500 1552 160660 1517 164340
32600 1556 161257 1521 164743
32700 1557 161756 1526 165244
32800 1559 162276 1532 165724
32900 1564 162715 1536 166285
33000 1567 163176 1538 166824
33100 1567 163710 1541 167290
33200 1570 164240 1544 167760
33300 1572 164780 1547 168220
33400 1575 165326 1548 168674
33500 1580 165867 1551 169133
33600 1583 166372 1552 169628
33700 1592 166841 1556 170159
33800 1595 167300 1558 170700
33900 1600 167800 1561 171200
34000 1609 168320 1562 171680
34100 1610 168806 1568 172194
34200 1611 169286 1569 172714
34300 1613 169860 1569 173140
34400 1615 170426 1574 173574
34500 1619 170981 1575 174019
34600 1626 171420 1577 174580
34700 1630 171920 1578 175080
34800 1636 172447 1583 175553
34900 1637 172962 1588 176038
35000 1639 173459 1595 176541
35100 1641 173831 1598 177169
35200 1651 174287 1603 177713
35300 1655 174859 1609 178141
35400 1659 175425 1615 178575
35500 1661 175881 1616 179119
35600 1667 176434 1618 179566
35700 1671 176831 1622 180169
35800 1675 177284 1626 180716
35900 1677 177811 1628 181189
36000 1679 178264 1633 181736
36100 1687 178619 1635 182381
36200 1689 179204 1635 182796
36300 1690 179754 1638 183246
36400 1692 180270 1639 183730
36500 1695 180811 1642 184189
36600 1696 181362 1646 184638
36700 1698 181922 1648 185078
36800 1699 182430 1653 185570
36900 1699 182885 1656 186115
37000 1703 183401 1661 186599
37100 1707 183838 1667 187162
37200 1711 184230 1672 187770
37300 1714 184675 1674 188325
37400 1718 185325 1679 188675
37500 1720 185873 1683 189127
37600 1724 186510 1687 189490
37700 1726 187049 1689 189951
37800 1726 187588 1692 190412
37900 1729 188153 1695 190847
38000 1730 188657 1697 191343
38100 1732 189210 1698 191790
38200 1733 189773 1704 192227
38300 1734 190351 1705 192649
38400 1738 190960 1707 193040
38500 1742 191493 1712 193507
38600 1742 192019 1714 193981
38700 1743 192484 1716 194516
38800 1745 192991 1721 195009
38900 1749 193420 1723 195580
39000 1756 193976 1724 196024
39100 1756 194611 1726 196389
39200 1757 195212 1730 196788
39300 1759 195772 1734 197228
39400 1762 196328 1734 197672
39500 1770 196756 1739 198244
39600 1771 197203 1742 198797
39700 1778 197788 1745 199212
39800 1782 198106 1750 199894
39900 1785 198414 1754 200586
40000 1785 198779 1757 201221
40100 1786 199151 1760 201849
40200 1790 199597 1762 202403
40300 1793 200013 1763 202987
40400 1798 200386 1766 203614
40500 1803 200814 1767 204186
40600 1806 201264 1770 204736
40700 1808 201625 1771 205375
40800 1810 202120 1774 205880
40900 1815 202609 1781 206391
41000 1818 203129 1786 206871
41100 1820 203585 1792 207415
41200 1821 204214 1794 207786
41300 1823 204637 1795 208363
41400 1826 205156 1802 208844
41500 1833 205603 1808 209397
41600 1835 205983 1812 210017
41700 1841 206355 1814 210645
41800 1844 206866 1816 211134
41900 1846 207362 1817 211638
42000 1850 207734 1818 212266
42100 1852 208255 1819 212745
42200 1862 208591 1823 213409
42300 1863 208986 1824 214014
42400 1869 209526 1825 214474
42500 1869 210059 1826 214941
42600 1876 210637 1828 215363
42700 1882 211152 1830 215848
42800 1885 211668 1835 216332
42900 1891 212169 1835 216831
43000 1892 212643 1837 217357
43100 1892 213179 1837 217821
43200 1895 213632 1842 218368
43300 1899 214109 1847 218891
43400 1900 214612 1847 219388
43500 1904 214942 1849 220058
43600 1907 215467 1851 220533
43700 1910 215928 1856 221072
43800 1910 216444 1858 221556
43900 1912 216918 1859 222082
44000 1913 217278 1861 222722
44100 1918 217780 1865 223220
44200 1924 218350 1871 223650
44300 1932 218864 1873 224136
44400 1936 219348 1880 224652
44500 1939 219825 1883 225175
44600 1943 220340 1888 225660
44700 1948 220898 1891 226102
44800 1954 221394 1893 226606
44900 1958 222004 1895 226996
45000 1963 222489 1904 227511
45100 1968 222938 1904 228062
45200 1972 223505 1911 228495
45300 1977 223904 1914 229096
45400 1978 224407 1918 229593
45500 1985 224858 1921 230142
45600 1990 225375 1925 230625
45700 1994 225916 1926 231084
45800 2000 226500 1927 231500
45900 2008 226912 1930 232088
46000 2009 227484 1934 232516
46100 2014 227947 1937 233053
46200 2017 228388 1937 233612
46300 2018 228878 1940 234122
46400 2020 229249 1942 234751
46500 2023 229758 1947 235242
46600 2024 230474 1955 235526
46700 2030 231012 1961 235988
46800 2031 231487 1966 236513
46900 2040 231888 1967 237112
47000 2042 232328 1972 237672
47100 2045 232718 1974 238282
47200 2047 233254 1975 238746
47300 2051 233822 1978 239178
47400 2055 234346 1980 239654
47500 2056 234947 1985 240053
47600 2058 235518 1994 240482
47700 2059 236057 1995 240943
47800 2064 236607 1998 241393
47900 2066 237234 2004 241766
48000 2069 237549 2008 242451
48100 2074 238055 2013 242945
48200 2081 238649 2018 243351
48300 2088 239209 2023 243791
48400 2089 239732 2026 244268
48500 2089 240358 2030 244642
48600 2093 240905 2035 245095
48700 2099 241427 2038 245573
48800 2103 241945 2044 246055
48900 2105 242442 2051 246558
49000 2107 242904 2052 247096
49100 2110 243412 2057 247588
49200 2114 243934 2059 248066
49300 2118 244434 2060 248566
49400 2120 244918 2064 249082
49500 2126 245412 2068 249588
49600 2126 245996 2071 250004
49700 2131 246535 2078 250465
49800 2132 247110 2081 250890
49900 2135 247484 2087 251516
50000 2137 248004 2090 251996
50100 2141 248483 2095 252517
50200 2144 249052 2101 252948
50300 2146 249573 2104 253427
50400 2148 250160 2104 253840
50500 2152 250680 2106 254320
50600 2155 251303 2109 254697
50700 2156 251819 2116 255181
50800 2159 252245 2120 255755
50900 2165 252749 2127 256251
51000 2167 253219 2131 256781
51100 2169 253678 2133 257322
51200 2172 254107 2135 257893
51300 2173 254645 2135 258355
51400 2176 255213 2135 258787
51500 2181 255712 2139 259288
51600 2185 256050 2141 259950
51700 2186 256410 2144 260590
51800 2189 256859 2149 261141
51900 2192 257382 2152 261618
52000 2197 257840 2155 262160
52100 2198 258443 2158 262557
52200 2199 259044 2162 262956
52300 2201 259497 2167 263503
52400 2202 259974 2170 264026
52500 2205 260503 2175 264497
52600 2210 260898 2176 265102
52700 2214 261420 2181 265580
52800 2218 262071 2185 265929
52900 2225 262616 2190 266384
53000 2226 263182 2191 266818
53100 2229 263660 2191 267340
53200 2234 264175 2194 267825
53300 2234 264642 2196 268358
53400 2235 265173 2201 268827
53500 2238 265589 2203 269411
53600 2239 266028 2204 269972
53700 2241 266529 2210 270471
53800 2242 266969 2212 271031
53900 2248 267479 2216 271521
54000 2248 268017 2217 271983
54100 2254 268386 2223 272614
54200 2256 268913 2229 273087
54300 2260 269428 2231 273572
54400 2264 269979 2233 274021
54500 2264 270455 2238 274545
54600 2268 270967 2240 275033
54700 2274 271410 2241 275590
54800 2276 271990 2241 276010
54900 2279 272458 2243 276542
55000 2281 272884 2250 277116
55100 2282 273414 2251 277586
55200 2282 274010 2252 277990
55300 2290 274392 2259 278608
55400 2294 274914 2261 279086
55500 2297 275345 2265 279655
55600 2302 275817 2265 280183
55700 2305 276413 2268 280587
55800 2308 276894 2270 281106
55900 2310 277414 2273 281586
56000 2312 277861 2276 282139
56100 2316 278420 2277 282580
56200 2318 278940 2280 283060
56300 2318 279482 2284 283518
56400 2325 279988 2290 284012
56500 2326 280499 2292 284501
56600 2329 280963 2296 285037
56700 2332 281353 2301 285647
56800 2340 281812 2307 286188
56900 2343 282209 2309 286791
57000 2345 282686 2314 287314
57100 2350 283333 2316 287667
57200 2355 283900 2318 288100
57300 2358 284504 2318 288496
57400 2364 285096 2327 288904
57500 2364 285596 2331 289404
57600 2370 286168 2336 289832
57700 2375 286671 2338 290329
57800 2377 287112 2341 290888
57900 2378 287627 2343 291373
58000 2382 288162 2348 291838
58100 2386 288710 2356 292290
58200 2386 289143 2361 292857
58300 2392 289737 2365 293263
58400 2399 290308 2367 293692
58500 2401 290853 2370 294147
58600 2402 291319 2373 294681
58700 2408 291796 2377 295204
58800 2414 292237 2381 295763
58900 2415 292750 2384 296250
59000 2417 293295 2388 296705
59100 2420 293778 2389 297222
59200 2424 294368 2392 297632
59300 2427 294938 2397 298062
59400 2427 295472 2398 298528
59500 2430 295871 2398 299129
59600 2432 296373 2400 299627
59700 2437 296761 2405 300239
59800 2443 297267 2413 300733
59900 2444 297743 2415 301257
60000 2446 298148 2418 301852
60100 2450 298703 2422 302297
60200 2459 299299 2428 302701
60300 2462 299864 2431 303136
60400 2462 300502 2433 303498
60500 2466 300942 2437 304058
60600 2468 301462 2439 304538
60700 2470 301953 2443 305047
60800 2476 302398 2446 305602
60900 2478 302807 2448 306193
61000 2486 303221 2454 306779
61100 2488 303706 2458 307294
61200 2490 304215 2459 307785
61300 2492 304702 2460 308298
61400 2495 305208 2464 308792
61500 2499 305609 2466 309391
61600 2503 306100 2471 309900
61700 2503 306561 2473 310439
61800 2510 307029 2476 310971
61900 2517 307445 2479 311555
62000 2521 307904 2483 312096
62100 2522 308412 2485 312588
62200 2526 309025 2489 312975
62300 2529 309564 2493 313436
62400 2530 310120 2494 313880
62500 2532 310637 2498 314363
62600 2534 311221 2501 314779
62700 2536 311707 2505 315293
62800 2538 312200 2509 315800
62900 2541 312667 2510 316333
63000 2549 313145 2516 316855
63100 2553 313629 2525 317371
63200 2556 314186 2530 317814
63300 2566 314847 2534 318153
63400 2569 315377 2535 318623
63500 2571 315818 2537 319182
63600 2577 316186 2538 319814
63700 2579 316638 2540 320362
63800 2582 317053 2540 320947
63900 2591 317601 2543 321399
64000 2593 318160 2545 321840
64100 2593 318676 2548 322324
64200 2594 319090 2550 322910
64300 2599 319546 2551 323454
64400 2602 320066 2555 323934
64500 2605 320504 2558 324496
64600 2609 320923 2563 325077
64700 2613 321504 2564 325496
64800 2619 322114 2568 325886
64900 2624 322644 2572 326356
65000 2627 323109 2575 326891
65100 2631 323484 2578 327516
65200 2636 323872 2582 328128
65300 2641 324399 2584 328601
65400 2645 324901 2586 329099
65500 2651 325337 2589 329663
65600 2655 325901 2593 330099
65700 2659 326393 2596 330607
65800 2663 326840 2602 331160
65900 2665 327309 2606 331691
66000 2670 327772 2610 332228
66100 2671 328269 2612 332731
66200 2676 328764 2614 333236
66300 2682 329159 2616 333841
66400 2685 329601 2620 334399
66500 2687 330118 2621 334882
66600 2688 330619 2621 335381
66700 2689 331208 2625 335792
66800 2691 331625 2625 336375
66900 2694 332081 2629 336919
67000 2697 332552 2629 337448
67100 2701 333051 2634 337949
67200 2702 333546 2635 338454
67300 2705 334015 2637 338985
67400 2710 334453 2638 339547
67500 2714 334959 2641 340041
67600 2717 335487 2644 340513
67700 2726 335923 2646 341077
67800 2730 336413 2651 341587
67900 2732 336873 2654 342127
68000 2736 337438 2658 342562
68100 2741 337836 2668 343164
68200 2743 338363 2670 343637
68300 2745 338938 2671 344062
68400 2749 339542 2675 344458
68500 2754 340095 2677 344905
68600 2756 340677 2681 345323
68700 2760 341134 2684 345866
68800 2763 341533 2686 346467
68900 2767 342014 2687 346986
69000 2768 342489 2690 347511
69100 2772 343049 2693 347951
69200 2777 343474 2694 348526
69300 2779 344005 2701 348995
69400 2784 344683 2704 349317
69500 2784 345195 2708 349805
69600 2784 345737 2711 350263
69700 2790 346205 2714 350795
69800 2794 346630 2718 351370
69900 2799 347129 2720 351871
70000 2802 347638 2725 352362
70100 2808 348155 2728 352845
70200 2809 348657 2738 353343
70300 2813 349125 2741 353875
70400 2816 349660 2741 354340
70500 2821 350176 2744 354824
70600 2824 350663 2748 355337
70700 2829 351205 2751 355795
70800 2831 351591 2753 356409
70900 2834 352024 2762 356976
71000 2837 352608 2766 357392
71100 2839 353121 2769 357879
71200 2842 353612 2774 358388
71300 2844 354199 2779 358801
71400 2850 354602 2781 359398
71500 2851 355177 2781 359823
71600 2856 355715 2783 360285
71700 2858 356155 2783 360845
71800 2859 356788 2785 361212
71900 2864 357367 2791 361633
72000 2865 357923 2793 362077
72100 2868 358423 2795 362577
72200 2870 358960 2796 363040
72300 2871 359535 2803 363465
72400 2872 360045 2806 363955
72500 2877 360528 2809 364472
72600 2882 361123 2813 364877
72700 2885 361675 2817 365325
72800 2885 362269 2820 365731
72900 2889 362899 2825 366101
73000 2893 363445 2828 366555
73100 2897 363978 2829 367022
73200 2899 364475 2831 367525
73300 2903 364965 2834 368035
73400 2904 365444 2836 368556
73500 2905 365933 2840 369067
73600 2907 366265 2843 369735
73700 2909 366690 2843 370310
73800 2910 367235 2844 370765
73900 2911 367744 2846 371256
74000 2916 368187 2847 371813
74100 2919 368635 2851 372365
74200 2923 369188 2854 372812
74300 2927 369642 2854 373358
74400 2929 370104 2861 373896
74500 2932 370535 2866 374465
74600 2935 371020 2870 374980
74700 2941 371449 2872 375551
74800 2942 371853 2879 376147
74900 2943 372371 2883 376629
75000 2943 372940 2886 377060
75100 2944 373430 2887 377570
75200 2944 373846 2890 378154
75300 2945 374259 2894 378741
75400 2949 374743 2898 379257
75500 2951 375317 2908 379683
75600 2955 375782 2911 380218
75700 2958 376085 2918 380915
75800 2963 376602 2925 381398
75900 2964 377142 2930 381858
76000 2971 377694 2934 382306
76100 2971 378194 2936 382806
76200 2976 378751 2940 383249
76300 2979 379279 2945 383721
76400 2982 379670 2946 384330
76500 2986 380108 2948 384892
76600 2988 380607 2950 385393
76700 2990 381022 2951 385978
76800 2995 381509 2957 386491
76900 3001 381906 2958 387094
77000 3005 382572 2964 387428
77100 3014 383120 2968 387880
77200 3019 383687 2971 388313
77300 3019 384189 2974 388811
77400 3019 384706 2977 389294
77500 3021 385299 2979 389701
77600 3025 385849 2981 390151
77700 3028 386316 2981 390684
77800 3028 386749 2984 391251
77900 3031 387310 2986 391690
78000 3034 387763 2994 392237
78100 3037 388292 2995 392708
78200 3041 388798 2997 393202
78300 3043 389312 3003 393688
78400 3046 389802 3008 394198
78500 3049 390175 3015 394825
78600 3053 390744 3017 395256
78700 3060 391213 3021 395787
78800 3064 391702 3027 396298
78900 3069 392235 3032 396765
79000 3072 392777 3035 397223
79100 3075 393327 3041 397673
79200 3081 393855 3043 398145
79300 3081 394345 3044 398655
79400 3087 394895 3048 399105
79500 3090 395430 3053 399570
79600 3091 395817 3055 400183
79700 3094 396224 3057 400776
79800 3097 396817 3060 401183
79900 3101 397275 3061 401725
80000 3106 397798 3062 402202
80100 3107 398313 3063 402687
80200 3111 398826 3066 403174
80300 3112 399271 3070 403729
80400 3113 399819 3070 404181
80500 3116 400389 3073 404611
80600 3119 400815 3075 405185
80700 3123 401207 3079 405793
80800 3130 401605 3082 406395
80900 3132 402109 3084 406891
81000 3132 402635 3091 407365
81100 3136 403162 3095 407838
81200 3139 403644 3099 408356
81300 3143 404165 3102 408835
81400 3146 404621 3109 409379
81500 3149 405179 3117 409821
81600 3154 405690 3118 410310
81700 3156 406207 3120 410793
81800 3160 406694 3126 411306
81900 3161 407216 3130 411784
82000 3164 407683 3134 412317
82100 3169 408105 3135 412895
82200 3173 408653 3141 413347
82300 3173 409226 3142 413774
82400 3175 409714 3146 414286
82500 3179 410183 3149 414817
82600 3182 410704 3153 415296
82700 3183 411270 3154 415730
82800 3189 411830 3159 416170
82900 3192 412265 3162 416735
83000 3196 412832 3168 417168
83100 3200 413351 3171 417649
83200 3206 413841 3172 418159
83300 3211 414297 3181 418703
83400 3214 414771 3184 419229
83500 3214 415261 3185 419739
83600 3217 415727 3188 420273
83700 3222 416185 3191 420815
83800 3222 416709 3197 421291
83900 3225 417173 3199 421827
84000 3229 417643 3200 422357
84100 3233 418198 3203 422802
84200 3237 418717 3205 423283
84300 3239 419118 3207 423882
84400 3242 419579 3210 424421
84500 3246 420176 3213 424824
84600 3248 420685 3220 425315
84700 3250 421205 3221 425795
84800 3255 421725 3226 426275
84900 3260 422235 3232 426765
85000 3263 422731 3235 427269
85100 3263 423303 3237 427697
85200 3267 423871 3239 428129
85300 3268 424538 3239 428462
85400 3272 424988 3241 429012
85500 3273 425500 3243 429500
85600 3275 425966 3247 430034
85700 3276 426547 3250 430453
85800 3282 427108 3253 430892
85900 3286 427619 3258 431381
86000 3288 428095 3260 431905
86100 3293 428577 3261 432423
86200 3294 429097 3263 432903
86300 3299 429567 3265 433433
86400 3305 430049 3268 433951
86500 3307 430609 3269 434391
86600 3311 431085 3273 434915
86700 3316 431506 3278 435494
86800 3319 431931 3281 436069
86900 3321 432398 3285 436602
87000 3322 432858 3288 437142
87100 3325 433328 3289 437672
87200 3328 433959 3293 438041
87300 3329 434573 3297 438427
87400 3337 435069 3301 438931
87500 3340 435594 3306 439406
87600 3343 436139 3310 439861
87700 3345 436631 3313 440369
87800 3348 437057 3319 440943
87900 3348 437614 3323 441386
88000 3349 438178 3323 441822
88100 3350 438744 3327 442256
88200 3352 439318 3328 442682
88300 3353 439836 3332 443164
88400 3358 440201 3335 443799
88500 3362 440774 3340 444226
88600 3363 441385 3344 444615
88700 3364 441941 3345 445059
88800 3364 442431 3351 445569
88900 3368 442893 3354 446107
89000 3375 443392 3363 446608
89100 3376 443903 3364 447097
89200 3382 444381 3370 447619
89300 3388 444917 3379 448083
89400 3391 445293 3381 448707
89500 3395 445747 3385 449253
89600 3398 446177 3385 449823
89700 3402 446603 3389 450397
89800 3410 447199 3391 450801
89900 3418 447792 3394 451208
90000 3419 448323 3397 451677
90100 3419 448699 3400 452301
90200 3422 449232 3403 452768
90300 3428 449590 3408 453410
90400 3433 449998 3410 454002
90500 3435 450492 3411 454508
90600 3439 450991 3417 455009
90700 3445 451423 3422 455577
90800 3448 451817 3424 456183
90900 3454 452368 3428 456632
91000 3457 452963 3435 457037
91100 3462 453581 3440 457419
91200 3462 454085 3440 457915
91300 3466 454631 3443 458369
91400 3470 455092 3452 458908
91500 3474 455513 3456 459487
91600 3475 456048 3458 459952
91700 3483 456399 3462 460601
91800 3485 456798 3464 461202
91900 3485 457215 3464 461785
92000 3486 457619 3465 462381
92100 3487 457943 3469 463057
92200 3492 458401 3470 463599
92300 3498 458982 3473 464018
92400 3502 459392 3475 464608
92500 3503 459879 3477 465121
92600 3507 460391 3480 465609
92700 3510 460913 3485 466087
92800 3513 461418 3486 466582
92900 3514 461916 3493 467084
93000 3515 462343 3494 467657
93100 3517 462780 3496 468220
93200 3520 463269 3498 468731
93300 3521 463725 3502 469275
93400 3523 464173 3505 469827
93500 3525 464757 3511 470243
93600 3527 465393 3514 470607
93700 3531 465924 3521 471076
93800 3537 466513 3522 471487
93900 3539 466993 3524 472007
94000 3547 467457 3528 472543
94100 3551 468041 3532 472959
94200 3554 468549 3534 473451
94300 3562 469068 3541 473932
94400 3565 469621 3546 474379
94500 3568 470181 3549 474819
94600 3572 470747 3553 475253
94700 3575 471245 3553 475755
94800 3577 471673 3554 476327
94900 3579 472234 3556 476766
95000 3584 472871 3559 477129
95100 3585 473294 3560 477706
95200 3588 473754 3562 478246
95300 3595 474215 3564 478785
95400 3597 474704 3569 479296
95500 3603 475265 3573 479735
95600 3605 475817 3580 480183
95700 3607 476422 3583 480578
95800 3608 476928 3588 481072
95900 3610 477383 3590 481617
96000 3611 477856 3593 482144
96100 3614 478345 3597 482655
96200 3619 478780 3601 483220
96300 3623 479294 3603 483706
96400 3627 479832 3610 484168
96500 3629 480358 3613 484642
96600 3633 480875 3617 485125
96700 3633 481364 3617 485636
96800 3636 481909 3618 486091
96900 3637 482416 3621 486584
97000 3639 482975 3626 487025
97100 3644 483413 3628 487587
97200 3645 483834 3633 488166
97300 3645 484354 3636 488646
97400 3651 484799 3642 489201
97500 3655 485336 3649 489664
97600 3656 485848 3652 490152
97700 3660 486287 3652 490713
97800 3663 486852 3656 491148
97900 3665 487392 3659 491608
98000 3669 487894 3659 492106
98100 3670 488398 3659 492602
98200 3673 488942 3665 493058
98300 3680 489451 3673 493549
98400 3686 489890 3675 494110
98500 3688 490356 3678 494644
98600 3695 490756 3681 495244
98700 3696 491234 3686 495766
98800 3702 491799 3690 496201
98900 3705 492297 3692 496703
99000 3709 492818 3699 497182
99100 3714 493109 3706 497891
99200 3718 493643 3708 498357
99300 3720 494218 3708 498782
99400 3721 494712 3712 499288
99500 3724 495317 3713 499683
99600 3727 495888 3718 500112
99700 3732 496425 3721 500575
99800 3737 496991 3723 501009
99900 3740 497473 3729 501527
100000 3742 498077 3729 501923
100100 3743 498462 3732 502538
100200 3749 499036 3736 502964
100300 3757 499533 3739 503467
100400 3759 500021 3742 503979
100500 3760 500596 3743 504404
100600 3768 501172 3745 504828
100700 3771 501763 3749 505237
100800 3773 502253 3752 505747
100900 3776 502699 3758 506301
101000 3782 503150 3765 506850
101100 3782 503578 3767 507422
101200 3786 504122 3770 507878
101300 3788 504685 3775 508315
101400 3790 505161 3776 508839
101500 3793 505650 3778 509350
101600 3797 506231 3781 509769
101700 3799 506729 3783 510271
101800 3801 507282 3788 510718
101900 3806 507863 3789 511137
102000 3809 508408 3792 511592
102100 3812 508876 3792 512124
102200 3815 509300 3794 512700
102300 3818 509775 3800 513225
102400 3823 510271 3806 513729
102500 3823 510674 3807 514326
102600 3828 511145 3808 514855
102700 3833 511576 3811 515424
102800 3838 512022 3816 515978
102900 3841 512489 3820 516511
103000 3845 512888 3824 517112
103100 3850 513312 3827 517688
103200 3852 513786 3827 518214
103300 3854 514267 3828 518733
103400 3855 514868 3829 519132
103500 3857 515352 3834 519648
103600 3861 515684 3842 520316
103700 3867 516197 3846 520803
103800 3869 516606 3846 521394
103900 3875 516984 3849 522016
104000 3878 517417 3852 522583
104100 3880 517931 3853 523069
104200 3883 518430 3857 523570
104300 3884 518955 3859 524045
104400 3886 519435 3861 524565
104500 3887 519858 3862 525142
104600 3888 520290 3867 525710
104700 3890 520819 3871 526181
104800 3894 521268 3874 526732
104900 3899 521771 3877 527229
105000 3900 522217 3877 527783
105100 3903 522668 3880 528332
105200 3904 523175 3882 528825
105300 3907 523745 3886 529255
105400 3907 524252 3887 529748
105500 3912 524770 3888 530230
105600 3914 525203 3889 530797
105700 3914 525764 3893 531236
105800 3919 526239 3898 531761
105900 3921 526681 3900 532319
106000 3922 527192 3901 532808
106100 3924 527774 3901 533226
106200 3930 528362 3905 533638
106300 3933 529026 3911 533974
106400 3936 529436 3912 534564
106500 3938 529974 3915 535026
106600 3939 530471 3919 535529
106700 3940 531030 3921 535970
106800 3943 531457 3922 536543
106900 3945 531993 3926 537007
107000 3948 532470 3928 537530
107100 3949 532991 3930 538009
107200 3951 533506 3932 538494
107300 3955 533956 3933 539044
107400 3958 534386 3935 539614
107500 3960 534792 3938 540208
107600 3965 535326 3943 540674
107700 3968 535823 3944 541177
107800 3970 536303 3946 541697
107900 3972 536721 3950 542279
108000 3973 537162 3951 542838
108100 3976 537684 3955 543316
108200 3982 538280 3963 543720
108300 3982 538752 3966 544248
108400 3983 539167 3968 544833
108500 3985 539697 3970 545303
108600 3987 540305 3975 545695
108700 3992 540820 3977 546180
108800 3994 541438 3979 546562
108900 3997 541921 3986 547079
109000 4002 542449 3989 547551
109100 4005 542890 3993 548110
109200 4011 543453 3997 548547
109300 4015 543905 4001 549095
109400 4018 544393 4007 549607
109500 4020 544788 4008 550212
109600 4020 545257 4013 550743
109700 4025 545717 4016 551283
109800 4025 546244 4017 551756
109900 4030 546699 4019 552301
110000 4034 547129 4022 552871
110100 4038 547632 4026 553368
110200 4039 547983 4028 554017
110300 4043 548501 4035 554499
110400 4045 548926 4040 555074
110500 4051 549494 4041 555506
110600 4053 550021 4042 555979
110700 4054 550469 4044 556531
110800 4060 550934 4049 557066
110900 4062 551393 4056 557607
111000 4063 551873 4057 558127
111100 4068 552466 4063 558534
111200 4075 552974 4068 559026
111300 4077 553553 4069 559447
111400 4079 554053 4075 559947
111500 4083 554530 4078 560470
111600 4084 555074 4080 560926
111700 4091 555590 4084 561410
111800 4096 556091 4086 561909
111900 4100 556570 4089 562430
112000 4102 557037 4091 562963
112100 4105 557519 4096 563481
112200 4105 558125 4099 563875
112300 4106 558592 4099 564408
112400 4110 559066 4102 564934
112500 4117 559605 4109 565395
112600 4120 560165 4110 565835
112700 4126 560644 4115 566356
112800 4128 561156 4117 566844
112900 4132 561660 4120 567340
113000 4135 562140 4121 567860
113100 4141 562613 4125 568387
113200 4146 563118 4129 568882
113300 4150 563648 4136 569352
113400 4151 564226 4141 569774
113500 4155 564705 4143 570295
113600 4156 565241 4147 570759
113700 4159 565735 4150 571265
113800 4161 566295 4153 571705
113900 4162 566845 4155 572155
114000 4164 567431 4157 572569
114100 4170 567883 4163 573117
114200 4175 568392 4167 573608
114300 4179 568889 4169 574111
114400 4183 569364 4171 574636
114500 4185 569925 4174 575075
114600 4188 570372 4177 575628
114700 4193 570806 4182 576194
114800 4198 571353 4185 576647
114900 4200 571894 4188 577106
115000 4203 572334 4189 577666
115100 4207 572782 4193 578218
115200 4208 573284 4199 578716
115300 4213 573824 4203 579176
115400 4217 574319 4204 579681
115500 4219 574811 4209 580189
115600 4223 575166 4212 580834
115700 4229 575712 4215 581288
115800 4231 576180 4218 581820
115900 4236 576567 4224 582433
116000 4248 576957 4230 583043
116100 4252 577445 4235 583555
116200 4257 577962 4238 584038
116300 4258 578614 4243 584386
116400 4264 579192 4253 584808
116500 4265 579590 4256 585410
116600 4268 580096 4262 585904
116700 4272 580557 4263 586443
116800 4278 581072 4266 586928
116900 4281 581538 4267 587462
117000 4282 582068 4270 587932
117100 4286 582645 4274 588355
117200 4289 583172 4275 588828
117300 4295 583701 4282 589299
117400 4301 584268 4285 589732
117500 4303 584880 4287 590120
117600 4311 585418 4293 590582
117700 4316 585832 4297 591168
117800 4321 586264 4301 591736
117900 4324 586800 4303 592200
118000 4329 587277 4305 592723
118100 4332 587742 4307 593258
118200 4335 588352 4310 593648
118300 4339 588915 4316 594085
118400 4345 589335 4317 594665
118500 4348 589930 4319 595070
118600 4351 590524 4322 595476
118700 4353 591035 4322 595965
118800 4353 591559 4324 596441
118900 4358 592169 4329 596831
119000 4362 592631 4333 597369
119100 4366 593037 4337 597963
119200 4367 593403 4341 598597
119300 4371 593943 4348 599057
119400 4377 594505 4351 599495
119500 4380 594981 4353 600019
119600 4382 595476 4361 600524
119700 4385 595932 4367 601068
119800 4387 596364 4370 601636
119900 4389 596790 4373 602210
120000 4396 597258 4377 602742
120100 4398 597663 4381 603337
120200 4402 598114 4381 603886
120300 4404 598407 4384 604593
120400 4408 598744 4388 605256
120500 4411 599079 4391 605921
120600 4414 599523 4397 606477
120700 4417 600020 4401 606980
120800 4425 600560 4405 607440
120900 4433 600980 4409 608020
121000 4436 601397 4411 608603
121100 4436 601882 4412 609118
121200 4437 602390 4419 609610
121300 4441 602740 4421 610260
121400 4447 603251 4427 610749
121500 4447 603764 4428 611236
121600 4447 604292 4429 611708
121700 4451 604799 4431 612201
121800 4455 605367 4433 612633
121900 4460 605873 4438 613127
122000 4465 606276 4445 613724
122100 4468 606818 4450 614182
122200 4473 607377 4452 614623
122300 4476 608037 4454 614963
122400 4478 608603 4457 615397
122500 4480 609127 4459 615873
122600 4484 609632 4465 616368
122700 4491 610123 4471 616877
122800 4496 610640 4474 617360
122900 4502 611186 4479 617814
123000 4503 611777 4483 618223
123100 4505 612167 4484 618833
123200 4506 612617 4485 619383
123300 4509 613008 4489 619992
123400 4515 613439 4493 620561
123500 4520 613994 4496 621006
123600 4521 614476 4497 621524
123700 4525 615018 4501 621982
123800 4532 615542 4503 622458
123900 4536 616241 4505 622759
124000 4541 616787 4508 623213
124100 4549 617343 4512 623657
124200 4551 617827 4515 624173
124300 4555 618383 4516 624617
124400 4556 618967 4518 625033
124500 4556 619437 4523 625563
124600 4561 619910 4526 626090
124700 4564 620316 4530 626684
124800 4570 620875 4536 627125
124900 4573 621365 4541 627635
125000 4575 621968 4546 628032
125100 4578 622438 4548 628562
125200 4579 622874 4551 629126
125300 4580 623441 4551 629559
125400 4585 623840 4555 630160
125500 4594 624166 4558 630834
125600 4597 624575 4561 631425
125700 4604 625054 4561 631946
125800 4608 625639 4563 632361
125900 4613 626111 4568 632889
126000 4617 626661 4575 633339
126100 4620 627207 4578 633793
126200 4622 627658 4580 634342
126300 4625 628137 4584 634863
126400 4627 628613 4587 635387
126500 4632 629028 4590 635972
126600 4635 629518 4592 636482
126700 4641 630014 4595 636986
126800 4644 630376 4597 637624
126900 4645 630825 4598 638175
127000 4647 631282 4602 638718
127100 4654 631709 4605 639291
127200 4654 632204 4606 639796
127300 4654 632729 4607 640271
127400 4656 633183 4611 640817
127500 4658 633685 4613 641315
127600 4665 634087 4614 641913
127700 4668 634512 4616 642488
127800 4677 635104 4619 642896
127900 4682 635621 4623 643379
128000 4686 636142 4628 643858
128100 4689 636748 4630 644252
128200 4689 637289 4633 644711
128300 4690 637817 4635 645183
128400 4691 638330 4637 645670
128500 4692 638829 4641 646171
128600 4693 639322 4647 646678
128700 4699 639815 4655 647185
128800 4702 640337 4661 647663
128900 4706 640848 4664 648152
129000 4709 641285 4665 648715
129100 4710 641846 4669 649154
129200 4714 642427 4680 649573
129300 4714 642919 4682 650081
129400 4718 643263 4685 650737
129500 4719 643780 4685 651220
129600 4727 644327 4688 651673
129700 4730 644775 4689 652225
129800 4730 645297 4694 652703
129900 4732 645859 4699 653141
130000 4732 646207 4702 653793
130100 4737 646678 4706 654322
130200 4742 647244 4711 654756
130300 4743 647722 4711 655278
130400 4747 648100 4713 655900
130500 4749 648616 4715 656384
130600 4756 649255 4719 656745
130700 4759 649794 4720 657206
130800 4763 650231 4726 657769
130900 4771 650671 4733 658329
131000 4774 651181 4736 658819
131100 4778 651713 4738 659287
131200 4780 652279 4739 659721
131300 4782 652821 4740 660179
131400 4785 653305 4746 660695
131500 4787 653704 4752 661296
131600 4790 654169 4755 661831
131700 4793 654529 4759 662471
131800 4797 654980 4760 663020
131900 4802 655423 4765 663577
132000 4806 655842 4767 664158
132100 4807 656491 4770 664509
132200 4808 657082 4773 664918
132300 4812 657590 4778 665410
132400 4814 658065 4781 665935
132500 4819 658586 4783 666414
132600 4822 659138 4785 666862
132700 4824 659722 4789 667278
132800 4828 660200 4793 667800
132900 4831 660723 4795 668277
133000 4835 661143 4798 668857
133100 4836 661554 4803 669446
133200 4843 661979 4814 670021
133300 4844 662485 4814 670515
133400 4847 662820 4815 671180
133500 4849 663281 4816 671719
133600 4852 663755 4819 672245
133700 4855 664200 4823 672800
133800 4858 664571 4828 673429
133900 4858 665089 4829 673911
134000 4860 665579 4834 674421
134100 4861 666113 4839 674887
134200 4865 666566 4842 675434
134300 4869 667039 4843 675961
134400 4873 667556 4848 676444
134500 4880 668151 4853 676849
134600 4884 668620 4858 677380
134700 4888 669106 4859 677894
134800 4889 669661 4862 678339
134900 4891 670061 4863 678939
135000 4894 670540 4866 679460
135100 4896 671060 4869 679940
135200 4898 671533 4871 680467
135300 4901 671968 4873 681032
135400 4910 672448 4877 681552
135500 4911 672883 4878 682117
135600 4913 673210 4883 682790
135700 4919 673703 4890 683297
135800 4920 674122 4895 683878
135900 4923 674516 4898 684484
136000 4926 674809 4902 685191
136100 4929 675257 4905 685743
136200 4932 675697 4911 686303
136300 4933 676059 4913 686941
136400 4933 676497 4914 687503
136500 4935 676969 4915 688031
136600 4937 677484 4919 688516
136700 4937 677971 4923 689029
136800 4939 678443 4926 689557
136900 4944 678992 4930 690008
137000 4949 679540 4931 690460
137100 4954 680067 4935 690933
137200 4956 680557 4936 691443
137300 4961 681091 4942 691909
137400 4964 681659 4946 692341
137500 4967 682100 4947 692900
137600 4967 682601 4949 693399
137700 4970 683113 4953 693887
137800 4971 683714 4955 694286
137900 4976 684209 4956 694791
138000 4978 684709 4956 695291
138100 4987 685078 4960 695922
138200 4989 685482 4963 696518
138300 4990 685997 4967 697003
138400 4992 686480 4968 697520
138500 4995 686955 4969 698045
138600 5000 687533 4972 698467
138700 5003 688162 4977 698838
138800 5006 688620 4979 699380
138900 5012 689067 4983 699933
139000 5014 689581 4986 700419
139100 5015 690122 4992 700878
139200 5019 690690 4996 701310
139300 5019 691292 4996 701708
139400 5023 691850 4998 702150
139500 5027 692348 5001 702652
139600 5028 692919 5004 703081
139700 5029 693325 5006 703675
139800 5037 693939 5010 704061
139900 5038 694387 5011 704613
140000 5038 694826 5011 705174
140100 5042 695221 5011 705779
140200 5043 695693 5012 706307
140300 5048 696134 5014 706866
140400 5051 696642 5017 707358
140500 5056 697235 5026 707765
140600 5056 697765 5027 708235
140700 5059 698233 5031 708767
140800 5060 698688 5035 709312
140900 5063 699121 5039 709879
141000 5070 699579 5042 710421
141100 5073 700033 5044 710967
141200 5075 700523 5047 711477
141300 5076 701001 5047 711999
141400 5078 701435 5050 712565
141500 5078 702057 5055 712943
141600 5080 702562 5056 713438
141700 5086 702980 5060 714020
141800 5092 703529 5063 714471
141900 5094 703951 5068 715049
142000 5097 704474 5072 715526
142100 5098 704966 5073 716034
142200 5104 705503 5075 716497
142300 5105 705976 5079 717024
142400 5105 706490 5082 717510
142500 5109 707013 5085 717987
142600 5114 707562 5091 718438
142700 5115 708010 5092 718990
142800 5116 708523 5094 719477
142900 5119 709055 5103 719945
143000 5123 709528 5109 720472
143100 5125 709988 5111 721012
143200 5125 710554 5113 721446
143300 5131 711026 5115 721974
143400 5134 711475 5117 722525
143500 5140 711940 5121 723060
143600 5143 712418 5125 723582
143700 5143 712973 5127 724027
143800 5143 713449 5128 724551
143900 5145 713975 5129 725025
144000 5149 714501 5134 725499
144100 5150 714849 5135 726151
144200 5151 715211 5139 726789
144300 5157 715515 5143 727485
144400 5159 716023 5143 727977
144500 5159 716398 5144 728602
144600 5159 716796 5146 729204
144700 5163 717327 5147 729673
144800 5164 717799 5149 730201
144900 5165 718361 5155 730639
145000 5173 718973 5156 731027
145100 5175 719561 5159 731439
145200 5179 720026 5163 731974
145300 5182 720515 5166 732485
145400 5186 720930 5173 733070
145500 5186 721491 5176 733509
145600 5188 722008 5178 733992
145700 5190 722494 5185 734506
145800 5190 723000 5185 735000
145900 5195 723525 5189 735475
146000 5196 724075 5191 735925
146100 5199 724451 5197 736549
146200 5201 724996 5200 737004
146300 5201 725513 5203 737487
146400 5207 726010 5206 737990
146500 5209 726473 5209 738527
146600 5211 726971 5209 739029
146700 5216 727310 5213 739690
146800 5217 727753 5214 740247
146900 5219 728101 5222 740899
147000 5222 728503 5226 741497
147100 5227 728882 5230 742118
147200 5231 729355 5230 742645
147300 5234 729794 5236 743206
147400 5238 730274 5242 743726
147500 5242 730706 5243 744294
147600 5246 731235 5246 744765
147700 5248 731682 5248 745318
147800 5250 732148 5250 745852
147900 5253 732671 5251 746329
148000 5256 733248 5252 746752
148100 5261 733870 5253 747130
148200 5264 734503 5257 747497
148300 5271 735077 5264 747923
148400 5278 735582 5270 748418
148500 5282 736080 5274 748920
148600 5285 736522 5274 749478
148700 5288 737006 5274 749994
148800 5289 737523 5278 750477
148900 5290 738007 5279 750993
149000 5299 738531 5286 751469
149100 5303 739114 5292 751886
149200 5308 739621 5296 752379
149300 5312 740097 5298 752903
149400 5318 740571 5302 753429
149500 5320 741121 5306 753879
149600 5323 741586 5308 754414
149700 5325 742048 5310 754952
149800 5327 742569 5311 755431
149900 5330 743070 5315 755930
150000 5332 743512 5316 756488
150100 5335 743993 5320 757007
150200 5340 744351 5320 757649
150300 5341 744821 5321 758179
150400 5344 745401 5324 758599
150500 5347 745960 5329 759040
150600 5351 746409 5334 759591
150700 5355 746963 5338 760037
150800 5355 747469 5341 760531
150900 5356 747938 5343 761062
151000 5357 748449 5350 761551
151100 5360 748918 5355 762082
151200 5365 749432 5358 762568
151300 5367 749925 5358 763075
151400 5372 750397 5361 763603
151500 5373 750805 5364 764195
151600 5374 751164 5365 764836
151700 5380 751600 5368 765400
151800 5382 752087 5373 765913
151900 5384 752576 5376 766424
152000 5387 753137 5380 766863
152100 5389 753693 5381 767307
152200 5393 754258 5387 767742
152300 5397 754857 5389 768143
152400 5402 755481 5392 768519
152500 5407 755849 5398 769151
152600 5413 756328 5400 769672
152700 5418 756884 5404 770116
152800 5422 757443 5408 770557
152900 5428 757903 5410 771097
153000 5434 758385 5413 771615
153100 5438 758857 5419 772143
153200 5443 759381 5422 772619
153300 5444 759838 5422 773162
153400 5446 760279 5424 773721
153500 5449 760779 5424 774221
153600 5451 761205 5425 774795
153700 5455 761664 5427 775336
153800 5456 761930 5434 776070
153900 5463 762326 5441 776674
154000 5463 762803 5446 777197
154100 5466 763382 5448 777618
154200 5473 764028 5452 777972
154300 5478 764551 5457 778449
154400 5484 765168 5461 778832
154500 5484 765750 5462 779250
154600 5486 766152 5466 779848
154700 5487 766702 5470 780298
154800 5488 767211 5472 780789
154900 5490 767689 5475 781311
155000 5491 768116 5477 781884
155100 5494 768658 5480 782342
155200 5499 769208 5481 782792
155300 5505 769652 5484 783348
155400 5507 770147 5490 783853
155500 5511 770739 5494 784261
155600 5515 771334 5499 784666
155700 5519 771886 5504 785114
155800 5519 772366 5508 785634
155900 5528 772845 5509 786155
156000 5529 773398 5512 786602
156100 5534 773915 5512 787085
156200 5537 774485 5517 787515
156300 5544 775024 5523 787976
156400 5551 775517 5526 788483
156500 5557 776023 5533 788977
156600 5558 776457 5533 789543
156700 5567 776896 5536 790104
156800 5567 777284 5538 790716
156900 5571 777728 5542 791272
157000 5574 778183 5547 791817
157100 5576 778661 5550 792339
157200 5579 779090 5554 792910
157300 5583 779539 5559 793461
157400 5587 780115 5571 793885
157500 5588 780569 5573 794431
157600 5590 781087 5577 794913
157700 5591 781546 5583 795454
157800 5593 781925 5585 796075
157900 5595 782484 5586 796516
158000 5598 783047 5592 796953
158100 5599 783606 5592 797394
158200 5601 784063 5594 797937
158300 5606 784483 5601 798517
158400 5607 784946 5603 799054
158500 5609 785403 5603 799597
158600 5611 785866 5609 800134
158700 5616 786191 5614 800809
158800 5622 786626 5618 801374
158900 5626 787089 5621 801911
159000 5627 787588 5621 802412
159100 5631 788149 5622 802851
159200 5632 788674 5624 803326
159300 5633 789119 5629 803881
159400 5638 789630 5632 804370
159500 5650 790167 5639 804833
159600 5653 790684 5643 805316
159700 5655 791190 5649 805810
159800 5656 791657 5649 806343
159900 5658 792188 5656 806812
160000 5660 792767 5657 807233
160100 5664 793171 5661 807829
160200 5664 793656 5661 808344
160300 5664 794125 5663 808875
160400 5668 794608 5663 809392
160500 5674 795118 5665 809882
160600 5678 795609 5669 810391
160700 5679 796123 5669 810877
160800 5681 796624 5672 811376
160900 5685 797188 5676 811812
161000 5687 797665 5677 812335
161100 5688 798132 5680 812868
161200 5691 798586 5682 813414
161300 5694 799169 5687 813831
161400 5695 799666 5689 814334
161500 5698 800142 5689 814858
161600 5704 800647 5692 815353
161700 5707 801248 5696 815752
161800 5713 801819 5700 816181
161900 5715 802373 5702 816627
162000 5720 802955 5704 817045
162100 5724 803319 5707 817681
162200 5727 803809 5711 818191
162300 5727 804295 5717 818705
162400 5728 804746 5720 819254
162500 5729 805303 5722 819697
162600 5731 805710 5723 820290
162700 5731 806224 5726 820776
162800 5732 806649 5729 821351
162900 5734 807240 5735 821760
163000 5736 807800 5735 822200
163100 5736 808308 5735 822692
163200 5743 808878 5736 823122
163300 5743 809292 5738 823708
163400 5744 809798 5741 824202
163500 5747 810301 5745 824699
163600 5749 810732 5747 825268
163700 5755 811249 5748 825751
163800 5757 811816 5751 826184
163900 5758 812326 5756 826674
164000 5760 812885 5757 827115
164100 5762 813352 5757 827648
164200 5763 813899 5759 828101
164300 5766 814482 5763 828518
164400 5770 815007 5765 828993
164500 5775 815510 5768 829490
164600 5776 816022 5769 829978
164700 5780 816425 5772 830575
164800 5785 816887 5774 831113
164900 5786 817278 5775 831722
165000 5788 817820 5776 832180
165100 5792 818379 5777 832621
165200 5792 818942 5780 833058
165300 5793 819326 5782 833674
165400 5796 819826 5785 834174
165500 5801 820295 5788 834705
165600 5801 820881 5788 835119
165700 5809 821411 5790 835589
165800 5811 821930 5795 836070
165900 5812 822462 5798 836538
166000 5816 823068 5798 836932
166100 5820 823484 5799 837516
166200 5823 823991 5802 838009
166300 5824 824457 5805 838543
166400 5828 824913 5807 839087
166500 5830 825274 5812 839726
166600 5832 825665 5815 840335
166700 5835 826058 5817 840942
166800 5838 826618 5818 841382
166900 5841 827137 5823 841863
167000 5846 827619 5826 842381
167100 5851 828083 5829 842917
167200 5853 828536 5834 843464
167300 5855 829011 5838 843989
167400 5858 829550 5840 844450
167500 5864 830007 5843 844993
167600 5865 830660 5844 845340
167700 5871 831198 5852 845802
167800 5874 831666 5854 846334
167900 5878 832226 5859 846774
168000 5883 832673 5861 847327
168100 5886 833180 5866 847820
168200 5888 833632 5867 848368
168300 5889 834119 5868 848881
168400 5890 834538 5869 849462
168500 5893 835078 5870 849922
168600 5897 835611 5874 850389
168700 5900 836092 5875 850908
168800 5901 836602 5880 851398
168900 5902 837114 5882 851886
169000 5903 837649 5885 852351
169100 5905 838162 5888 852838
169200 5909 838679 5888 853321
169300 5910 839318 5890 853682
169400 5911 839971 5897 854029
169500 5912 840490 5900 854510
169600 5914 841011 5901 854989
169700 5915 841479 5904 855521
169800 5917 841974 5911 856026
169900 5919 842455 5912 856545
170000 5920 842873 5916 857127
170100 5921 843338 5918 857662
170200 5925 843709 5920 858291
170300 5927 844190 5920 858810
170400 5931 844736 5924 859264
170500 5936 845391 5932 859609
170600 5945 845962 5934 860038
170700 5947 846618 5934 860382
170800 5955 847270 5939 860730
170900 5956 847730 5943 861270
171000 5962 848178 5947 861822
171100 5963 848617 5949 862383
171200 5965 849075 5951 862925
171300 5966 849587 5954 863413
171400 5966 850036 5956 863964
171500 5969 850489 5959 864511
171600 5972 850953 5962 865047
171700 5977 851416 5968 865584
171800 5981 851945 5969 866055
171900 5985 852571 5971 866429
172000 5988 853211 5975 866789
172100 5992 853696 5980 867304
172200 5996 854141 5981 867859
172300 6001 854550 5985 868450
172400 6003 854969 5987 869031
172500 6005 855368 5990 869632
172600 6008 855872 5991 870128
172700 6009 856268 5996 870732
172800 6011 856710 6000 871290
172900 6016 857124 6003 871876
173000 6018 857505 6005 872495
173100 6021 857883 6010 873117
173200 6024 858332 6014 873668
173300 6025 858865 6018 874135
173400 6029 859263 6024 874737
173500 6029 859700 6027 875300
173600 6030 860298 6030 875702
173700 6035 860754 6037 876246
173800 6039 861322 6039 876678
173900 6044 861863 6043 877137
174000 6048 862495 6047 877505
174100 6050 862962 6052 878038
174200 6052 863310 6056 878690
174300 6055 863801 6057 879199
174400 6064 864200 6061 879800
174500 6069 864622 6066 880378
174600 6072 865095 6068 880905
174700 6075 865625 6069 881375
174800 6077 866149 6073 881851
174900 6079 866756 6073 882244
175000 6081 867342 6075 882658
175100 6086 867822 6080 883178
175200 6091 868487 6085 883513
175300 6095 869007 6092 883993
175400 6095 869399 6093 884601
175500 6097 869836 6097 885164
175600 6103 870336 6100 885664
175700 6104 870856 6101 886144
175800 6108 871336 6104 886664
175900 6111 871789 6109 887211
176000 6113 872276 6112 887724
176100 6118 872775 6113 888225
176200 6122 873289 6117 888711
176300 6126 873796 6121 889204
176400 6126 874305 6123 889695
176500 6129 874818 6125 890182
176600 6133 875274 6128 890726
176700 6135 875748 6132 891252
176800 6140 876261 6138 891739
176900 6145 876718 6141 892282
177000 6145 877151 6142 892849
177100 6150 877571 6143 893429
177200 6154 877945 6144 894055
177300 6158 878503 6149 894497
177400 6169 878981 6150 895019
177500 6178 879390 6155 895610
177600 6180 879879 6156 896121
177700 6183 880404 6158 896596
177800 6185 881019 6159 896981
177900 6186 881642 6160 897358
178000 6188 882239 6161 897761
178100 6194 882779 6168 898221
178200 6194 883277 6170 898723
178300 6196 883829 6174 899171
178400 6201 884382 6178 899618
178500 6207 884948 6183 900052
178600 6210 885498 6187 900502
178700 6212 886071 6191 900929
178800 6214 886585 6191 901415
178900 6217 887173 6194 901827
179000 6226 887671 6197 902329
179100 6231 888157 6199 902843
179200 6232 888553 6204 903447
179300 6233 889142 6208 903858
179400 6237 889694 6213 904306
179500 6242 890273 6217 904727
179600 6249 890629 6219 905371
179700 6250 891115 6222 905885
179800 6256 891662 6224 906338
179900 6258 892282 6226 906718
180000 6262 892882 6229 907118
180100 6265 893425 6233 907575
180200 6270 893922 6235 908078
180300 6275 894446 6236 908554
180400 6278 895009 6242 908991
180500 6283 895467 6249 909533
180600 6283 895973 6251 910027
180700 6287 896547 6254 910453
180800 6290 897021 6256 910979
180900 6292 897464 6261 911536
181000 6295 897995 6267 912005
181100 6299 898483 6269 912517
181200 6303 898974 6273 913026
181300 6308 899445 6282 913555
181400 6314 899888 6283 914112
181500 6319 900362 6286 914638
181600 6320 900781 6286 915219
181700 6324 901366 6289 915634
181800 6328 901971 6294 916029
181900 6333 902459 6296 916541
182000 6335 902956 6296 917044
182100 6338 903424 6298 917576
182200 6343 903842 6302 918158
182300 6346 904304 6310 918696
182400 6348 904764 6317 919236
182500 6351 905233 6318 919767
182600 6354 905853 6320 920147
182700 6356 906349 6324 920651
182800 6358 906729 6325 921271
182900 6362 907141 6329 921859
183000 6366 907573 6330 922427
183100 6367 908025 6332 922975
183200 6370 908493 6336 923507
183300 6376 908934 6341 924066
183400 6380 909402 6342 924598
183500 6386 910024 6344 924976
183600 6387 910618 6345 925382
183700 6390 911183 6348 925817
183800 6393 911787 6351 926213
183900 6395 912325 6353 926675
184000 6398 912751 6354 927249
184100 6399 913242 6357 927758
184200 6403 913727 6361 928273
184300 6406 914146 6363 928854
184400 6409 914617 6369 929383
184500 6414 914934 6373 930066
184600 6419 915502 6381 930498
184700 6423 916182 6385 930818
184800 6424 916770 6391 931230
184900 6428 917288 6394 931712
185000 6436 917829 6399 932171
185100 6439 918454 6405 932546
185200 6444 919152 6405 932848
185300 6447 919757 6413 933243
185400 6448 920299 6416 933701
185500 6455 920672 6419 934328
185600 6459 921141 6421 934859
185700 6465 921599 6424 935401
185800 6470 922024 6428 935976
185900 6470 922554 6431 936446
186000 6472 923032 6433 936968
186100 6473 923476 6436 937524
186200 6477 924026 6438 937974
186300 6480 924590 6440 938410
186400 6483 925034 6442 938966
186500 6484 925491 6444 939509
186600 6485 925973 6444 940027
186700 6486 926557 6447 940443
186800 6489 927128 6447 940872
186900 6494 927732 6450 941268
187000 6496 928364 6458 941636
187100 6498 928826 6461 942174
187200 6503 929228 6464 942772
187300 6504 929740 6466 943260
187400 6506 930138 6468 943862
187500 6510 930565 6471 944435
187600 6516 931032 6477 944968
187700 6520 931562 6477 945438
187800 6525 932156 6481 945844
187900 6531 932790 6482 946210
188000 6532 933296 6485 946704
188100 6535 933832 6491 947168
188200 6540 934380 6497 947620
188300 6546 934878 6503 948122
188400 6550 935385 6511 948615
188500 6553 935799 6517 949201
188600 6559 936306 6519 949694
188700 6561 936676 6521 950324
188800 6565 937204 6521 950796
188900 6568 937703 6522 951297
189000 6570 938121 6523 951879
189100 6572 938572 6524 952428
189200 6574 939032 6525 952968
189300 6577 939581 6527 953419
189400 6582 940131 6530 953869
189500 6583 940717 6536 954283
189600 6588 941286 6538 954714
189700 6589 941846 6540 955154
189800 6589 942426 6542 955574
189900 6590 943080 6546 955920
190000 6591 943441 6551 956559
190100 6594 943810 6557 957190
190200 6596 944328 6558 957672
190300 6600 944969 6561 958031
190400 6604 945521 6566 958479
190500 6608 946046 6569 958954
190600 6614 946667 6570 959333
190700 6619 947134 6572 959866
190800 6621 947658 6574 960342
190900 6622 948240 6574 960760
191000 6627 948839 6578 961161
191100 6628 949315 6581 961685
191200 6632 949727 6584 962273
191300 6633 950361 6587 962639
191400 6636 950885 6591 963115
191500 6641 951345 6596 963655
191600 6650 951890 6601 964110
191700 6651 952282 6606 964718
191800 6655 952791 6606 965209
191900 6656 953356 6609 965644
192000 6662 953827 6617 966173
192100 6663 954309 6618 966691
192200 6665 954746 6618 967254
192300 6671 955242 6623 967758
192400 6672 955711 6626 968289
192500 6676 956159 6630 968841
192600 6679 956674 6633 969326
192700 6681 957202 6637 969798
192800 6683 957704 6639 970296
192900 6692 958062 6643 970938
193000 6694 958550 6645 971450
193100 6696 959082 6649 971918
193200 6696 959620 6654 972380
193300 6699 960138 6656 972862
193400 6702 960702 6659 973298
193500 6704 961158 6661 973842
193600 6705 961633 6663 974367
193700 6707 962191 6665 974809
193800 6712 962678 6667 975322
193900 6713 963315 6669 975685
194000 6716 963860 6672 976140
194100 6718 964378 6675 976622
194200 6720 964901 6677 977099
194300 6726 965429 6680 977571
194400 6730 965983 6683 978017
194500 6734 966552 6693 978448
194600 6734 967186 6697 978814
194700 6737 967745 6700 979255
194800 6738 968231 6701 979769
194900 6739 968765 6703 980235
195000 6747 969268 6706 980732
195100 6751 969686 6711 981314
195200 6752 970248 6717 981752
195300 6757 970778 6719 982222
195400 6759 971281 6721 982719
195500 6762 971738 6724 983262
195600 6765 972206 6726 983794
195700 6767 972659 6727 984341
195800 6770 973114 6730 984886
195900 6772 973570 6730 985430
196000 6775 974087 6732 985913
196100 6777 974526 6732 986474
196200 6781 974915 6736 987085
196300 6784 975393 6737 987607
196400 6788 975827 6742 988173
196500 6793 976242 6743 988758
196600 6798 976708 6747 989292
196700 6801 977093 6750 989907
196800 6806 977599 6752 990401
196900 6807 978120 6752 990880
197000 6812 978629 6753 991371
197100 6815 978988 6755 992012
197200 6816 979477 6755 992523
197300 6817 979914 6756 993086
197400 6820 980418 6764 993582
197500 6824 980935 6765 994065
197600 6827 981426 6766 994574
197700 6833 981913 6767 995087
197800 6834 982308 6768 995692
197900 6839 982667 6775 996333
198000 6842 983068 6779 996932
198100 6844 983412 6782 997588
198200 6848 983794 6782 998206
198300 6848 984275 6783 998725
198400 6849 984843 6786 999157
198500 6852 985281 6788 999719
198600 6855 985736 6791 1000264
198700 6860 986328 6800 1000672
198800 6862 986888 6801 1001112
198900 6867 987432 6805 1001568
199000 6870 988020 6807 1001980
199100 6872 988602 6810 1002398
199200 6876 989120 6814 1002880
199300 6879 989577 6824 1003423
199400 6883 990013 6832 1003987
199500 6887 990440 6834 1004560
199600 6893 990962 6840 1005038
199700 6901 991382 6844 1005618
199800 6904 991928 6849 1006072
199900 6908 992486 6852 1006514
200000 6911 992968 6856 1007032
