#! FIELDS timestep dup_succ dup_attempts kill_succ kill_attempts
#! SET timestep 0.5
#! SET kernel_bandwidth [0.95 0.95]
#! SET kt 1.0
100 50 178 64 822
200 117 440 130 1560
300 189 768 209 2232
400 245 1175 279 2825
500 301 1662 336 3338
600 341 2222 369 3778
700 363 2785 384 4215
800 391 3336 405 4664
900 407 3832 432 5168
1000 425 4289 446 5711
1100 438 4763 463 6237
1200 450 5236 468 6764
1300 454 5696 471 7304
1400 456 6175 477 7825
1500 459 6597 484 8403
1600 467 7241 489 8759
1700 467 7680 492 9320
1800 468 8119 494 9881
1900 473 8620 494 10380
2000 477 9101 496 10899
2100 484 9586 497 11414
2200 488 10135 501 11865
2300 492 10653 508 12347
2400 494 11285 510 12715
2500 496 11790 512 13210
2600 500 12321 515 13679
2700 508 12939 526 14061
2800 513 13613 532 14387
2900 516 14058 535 14942
3000 518 14551 536 15449
3100 519 15062 538 15938
3200 521 15570 543 16430
3300 525 16074 548 16926
3400 536 16544 553 17456
3500 540 17106 557 17894
3600 541 17519 561 18481
3700 545 17989 567 19011
3800 550 18596 568 19404
3900 550 19051 570 19949
4000 552 19489 570 20511
4100 558 19992 573 21008
4200 559 20559 577 21441
4300 560 21078 583 21922
4400 562 21612 586 22388
4500 565 22168 589 22832
4600 568 22623 594 23377
4700 569 23226 597 23774
4800 573 23805 599 24195
4900 576 24385 605 24615
5000 578 24789 606 25211
5100 587 25189 608 25811
5200 588 25661 609 26339
5300 588 26246 610 26754
5400 591 26785 611 27215
5500 591 27259 612 27741
5600 593 27626 617 28374
5700 601 27968 622 29032
5800 602 28298 628 29702
5900 604 28752 631 30248
6000 606 29254 632 30746
6100 608 29785 638 31215
6200 612 30383 642 31617
6300 616 30738 643 32262
6400 618 31267 648 32733
6500 620 31824 651 33176
6600 622 32336 660 33664
6700 627 32881 663 34119
6800 631 33438 665 34562
6900 633 33964 667 35036
7000 635 34500 672 35500
7100 636 35040 673 35960
7200 639 35583 674 36417
7300 641 36069 675 36931
7400 644 36515 679 37485
7500 647 37077 682 37923
7600 650 37665 684 38335
7700 656 38195 690 38805
7800 657 38769 696 39231
7900 659 39235 699 39765
8000 662 39821 702 40179
8100 667 40293 706 40707
8200 668 40815 707 41185
8300 671 41235 711 41765
8400 674 41638 714 42362
8500 677 42102 717 42898
8600 679 42531 720 43469
8700 683 42998 721 44002
8800 685 43387 724 44613
8900 685 43906 726 45094
9000 686 44414 730 45586
9100 688 44868 731 46132
9200 689 45336 734 46664
9300 692 45864 736 47136
9400 695 46451 738 47549
9500 698 47006 740 47994
9600 702 47460 743 48540
9700 706 47963 747 49037
9800 711 48465 749 49535
9900 713 48942 754 50058
10000 715 49516 757 50484
10100 725 50002 759 50998
10200 728 50620 761 51380
10300 729 51272 765 51728
10400 734 51837 767 52163
10500 740 52330 769 52670
10600 743 52880 771 53120
10700 747 53425 773 53575
10800 749 53911 776 54089
10900 751 54383 778 54617
11000 757 54939 789 55061
11100 758 55421 790 55579
11200 760 55809 794 56191
11300 763 56472 796 56528
11400 765 57062 797 56938
11500 767 57615 800 57385
11600 774 58128 805 57872
11700 777 58663 812 58337
11800 783 59116 816 58884
11900 784 59724 817 59276
12000 785 60292 821 59708
12100 792 60815 826 60185
12200 797 61369 828 60631
12300 801 61959 833 61041
12400 809 62594 843 61406
12500 812 63148 845 61852
12600 813 63756 848 62244
12700 815 64250 849 62750
12800 815 64707 851 63293
12900 816 65048 852 63952
13000 820 65563 854 64437
13100 822 66092 854 64908
13200 825 66573 857 65427
13300 827 67068 859 65932
13400 829 67563 862 66437
13500 833 67993 863 67007
13600 835 68577 865 67423
13700 837 69080 871 67920
13800 839 69546 874 68454
13900 840 70011 876 68989
14000 843 70493 877 69507
14100 845 71046 880 69954
14200 845 71528 881 70472
14300 850 72046 883 70954
14400 851 72617 886 71383
14500 852 73169 889 71831
14600 856 73695 893 72305
14700 857 74185 895 72815
14800 861 74765 898 73235
14900 862 75219 902 73781
15000 866 75631 904 74369
15100 869 76066 910 74934
15200 876 76618 913 75382
15300 878 77149 915 75851
15400 881 77698 916 76302
15500 884 78196 918 76804
15600 885 78604 918 77396
15700 886 79146 918 77854
15800 889 79528 921 78472
15900 889 79918 926 79082
16000 891 80362 932 79638
16100 896 80772 939 80228
16200 898 81310 944 80690
16300 904 81872 949 81128
16400 908 82363 954 81637
16500 910 82883 955 82117
16600 914 83279 956 82721
16700 922 83655 956 83345
16800 924 84276 958 83724
16900 925 84806 963 84194
17000 925 85273 971 84727
17100 926 85725 973 85275
17200 927 86143 974 85857
17300 929 86568 980 86432
17400 930 87073 983 86927
17500 935 87592 986 87408
17600 937 88154 989 87846
17700 940 88738 992 88262
17800 944 89211 995 88789
17900 948 89649 996 89351
18000 949 90121 996 89879
18100 952 90684 1000 90316
18200 953 91087 1002 90913
18300 953 91588 1004 91412
18400 953 92118 1004 91882
18500 955 92593 1009 92407
18600 960 93104 1012 92896
18700 963 93734 1016 93266
18800 968 94284 1022 93716
18900 971 94863 1026 94137
19000 972 95377 1026 94623
19100 974 95818 1028 95182
19200 976 96349 1030 95651
19300 978 96867 1032 96133
19400 982 97394 1033 96606
19500 985 97838 1035 97162
19600 990 98337 1036 97663
19700 992 98806 1038 98194
19800 997 99435 1041 98565
19900 1002 100012 1044 98988
20000 1002 100460 1048 99540
20100 1004 100978 1050 100022
20200 1007 101464 1052 100536
20300 1009 102054 1055 100946
20400 1013 102605 1057 101395
20500 1015 103002 1059 101998
20600 1022 103543 1061 102457
20700 1027 104151 1063 102849
20800 1028 104671 1067 103329
20900 1029 105265 1069 103735
21000 1031 105771 1069 104229
21100 1034 106240 1076 104760
21200 1037 106793 1087 105207
21300 1042 107231 1093 105769
21400 1042 107694 1099 106306
21500 1045 108119 1101 106881
21600 1049 108505 1104 107495
21700 1049 109096 1107 107904
21800 1052 109693 1109 108307
21900 1053 110143 1110 108857
22000 1057 110664 1111 109336
22100 1058 111259 1111 109741
22200 1059 111777 1114 110223
22300 1063 112216 1117 110784
22400 1064 112684 1118 111316
22500 1065 113140 1120 111860
22600 1067 113673 1121 112327
22700 1073 114201 1122 112799
22800 1081 114849 1131 113151
22900 1087 115250 1131 113750
23000 1093 115697 1131 114303
23100 1099 116180 1133 114820
23200 1100 116699 1135 115301
23300 1104 117182 1138 115818
23400 1105 117773 1139 116227
23500 1105 118177 1140 116823
23600 1108 118630 1141 117370
23700 1112 119041 1142 117959
23800 1119 119503 1147 118497
23900 1119 119940 1148 119060
24000 1125 120459 1150 119541
24100 1133 120909 1154 120091
24200 1137 121485 1158 120515
24300 1138 122030 1162 120970
24400 1142 122604 1162 121396
24500 1147 123012 1167 121988
24600 1148 123503 1167 122497
24700 1149 123994 1169 123006
24800 1151 124317 1174 123683
24900 1157 124720 1175 124280
25000 1161 125192 1178 124808
25100 1163 125615 1180 125385
25200 1164 126144 1185 125856
25300 1165 126638 1190 126362
25400 1168 127036 1192 126964
25500 1172 127527 1197 127473
25600 1173 128035 1204 127965
25700 1175 128536 1207 128464
25800 1177 129110 1210 128890
25900 1181 129635 1212 129365
26000 1186 130206 1215 129794
26100 1189 130666 1217 130334
26200 1192 131257 1222 130743
26300 1193 131776 1226 131224
26400 1196 132308 1228 131692
26500 1197 132814 1231 132186
26600 1202 133271 1235 132729
26700 1204 133821 1235 133179
26800 1206 134431 1236 133569
26900 1209 134952 1238 134048
27000 1210 135496 1240 134504
27100 1211 135990 1241 135010
27200 1217 136441 1243 135559
27300 1220 136986 1244 136014
27400 1220 137453 1248 136547
27500 1223 137882 1251 137118
27600 1226 138287 1259 137713
27700 1231 138697 1263 138303
27800 1232 139186 1267 138814
27900 1242 139625 1271 139375
28000 1245 140083 1276 139917
28100 1247 140561 1276 140439
28200 1249 141081 1278 140919
28300 1251 141648 1281 141352
28400 1255 142049 1283 141951
28500 1256 142469 1289 142531
28600 1257 142855 1290 143145
28700 1261 143388 1292 143612
28800 1263 143944 1294 144056
28900 1266 144407 1296 144593
29000 1268 144901 1299 145099
29100 1270 145356 1300 145644
29200 1275 145830 1304 146170
29300 1278 146298 1304 146702
29400 1279 146789 1305 147211
29500 1284 147424 1307 147576
29600 1285 147779 1308 148221
29700 1287 148215 1310 148785
29800 1291 148723 1313 149277
29900 1296 149270 1320 149730
30000 1300 149754 1325 150246
30100 1304 150239 1331 150761
30200 1306 150780 1333 151220
30300 1308 151283 1335 151717
30400 1314 151802 1340 152198
30500 1321 152285 1344 152715
30600 1325 152921 1348 153079
30700 1326 153314 1351 153686
30800 1331 153720 1357 154280
30900 1333 154104 1360 154896
31000 1335 154579 1363 155421
31100 1336 155024 1364 155976
31200 1336 155456 1366 156544
31300 1339 155997 1368 157003
31400 1340 156484 1372 157516
31500 1342 156989 1374 158011
31600 1347 157396 1377 158604
31700 1348 157783 1380 159217
31800 1351 158189 1386 159811
31900 1355 158610 1390 160390
32000 1357 159061 1396 160939
32100 1362 159513 1398 161487
32200 1366 159957 1399 162043
32300 1370 160471 1399 162529
32400 1374 160946 1401 163054
32500 1377 161407 1405 163593
32600 1383 161819 1411 164181
32700 1385 162415 1413 164585
32800 1386 162940 1415 165060
32900 1386 163424 1415 165576
33000 1392 164055 1416 165945
33100 1396 164746 1419 166254
33200 1403 165245 1421 166755
33300 1404 165816 1426 167184
33400 1408 166345 1430 167655
33500 1409 166990 1432 168010
33600 1415 167664 1439 168336
33700 1418 168063 1443 168937
33800 1423 168625 1447 169375
33900 1427 169149 1454 169851
34000 1432 169764 1462 170236
34100 1435 170182 1464 170818
34200 1438 170700 1468 171300
34300 1438 171192 1470 171808
34400 1441 171569 1473 172431
34500 1441 171993 1475 173007
34600 1442 172491 1475 173509
34700 1445 172930 1476 174070
34800 1451 173431 1481 174569
34900 1453 173989 1482 175011
35000 1455 174469 1487 175531
35100 1464 174967 1494 176033
35200 1466 175501 1497 176499
35300 1467 175956 1499 177044
35400 1470 176389 1501 177611
35500 1474 176900 1506 178100
35600 1477 177336 1507 178664
35700 1479 177851 1509 179149
35800 1483 178320 1512 179680
35900 1485 178777 1515 180223
36000 1490 179282 1516 180718
36100 1494 179745 1517 181255
36200 1498 180219 1522 181781
36300 1499 180623 1523 182377
36400 1499 181182 1524 182818
36500 1500 181658 1527 183342
36600 1501 182097 1531 183903
36700 1506 182486 1534 184514
36800 1510 182953 1538 185047
36900 1512 183359 1540 185641
37000 1513 183877 1541 186123
37100 1517 184270 1546 186730
37200 1519 184699 1546 187301
37300 1520 185229 1547 187771
37400 1523 185767 1549 188233
37500 1524 186331 1551 188669
37600 1528 186691 1551 189309
37700 1530 187121 1555 189879
37800 1534 187594 1558 190406
37900 1536 188186 1561 190814
38000 1538 188677 1565 191323
38100 1539 189113 1569 191887
38200 1544 189526 1572 192474
38300 1547 190153 1574 192847
38400 1548 190678 1577 193322
38500 1550 191211 1581 193789
38600 1551 191747 1581 194253
38700 1554 192296 1584 194704
38800 1555 192856 1586 195144
38900 1557 193318 1589 195682
39000 1561 193826 1594 196174
39100 1564 194401 1595 196599
39200 1567 194934 1600 197066
39300 1567 195444 1603 197556
39400 1570 195951 1604 198049
39500 1571 196434 1606 198566
39600 1574 196811 1608 199189
39700 1576 197336 1609 199664
39800 1585 197884 1612 200116
39900 1587 198376 1614 200624
40000 1597 198762 1618 201238
40100 1599 199077 1622 201923
40200 1601 199458 1624 202542
40300 1604 200081 1625 202919
40400 1607 200645 1627 203355
40500 1609 200992 1629 204008
40600 1614 201384 1631 204616
40700 1616 201836 1631 205164
40800 1620 202346 1633 205654
40900 1621 202859 1637 206141
41000 1621 203332 1638 206668
41100 1625 203878 1639 207122
41200 1627 204472 1640 207528
41300 1628 205056 1642 207944
41400 1631 205621 1643 208379
41500 1634 206165 1647 208835
41600 1637 206675 1651 209325
41700 1641 207155 1652 209845
41800 1646 207692 1658 210308
41900 1650 208194 1658 210806
42000 1653 208618 1663 211382
42100 1655 209014 1664 211986
42200 1658 209444 1668 212556
42300 1661 210023 1669 212977
42400 1663 210499 1671 213501
42500 1665 211051 1673 213949
42600 1672 211620 1676 214380
42700 1677 212158 1679 214842
42800 1681 212676 1686 215324
42900 1688 213140 1689 215860
43000 1695 213632 1693 216368
43100 1700 214092 1693 216908
43200 1704 214562 1694 217438
43300 1706 215061 1696 217939
43400 1709 215550 1697 218450
43500 1711 216046 1698 218954
43600 1712 216514 1702 219486
43700 1720 216971 1705 220029
43800 1721 217515 1707 220485
43900 1723 218024 1709 220976
44000 1727 218541 1711 221459
44100 1729 219090 1714 221910
44200 1734 219560 1717 222440
44300 1735 220023 1720 222977
44400 1737 220538 1724 223462
44500 1743 221079 1728 223921
44600 1747 221574 1729 224426
44700 1754 222175 1729 224825
44800 1757 222740 1729 225260
44900 1761 223306 1731 225694
45000 1763 223918 1736 226082
45100 1763 224320 1736 226680
45200 1766 224756 1737 227244
45300 1766 225147 1741 227853
45400 1770 225689 1745 228311
45500 1773 226182 1747 228818
45600 1775 226679 1748 229321
45700 1778 227121 1752 229879
45800 1782 227569 1756 230431
45900 1783 228183 1759 230817
46000 1786 228565 1761 231435
46100 1791 228997 1763 232003
46200 1797 229484 1768 232516
46300 1797 229998 1769 233002
46400 1798 230417 1770 233583
46500 1802 230953 1776 234047
46600 1806 231357 1777 234643
46700 1810 231748 1781 235252
46800 1812 232177 1782 235823
46900 1813 232686 1784 236314
47000 1814 233289 1786 236711
47100 1816 233689 1788 237311
47200 1821 234246 1790 237754
47300 1823 234871 1793 238129
47400 1824 235435 1794 238565
47500 1828 235976 1798 239024
47600 1830 236405 1804 239595
47700 1831 236881 1807 240119
47800 1833 237370 1808 240630
47900 1838 237933 1814 241067
48000 1846 238489 1820 241511
48100 1848 238932 1822 242068
48200 1851 239514 1825 242486
48300 1853 240152 1826 242848
48400 1854 240650 1827 243350
48500 1857 241082 1831 243918
48600 1858 241654 1832 244346
48700 1866 242228 1840 244772
48800 1869 242848 1841 245152
48900 1874 243472 1843 245528
49000 1878 244022 1844 245978
49100 1880 244512 1845 246488
49200 1882 245054 1848 246946
49300 1882 245555 1849 247445
49400 1885 246025 1850 247975
49500 1888 246722 1850 248278
49600 1892 247209 1854 248791
49700 1896 247782 1856 249218
49800 1897 248313 1857 249687
49900 1900 248820 1860 250180
50000 1902 249450 1865 250550
50100 1904 250023 1870 250977
50200 1906 250580 1874 251420
50300 1909 251075 1879 251925
50400 1911 251560 1882 252440
50500 1917 252038 1886 252962
50600 1918 252559 1888 253441
50700 1923 253113 1891 253887
50800 1928 253628 1894 254372
50900 1931 254144 1896 254856
51000 1933 254578 1898 255422
51100 1936 254988 1899 256012
51200 1938 255510 1902 256490
51300 1941 255978 1903 257022
51400 1943 256584 1905 257416
51500 1946 257116 1906 257884
51600 1947 257584 1909 258416
51700 1954 258021 1914 258979
51800 1958 258537 1917 259463
51900 1963 259175 1922 259825
52000 1966 259800 1927 260200
52100 1970 260289 1927 260711
52200 1971 260781 1929 261219
52300 1972 261272 1930 261728
52400 1976 261665 1932 262335
52500 1979 262231 1936 262769
52600 1984 262753 1937 263247
52700 1990 263235 1945 263765
52800 1994 263761 1947 264239
52900 1998 264242 1949 264758
53000 1998 264667 1950 265333
53100 1999 265057 1953 265943
53200 2003 265379 1956 266621
53300 2003 265921 1959 267079
53400 2005 266390 1962 267610
53500 2007 266927 1964 268073
53600 2008 267614 1968 268386
53700 2014 268166 1972 268834
53800 2017 268669 1973 269331
53900 2017 268990 1975 270010
54000 2019 269538 1978 270462
54100 2020 269857 1979 271143
54200 2022 270357 1983 271643
54300 2023 270856 1983 272144
54400 2025 271272 1985 272728
54500 2025 271650 1986 273350
54600 2025 272194 1986 273806
54700 2027 272600 1989 274400
54800 2030 273037 1989 274963
54900 2030 273620 1992 275380
55000 2032 274212 1996 275788
55100 2033 274786 1997 276214
55200 2036 275247 2003 276753
55300 2040 275699 2005 277301
55400 2041 276176 2008 277824
55500 2043 276770 2012 278230
55600 2046 277207 2017 278793
55700 2052 277861 2022 279139
55800 2055 278378 2024 279622
55900 2055 278886 2026 280114
56000 2056 279362 2027 280638
56100 2059 279853 2032 281147
56200 2062 280303 2036 281697
56300 2066 280811 2037 282189
56400 2068 281284 2039 282716
56500 2072 281902 2043 283098
56600 2074 282366 2045 283634
56700 2076 282906 2048 284094
56800 2077 283287 2050 284713
56900 2079 283800 2053 285200
57000 2081 284233 2056 285767
57100 2084 284715 2058 286285
57200 2090 285134 2059 286866
57300 2094 285613 2060 287387
57400 2097 286133 2062 287867
57500 2100 286575 2070 288425
57600 2103 287046 2073 288954
57700 2105 287552 2077 289448
57800 2113 288076 2082 289924
57900 2114 288566 2083 290434
58000 2114 289011 2087 290989
58100 2117 289439 2088 291561
58200 2117 290053 2088 291947
58300 2119 290641 2090 292359
58400 2124 291176 2092 292824
58500 2128 291694 2096 293306
58600 2130 292322 2102 293678
58700 2133 292994 2105 294006
58800 2135 293672 2108 294328
58900 2136 294271 2111 294729
59000 2137 294659 2112 295341
59100 2138 295125 2114 295875
59200 2139 295610 2116 296390
59300 2142 295991 2117 297009
59400 2145 296501 2118 297499
59500 2149 297040 2124 297960
59600 2153 297536 2131 298464
59700 2157 298093 2132 298907
59800 2159 298537 2133 299463
59900 2161 299139 2134 299861
60000 2164 299665 2135 300335
60100 2164 300171 2136 300829
60200 2165 300626 2139 301374
60300 2166 301074 2142 301926
60400 2168 301569 2146 302431
60500 2173 302057 2149 302943
60600 2175 302437 2151 303563
60700 2176 303001 2153 303999
60800 2180 303531 2156 304469
60900 2182 304143 2157 304857
61000 2185 304682 2160 305318
61100 2186 305226 2162 305774
61200 2189 305813 2163 306187
61300 2191 306392 2167 306608
61400 2192 306919 2173 307081
61500 2196 307367 2173 307633
61600 2201 307741 2178 308259
61700 2202 308220 2182 308780
61800 2203 308708 2186 309292
61900 2206 309202 2186 309798
62000 2209 309727 2187 310273
62100 2211 310205 2189 310795
62200 2212 310631 2192 311369
62300 2215 311009 2194 311991
62400 2220 311517 2196 312483
62500 2222 311919 2199 313081
62600 2227 312376 2201 313624
62700 2229 312849 2202 314151
62800 2229 313316 2205 314684
62900 2236 313747 2208 315253
63000 2243 314239 2208 315761
63100 2245 314773 2209 316227
63200 2246 315274 2211 316726
63300 2249 315763 2215 317237
63400 2252 316317 2217 317683
63500 2253 316894 2221 318106
63600 2256 317289 2225 318711
63700 2257 317833 2228 319167
63800 2260 318337 2233 319663
63900 2263 318784 2238 320216
64000 2266 319245 2241 320755
64100 2268 319695 2243 321305
64200 2273 320097 2245 321903
64300 2275 320471 2246 322529
64400 2276 320943 2247 323057
64500 2283 321501 2252 323499
64600 2288 322090 2257 323910
64700 2291 322713 2258 324287
64800 2291 323168 2259 324832
64900 2293 323626 2265 325374
65000 2296 324038 2269 325962
65100 2301 324446 2272 326554
65200 2306 324865 2275 327135
65300 2314 325374 2280 327626
65400 2317 325834 2284 328166
65500 2321 326314 2288 328686
65600 2322 326785 2289 329215
65700 2327 327249 2293 329751
65800 2327 327722 2295 330278
65900 2329 328224 2301 330776
66000 2336 328775 2302 331225
66100 2337 329366 2306 331634
66200 2337 329781 2308 332219
66300 2340 330277 2311 332723
66400 2346 330837 2313 333163
66500 2350 331400 2314 333600
66600 2353 331713 2317 334287
66700 2355 332204 2319 334796
66800 2359 332550 2320 335450
66900 2361 332985 2321 336015
67000 2365 333396 2324 336604
67100 2368 333943 2326 337057
67200 2372 334555 2329 337445
67300 2376 335145 2330 337855
67400 2379 335612 2334 338388
67500 2381 336046 2336 338954
67600 2381 336630 2336 339370
67700 2382 337202 2341 339798
67800 2385 337611 2343 340389
67900 2387 338142 2346 340858
68000 2389 338833 2353 341167
68100 2391 339429 2356 341571
68200 2392 339899 2357 342101
68300 2393 340404 2358 342596
68400 2393 340947 2360 343053
68500 2394 341523 2362 343477
68600 2395 342010 2365 343990
68700 2396 342555 2366 344445
68800 2398 343147 2369 344853
68900 2400 343716 2371 345284
69000 2405 344242 2373 345758
69100 2410 344650 2377 346350
69200 2415 345180 2381 346820
69300 2419 345584 2383 347416
69400 2423 346060 2387 347940
69500 2429 346595 2392 348405
69600 2431 347115 2398 348885
69700 2435 347611 2398 349389
69800 2439 348134 2401 349866
69900 2442 348639 2403 350361
70000 2444 349147 2405 350853
70100 2452 349679 2407 351321
70200 2454 350201 2409 351799
70300 2460 350662 2412 352338
70400 2461 351126 2418 352874
70500 2466 351570 2423 353430
70600 2468 352040 2424 353960
70700 2472 352487 2425 354513
70800 2475 353043 2425 354957
70900 2480 353622 2433 355378
71000 2481 354106 2435 355894
71100 2482 354630 2436 356370
71200 2485 355150 2437 356850
71300 2488 355695 2438 357305
71400 2488 356277 2438 357723
71500 2489 356765 2438 358235
71600 2491 357213 2441 358787
71700 2493 357618 2444 359382
71800 2498 358071 2446 359929
71900 2503 358643 2449 360357
72000 2504 359288 2451 360712
72100 2508 359900 2454 361100
72200 2510 360391 2457 361609
72300 2511 360899 2461 362101
72400 2514 361388 2465 362612
72500 2516 361826 2469 363174
72600 2519 362270 2469 363730
72700 2525 362882 2472 364118
72800 2528 363382 2474 364618
72900 2531 363877 2475 365123
73000 2534 364446 2475 365554
73100 2537 364890 2477 366110
73200 2539 365293 2479 366707
73300 2543 365739 2482 367261
73400 2546 366286 2484 367714
73500 2547 366709 2485 368291
73600 2549 367180 2488 368820
73700 2554 367710 2491 369290
73800 2556 368173 2491 369827
73900 2557 368639 2492 370361
74000 2557 369181 2496 370819
74100 2559 369638 2499 371362
74200 2559 370039 2501 371961
74300 2564 370448 2504 372552
74400 2565 370869 2507 373131
74500 2566 371346 2508 373654
74600 2566 371803 2511 374197
74700 2570 372436 2511 374564
74800 2574 373045 2514 374955
74900 2574 373645 2514 375355
75000 2576 374178 2516 375822
75100 2580 374781 2519 376219
75200 2586 375245 2527 376755
75300 2587 375665 2528 377335
75400 2590 376085 2531 377915
75500 2592 376538 2534 378462
75600 2595 376962 2537 379038
75700 2597 377492 2541 379508
75800 2597 377982 2545 380018
75900 2599 378431 2551 380569
76000 2601 378801 2553 381199
76100 2603 379281 2556 381719
76200 2606 379831 2557 382169
76300 2614 380407 2558 382593
76400 2615 380919 2562 383081
76500 2615 381530 2564 383470
76600 2619 381960 2566 384040
76700 2620 382395 2568 384605
76800 2625 382730 2570 385270
76900 2627 383329 2572 385671
77000 2629 383855 2573 386145
77100 2632 384274 2574 386726
77200 2635 384865 2575 387135
77300 2637 385190 2577 387810
77400 2641 385624 2579 388376
77500 2645 386094 2579 388906
77600 2647 386487 2580 389513
77700 2652 387003 2582 389997
77800 2659 387540 2586 390460
77900 2660 388010 2589 390990
78000 2660 388448 2591 391552
78100 2663 388920 2591 392080
78200 2664 389361 2592 392639
78300 2667 389785 2597 393215
78400 2668 390231 2601 393769
78500 2671 390744 2601 394256
78600 2675 391278 2605 394722
78700 2677 391740 2608 395260
78800 2679 392261 2608 395739
78900 2684 392731 2613 396269
79000 2686 393332 2614 396668
79100 2692 393839 2614 397161
79200 2692 394387 2620 397613
79300 2694 394832 2620 398168
79400 2697 395485 2626 398515
79500 2700 396035 2626 398965
79600 2702 396520 2628 399480
79700 2704 397040 2630 399960
79800 2708 397461 2634 400539
79900 2710 397930 2639 401070
80000 2714 398417 2641 401583
80100 2714 398865 2644 402135
80200 2715 399377 2650 402623
80300 2719 399864 2653 403136
80400 2721 400386 2654 403614
80500 2725 400852 2656 404148
80600 2728 401339 2661 404661
80700 2730 401728 2662 405272
80800 2735 402190 2668 405810
80900 2738 402771 2671 406229
81000 2740 403355 2674 406645
81100 2746 403832 2681 407168
81200 2747 404275 2683 407725
81300 2749 404622 2687 408378
81400 2751 405198 2687 408802
81500 2751 405772 2688 409228
81600 2753 406321 2690 409679
81700 2753 406710 2698 410290
81800 2756 407425 2699 410575
81900 2757 407974 2705 411026
82000 2760 408451 2708 411549
82100 2761 408945 2710 412055
82200 2765 409385 2718 412615
82300 2765 409743 2718 413257
82400 2765 410257 2720 413743
82500 2766 410808 2721 414192
82600 2768 411339 2725 414661
82700 2772 411865 2728 415135
82800 2773 412456 2732 415544
82900 2781 413032 2739 415968
83000 2785 413552 2741 416448
83100 2788 414062 2744 416938
83200 2791 414636 2749 417364
83300 2795 415146 2751 417854
83400 2796 415643 2753 418357
83500 2796 415990 2754 419010
83600 2800 416529 2756 419471
83700 2805 417090 2758 419910
83800 2810 417643 2764 420357
83900 2814 418146 2771 420854
84000 2817 418533 2774 421467
84100 2820 418899 2779 422101
84200 2825 419344 2786 422656
84300 2830 419827 2788 423173
84400 2834 420253 2792 423747
84500 2839 420668 2797 424332
84600 2845 421048 2801 424952
84700 2850 421505 2806 425495
84800 2850 421930 2809 426070
84900 2853 422456 2811 426544
85000 2855 423076 2814 426924
85100 2858 423682 2815 427318
85200 2861 424217 2816 427783
85300 2863 424680 2818 428320
85400 2863 425162 2823 428838
85500 2866 425622 2824 429378
85600 2869 426166 2826 429834
85700 2871 426613 2829 430387
85800 2872 427025 2831 430975
85900 2874 427412 2832 431588
86000 2880 427833 2836 432167
86100 2881 428245 2837 432755
86200 2882 428680 2841 433320
86300 2884 429287 2841 433713
86400 2885 429913 2843 434087
86500 2887 430479 2847 434521
86600 2890 431050 2850 434950
86700 2894 431549 2854 435451
86800 2896 432050 2856 435950
86900 2901 432566 2856 436434
87000 2905 432977 2860 437023
87100 2911 433475 2861 437525
87200 2915 433878 2864 438122
87300 2918 434344 2870 438656
87400 2921 434847 2873 439153
87500 2926 435442 2877 439558
87600 2928 435900 2879 440100
87700 2928 436369 2879 440631
87800 2928 436825 2882 441175
87900 2929 437294 2885 441706
88000 2930 437914 2887 442086
88100 2932 438564 2889 442436
88200 2934 439041 2890 442959
88300 2938 439418 2895 443582
88400 2940 439909 2900 444091
88500 2941 440438 2901 444562
88600 2941 441013 2902 444987
88700 2942 441532 2903 445468
88800 2942 441981 2905 446019
88900 2943 442450 2908 446550
89000 2944 442892 2908 447108
89100 2946 443332 2910 447668
89200 2951 443893 2912 448107
89300 2954 444365 2920 448635
89400 2954 445030 2922 448970
89500 2956 445640 2925 449360
89600 2956 446155 2927 449845
89700 2959 446648 2928 450352
89800 2961 446992 2931 451008
89900 2965 447397 2932 451603
90000 2967 447906 2935 452094
90100 2967 448542 2938 452458
90200 2973 449090 2944 452910
90300 2978 449598 2947 453402
90400 2979 450127 2948 453873
90500 2983 450615 2952 454385
90600 2984 451086 2955 454914
90700 2986 451446 2957 455554
90800 2989 451845 2958 456155
90900 2990 452372 2958 456628
91000 2996 452722 2963 457278
91100 2998 453121 2967 457879
91200 3001 453695 2969 458305
91300 3003 454199 2971 458801
91400 3006 454910 2973 459090
91500 3008 455492 2976 459508
91600 3012 455977 2979 460023
91700 3015 456482 2980 460518
91800 3019 456941 2982 461059
91900 3021 457413 2984 461587
92000 3022 457907 2988 462093
92100 3027 458280 2993 462720
92200 3030 458631 2998 463369
92300 3032 459097 3000 463903
92400 3034 459613 3004 464387
92500 3042 460251 3006 464749
92600 3046 460883 3007 465117
92700 3047 461489 3010 465511
92800 3051 462002 3014 465998
92900 3051 462647 3016 466353
93000 3052 463211 3017 466789
93100 3056 463763 3020 467237
93200 3057 464270 3022 467730
93300 3061 464683 3026 468317
93400 3063 465100 3030 468900
93500 3070 465539 3036 469461
93600 3077 466049 3043 469951
93700 3082 466594 3045 470406
93800 3083 467220 3045 470780
93900 3087 467721 3050 471279
94000 3091 468330 3052 471670
94100 3094 468926 3055 472074
94200 3097 469358 3059 472642
94300 3100 470004 3062 472996
94400 3105 470540 3067 473460
94500 3106 471113 3070 473887
94600 3110 471719 3073 474281
94700 3113 472227 3075 474773
94800 3114 472682 3077 475318
94900 3117 473113 3078 475887
95000 3121 473495 3080 476505
95100 3124 473963 3083 477037
95200 3124 474355 3083 477645
95300 3126 474759 3084 478241
95400 3130 475145 3087 478855
95500 3133 475527 3092 479473
95600 3136 475981 3093 480019
95700 3140 476619 3095 480381
95800 3141 477335 3096 480665
95900 3142 477912 3097 481088
96000 3144 478447 3102 481553
96100 3148 478882 3104 482118
96200 3149 479359 3109 482641
96300 3153 479771 3111 483229
96400 3154 480275 3113 483725
96500 3156 480827 3116 484173
96600 3165 481394 3121 484606
96700 3167 482007 3123 484993
96800 3173 482514 3128 485486
96900 3176 483013 3130 485987
97000 3180 483405 3134 486595
97100 3185 483732 3138 487268
97200 3188 484073 3139 487927
97300 3191 484677 3139 488323
97400 3196 485180 3141 488820
97500 3198 485746 3147 489254
97600 3203 486309 3152 489691
97700 3205 486717 3156 490283
97800 3206 487259 3160 490741
97900 3210 487791 3163 491209
98000 3213 488384 3164 491616
98100 3216 488882 3164 492118
98200 3219 489376 3169 492624
98300 3221 490004 3171 492996
98400 3221 490413 3173 493587
98500 3222 490862 3175 494138
98600 3226 491315 3176 494685
98700 3230 491825 3183 495175
98800 3235 492356 3189 495644
98900 3239 492834 3193 496166
99000 3245 493321 3196 496679
99100 3245 493931 3198 497069
99200 3246 494433 3203 497567
99300 3248 494895 3206 498105
99400 3250 495414 3208 498586
99500 3253 495757 3210 499243
99600 3256 496387 3219 499613
99700 3260 496805 3220 500195
99800 3264 497264 3225 500736
99900 3265 497693 3231 501307
100000 3272 498161 3235 501839
100100 3275 498573 3238 502427
100200 3279 499114 3240 502886
100300 3285 499642 3245 503358
100400 3286 500139 3247 503861
100500 3293 500672 3249 504328
100600 3305 501191 3253 504809
100700 3312 501802 3255 505198
100800 3316 502366 3260 505634
100900 3322 502927 3267 506073
101000 3326 503466 3277 506534
101100 3331 503946 3285 507054
101200 3332 504567 3288 507433
101300 3332 505252 3291 507748
101400 3335 505871 3293 508129
101500 3338 506324 3295 508676
101600 3339 506843 3299 509157
101700 3341 507376 3303 509624
101800 3346 507889 3306 510111
101900 3347 508414 3310 510586
102000 3353 508909 3313 511091
102100 3358 509464 3316 511536
102200 3359 509948 3317 512052
102300 3361 510537 3319 512463
102400 3363 511121 3321 512879
102500 3367 511670 3324 513330
102600 3373 512240 3328 513760
102700 3377 512941 3329 514059
102800 3379 513457 3331 514543
102900 3382 513994 3331 515006
103000 3384 514476 3335 515524
103100 3386 514997 3340 516003
103200 3387 515447 3341 516553
103300 3387 515931 3343 517069
103400 3388 516486 3344 517514
103500 3389 516984 3345 518016
103600 3396 517516 3348 518484
103700 3397 517994 3349 519006
103800 3400 518544 3350 519456
103900 3401 519048 3351 519952
104000 3405 519521 3353 520479
104100 3408 519988 3357 521012
104200 3411 520424 3362 521576
104300 3413 520974 3367 522026
104400 3416 521543 3369 522457
104500 3422 522182 3380 522818
104600 3424 522665 3384 523335
104700 3426 523251 3387 523749
104800 3428 523703 3389 524297
104900 3434 524186 3391 524814
105000 3440 524669 3396 525331
105100 3442 525138 3398 525862
105200 3445 525607 3399 526393
105300 3447 526145 3404 526855
105400 3453 526539 3406 527461
105500 3459 526957 3413 528043
105600 3459 527491 3415 528509
105700 3464 528031 3422 528969
105800 3465 528567 3423 529433
105900 3467 529093 3427 529907
106000 3468 529672 3428 530328
106100 3470 530258 3430 530742
106200 3472 530755 3431 531245
106300 3474 531244 3434 531756
106400 3476 531775 3439 532225
106500 3480 532144 3441 532856
106600 3481 532733 3443 533267
106700 3484 533289 3445 533711
106800 3486 533715 3451 534285
106900 3492 534018 3455 534982
107000 3499 534543 3458 535457
107100 3499 535097 3460 535903
107200 3502 535520 3467 536480
107300 3503 535966 3472 537034
107400 3507 536543 3475 537457
107500 3510 536995 3476 538005
107600 3512 537291 3478 538709
107700 3515 537709 3480 539291
107800 3520 538325 3482 539675
107900 3524 538911 3485 540089
108000 3526 539509 3485 540491
108100 3531 539954 3488 541046
108200 3532 540348 3490 541652
108300 3533 540789 3494 542211
108400 3534 541234 3499 542766
108500 3539 541582 3504 543418
108600 3544 542169 3512 543831
108700 3546 542707 3516 544293
108800 3552 543109 3518 544891
108900 3557 543529 3520 545471
109000 3558 543955 3521 546045
109100 3558 544374 3522 546626
109200 3560 544849 3528 547151
109300 3561 545386 3529 547614
109400 3563 545905 3530 548095
109500 3564 546436 3533 548564
109600 3567 546925 3537 549075
109700 3569 547246 3538 549754
109800 3570 547727 3541 550273
109900 3573 548153 3543 550847
110000 3575 548569 3545 551431
110100 3582 549079 3550 551921
110200 3584 549594 3554 552406
110300 3588 550026 3560 552974
110400 3595 550444 3562 553556
110500 3599 550942 3563 554058
110600 3601 551518 3567 554482
110700 3604 552096 3571 554904
110800 3606 552666 3576 555334
110900 3612 553135 3585 555865
111000 3614 553642 3593 556358
111100 3618 554128 3596 556872
111200 3618 554503 3598 557497
111300 3621 554938 3601 558062
111400 3622 555389 3601 558611
111500 3625 555821 3601 559179
111600 3625 556253 3606 559747
111700 3628 556692 3609 560308
111800 3635 557177 3616 560823
111900 3636 557624 3622 561376
112000 3642 558043 3627 561957
112100 3645 558547 3632 562453
112200 3649 559023 3636 562977
112300 3652 559575 3639 563425
112400 3652 560140 3640 563860
112500 3657 560583 3643 564417
112600 3660 561081 3645 564919
112700 3661 561552 3646 565448
112800 3663 562019 3648 565981
112900 3668 562469 3651 566531
113000 3672 562883 3652 567117
113100 3676 563325 3655 567675
113200 3681 563768 3658 568232
113300 3682 564238 3661 568762
113400 3685 564685 3666 569315
113500 3688 565036 3669 569964
113600 3689 565363 3675 570637
113700 3694 565748 3680 571252
113800 3697 566145 3685 571855
113900 3700 566615 3692 572385
114000 3703 567176 3695 572824
114100 3707 567693 3699 573307
114200 3713 568255 3706 573745
114300 3720 568866 3708 574134
114400 3723 569438 3709 574562
114500 3725 569937 3713 575063
114600 3727 570385 3715 575615
114700 3728 571031 3716 575969
114800 3729 571548 3717 576452
114900 3732 572019 3720 576981
115000 3735 572527 3722 577473
115100 3741 573062 3723 577938
115200 3743 573511 3726 578489
115300 3745 574026 3727 578974
115400 3748 574471 3730 579529
115500 3749 574907 3734 580093
115600 3751 575348 3739 580652
115700 3752 575851 3739 581149
115800 3754 576327 3739 581673
115900 3757 576848 3742 582152
116000 3760 577371 3748 582629
116100 3764 577871 3751 583129
116200 3769 578309 3753 583691
116300 3772 578737 3756 584263
116400 3779 579190 3759 584810
116500 3781 579633 3760 585367
116600 3783 580152 3762 585848
116700 3787 580634 3764 586366
116800 3787 581183 3767 586817
116900 3788 581671 3767 587329
117000 3791 582113 3770 587887
117100 3792 582654 3775 588346
117200 3795 583134 3777 588866
117300 3797 583525 3777 589475
117400 3801 584072 3777 589928
117500 3806 584511 3779 590489
117600 3809 584965 3786 591035
117700 3811 585444 3788 591556
117800 3813 585829 3791 592171
117900 3816 586346 3793 592654
118000 3817 586836 3794 593164
118100 3820 587258 3796 593742
118200 3822 587767 3801 594233
118300 3822 588227 3802 594773
118400 3827 588637 3807 595363
118500 3828 589077 3810 595923
118600 3831 589492 3812 596508
118700 3833 590045 3815 596955
118800 3835 590466 3816 597534
118900 3837 591090 3818 597910
119000 3841 591637 3819 598363
119100 3842 592115 3819 598885
119200 3843 592640 3822 599360
119300 3847 593145 3823 599855
119400 3847 593459 3824 600541
119500 3851 593943 3825 601057
119600 3854 594243 3826 601757
119700 3859 594696 3836 602304
119800 3865 595381 3844 602619
119900 3870 595968 3846 603032
120000 3872 596403 3848 603597
120100 3876 596882 3853 604118
120200 3879 597367 3856 604633
120300 3881 597907 3860 605093
120400 3884 598415 3863 605585
120500 3886 598719 3865 606281
120600 3886 599295 3865 606705
120700 3888 599983 3867 607017
120800 3894 600399 3868 607601
120900 3896 600834 3870 608166
121000 3897 601368 3872 608632
121100 3898 601844 3872 609156
121200 3902 602481 3875 609519
121300 3911 602755 3876 610245
121400 3915 603163 3878 610837
121500 3918 603761 3880 611239
121600 3921 604132 3882 611868
121700 3921 604582 3886 612418
121800 3925 604976 3890 613024
121900 3932 605525 3896 613475
122000 3932 606043 3898 613957
122100 3935 606516 3901 614484
122200 3937 607006 3903 614994
122300 3939 607508 3912 615492
122400 3946 608021 3915 615979
122500 3951 608545 3919 616455
122600 3954 608987 3923 617013
122700 3958 609442 3924 617558
122800 3964 609935 3930 618065
122900 3968 610561 3935 618439
123000 3970 610948 3941 619052
123100 3971 611464 3943 619536
123200 3977 612102 3947 619898
123300 3979 612566 3947 620434
123400 3983 613025 3947 620975
123500 3984 613444 3951 621556
123600 3985 613862 3952 622138
123700 3985 614403 3953 622597
123800 3987 614889 3955 623111
123900 3997 615412 3961 623588
124000 4004 615937 3969 624063
124100 4007 616430 3972 624570
124200 4008 616915 3974 625085
124300 4009 617348 3974 625652
124400 4012 617842 3974 626158
124500 4015 618317 3978 626683
124600 4016 618836 3982 627164
124700 4016 619347 3983 627653
124800 4018 619921 3985 628079
124900 4022 620432 3988 628568
125000 4024 620891 3992 629109
125100 4029 621352 3994 629648
125200 4033 621750 3995 630250
125300 4036 622237 3996 630763
125400 4038 622737 3999 631263
125500 4043 623154 4000 631846
125600 4048 623694 4003 632306
125700 4050 624123 4007 632877
125800 4052 624585 4008 633415
125900 4055 625020 4011 633980
126000 4058 625392 4014 634608
126100 4061 625812 4016 635188
126200 4063 626214 4016 635786
126300 4066 626570 4018 636430
126400 4069 626968 4024 637032
126500 4075 627412 4027 637588
126600 4081 627791 4032 638209
126700 4085 628136 4034 638864
126800 4087 628747 4034 639253
126900 4091 629233 4036 639767
127000 4092 629656 4039 640344
127100 4097 630176 4040 640824
127200 4099 630692 4041 641308
127300 4103 631195 4044 641805
127400 4109 631779 4047 642221
127500 4112 632261 4051 642739
127600 4120 632637 4055 643363
127700 4124 632928 4055 644072
127800 4124 633385 4055 644615
127900 4126 633942 4055 645058
128000 4131 634303 4059 645697
128100 4136 634739 4060 646261
128200 4137 635331 4062 646669
128300 4141 635825 4064 647175
128400 4142 636245 4068 647755
128500 4145 636764 4069 648236
128600 4146 637417 4071 648583
128700 4148 637920 4071 649080
128800 4149 638423 4076 649577
128900 4152 638917 4080 650083
129000 4155 639404 4082 650596
129100 4156 639941 4083 651059
129200 4161 640422 4086 651578
129300 4164 640983 4090 652017
129400 4164 641588 4090 652412
129500 4171 642255 4090 652745
129600 4173 642699 4092 653301
129700 4179 643070 4094 653930
129800 4181 643499 4095 654501
129900 4182 643999 4100 655001
130000 4183 644514 4104 655486
130100 4184 645003 4105 655997
130200 4189 645466 4113 656534
130300 4191 645958 4116 657042
130400 4193 646430 4121 657570
130500 4195 647074 4123 657926
130600 4196 647536 4126 658464
130700 4200 647952 4131 659048
130800 4207 648499 4133 659501
130900 4209 648993 4135 660007
131000 4211 649435 4136 660565
131100 4212 649866 4140 661134
131200 4215 650280 4145 661720
131300 4220 650668 4149 662332
131400 4224 651257 4152 662743
131500 4225 651665 4153 663335
131600 4227 652185 4153 663815
131700 4230 652658 4157 664342
131800 4232 653288 4159 664712
131900 4235 653828 4165 665172
132000 4239 654375 4168 665625
132100 4242 654853 4172 666147
132200 4243 655275 4176 666725
132300 4246 655724 4178 667276
132400 4246 656192 4181 667808
132500 4246 656676 4181 668324
132600 4251 657229 4181 668771
132700 4256 657785 4188 669215
132800 4260 658243 4192 669757
132900 4265 658674 4198 670326
133000 4267 659188 4202 670812
133100 4268 659621 4205 671379
133200 4271 660162 4206 671838
133300 4273 660654 4207 672346
133400 4278 661235 4212 672765
133500 4280 661528 4215 673472
133600 4280 661917 4217 674083
133700 4281 662221 4221 674779
133800 4283 662489 4224 675511
133900 4285 662974 4226 676026
134000 4290 663544 4228 676456
134100 4290 664179 4232 676821
134200 4291 664840 4234 677160
134300 4292 665237 4239 677763
134400 4292 665782 4242 678218
134500 4294 666329 4244 678671
134600 4297 666870 4250 679130
134700 4297 667263 4254 679737
134800 4301 667706 4256 680294
134900 4306 668084 4262 680916
135000 4309 668399 4267 681601
135100 4314 668759 4270 682241
135200 4315 669105 4275 682895
135300 4315 669487 4278 683513
135400 4316 669884 4281 684116
135500 4316 670276 4282 684724
135600 4321 670643 4285 685357
135700 4327 671102 4286 685898
135800 4328 671600 4288 686400
135900 4334 672017 4293 686983
136000 4335 672490 4296 687510
136100 4336 673030 4299 687970
136200 4339 673500 4305 688500
136300 4340 673982 4307 689018
136400 4342 674476 4307 689524
136500 4345 675052 4308 689948
136600 4346 675582 4309 690418
136700 4347 676134 4313 690866
136800 4349 676654 4315 691346
136900 4352 677062 4315 691938
137000 4360 677635 4315 692365
137100 4365 678174 4323 692826
137200 4370 678745 4324 693255
137300 4375 679245 4326 693755
137400 4376 679690 4330 694310
137500 4383 680163 4335 694837
137600 4390 680668 4338 695332
137700 4393 681082 4342 695918
137800 4396 681523 4344 696477
137900 4399 681996 4346 697004
138000 4400 682465 4349 697535
138100 4402 682878 4353 698122
138200 4403 683254 4354 698746
138300 4403 683753 4355 699247
138400 4405 684305 4357 699695
138500 4406 684801 4357 700199
138600 4409 685332 4361 700668
138700 4410 685830 4361 701170
138800 4411 686383 4365 701617
138900 4413 686789 4368 702211
139000 4417 687345 4371 702655
139100 4418 687792 4371 703208
139200 4418 688282 4371 703718
139300 4420 688707 4371 704293
139400 4425 689159 4372 704841
139500 4427 689597 4377 705403
139600 4429 690114 4379 705886
139700 4430 690667 4385 706333
139800 4431 691158 4387 706842
139900 4433 691714 4389 707286
140000 4439 692227 4394 707773
140100 4440 692657 4396 708343
140200 4441 693087 4396 708913
140300 4441 693618 4396 709382
140400 4442 694053 4399 709947
140500 4443 694488 4402 710512
140600 4447 694965 4409 711035
140700 4452 695383 4412 711617
140800 4456 695923 4414 712077
140900 4463 696523 4415 712477
141000 4466 697097 4417 712903
141100 4468 697575 4420 713425
141200 4469 697999 4421 714001
141300 4472 698398 4423 714602
141400 4472 698912 4423 715088
141500 4474 699339 4423 715661
141600 4475 699881 4424 716119
141700 4478 700435 4425 716565
141800 4479 701076 4425 716924
141900 4480 701701 4428 717299
142000 4484 702303 4430 717697
142100 4487 702828 4434 718172
142200 4488 703310 4436 718690
142300 4494 703814 4437 719186
142400 4498 704295 4441 719705
142500 4505 704737 4445 720263
142600 4507 705177 4445 720823
142700 4509 705660 4447 721340
142800 4512 706197 4448 721803
142900 4513 706729 4449 722271
143000 4514 707281 4450 722719
143100 4516 707941 4451 723059
143200 4519 708490 4453 723510
143300 4520 708964 4456 724036
143400 4523 709484 4459 724516
143500 4528 710070 4465 724930
143600 4531 710503 4467 725497
143700 4534 710940 4469 726060
143800 4537 711397 4470 726603
143900 4540 711843 4472 727157
144000 4542 712429 4477 727571
144100 4548 712932 4481 728068
144200 4551 713483 4484 728517
144300 4554 714041 4487 728959
144400 4556 714603 4492 729397
144500 4558 715201 4496 729799
144600 4562 715665 4502 730335
144700 4563 716070 4504 730930
144800 4564 716498 4506 731502
144900 4568 717047 4508 731953
145000 4572 717521 4509 732479
145100 4573 717948 4510 733052
145200 4577 718500 4510 733500
145300 4583 719054 4512 733946
145400 4585 719530 4516 734470
145500 4590 719976 4520 735024
145600 4590 720424 4520 735576
145700 4594 720913 4527 736087
145800 4595 721406 4529 736594
145900 4596 721797 4532 737203
146000 4598 722195 4536 737805
146100 4603 722652 4540 738348
146200 4611 723208 4547 738792
146300 4613 723738 4549 739262
146400 4616 724141 4550 739859
146500 4619 724611 4553 740389
146600 4620 725086 4554 740914
146700 4623 725603 4556 741397
146800 4623 726232 4561 741768
146900 4625 726704 4561 742296
147000 4627 727165 4564 742835
147100 4632 727784 4569 743216
147200 4634 728429 4572 743571
147300 4640 729052 4576 743948
147400 4643 729597 4577 744403
147500 4648 730105 4580 744895
147600 4652 730613 4584 745387
147700 4654 731181 4585 745819
147800 4660 731747 4590 746253
147900 4665 732143 4592 746857
148000 4669 732840 4596 747160
148100 4675 733381 4601 747619
148200 4676 733953 4605 748047
148300 4679 734461 4608 748539
148400 4679 734929 4610 749071
148500 4683 735385 4611 749615
148600 4687 735874 4614 750126
148700 4689 736319 4615 750681
148800 4691 736937 4615 751063
148900 4695 737494 4620 751506
149000 4700 738137 4622 751863
149100 4706 738640 4624 752360
149200 4713 739144 4631 752856
149300 4713 739704 4634 753296
149400 4717 740295 4637 753705
149500 4718 740794 4637 754206
149600 4718 741271 4641 754729
149700 4723 741679 4643 755321
149800 4726 742079 4644 755921
149900 4731 742506 4652 756494
150000 4731 742964 4656 757036
150100 4733 743406 4662 757594
150200 4737 743854 4670 758146
150300 4739 744315 4670 758685
150400 4740 744808 4673 759192
150500 4744 745142 4673 759858
150600 4746 745661 4676 760339
150700 4748 746262 4677 760738
150800 4749 746705 4678 761295
150900 4752 747151 4681 761849
151000 4756 747612 4683 762388
151100 4758 748035 4684 762965
151200 4758 748612 4689 763388
151300 4761 749187 4693 763813
151400 4764 749704 4697 764296
151500 4769 750227 4698 764773
151600 4772 750729 4698 765271
151700 4772 751222 4701 765778
151800 4774 751707 4703 766293
151900 4776 752181 4706 766819
152000 4781 752626 4708 767374
152100 4784 753221 4709 767779
152200 4785 753839 4714 768161
152300 4788 754133 4718 768867
152400 4796 754606 4722 769394
152500 4803 755022 4725 769978
152600 4806 755476 4730 770524
152700 4813 756030 4730 770970
152800 4816 756485 4731 771515
152900 4818 756998 4731 772002
153000 4821 757566 4735 772434
153100 4822 758055 4735 772945
153200 4824 758550 4740 773450
153300 4832 759091 4743 773909
153400 4836 759617 4748 774383
153500 4839 760054 4751 774946
153600 4840 760538 4755 775462
153700 4841 760985 4759 776015
153800 4843 761476 4760 776524
153900 4849 762011 4762 776989
154000 4850 762520 4770 777480
154100 4853 763058 4772 777942
154200 4855 763652 4773 778348
154300 4856 764033 4774 778967
154400 4858 764533 4775 779467
154500 4858 765007 4775 779993
154600 4861 765457 4776 780543
154700 4864 765956 4780 781044
154800 4868 766464 4786 781536
154900 4869 766966 4792 782034
155000 4871 767367 4796 782633
155100 4873 767791 4801 783209
155200 4878 768271 4803 783729
155300 4879 768602 4806 784398
155400 4881 768982 4813 785018
155500 4883 769494 4816 785506
155600 4886 770010 4820 785990
155700 4889 770526 4822 786474
155800 4890 771037 4823 786963
155900 4891 771636 4824 787364
156000 4894 772186 4825 787814
156100 4895 772635 4825 788365
156200 4897 773028 4825 788972
156300 4901 773534 4828 789466
156400 4903 774059 4831 789941
156500 4905 774667 4833 790333
156600 4909 775269 4836 790731
156700 4913 775778 4839 791222
156800 4915 776298 4842 791702
156900 4917 776808 4843 792192
157000 4919 777298 4845 792702
157100 4921 777746 4848 793254
157200 4924 778196 4852 793804
157300 4925 778691 4854 794309
157400 4925 779151 4861 794849
157500 4931 779708 4867 795292
157600 4938 780143 4869 795857
157700 4938 780595 4873 796405
157800 4938 781061 4875 796939
157900 4943 781561 4878 797439
158000 4946 782012 4881 797988
158100 4948 782385 4883 798615
158200 4949 782875 4884 799125
158300 4953 783301 4885 799699
158400 4955 783892 4886 800108
158500 4960 784472 4887 800528
158600 4963 785017 4890 800983
158700 4968 785603 4895 801397
158800 4969 786150 4899 801850
158900 4970 786688 4899 802312
159000 4972 787246 4899 802754
159100 4974 787661 4902 803339
159200 4975 788016 4904 803984
159300 4980 788595 4906 804405
159400 4982 789157 4908 804843
159500 4986 789660 4911 805340
159600 4987 790115 4913 805885
159700 4988 790668 4913 806332
159800 4990 791179 4914 806821
159900 4992 791682 4917 807318
160000 4994 792102 4921 807898
160100 5000 792576 4925 808424
160200 5007 793099 4926 808901
160300 5008 793625 4931 809375
160400 5013 793978 4931 810022
160500 5017 794379 4931 810621
160600 5023 795059 4934 810941
160700 5027 795544 4940 811456
160800 5028 795986 4948 812014
160900 5033 796393 4951 812607
161000 5034 796956 4954 813044
161100 5036 797462 4958 813538
161200 5037 798015 4961 813985
161300 5045 798499 4965 814501
161400 5049 798896 4972 815104
161500 5058 799243 4977 815757
161600 5060 799621 4980 816379
161700 5062 800099 4984 816901
161800 5066 800515 4985 817485
161900 5067 800947 4988 818053
162000 5070 801392 4995 818608
162100 5075 801817 4995 819183
162200 5080 802294 5002 819706
162300 5082 802714 5003 820286
162400 5083 803158 5005 820842
162500 5087 803621 5011 821379
162600 5093 804122 5017 821878
162700 5095 804566 5023 822434
162800 5096 805059 5027 822941
162900 5102 805583 5033 823417
163000 5104 806082 5036 823918
163100 5105 806674 5038 824326
163200 5106 807094 5040 824906
163300 5107 807611 5042 825389
163400 5110 808115 5046 825885
163500 5113 808583 5048 826417
163600 5118 809046 5051 826954
163700 5119 809548 5053 827452
163800 5120 810027 5054 827973
163900 5122 810475 5054 828525
164000 5124 811021 5054 828979
164100 5126 811492 5056 829508
164200 5128 811855 5059 830145
164300 5132 812208 5060 830792
164400 5135 812558 5061 831442
164500 5135 812999 5064 832001
164600 5135 813427 5065 832573
164700 5135 813954 5067 833046
164800 5137 814454 5071 833546
164900 5141 815057 5072 833943
165000 5143 815576 5075 834424
165100 5149 816021 5077 834979
165200 5153 816518 5078 835482
165300 5157 817013 5083 835987
165400 5159 817528 5087 836472
165500 5162 817934 5091 837066
165600 5163 818485 5098 837515
165700 5168 819004 5101 837996
165800 5169 819606 5101 838394
165900 5173 820119 5102 838881
166000 5183 820726 5103 839274
166100 5188 821229 5106 839771
166200 5190 821786 5107 840214
166300 5195 822229 5107 840771
166400 5201 822565 5109 841435
166500 5201 823054 5110 841946
166600 5203 823455 5113 842545
166700 5206 823849 5118 843151
166800 5210 824290 5124 843710
166900 5211 824866 5127 844134
167000 5212 825365 5129 844635
167100 5213 825929 5131 845071
167200 5216 826485 5134 845515
167300 5218 827044 5136 845956
167400 5219 827492 5138 846508
167500 5221 828091 5140 846909
167600 5223 828680 5142 847320
167700 5223 829199 5145 847801
167800 5225 829701 5148 848299
167900 5227 830282 5151 848718
168000 5230 830890 5153 849110
168100 5233 831422 5157 849578
168200 5236 831887 5159 850113
168300 5241 832196 5163 850804
168400 5241 832609 5164 851391
168500 5245 833084 5164 851916
168600 5251 833583 5169 852417
168700 5252 834068 5172 852932
168800 5258 834626 5173 853374
168900 5262 835131 5174 853869
169000 5263 835679 5176 854321
169100 5266 836116 5180 854884
169200 5268 836520 5180 855480
169300 5274 836941 5184 856059
169400 5281 837374 5193 856626
169500 5281 837758 5198 857242
169600 5283 838175 5201 857825
169700 5285 838647 5203 858353
169800 5287 839125 5205 858875
169900 5291 839472 5209 859528
170000 5293 839981 5210 860019
170100 5293 840463 5215 860537
170200 5295 840869 5218 861131
170300 5297 841373 5220 861627
170400 5299 841911 5222 862089
170500 5299 842432 5222 862568
170600 5304 842890 5224 863110
170700 5309 843493 5227 863507
170800 5310 843916 5229 864084
170900 5311 844486 5229 864514
171000 5312 845029 5229 864971
171100 5314 845617 5231 865383
171200 5316 846166 5237 865834
171300 5318 846599 5237 866401
171400 5321 847158 5239 866842
171500 5324 847691 5241 867309
171600 5327 848192 5243 867808
171700 5329 848648 5246 868352
171800 5329 849122 5246 868878
171900 5329 849664 5247 869336
172000 5330 850091 5248 869909
172100 5332 850600 5250 870400
172200 5337 851133 5253 870867
172300 5341 851574 5258 871426
172400 5341 852058 5261 871942
172500 5347 852536 5264 872464
172600 5353 852963 5266 873037
172700 5354 853603 5266 873397
172800 5357 854161 5268 873839
172900 5360 854663 5269 874337
173000 5360 855157 5272 874843
173100 5364 855620 5272 875380
173200 5369 856201 5277 875799
173300 5376 856813 5283 876187
173400 5378 857440 5287 876560
173500 5380 858003 5296 876997
173600 5386 858511 5303 877489
173700 5386 859006 5306 877994
173800 5388 859519 5312 878481
173900 5393 860070 5315 878930
174000 5397 860640 5316 879360
174100 5399 861122 5319 879878
174200 5401 861531 5325 880469
174300 5402 861960 5327 881040
174400 5405 862433 5328 881567
174500 5406 862846 5328 882154
174600 5409 863320 5331 882680
174700 5410 863915 5334 883085
174800 5416 864468 5337 883532
174900 5417 865092 5341 883908
175000 5420 865678 5348 884322
175100 5426 866260 5351 884740
175200 5429 866936 5354 885064
175300 5432 867536 5355 885464
175400 5436 868151 5358 885849
175500 5439 868773 5362 886227
175600 5441 869353 5363 886647
175700 5443 869903 5363 887097
175800 5445 870340 5366 887660
175900 5447 870759 5370 888241
176000 5452 871336 5371 888664
176100 5454 871819 5371 889181
176200 5460 872240 5372 889760
176300 5464 872775 5374 890225
176400 5466 873256 5376 890744
176500 5469 873739 5379 891261
176600 5477 874192 5381 891808
176700 5480 874742 5385 892258
176800 5482 875157 5388 892843
176900 5485 875765 5390 893235
177000 5487 876199 5392 893801
177100 5490 876656 5395 894344
177200 5493 876934 5398 895066
177300 5496 877415 5399 895585
177400 5501 877936 5405 896064
177500 5503 878403 5409 896597
177600 5508 878864 5413 897136
177700 5510 879356 5415 897644
177800 5510 879779 5421 898221
177900 5517 880180 5426 898820
178000 5522 880745 5427 899255
178100 5522 881264 5427 899736
178200 5524 881652 5433 900348
178300 5529 882046 5439 900954
178400 5532 882705 5439 901295
178500 5535 883242 5441 901758
178600 5537 883749 5448 902251
178700 5539 884235 5453 902765
178800 5540 884789 5454 903211
178900 5542 885190 5457 903810
179000 5545 885758 5457 904242
179100 5547 886279 5461 904721
179200 5551 886858 5465 905142
179300 5551 887370 5468 905630
179400 5552 887847 5468 906153
179500 5552 888371 5473 906629
179600 5554 889001 5475 906999
179700 5555 889548 5479 907452
179800 5558 890080 5482 907920
179900 5561 890619 5485 908381
180000 5564 891122 5487 908878
180100 5567 891621 5493 909379
180200 5569 892148 5496 909852
180300 5573 892739 5498 910261
180400 5574 893281 5499 910719
180500 5577 893796 5501 911204
180600 5582 894215 5507 911785
180700 5585 894671 5508 912329
180800 5589 895107 5512 912893
180900 5591 895743 5516 913257
181000 5593 896215 5517 913785
181100 5595 896851 5518 914149
181200 5603 897353 5523 914647
181300 5608 897898 5526 915102
181400 5610 898365 5526 915635
181500 5610 898911 5527 916089
181600 5612 899403 5529 916597
181700 5615 899879 5533 917121
181800 5615 900314 5537 917686
181900 5618 900768 5538 918232
182000 5620 901291 5541 918709
182100 5624 901824 5544 919176
182200 5627 902265 5547 919735
182300 5630 902772 5549 920228
182400 5631 903405 5550 920595
182500 5632 903982 5556 921018
182600 5634 904528 5557 921472
182700 5636 905064 5558 921936
182800 5636 905581 5559 922419
182900 5638 906023 5559 922977
183000 5641 906484 5561 923516
183100 5645 906999 5565 924001
183200 5645 907609 5566 924391
183300 5649 908148 5566 924852
183400 5651 908596 5569 925404
183500 5656 909032 5571 925968
183600 5659 909508 5574 926492
183700 5662 909994 5577 927006
183800 5665 910543 5579 927457
183900 5666 911103 5580 927897
184000 5668 911730 5585 928270
184100 5669 912255 5585 928745
184200 5672 912708 5587 929292
184300 5674 913252 5588 929748
184400 5676 913680 5589 930320
184500 5678 914165 5590 930835
184600 5681 914694 5591 931306
184700 5685 915243 5593 931757
184800 5691 915729 5596 932271
184900 5696 916226 5598 932774
185000 5700 916724 5602 933276
185100 5702 917130 5602 933870
185200 5703 917421 5604 934579
185300 5705 917835 5606 935165
185400 5706 918378 5606 935622
185500 5711 918991 5609 936009
185600 5713 919563 5612 936437
185700 5714 919982 5612 937018
185800 5718 920450 5614 937550
185900 5719 920866 5615 938134
186000 5722 921252 5620 938748
186100 5726 921732 5621 939268
186200 5732 922166 5621 939834
186300 5738 922730 5624 940270
186400 5741 923247 5626 940753
186500 5745 923769 5626 941231
186600 5748 924255 5628 941745
186700 5749 924733 5628 942267
186800 5750 925200 5631 942800
186900 5750 925640 5633 943360
187000 5755 926087 5634 943913
187100 5756 926655 5635 944345
187200 5759 927145 5639 944855
187300 5762 927621 5645 945379
187400 5763 928249 5651 945751
187500 5769 928866 5654 946134
187600 5772 929337 5658 946663
187700 5775 929719 5663 947281
187800 5778 930305 5665 947695
187900 5778 930819 5666 948181
188000 5783 931228 5668 948772
188100 5783 931497 5671 949503
188200 5784 932008 5674 949992
188300 5786 932386 5674 950614
188400 5788 932894 5678 951106
188500 5793 933501 5681 951499
188600 5796 934039 5682 951961
188700 5801 934553 5683 952447
188800 5806 935010 5689 952990
188900 5810 935453 5701 953547
189000 5816 935881 5706 954119
189100 5820 936298 5711 954702
189200 5823 936683 5716 955317
189300 5823 937114 5717 955886
189400 5830 937521 5721 956479
189500 5838 937981 5725 957019
189600 5840 938477 5728 957523
189700 5846 939001 5733 957999
189800 5850 939442 5736 958558
189900 5851 939905 5738 959095
190000 5853 940473 5740 959527
190100 5855 940967 5742 960033
190200 5857 941366 5746 960634
190300 5859 941975 5748 961025
190400 5863 942558 5750 961442
190500 5867 943072 5754 961928
190600 5868 943716 5754 962284
190700 5869 944164 5757 962836
190800 5872 944654 5758 963346
190900 5874 945105 5758 963895
191000 5875 945607 5760 964393
191100 5876 946018 5762 964982
191200 5882 946467 5764 965533
191300 5883 947004 5767 965996
191400 5886 947406 5768 966594
191500 5889 947922 5771 967078
191600 5893 948281 5772 967719
191700 5895 948786 5774 968214
191800 5897 949157 5776 968843
191900 5900 949554 5779 969446
192000 5901 950049 5780 969951
192100 5905 950566 5783 970434
192200 5906 951026 5786 970974
192300 5910 951516 5793 971484
192400 5911 951953 5794 972047
192500 5913 952359 5795 972641
192600 5916 952776 5798 973224
192700 5916 953184 5802 973816
192800 5921 953598 5803 974402
192900 5928 954230 5806 974770
193000 5929 954625 5809 975375
193100 5932 955195 5810 975805
193200 5937 955702 5813 976298
193300 5940 956178 5816 976822
193400 5941 956730 5817 977270
193500 5943 957222 5819 977778
193600 5948 957741 5820 978259
193700 5950 958244 5821 978756
193800 5950 958801 5822 979199
193900 5951 959338 5824 979662
194000 5954 960012 5829 979988
194100 5959 960554 5834 980446
194200 5962 960976 5838 981024
194300 5963 961546 5842 981454
194400 5965 962089 5845 981911
194500 5975 962623 5849 982377
194600 5976 963263 5852 982737
194700 5981 963895 5855 983105
194800 5984 964444 5859 983556
194900 5991 964952 5863 984048
195000 5993 965518 5868 984482
195100 5993 966074 5872 984926
195200 5995 966585 5874 985415
195300 6005 967055 5879 985945
195400 6009 967493 5880 986507
195500 6009 968053 5884 986947
195600 6013 968529 5887 987471
195700 6014 968993 5892 988007
195800 6018 969632 5893 988368
195900 6019 970193 5896 988807
196000 6020 970835 5897 989165
196100 6022 971248 5897 989752
196200 6026 971699 5898 990301
196300 6029 972219 5902 990781
196400 6031 972655 5904 991345
196500 6035 973058 5904 991942
196600 6037 973509 5908 992491
196700 6041 973926 5911 993074
196800 6043 974436 5913 993564
196900 6045 974961 5915 994039
197000 6046 975539 5918 994461
197100 6047 976075 5920 994925
197200 6052 976558 5923 995442
197300 6052 976988 5924 996012
197400 6056 977514 5925 996486
197500 6058 978040 5927 996960
197600 6058 978519 5930 997481
197700 6058 978977 5931 998023
197800 6064 979450 5935 998550
197900 6069 979948 5943 999052
198000 6073 980485 5949 999515
198100 6079 981024 5951 999976
198200 6083 981637 5952 1000363
198300 6086 982161 5962 1000839
198400 6093 982651 5967 1001349
198500 6094 983107 5968 1001893
198600 6097 983769 5971 1002231
198700 6099 984287 5972 1002713
198800 6101 984725 5977 1003275
198900 6102 985241 5979 1003759
199000 6105 985758 5981 1004242
199100 6110 986222 5989 1004778
199200 6114 986768 5992 1005232
199300 6118 987254 5994 1005746
199400 6120 987751 5996 1006249
199500 6124 988255 6001 1006745
199600 6125 988765 6005 1007235
199700 6129 989196 6008 1007804
199800 6132 989704 6009 1008296
199900 6133 990326 6012 1008674
200000 6134 990710 6014 1009290
