#! FIELDS timestep dup_succ dup_attempts kill_succ kill_attempts
#! SET timestep 0.5
#! SET kernel_bandwidth [0.2 0.2]
#! SET kt 1.0
100 108 332 115 668
200 194 707 246 1293
300 297 999 359 2001
400 408 1404 464 2596
500 493 1822 561 3178
600 545 2330 607 3670
700 573 2805 640 4195
800 610 3311 675 4689
900 646 3776 700 5224
1000 675 4230 719 5770
1100 694 4753 737 6247
1200 716 5283 761 6717
1300 732 5814 776 7186
1400 753 6346 791 7654
1500 781 6882 818 8118
1600 800 7377 843 8623
1700 814 7885 865 9115
1800 835 8370 891 9630
1900 861 8863 922 10137
2000 882 9381 943 10619
2100 905 9940 952 11060
2200 926 10456 979 11544
2300 942 10941 998 12059
2400 962 11437 1017 12563
2500 983 11923 1040 13077
2600 1014 12434 1064 13566
2700 1036 12937 1090 14063
2800 1055 13443 1109 14557
2900 1075 13927 1128 15073
3000 1093 14383 1144 15617
3100 1125 14901 1166 16099
3200 1151 15419 1189 16581
3300 1165 15916 1216 17084
3400 1186 16356 1240 17644
3500 1213 16832 1265 18168
3600 1235 17335 1284 18665
3700 1255 17835 1312 19165
3800 1272 18343 1329 19657
3900 1292 18859 1352 20141
4000 1318 19362 1366 20638
4100 1337 19899 1399 21101
4200 1361 20400 1421 21600
4300 1388 20883 1441 22117
4400 1411 21402 1458 22598
4500 1428 21927 1468 23073
4600 1452 22400 1486 23600
4700 1471 22903 1505 24097
4800 1501 23426 1530 24574
4900 1528 23923 1555 25077
5000 1548 24422 1582 25578
5100 1575 24914 1603 26086
5200 1594 25435 1621 26565
5300 1616 25926 1649 27074
5400 1635 26436 1677 27564
5500 1656 26914 1703 28086
5600 1680 27397 1732 28603
5700 1709 27898 1762 29102
5800 1731 28397 1794 29603
5900 1759 28901 1816 30099
6000 1780 29384 1842 30616
6100 1797 29974 1867 31026
6200 1821 30478 1892 31522
6300 1842 30972 1908 32028
6400 1862 31443 1932 32557
6500 1888 31912 1952 33088
6600 1907 32455 1974 33545
6700 1933 32945 1998 34055
6800 1955 33449 2019 34551
6900 1965 33939 2037 35061
7000 1986 34405 2056 35595
7100 2002 34896 2070 36104
7200 2013 35372 2084 36628
7300 2035 35872 2106 37128
7400 2056 36320 2125 37680
7500 2078 36837 2147 38163
7600 2098 37333 2169 38667
7700 2110 37785 2196 39215
7800 2136 38231 2220 39769
7900 2155 38739 2255 40261
8000 2175 39281 2279 40719
8100 2197 39810 2303 41190
8200 2228 40287 2321 41713
8300 2249 40787 2342 42213
8400 2271 41300 2372 42700
8500 2298 41783 2395 43217
8600 2326 42328 2401 43672
8700 2347 42846 2419 44154
8800 2364 43302 2451 44698
8900 2388 43760 2475 45240
9000 2408 44258 2502 45742
9100 2426 44748 2519 46252
9200 2444 45248 2535 46752
9300 2475 45703 2559 47297
9400 2495 46247 2580 47753
9500 2515 46748 2601 48252
9600 2541 47188 2626 48812
9700 2569 47664 2646 49336
9800 2592 48118 2664 49882
9900 2613 48571 2692 50429
10000 2641 49114 2722 50886
10100 2665 49671 2743 51329
10200 2684 50233 2772 51767
10300 2704 50775 2791 52225
10400 2729 51265 2815 52735
10500 2751 51768 2841 53232
10600 2780 52275 2863 53725
10700 2811 52735 2887 54265
10800 2825 53232 2925 54768
10900 2848 53746 2948 55254
11000 2871 54284 2975 55716
11100 2901 54773 2999 56227
11200 2925 55276 3016 56724
11300 2951 55815 3035 57185
11400 2984 56381 3052 57619
11500 3006 56946 3071 58054
11600 3030 57490 3090 58510
11700 3053 58002 3117 58998
11800 3083 58554 3149 59446
11900 3101 59097 3172 59903
12000 3118 59617 3195 60383
12100 3140 60112 3220 60888
12200 3160 60546 3248 61454
12300 3175 61075 3269 61925
12400 3207 61590 3285 62410
12500 3228 62086 3310 62914
12600 3250 62653 3330 63347
12700 3277 63159 3359 63841
12800 3299 63675 3389 64325
12900 3327 64145 3418 64855
13000 3339 64684 3443 65316
13100 3355 65161 3463 65839
13200 3378 65651 3484 66349
13300 3399 66190 3502 66810
13400 3419 66727 3539 67273
13500 3436 67248 3564 67752
13600 3453 67785 3588 68215
13700 3479 68255 3613 68745
13800 3507 68779 3637 69221
13900 3531 69229 3659 69771
14000 3554 69671 3679 70329
14100 3577 70163 3707 70837
14200 3602 70677 3729 71323
14300 3617 71155 3754 71845
14400 3653 71652 3784 72348
14500 3675 72141 3820 72859
14600 3697 72695 3839 73305
14700 3716 73222 3857 73778
14800 3736 73684 3883 74316
14900 3763 74176 3905 74824
15000 3789 74690 3929 75310
15100 3807 75200 3951 75800
15200 3831 75676 3979 76324
15300 3850 76151 3997 76849
15400 3876 76639 4024 77361
15500 3900 77121 4047 77879
15600 3914 77638 4065 78362
15700 3935 78109 4087 78891
15800 3964 78617 4106 79383
15900 3978 79059 4127 79941
16000 3997 79498 4147 80502
16100 4021 79998 4177 81002
16200 4039 80526 4201 81474
16300 4061 80999 4225 82001
16400 4078 81486 4242 82514
16500 4097 81952 4265 83048
16600 4122 82445 4288 83555
16700 4143 82935 4303 84065
16800 4163 83468 4334 84532
16900 4185 83977 4362 85023
17000 4212 84487 4384 85513
17100 4233 84963 4402 86037
17200 4254 85468 4420 86532
17300 4271 85965 4445 87035
17400 4287 86448 4473 87552
17500 4310 86943 4497 88057
17600 4332 87378 4515 88622
17700 4351 87905 4534 89095
17800 4370 88421 4553 89579
17900 4393 88975 4576 90025
18000 4420 89509 4599 90491
18100 4439 90046 4628 90954
18200 4463 90521 4651 91479
18300 4485 91037 4669 91963
18400 4508 91520 4688 92480
18500 4531 92076 4713 92924
18600 4556 92607 4739 93393
18700 4574 93146 4763 93854
18800 4584 93652 4773 94348
18900 4605 94190 4795 94810
19000 4626 94682 4829 95318
19100 4648 95197 4858 95803
19200 4668 95680 4870 96320
19300 4682 96171 4894 96829
19400 4705 96654 4911 97346
19500 4727 97145 4939 97855
19600 4752 97707 4957 98293
19700 4777 98240 4984 98760
19800 4812 98727 5008 99273
19900 4832 99190 5026 99810
20000 4851 99677 5053 100323
20100 4881 100189 5079 100811
20200 4900 100669 5096 101331
20300 4920 101076 5121 101924
20400 4939 101600 5137 102400
20500 4955 102164 5159 102836
20600 4972 102666 5190 103334
20700 5007 103166 5208 103834
20800 5026 103640 5234 104360
20900 5042 104094 5255 104906
21000 5060 104568 5274 105432
21100 5082 105015 5301 105985
21200 5108 105532 5321 106468
21300 5131 105990 5347 107010
21400 5149 106454 5372 107546
21500 5174 106932 5400 108068
21600 5193 107427 5423 108573
21700 5214 107924 5446 109076
21800 5233 108405 5470 109595
21900 5257 108965 5499 110035
22000 5272 109452 5520 110548
22100 5295 109947 5549 111053
22200 5316 110441 5565 111559
22300 5338 110974 5584 112026
22400 5361 111424 5612 112576
22500 5380 111944 5631 113056
22600 5405 112443 5657 113557
22700 5434 112914 5682 114086
22800 5454 113420 5699 114580
22900 5480 113940 5720 115060
23000 5509 114437 5746 115563
23100 5527 114899 5767 116101
23200 5545 115378 5789 116622
23300 5566 115887 5806 117113
23400 5583 116402 5820 117598
23500 5598 116893 5838 118107
23600 5618 117343 5859 118657
23700 5644 117842 5882 119158
23800 5672 118342 5913 119658
23900 5690 118860 5936 120140
24000 5713 119341 5956 120659
24100 5738 119856 5979 121144
24200 5765 120276 5999 121724
24300 5783 120727 6022 122273
24400 5806 121177 6050 122823
24500 5830 121700 6074 123300
24600 5851 122241 6096 123759
24700 5878 122773 6114 124227
24800 5902 123272 6130 124728
24900 5922 123805 6143 125195
25000 5951 124344 6178 125656
25100 5975 124843 6195 126157
25200 5991 125375 6219 126625
25300 6009 125898 6234 127102
25400 6029 126359 6257 127641
25500 6046 126827 6273 128173
25600 6062 127376 6293 128624
25700 6086 127888 6318 129112
25800 6103 128404 6338 129596
25900 6125 128907 6365 130093
26000 6155 129375 6392 130625
26100 6177 129902 6416 131098
26200 6192 130389 6433 131611
26300 6219 130902 6466 132098
26400 6239 131399 6492 132601
26500 6254 131887 6508 133113
26600 6280 132350 6529 133650
26700 6311 132851 6554 134149
26800 6328 133359 6577 134641
26900 6352 133891 6605 135109
27000 6377 134386 6630 135614
27100 6396 134868 6651 136132
27200 6413 135343 6680 136657
27300 6433 135839 6702 137161
27400 6456 136344 6727 137656
27500 6471 136865 6750 138135
27600 6492 137416 6783 138584
27700 6519 137907 6805 139093
27800 6543 138417 6840 139583
27900 6568 138987 6873 140013
28000 6587 139534 6883 140466
28100 6603 140084 6906 140916
28200 6623 140599 6928 141401
28300 6647 141091 6953 141909
28400 6675 141573 6976 142427
28500 6699 142021 6997 142979
28600 6724 142564 7020 143436
28700 6757 143079 7039 143921
28800 6770 143589 7057 144411
28900 6791 144079 7083 144921
29000 6808 144580 7100 145420
29100 6826 145082 7125 145918
29200 6846 145546 7153 146454
29300 6862 146052 7173 146948
29400 6886 146587 7190 147413
29500 6910 147103 7212 147897
29600 6931 147645 7226 148355
29700 6943 148158 7250 148842
29800 6964 148641 7274 149359
29900 6987 149131 7290 149869
30000 7010 149632 7311 150368
30100 7034 150164 7336 150836
30200 7054 150740 7360 151260
30300 7071 151251 7384 151749
30400 7096 151828 7407 152172
30500 7126 152272 7421 152728
30600 7155 152750 7442 153250
30700 7176 153246 7467 153754
30800 7186 153743 7489 154257
30900 7206 154272 7511 154728
31000 7242 154768 7543 155232
31100 7267 155305 7569 155695
31200 7298 155786 7585 156214
31300 7325 156317 7608 156683
31400 7354 156842 7628 157158
31500 7379 157304 7657 157696
31600 7403 157835 7682 158165
31700 7425 158280 7705 158720
31800 7445 158814 7725 159186
31900 7464 159350 7752 159650
32000 7481 159845 7783 160155
32100 7508 160348 7807 160652
32200 7534 160865 7823 161135
32300 7559 161348 7847 161652
32400 7581 161859 7871 162141
32500 7607 162350 7886 162650
32600 7637 162844 7912 163156
32700 7654 163362 7924 163638
32800 7689 163889 7956 164111
32900 7715 164374 7979 164626
33000 7729 164881 8000 165119
33100 7753 165414 8018 165586
33200 7789 165922 8054 166078
33300 7813 166445 8080 166555
33400 7850 166951 8104 167049
33500 7863 167453 8125 167547
33600 7889 167965 8156 168035
33700 7906 168455 8169 168545
33800 7936 168997 8196 169003
33900 7954 169461 8220 169539
34000 7980 169980 8244 170020
34100 8009 170459 8263 170541
34200 8027 170953 8288 171047
34300 8051 171484 8306 171516
34400 8083 171986 8330 172014
34500 8112 172453 8354 172547
34600 8135 172957 8380 173043
34700 8154 173450 8395 173550
34800 8171 173982 8417 174018
34900 8186 174483 8434 174517
35000 8207 174994 8458 175006
35100 8231 175500 8484 175500
35200 8262 176002 8510 175998
35300 8283 176457 8524 176543
35400 8299 176991 8545 177009
35500 8322 177475 8566 177525
35600 8336 177965 8582 178035
35700 8364 178451 8611 178549
35800 8388 178921 8641 179079
35900 8409 179386 8660 179614
36000 8427 179884 8690 180116
36100 8446 180406 8714 180594
36200 8468 180911 8734 181089
36300 8481 181334 8754 181666
36400 8502 181800 8775 182200
36500 8527 182292 8793 182708
36600 8545 182793 8817 183207
36700 8570 183244 8838 183756
36800 8591 183730 8858 184270
36900 8620 184204 8881 184796
37000 8645 184748 8905 185252
37100 8669 185215 8924 185785
37200 8689 185756 8951 186244
37300 8702 186200 8972 186800
37400 8723 186672 8988 187328
37500 8750 187182 9010 187818
37600 8770 187692 9039 188308
37700 8789 188152 9057 188848
37800 8813 188661 9085 189339
37900 8834 189244 9108 189756
38000 8868 189801 9127 190199
38100 8888 190346 9147 190654
38200 8913 190916 9176 191084
38300 8934 191391 9190 191609
38400 8964 191959 9214 192041
38500 8979 192465 9233 192535
38600 9008 192952 9252 193048
38700 9030 193468 9269 193532
38800 9059 193988 9296 194012
38900 9083 194500 9326 194500
39000 9102 195049 9357 194951
39100 9119 195569 9375 195431
39200 9137 196044 9398 195956
39300 9165 196535 9414 196465
39400 9194 197042 9442 196958
39500 9214 197529 9463 197471
39600 9232 198095 9481 197905
39700 9251 198568 9502 198432
39800 9271 199111 9525 198889
39900 9292 199637 9558 199363
40000 9304 200098 9579 199902
40100 9327 200578 9606 200422
40200 9350 201087 9629 200913
40300 9371 201649 9639 201351
40400 9391 202117 9669 201883
40500 9412 202634 9694 202366
40600 9437 203112 9718 202888
40700 9460 203648 9746 203352
40800 9481 204110 9768 203890
40900 9497 204525 9793 204475
41000 9532 205032 9811 204968
41100 9555 205605 9827 205395
41200 9590 206118 9863 205882
41300 9612 206648 9896 206352
41400 9632 207142 9914 206858
41500 9653 207589 9943 207411
41600 9678 208127 9969 207873
41700 9706 208628 9995 208372
41800 9725 209073 10014 208927
41900 9750 209509 10041 209491
42000 9773 210025 10065 209975
42100 9796 210491 10085 210509
42200 9824 210958 10105 211042
42300 9850 211466 10129 211534
42400 9872 211992 10152 212008
42500 9898 212484 10178 212516
42600 9919 213012 10201 212988
42700 9940 213534 10227 213466
42800 9959 214112 10245 213888
42900 9978 214585 10264 214415
43000 10008 215086 10289 214914
43100 10043 215595 10310 215405
43200 10068 216060 10328 215940
43300 10085 216536 10353 216464
43400 10107 217046 10381 216954
43500 10136 217508 10406 217492
43600 10163 218020 10417 217980
43700 10191 218536 10437 218464
43800 10217 219018 10455 218982
43900 10247 219514 10477 219486
44000 10266 219954 10498 220046
44100 10288 220440 10529 220560
44200 10304 220884 10554 221116
44300 10328 221362 10581 221638
44400 10356 221861 10604 222139
44500 10368 222332 10622 222668
44600 10395 222837 10643 223163
44700 10423 223265 10658 223735
44800 10444 223786 10676 224214
44900 10470 224302 10695 224698
45000 10490 224833 10712 225167
45100 10516 225360 10732 225640
45200 10534 225825 10745 226175
45300 10562 226335 10776 226665
45400 10584 226833 10799 227167
45500 10605 227367 10827 227633
45600 10625 227866 10846 228134
45700 10639 228364 10875 228636
45800 10676 228887 10892 229113
45900 10708 229368 10907 229632
46000 10724 229826 10924 230174
46100 10749 230379 10937 230621
46200 10765 230858 10958 231142
46300 10789 231407 10988 231593
46400 10812 231923 11006 232077
46500 10837 232444 11038 232556
46600 10853 232976 11062 233024
46700 10878 233475 11083 233525
46800 10899 234024 11102 233976
46900 10926 234519 11133 234481
47000 10953 235014 11160 234986
47100 10973 235462 11178 235538
47200 11003 235940 11197 236060
47300 11025 236449 11224 236551
47400 11052 236952 11245 237048
47500 11076 237481 11274 237519
47600 11090 237960 11291 238040
47700 11120 238418 11322 238582
47800 11134 238901 11343 239099
47900 11153 239376 11361 239624
48000 11176 239870 11386 240130
48100 11199 240398 11412 240602
48200 11223 240955 11436 241045
48300 11238 241452 11456 241548
48400 11266 241901 11469 242099
48500 11297 242367 11486 242633
48600 11316 242910 11504 243090
48700 11333 243402 11521 243598
48800 11350 243918 11544 244082
48900 11382 244413 11562 244587
49000 11402 244976 11578 245024
49100 11424 245533 11606 245467
49200 11440 246008 11624 245992
49300 11462 246505 11645 246495
49400 11479 246920 11668 247080
49500 11505 247382 11689 247618
49600 11536 247950 11708 248050
49700 11546 248494 11736 248506
49800 11572 248985 11753 249015
49900 11593 249520 11773 249480
50000 11606 250043 11795 249957
50100 11629 250473 11818 250527
50200 11653 250970 11832 251030
50300 11671 251487 11861 251513
50400 11685 252010 11877 251990
50500 11712 252540 11902 252460
50600 11727 253100 11923 252900
50700 11760 253571 11951 253429
50800 11786 254134 11974 253866
50900 11808 254630 11993 254370
51000 11833 255130 12014 254870
51100 11851 255637 12039 255363
51200 11863 256149 12060 255851
51300 11893 256658 12099 256342
51400 11920 257156 12125 256844
51500 11948 257669 12155 257331
51600 11967 258195 12179 257805
51700 11985 258678 12202 258322
51800 11998 259182 12227 258818
51900 12015 259661 12243 259339
52000 12037 260172 12266 259828
52100 12060 260676 12289 260324
52200 12086 261136 12308 260864
52300 12110 261642 12332 261358
52400 12121 262141 12352 261859
52500 12150 262630 12378 262370
52600 12166 263181 12400 262819
52700 12185 263766 12433 263234
52800 12212 264260 12454 263740
52900 12235 264733 12485 264267
53000 12256 265256 12501 264744
53100 12285 265746 12522 265254
53200 12305 266216 12542 265784
53300 12329 266695 12570 266305
53400 12354 267186 12597 266814
53500 12376 267718 12615 267282
53600 12402 268277 12650 267723
53700 12435 268737 12681 268263
53800 12457 269287 12713 268713
53900 12483 269777 12739 269223
54000 12509 270296 12771 269704
54100 12528 270732 12799 270268
54200 12567 271248 12823 270752
54300 12593 271802 12842 271198
54400 12618 272332 12865 271668
54500 12647 272843 12899 272157
54600 12676 273354 12920 272646
54700 12704 273826 12939 273174
54800 12726 274295 12956 273705
54900 12751 274798 12971 274202
55000 12779 275305 12990 274695
55100 12798 275814 13010 275186
55200 12827 276332 13038 275668
55300 12851 276830 13060 276170
55400 12871 277298 13082 276702
55500 12893 277801 13099 277199
55600 12916 278321 13119 277679
55700 12937 278817 13141 278183
55800 12964 279337 13167 278663
55900 12984 279848 13190 279152
56000 13005 280390 13207 279610
56100 13034 280969 13227 280031
56200 13052 281475 13247 280525
56300 13068 281967 13272 281033
56400 13095 282492 13296 281508
56500 13111 282961 13307 282039
56600 13138 283464 13327 282536
56700 13164 284016 13353 282984
56800 13182 284540 13369 283460
56900 13194 285027 13393 283973
57000 13222 285591 13417 284409
57100 13253 286119 13443 284881
57200 13276 286654 13463 285346
57300 13295 287171 13486 285829
57400 13317 287687 13514 286313
57500 13343 288157 13541 286843
57600 13366 288642 13573 287358
57700 13384 289165 13601 287835
57800 13414 289643 13629 288357
57900 13443 290127 13661 288873
58000 13468 290606 13690 289394
58100 13482 291082 13714 289918
58200 13515 291628 13740 290372
58300 13529 292128 13760 290872
58400 13549 292634 13783 291366
58500 13571 293097 13805 291903
58600 13604 293594 13827 292406
58700 13625 294115 13849 292885
58800 13650 294551 13880 293449
58900 13674 295087 13898 293913
59000 13694 295584 13915 294416
59100 13708 296043 13938 294957
59200 13734 296542 13967 295458
59300 13757 296997 13997 296003
59400 13777 297482 14020 296518
59500 13799 297979 14037 297021
59600 13820 298497 14062 297503
59700 13846 299012 14098 297988
59800 13869 299557 14121 298443
59900 13892 300052 14138 298948
60000 13914 300576 14159 299424
60100 13932 301081 14176 299919
60200 13961 301619 14195 300381
60300 13984 302104 14220 300896
60400 14006 302545 14244 301455
60500 14029 303093 14270 301907
60600 14049 303627 14286 302373
60700 14072 304164 14319 302836
60800 14085 304672 14338 303328
60900 14110 305135 14366 303865
61000 14134 305594 14389 304406
61100 14149 306101 14402 304899
61200 14178 306605 14420 305395
61300 14205 307157 14447 305843
61400 14224 307699 14468 306301
61500 14245 308209 14494 306791
61600 14285 308723 14517 307277
61700 14307 309248 14545 307752
61800 14315 309791 14566 308209
61900 14340 310258 14579 308742
62000 14360 310715 14593 309285
62100 14376 311169 14612 309831
62200 14404 311643 14632 310357
62300 14433 312121 14657 310879
62400 14461 312597 14673 311403
62500 14482 313075 14698 311925
62600 14502 313616 14714 312384
62700 14525 314108 14744 312892
62800 14542 314607 14771 313393
62900 14559 315041 14797 313959
63000 14583 315560 14817 314440
63100 14605 316018 14845 314982
63200 14621 316521 14866 315479
63300 14645 317042 14893 315958
63400 14656 317560 14916 316440
63500 14680 318090 14929 316910
63600 14699 318587 14942 317413
63700 14735 319068 14976 317932
63800 14754 319589 15003 318411
63900 14770 320103 15018 318897
64000 14792 320605 15043 319395
64100 14816 321119 15070 319881
64200 14834 321591 15090 320409
64300 14860 322136 15111 320864
64400 14882 322675 15130 321325
64500 14907 323154 15154 321846
64600 14928 323604 15175 322396
64700 14946 324069 15204 322931
64800 14967 324509 15227 323491
64900 14986 325001 15243 323999
65000 15009 325520 15269 324480
65100 15032 326042 15285 324958
65200 15054 326556 15306 325444
65300 15077 327082 15335 325918
65400 15104 327644 15356 326356
65500 15137 328123 15384 326877
65600 15162 328634 15408 327366
65700 15188 329149 15430 327851
65800 15217 329606 15458 328394
65900 15240 330041 15474 328959
66000 15269 330543 15498 329457
66100 15296 331062 15523 329938
66200 15315 331588 15544 330412
66300 15343 332055 15556 330945
66400 15361 332571 15582 331429
66500 15392 333141 15609 331859
66600 15418 333632 15627 332368
66700 15442 334157 15647 332843
66800 15468 334651 15672 333349
66900 15489 335123 15710 333877
67000 15507 335609 15736 334391
67100 15525 336076 15758 334924
67200 15557 336560 15782 335440
67300 15583 337118 15798 335882
67400 15604 337636 15822 336364
67500 15629 338181 15839 336819
67600 15657 338670 15857 337330
67700 15682 339157 15885 337843
67800 15706 339688 15900 338312
67900 15727 340153 15919 338847
68000 15749 340678 15946 339322
68100 15773 341134 15960 339866
68200 15795 341616 15985 340384
68300 15818 342082 16008 340918
68400 15838 342511 16029 341489
68500 15863 343028 16051 341972
68600 15889 343489 16076 342511
68700 15909 343972 16100 343028
68800 15925 344508 16128 343492
68900 15958 345015 16153 343985
69000 15982 345539 16185 344461
69100 15999 346039 16205 344961
69200 16027 346571 16223 345429
69300 16051 347113 16245 345887
69400 16077 347628 16268 346372
69500 16095 348121 16288 346879
69600 16115 348600 16310 347400
69700 16140 349107 16327 347893
69800 16161 349560 16356 348440
69900 16186 350107 16385 348893
70000 16219 350626 16407 349374
70100 16245 351125 16425 349875
70200 16269 351641 16445 350359
70300 16295 352157 16473 350843
70400 16316 352662 16492 351338
70500 16329 353231 16517 351769
70600 16343 353748 16539 352252
70700 16365 354270 16561 352730
70800 16390 354773 16583 353227
70900 16414 355291 16607 353709
71000 16429 355749 16620 354251
71100 16449 356279 16650 354721
71200 16488 356744 16679 355256
71300 16501 357236 16703 355764
71400 16535 357770 16733 356230
71500 16565 358300 16746 356700
71600 16593 358824 16763 357176
71700 16621 359300 16792 357700
71800 16642 359773 16822 358227
71900 16665 360257 16851 358743
72000 16690 360753 16876 359247
72100 16711 361229 16894 359771
72200 16733 361739 16919 360261
72300 16752 362235 16935 360765
72400 16767 362734 16953 361266
72500 16788 363211 16968 361789
72600 16806 363699 16983 362301
72700 16822 364196 17013 362804
72800 16846 364674 17038 363326
72900 16864 365205 17068 363795
73000 16888 365710 17092 364290
73100 16916 366210 17122 364790
73200 16937 366694 17147 365306
73300 16958 367173 17171 365827
73400 16975 367652 17195 366348
73500 16999 368182 17217 366818
73600 17025 368686 17242 367314
73700 17041 369208 17264 367792
73800 17069 369763 17292 368237
73900 17091 370289 17318 368711
74000 17124 370778 17338 369222
74100 17151 371242 17353 369758
74200 17172 371709 17379 370291
74300 17202 372230 17402 370770
74400 17217 372698 17417 371302
74500 17239 373198 17433 371802
74600 17261 373642 17456 372358
74700 17278 374056 17473 372944
74800 17304 374535 17492 373465
74900 17337 375048 17518 373952
75000 17351 375564 17536 374436
75100 17366 376032 17554 374968
75200 17387 376549 17579 375451
75300 17417 377078 17612 375922
75400 17436 377578 17627 376422
75500 17455 378052 17643 376948
75600 17482 378552 17663 377448
75700 17498 379107 17685 377893
75800 17520 379560 17710 378440
75900 17539 380014 17728 378986
76000 17564 380558 17744 379442
76100 17582 381132 17773 379868
76200 17611 381617 17796 380383
76300 17635 382088 17831 380912
76400 17661 382539 17853 381461
76500 17687 383047 17888 381953
76600 17710 383564 17920 382436
76700 17740 384080 17940 382920
76800 17767 384557 17970 383443
76900 17778 384976 17994 384024
77000 17796 385455 18016 384545
77100 17826 385983 18040 385017
77200 17844 386504 18057 385496
77300 17863 387016 18077 385984
77400 17888 387496 18097 386504
77500 17909 388027 18106 386973
77600 17932 388489 18124 387511
77700 17956 388934 18148 388066
77800 17984 389494 18176 388506
77900 17996 389957 18199 389043
78000 18017 390479 18224 389521
78100 18037 391027 18245 389973
78200 18056 391533 18264 390467
78300 18068 392043 18290 390957
78400 18091 392579 18315 391421
78500 18113 393079 18345 391921
78600 18138 393643 18365 392357
78700 18164 394128 18390 392872
78800 18198 394652 18412 393348
78900 18225 395158 18433 393842
79000 18251 395672 18455 394328
79100 18273 396177 18470 394823
79200 18297 396694 18489 395306
79300 18320 397191 18507 395809
79400 18337 397671 18533 396329
79500 18354 398259 18556 396741
79600 18374 398740 18580 397260
79700 18392 399274 18606 397726
79800 18411 399762 18628 398238
79900 18434 400263 18649 398737
80000 18455 400757 18669 399243
80100 18471 401252 18688 399748
80200 18490 401768 18704 400232
80300 18511 402234 18734 400766
80400 18529 402809 18758 401191
80500 18549 403271 18782 401729
80600 18567 403793 18803 402207
80700 18590 404317 18821 402683
80800 18614 404816 18842 403184
80900 18634 405336 18869 403664
81000 18655 405804 18894 404196
81100 18681 406271 18917 404729
81200 18693 406723 18931 405277
81300 18716 407214 18952 405786
81400 18746 407759 18986 406241
81500 18768 408287 19006 406713
81600 18793 408748 19033 407252
81700 18819 409191 19056 407809
81800 18831 409689 19082 408311
81900 18854 410129 19111 408871
82000 18875 410617 19127 409383
82100 18887 411133 19150 409867
82200 18913 411622 19173 410378
82300 18938 412137 19196 410863
82400 18959 412665 19217 411335
82500 18986 413140 19236 411860
82600 19013 413630 19258 412370
82700 19034 414079 19291 412921
82800 19052 414634 19308 413366
82900 19068 415123 19325 413877
83000 19094 415647 19344 414353
83100 19119 416189 19363 414811
83200 19141 416634 19390 415366
83300 19161 417140 19407 415860
83400 19182 417625 19422 416375
83500 19202 418088 19441 416912
83600 19213 418539 19461 417461
83700 19225 418970 19486 418030
83800 19254 419474 19508 418526
83900 19276 420045 19522 418955
84000 19304 420549 19541 419451
84100 19331 421043 19564 419957
84200 19355 421574 19589 420426
84300 19377 422115 19612 420885
84400 19410 422627 19635 421373
84500 19444 423155 19661 421845
84600 19470 423670 19690 422330
84700 19485 424185 19711 422815
84800 19504 424701 19734 423299
84900 19526 425200 19755 423800
85000 19547 425696 19786 424304
85100 19562 426212 19800 424788
85200 19598 426682 19842 425318
85300 19615 427150 19874 425850
85400 19640 427653 19893 426347
85500 19664 428116 19908 426884
85600 19686 428569 19927 427431
85700 19710 429058 19953 427942
85800 19727 429555 19977 428445
85900 19753 430070 19999 428930
86000 19774 430541 20019 429459
86100 19792 431055 20041 429945
86200 19812 431541 20058 430459
86300 19838 432014 20072 430986
86400 19857 432543 20096 431457
86500 19884 433014 20119 431986
86600 19900 433573 20139 432427
86700 19920 434079 20150 432921
86800 19943 434555 20175 433445
86900 19963 435060 20197 433940
87000 19987 435500 20214 434500
87100 20010 435968 20233 435032
87200 20039 436466 20253 435534
87300 20057 436944 20273 436056
87400 20078 437477 20289 436523
87500 20090 437974 20305 437026
87600 20118 438466 20321 437534
87700 20140 438969 20344 438031
87800 20165 439490 20370 438510
87900 20198 440029 20387 438971
88000 20223 440555 20417 439445
88100 20250 441034 20441 439966
88200 20280 441551 20461 440449
88300 20307 442038 20484 440962
88400 20324 442540 20504 441460
88500 20347 443074 20531 441926
88600 20373 443579 20556 442421
88700 20400 444107 20576 442893
88800 20412 444607 20596 443393
88900 20437 445174 20619 443826
89000 20466 445688 20648 444312
89100 20485 446233 20673 444767
89200 20515 446717 20694 445283
89300 20537 447249 20716 445751
89400 20562 447778 20740 446222
89500 20581 448279 20773 446721
89600 20600 448783 20805 447217
89700 20635 449267 20835 447733
89800 20651 449783 20853 448217
89900 20675 450331 20881 448669
90000 20700 450857 20907 449143
90100 20730 451369 20929 449631
90200 20752 451895 20949 450105
90300 20777 452381 20979 450619
90400 20801 452829 21004 451171
90500 20818 453350 21035 451650
90600 20842 453887 21055 452113
90700 20859 454418 21084 452582
90800 20879 454874 21098 453126
90900 20896 455352 21119 453648
91000 20924 455876 21144 454124
91100 20956 456384 21171 454616
91200 20977 456873 21191 455127
91300 20996 457377 21209 455623
91400 21015 457864 21226 456136
91500 21034 458398 21244 456602
91600 21058 458905 21264 457095
91700 21074 459414 21282 457586
91800 21102 459940 21303 458060
91900 21123 460499 21331 458501
92000 21145 461017 21369 458983
92100 21170 461523 21388 459477
92200 21193 462032 21408 459968
92300 21210 462462 21419 460538
92400 21235 462969 21433 461031
92500 21262 463499 21465 461501
92600 21297 463979 21480 462021
92700 21323 464439 21498 462561
92800 21344 464934 21525 463066
92900 21362 465446 21536 463554
93000 21383 465997 21563 464003
93100 21408 466543 21582 464457
93200 21434 467009 21598 464991
93300 21455 467506 21628 465494
93400 21477 467982 21655 466018
93500 21508 468441 21674 466559
93600 21519 468954 21698 467046
93700 21537 469500 21713 467500
93800 21553 470000 21736 468000
93900 21579 470524 21754 468476
94000 21610 471020 21776 468980
94100 21631 471463 21801 469537
94200 21655 471894 21831 470106
94300 21677 472351 21855 470649
94400 21698 472837 21877 471163
94500 21723 473348 21903 471652
94600 21746 473851 21920 472149
94700 21760 474367 21944 472633
94800 21788 474853 21970 473147
94900 21807 475347 21988 473653
95000 21829 475869 22019 474131
95100 21850 476382 22048 474618
95200 21877 476909 22078 475091
95300 21898 477462 22107 475538
95400 21929 477974 22133 476026
95500 21944 478446 22155 476554
95600 21956 478975 22171 477025
95700 21972 479469 22202 477531
95800 21988 479929 22223 478071
95900 22006 480433 22243 478567
96000 22031 480889 22267 479111
96100 22055 481365 22300 479635
96200 22074 481868 22326 480132
96300 22100 482365 22350 480635
96400 22128 482896 22378 481104
96500 22152 483425 22401 481575
96600 22172 483936 22426 482064
96700 22193 484484 22448 482516
96800 22222 485043 22480 482957
96900 22235 485574 22500 483426
97000 22258 486145 22528 483855
97100 22270 486689 22552 484311
97200 22284 487270 22572 484730
97300 22309 487782 22592 485218
97400 22325 488281 22607 485719
97500 22342 488801 22628 486199
97600 22365 489283 22651 486717
97700 22385 489847 22677 487153
97800 22412 490326 22701 487674
97900 22433 490868 22724 488132
98000 22452 491400 22748 488600
98100 22474 491855 22768 489145
98200 22504 492354 22795 489646
98300 22529 492841 22825 490159
98400 22548 493367 22849 490633
98500 22569 493892 22872 491108
98600 22600 494363 22898 491637
98700 22621 494839 22922 492161
98800 22640 495340 22939 492660
98900 22660 495814 22958 493186
99000 22683 496294 22976 493706
99100 22712 496782 23000 494218
99200 22731 497301 23024 494699
99300 22752 497843 23047 495157
99400 22772 498310 23071 495690
99500 22801 498749 23094 496251
99600 22822 499235 23117 496765
99700 22842 499738 23141 497262
99800 22869 500255 23167 497745
99900 22887 500745 23194 498255
100000 22918 501273 23212 498727
100100 22938 501736 23237 499264
100200 22959 502203 23265 499797
100300 22984 502706 23284 500294
100400 23003 503288 23301 500712
100500 23028 503828 23328 501172
100600 23053 504359 23355 501641
100700 23087 504889 23379 502111
100800 23111 505360 23406 502640
100900 23141 505870 23423 503130
101000 23169 506391 23450 503609
101100 23197 506887 23475 504113
101200 23222 507371 23502 504629
101300 23242 507866 23516 505134
101400 23266 508393 23542 505607
101500 23288 508909 23568 506091
101600 23309 509425 23603 506575
101700 23321 509977 23634 507023
101800 23344 510459 23650 507541
101900 23367 510925 23676 508075
102000 23392 511384 23701 508616
102100 23412 511849 23720 509151
102200 23431 512265 23746 509735
102300 23461 512730 23769 510270
102400 23476 513209 23785 510791
102500 23496 513719 23806 511281
102600 23522 514243 23826 511757
102700 23546 514765 23851 512235
102800 23569 515278 23868 512722
102900 23600 515786 23888 513214
103000 23619 516303 23909 513697
103100 23653 516822 23929 514178
103200 23679 517308 23945 514692
103300 23702 517763 23972 515237
103400 23730 518273 23984 515727
103500 23745 518744 24000 516256
103600 23770 519185 24033 516815
103700 23785 519649 24051 517351
103800 23808 520163 24083 517837
103900 23831 520648 24096 518352
104000 23856 521122 24116 518878
104100 23883 521587 24139 519413
104200 23910 522074 24163 519926
104300 23940 522552 24192 520448
104400 23966 523098 24215 520902
104500 23991 523632 24235 521368
104600 24008 524117 24252 521883
104700 24026 524579 24263 522421
104800 24043 525031 24285 522969
104900 24064 525507 24308 523493
105000 24081 526011 24326 523989
105100 24104 526496 24346 524504
105200 24123 526957 24374 525043
105300 24144 527486 24406 525514
105400 24172 527987 24427 526013
105500 24198 528480 24450 526520
105600 24228 528952 24471 527048
105700 24249 529459 24502 527541
105800 24276 529956 24525 528044
105900 24301 530472 24544 528528
106000 24319 530948 24563 529052
106100 24350 531495 24587 529505
106200 24369 531962 24611 530038
106300 24388 532492 24629 530508
106400 24414 532944 24648 531056
106500 24440 533424 24675 531576
106600 24464 533918 24691 532082
106700 24483 534404 24724 532596
106800 24507 534905 24746 533095
106900 24541 535373 24767 533627
107000 24559 535858 24779 534142
107100 24590 536403 24799 534597
107200 24613 536882 24828 535118
107300 24627 537364 24853 535636
107400 24658 537857 24874 536143
107500 24686 538385 24895 536615
107600 24710 538935 24925 537065
107700 24736 539468 24945 537532
107800 24756 540005 24964 537995
107900 24780 540574 24992 538426
108000 24798 541101 25017 538899
108100 24809 541527 25038 539473
108200 24833 541989 25055 540011
108300 24847 542504 25083 540496
108400 24876 542983 25114 541017
108500 24900 543458 25147 541542
108600 24924 543983 25175 542017
108700 24946 544479 25192 542521
108800 24964 545009 25211 542991
108900 24988 545450 25237 543550
109000 25012 545942 25263 544058
109100 25035 546405 25282 544595
109200 25061 546883 25302 545117
109300 25082 547375 25334 545625
109400 25110 547861 25352 546139
109500 25134 548326 25378 546674
109600 25162 548876 25398 547124
109700 25184 549348 25421 547652
109800 25212 549822 25437 548178
109900 25236 550319 25456 548681
110000 25256 550844 25476 549156
110100 25282 551374 25501 549626
110200 25312 551897 25526 550103
110300 25343 552366 25552 550634
110400 25370 552876 25575 551124
110500 25386 553384 25598 551616
110600 25414 553962 25624 552038
110700 25443 554465 25638 552535
110800 25467 554962 25663 553038
110900 25483 555446 25681 553554
111000 25504 555936 25703 554064
111100 25523 556443 25726 554557
111200 25546 556943 25747 555057
111300 25570 557382 25772 555618
111400 25590 557847 25795 556153
111500 25611 558357 25816 556643
111600 25629 558851 25844 557149
111700 25661 559389 25870 557611
111800 25682 559860 25900 558140
111900 25706 560401 25925 558599
112000 25732 560886 25947 559114
112100 25756 561391 25972 559609
112200 25784 561854 25996 560146
112300 25808 562343 26020 560657
112400 25836 562830 26056 561170
112500 25852 563330 26083 561670
112600 25866 563762 26101 562238
112700 25882 564225 26126 562775
112800 25906 564730 26155 563270
112900 25928 565175 26180 563825
113000 25953 565645 26201 564355
113100 25974 566184 26220 564816
113200 25991 566698 26238 565302
113300 26008 567170 26262 565830
113400 26028 567673 26285 566327
113500 26052 568208 26311 566792
113600 26068 568729 26345 567271
113700 26089 569267 26357 567733
113800 26109 569791 26375 568209
113900 26133 570304 26392 568696
114000 26167 570855 26420 569145
114100 26183 571330 26449 569670
114200 26208 571790 26476 570210
114300 26232 572278 26502 570722
114400 26257 572806 26528 571194
114500 26279 573313 26543 571687
114600 26301 573867 26563 572133
114700 26334 574422 26585 572578
114800 26348 574976 26604 573024
114900 26369 575452 26627 573548
115000 26401 575941 26648 574059
115100 26420 576428 26668 574572
115200 26450 576941 26688 575059
115300 26487 577456 26708 575544
115400 26512 577939 26729 576061
115500 26539 578378 26754 576622
115600 26553 578835 26770 577165
115700 26573 579328 26796 577672
115800 26597 579788 26818 578212
115900 26622 580299 26844 578701
116000 26645 580788 26863 579212
116100 26667 581291 26880 579709
116200 26690 581791 26900 580209
116300 26718 582327 26933 580673
116400 26744 582883 26946 581117
116500 26769 583419 26973 581581
116600 26794 583934 26995 582066
116700 26812 584400 27023 582600
116800 26836 584891 27046 583109
116900 26851 585378 27069 583622
117000 26868 585847 27098 584153
117100 26888 586352 27123 584648
117200 26901 586874 27140 585126
117300 26921 587366 27173 585634
117400 26947 587780 27195 586220
117500 26962 588241 27220 586759
117600 26985 588775 27248 587225
117700 27006 589317 27276 587683
117800 27031 589826 27299 588174
117900 27056 590254 27315 588746
118000 27080 590751 27334 589249
118100 27103 591262 27368 589738
118200 27129 591809 27387 590191
118300 27154 592303 27416 590697
118400 27174 592811 27438 591189
118500 27190 593315 27458 591685
118600 27208 593795 27482 592205
118700 27232 594307 27498 592693
118800 27255 594778 27521 593222
118900 27276 595266 27539 593734
119000 27293 595767 27562 594233
119100 27316 596279 27580 594721
119200 27343 596741 27609 595259
119300 27365 597249 27624 595751
119400 27376 597795 27646 596205
119500 27398 598289 27676 596711
119600 27424 598789 27692 597211
119700 27446 599315 27707 597685
119800 27470 599760 27728 598240
119900 27496 600318 27754 598682
120000 27526 600780 27776 599220
120100 27549 601301 27802 599699
120200 27577 601821 27828 600179
120300 27607 602356 27847 600644
120400 27622 602848 27870 601152
120500 27643 603436 27894 601564
120600 27670 603999 27921 602001
120700 27689 604509 27940 602491
120800 27712 605035 27964 602965
120900 27727 605542 28002 603458
121000 27749 606043 28030 603957
121100 27777 606556 28065 604444
121200 27791 607095 28094 604905
121300 27819 607628 28114 605372
121400 27858 608128 28141 605872
121500 27888 608632 28173 606368
121600 27913 609101 28190 606899
121700 27939 609602 28213 607398
121800 27969 610129 28228 607871
121900 27995 610670 28251 608330
122000 28016 611127 28275 608873
122100 28045 611623 28307 609377
122200 28070 612145 28329 609855
122300 28089 612646 28346 610354
122400 28106 613129 28367 610871
122500 28131 613608 28387 611392
122600 28154 614071 28414 611929
122700 28179 614582 28433 612418
122800 28199 615098 28450 612902
122900 28225 615605 28471 613395
123000 28250 616140 28496 613860
123100 28284 616652 28519 614348
123200 28300 617169 28542 614831
123300 28321 617686 28582 615314
123400 28343 618199 28603 615801
123500 28355 618766 28623 616234
123600 28372 619235 28648 616765
123700 28391 619721 28676 617279
123800 28416 620199 28698 617801
123900 28445 620664 28729 618336
124000 28466 621113 28755 618887
124100 28487 621580 28775 619420
124200 28502 622021 28799 619979
124300 28524 622523 28823 620477
124400 28547 623023 28843 620977
124500 28574 623505 28872 621495
124600 28599 623968 28896 622032
124700 28618 624456 28919 622544
124800 28640 624923 28942 623077
124900 28667 625390 28976 623610
125000 28684 625928 28998 624072
125100 28696 626453 29017 624547
125200 28718 626985 29033 625015
125300 28737 627451 29052 625549
125400 28761 627916 29078 626084
125500 28777 628470 29092 626530
125600 28798 628943 29114 627057
125700 28832 629448 29133 627552
125800 28854 629951 29152 628049
125900 28869 630449 29172 628551
126000 28890 630982 29185 629018
126100 28915 631475 29212 629525
126200 28938 631968 29248 630032
126300 28963 632447 29272 630553
126400 28983 632962 29289 631038
126500 29000 633476 29318 631524
126600 29028 633996 29345 632004
126700 29048 634538 29369 632462
126800 29076 634985 29392 633015
126900 29095 635514 29406 633486
127000 29116 635948 29417 634052
127100 29146 636446 29437 634554
127200 29166 636926 29452 635074
127300 29197 637420 29480 635580
127400 29228 637971 29498 636029
127500 29243 638444 29520 636556
127600 29267 638910 29543 637090
127700 29290 639432 29570 637568
127800 29302 639952 29593 638048
127900 29325 640444 29615 638556
128000 29350 640966 29643 639034
128100 29372 641474 29670 639526
128200 29395 641958 29688 640042
128300 29413 642488 29721 640512
128400 29436 642987 29739 641013
128500 29460 643468 29752 641532
128600 29483 643978 29773 642022
128700 29509 644481 29795 642519
128800 29531 644948 29825 643052
128900 29560 645423 29845 643577
129000 29592 645931 29880 644069
129100 29611 646381 29902 644619
129200 29638 646866 29919 645134
129300 29655 647317 29942 645683
129400 29688 647821 29973 646179
129500 29714 648318 29995 646682
129600 29738 648835 30021 647165
129700 29766 649236 30048 647764
129800 29786 649716 30067 648284
129900 29807 650186 30088 648814
130000 29829 650634 30117 649366
130100 29842 651136 30133 649864
130200 29862 651633 30157 650367
130300 29887 652078 30184 650922
130400 29901 652611 30204 651389
130500 29911 653118 30221 651882
130600 29929 653605 30248 652395
130700 29946 654137 30278 652863
130800 29965 654623 30299 653377
130900 29989 655165 30318 653835
131000 30012 655672 30340 654328
131100 30027 656146 30355 654854
131200 30055 656658 30378 655342
131300 30075 657148 30412 655852
131400 30093 657654 30438 656346
131500 30117 658106 30463 656894
131600 30139 658593 30480 657407
131700 30165 659123 30501 657877
131800 30184 659678 30524 658322
131900 30195 660214 30544 658786
132000 30221 660719 30561 659281
132100 30239 661187 30582 659813
132200 30271 661662 30609 660338
132300 30295 662179 30635 660821
132400 30313 662652 30659 661348
132500 30339 663172 30698 661828
132600 30365 663697 30726 662303
132700 30389 664188 30746 662812
132800 30407 664705 30772 663295
132900 30426 665209 30798 663791
133000 30448 665725 30819 664275
133100 30462 666252 30847 664748
133200 30480 666800 30867 665200
133300 30503 667319 30883 665681
133400 30532 667808 30905 666192
133500 30553 668284 30931 666716
133600 30586 668774 30960 667226
133700 30613 669347 30978 667653
133800 30635 669906 30995 668094
133900 30648 670403 31011 668597
134000 30673 670896 31036 669104
134100 30703 671391 31072 669609
134200 30718 671873 31088 670127
134300 30739 672428 31101 670572
134400 30759 672914 31121 671086
134500 30782 673425 31138 671575
134600 30801 673901 31163 672099
134700 30830 674382 31185 672618
134800 30847 674944 31203 673056
134900 30863 675457 31221 673543
135000 30880 675950 31241 674050
135100 30893 676390 31260 674610
135200 30912 676906 31288 675094
135300 30926 677414 31303 675586
135400 30947 677897 31329 676103
135500 30970 678359 31354 676641
135600 30992 678881 31380 677119
135700 31010 679351 31407 677649
135800 31033 679838 31427 678162
135900 31062 680322 31454 678678
136000 31083 680837 31475 679163
136100 31107 681377 31487 679623
136200 31125 681880 31520 680120
136300 31148 682408 31548 680592
136400 31168 682916 31573 681084
136500 31185 683397 31599 681603
136600 31206 683869 31628 682131
136700 31234 684363 31655 682637
136800 31253 684859 31674 683141
136900 31282 685352 31687 683648
137000 31303 685858 31710 684142
137100 31330 686405 31739 684595
137200 31348 686922 31764 685078
137300 31366 687383 31787 685617
137400 31393 687894 31810 686106
137500 31414 688422 31833 686578
137600 31443 688934 31863 687066
137700 31469 689445 31896 687555
137800 31492 690014 31915 687986
137900 31524 690531 31938 688469
138000 31555 690995 31961 689005
138100 31575 691445 31980 689555
138200 31602 691926 32000 690074
138300 31628 692419 32027 690581
138400 31650 692899 32047 691101
138500 31674 693383 32072 691617
138600 31696 693790 32096 692210
138700 31716 694277 32115 692723
138800 31736 694787 32135 693213
138900 31753 695228 32163 693772
139000 31774 695761 32180 694239
139100 31789 696284 32190 694716
139200 31811 696751 32207 695249
139300 31828 697301 32239 695699
139400 31843 697806 32253 696194
139500 31861 698329 32270 696671
139600 31883 698839 32293 697161
139700 31912 699295 32316 697705
139800 31932 699824 32337 698176
139900 31948 700347 32348 698653
140000 31961 700818 32365 699182
140100 31980 701249 32381 699751
140200 32001 701759 32402 700241
140300 32018 702232 32424 700768
140400 32046 702754 32456 701246
140500 32072 703247 32486 701753
140600 32095 703762 32516 702238
140700 32111 704244 32534 702756
140800 32138 704785 32554 703215
140900 32155 705234 32579 703766
141000 32176 705757 32603 704243
141100 32200 706246 32636 704754
141200 32236 706781 32654 705219
141300 32254 707292 32673 705708
141400 32286 707839 32700 706161
141500 32298 708349 32725 706651
141600 32317 708803 32745 707197
141700 32332 709314 32772 707686
141800 32357 709803 32796 708197
141900 32389 710268 32818 708732
142000 32408 710789 32852 709211
142100 32430 711241 32871 709759
142200 32454 711770 32902 710230
142300 32476 712253 32923 710747
142400 32501 712774 32948 711226
142500 32525 713283 32962 711717
142600 32551 713802 32991 712198
142700 32575 714307 33016 712693
142800 32594 714778 33032 713222
142900 32617 715274 33054 713726
143000 32645 715738 33078 714262
143100 32666 716220 33103 714780
143200 32688 716709 33119 715291
143300 32722 717190 33146 715810
143400 32745 717727 33172 716273
143500 32763 718199 33191 716801
143600 32785 718672 33215 717328
143700 32811 719219 33235 717781
143800 32838 719730 33260 718270
143900 32864 720229 33281 718771
144000 32884 720717 33304 719283
144100 32911 721236 33329 719764
144200 32932 721726 33353 720274
144300 32954 722189 33380 720811
144400 32982 722677 33402 721323
144500 33004 723181 33420 721819
144600 33026 723709 33446 722291
144700 33046 724218 33465 722782
144800 33071 724735 33485 723265
144900 33092 725237 33504 723763
145000 33115 725770 33534 724230
145100 33136 726251 33555 724749
145200 33162 726753 33576 725247
145300 33181 727188 33589 725812
145400 33205 727683 33622 726317
145500 33226 728183 33639 726817
145600 33244 728718 33658 727282
145700 33268 729204 33680 727796
145800 33290 729745 33702 728255
145900 33303 730258 33715 728742
146000 33327 730756 33737 729244
146100 33351 731256 33754 729744
146200 33376 731775 33772 730225
146300 33401 732370 33792 730630
146400 33431 732870 33807 731130
146500 33449 733388 33829 731612
146600 33473 733901 33852 732099
146700 33493 734439 33884 732561
146800 33512 734887 33906 733113
146900 33533 735407 33924 733593
147000 33556 735926 33942 734074
147100 33581 736411 33961 734589
147200 33605 736954 33994 735046
147300 33643 737468 34016 735532
147400 33664 737990 34039 736010
147500 33685 738521 34063 736479
147600 33700 738992 34086 737008
147700 33730 739473 34107 737527
147800 33758 739950 34136 738050
147900 33788 740449 34156 738551
148000 33812 740932 34178 739068
148100 33831 741490 34202 739510
148200 33846 742024 34218 739976
148300 33871 742517 34241 740483
148400 33890 742981 34259 741019
148500 33909 743554 34274 741446
148600 33932 744051 34294 741949
148700 33960 744572 34321 742428
148800 33979 745028 34342 742972
148900 34000 745565 34358 743435
149000 34022 746070 34376 743930
149100 34045 746564 34405 744436
149200 34074 747028 34430 744972
149300 34093 747539 34461 745461
149400 34123 748000 34493 746000
149500 34139 748513 34523 746487
149600 34159 749023 34543 746977
149700 34185 749504 34566 747496
149800 34210 749999 34589 748001
149900 34227 750536 34613 748464
150000 34257 751037 34643 748963
150100 34279 751604 34661 749396
150200 34303 752141 34685 749859
150300 34321 752646 34711 750354
150400 34349 753141 34738 750859
150500 34374 753636 34770 751364
150600 34397 754122 34787 751878
150700 34421 754641 34807 752359
150800 34439 755205 34827 752795
150900 34465 755722 34858 753278
151000 34488 756241 34882 753759
151100 34511 756742 34903 754258
151200 34537 757253 34922 754747
151300 34556 757730 34947 755270
151400 34576 758231 34968 755769
151500 34588 758727 34984 756273
151600 34608 759250 35003 756750
151700 34622 759728 35020 757272
151800 34650 760236 35051 757764
151900 34665 760764 35066 758236
152000 34689 761299 35096 758701
152100 34709 761823 35115 759177
152200 34737 762306 35138 759694
152300 34756 762758 35152 760242
152400 34776 763206 35179 760794
152500 34796 763732 35194 761268
152600 34822 764306 35212 761694
152700 34846 764854 35237 762146
152800 34860 765376 35254 762624
152900 34875 765913 35281 763087
153000 34904 766397 35304 763603
153100 34920 766846 35323 764154
153200 34947 767330 35349 764670
153300 34963 767839 35371 765161
153400 34984 768325 35400 765675
153500 35005 768818 35417 766182
153600 35033 769304 35437 766696
153700 35047 769780 35456 767220
153800 35070 770229 35477 767771
153900 35099 770722 35499 768278
154000 35123 771236 35528 768764
154100 35157 771756 35546 769244
154200 35176 772202 35558 769798
154300 35194 772760 35577 770240
154400 35216 773274 35599 770726
154500 35234 773771 35618 771229
154600 35257 774299 35637 771701
154700 35277 774810 35660 772190
154800 35307 775343 35687 772657
154900 35325 775822 35720 773178
155000 35349 776333 35746 773667
155100 35373 776845 35779 774155
155200 35397 777321 35803 774679
155300 35425 777731 35833 775269
155400 35450 778225 35859 775775
155500 35468 778707 35874 776293
155600 35491 779241 35895 776759
155700 35513 779732 35925 777268
155800 35532 780290 35940 777710
155900 35561 780761 35969 778239
156000 35582 781333 35993 778667
156100 35613 781862 36022 779138
156200 35644 782412 36044 779588
156300 35672 782909 36071 780091
156400 35694 783390 36089 780610
156500 35712 783826 36109 781174
156600 35734 784306 36123 781694
156700 35747 784829 36143 782171
156800 35762 785367 36156 782633
156900 35776 785862 36173 783138
157000 35802 786393 36206 783607
157100 35824 786925 36223 784075
157200 35848 787435 36247 784565
157300 35872 787967 36265 785033
157400 35888 788487 36291 785513
157500 35910 788961 36318 786039
157600 35931 789497 36341 786503
157700 35953 789995 36360 787005
157800 35983 790492 36380 787508
157900 36002 790955 36409 788045
158000 36025 791472 36429 788528
158100 36049 791959 36457 789041
158200 36071 792419 36477 789581
158300 36091 792943 36502 790057
158400 36114 793458 36529 790542
158500 36141 793963 36550 791037
158600 36173 794479 36565 791521
158700 36188 794945 36591 792055
158800 36206 795460 36603 792540
158900 36220 795940 36632 793060
159000 36249 796525 36661 793475
159100 36272 797026 36678 793974
159200 36301 797548 36710 794452
159300 36324 798056 36735 794944
159400 36351 798533 36761 795467
159500 36368 798999 36784 796001
159600 36389 799472 36801 796528
159700 36411 799955 36819 797045
159800 36434 800498 36840 797502
159900 36449 800989 36856 798011
160000 36469 801460 36879 798540
160100 36496 801934 36908 799066
160200 36517 802387 36939 799613
160300 36538 802876 36961 800124
160400 36552 803356 36980 800644
160500 36564 803880 36999 801120
160600 36586 804386 37014 801614
160700 36613 804909 37033 802091
160800 36645 805391 37056 802609
160900 36657 805846 37079 803154
161000 36678 806391 37097 803609
161100 36704 806921 37117 804079
161200 36723 807450 37138 804550
161300 36750 807963 37154 805037
161400 36767 808446 37165 805554
161500 36789 808885 37190 806115
161600 36809 809463 37212 806537
161700 36834 809961 37235 807039
161800 36856 810500 37262 807500
161900 36876 810955 37278 808045
162000 36896 811480 37300 808520
162100 36922 812027 37320 808973
162200 36946 812501 37338 809499
162300 36965 812954 37357 810046
162400 36984 813476 37377 810524
162500 37007 813982 37409 811018
162600 37033 814480 37430 811520
162700 37055 814961 37454 812039
162800 37082 815462 37476 812538
162900 37106 815948 37497 813052
163000 37139 816387 37521 813613
163100 37156 816874 37541 814126
163200 37180 817330 37561 814670
163300 37206 817847 37577 815153
163400 37236 818398 37604 815602
163500 37255 818883 37626 816117
163600 37279 819391 37644 816609
163700 37296 819934 37670 817066
163800 37322 820440 37703 817560
163900 37346 820907 37719 818093
164000 37368 821432 37733 818568
164100 37385 821921 37754 819079
164200 37415 822442 37778 819558
164300 37433 822923 37798 820077
164400 37450 823447 37819 820553
164500 37477 823929 37834 821071
164600 37496 824399 37851 821601
164700 37516 824849 37880 822151
164800 37543 825352 37899 822648
164900 37563 825918 37922 823082
165000 37589 826454 37940 823546
165100 37606 826940 37962 824060
165200 37618 827381 37978 824619
165300 37639 827822 37997 825178
165400 37663 828287 38019 825713
165500 37691 828795 38043 826205
165600 37706 829268 38062 826732
165700 37721 829740 38092 827260
165800 37751 830208 38107 827792
165900 37770 830664 38128 828336
166000 37786 831196 38149 828804
166100 37813 831709 38165 829291
166200 37843 832282 38189 829718
166300 37864 832827 38209 830173
166400 37888 833362 38230 830638
166500 37904 833848 38255 831152
166600 37932 834354 38280 831646
166700 37952 834836 38297 832164
166800 37978 835332 38325 832668
166900 38004 835776 38363 833224
167000 38029 836201 38383 833799
167100 38056 836681 38401 834319
167200 38081 837204 38434 834796
167300 38101 837725 38469 835275
167400 38126 838269 38493 835731
167500 38152 838745 38530 836255
167600 38179 839220 38558 836780
167700 38201 839682 38584 837318
167800 38219 840167 38604 837833
167900 38235 840688 38623 838312
168000 38256 841193 38639 838807
168100 38268 841665 38654 839335
168200 38291 842218 38681 839782
168300 38311 842807 38706 840193
168400 38325 843240 38723 840760
168500 38345 843753 38740 841247
168600 38369 844266 38759 841734
168700 38395 844810 38788 842190
168800 38423 845312 38808 842688
168900 38443 845853 38826 843147
169000 38463 846338 38846 843662
169100 38479 846847 38873 844153
169200 38509 847363 38895 844637
169300 38537 847819 38919 845181
169400 38557 848283 38946 845717
169500 38584 848761 38971 846239
169600 38605 849268 38996 846732
169700 38628 849736 39008 847264
169800 38657 850211 39041 847789
169900 38683 850662 39062 848338
170000 38699 851166 39079 848834
170100 38719 851661 39101 849339
170200 38741 852189 39125 849811
170300 38772 852710 39156 850290
170400 38789 853181 39175 850819
170500 38820 853715 39202 851285
170600 38842 854252 39229 851748
170700 38858 854783 39249 852217
170800 38883 855288 39272 852712
170900 38909 855792 39294 853208
171000 38933 856301 39314 853699
171100 38949 856830 39336 854170
171200 38969 857281 39356 854719
171300 38994 857766 39375 855234
171400 39017 858316 39402 855684
171500 39045 858828 39425 856172
171600 39069 859341 39444 856659
171700 39099 859864 39469 857136
171800 39126 860395 39483 857605
171900 39147 860870 39501 858130
172000 39171 861385 39528 858615
172100 39185 861869 39544 859131
172200 39212 862388 39560 859612
172300 39229 862880 39592 860120
172400 39259 863385 39622 860615
172500 39283 863943 39635 861057
172600 39304 864451 39661 861549
172700 39328 864968 39688 862032
172800 39345 865453 39702 862547
172900 39375 865964 39739 863036
173000 39399 866495 39759 863505
173100 39429 866972 39775 864028
173200 39445 867475 39803 864525
173300 39463 867938 39829 865062
173400 39483 868404 39849 865596
173500 39506 868887 39873 866113
173600 39517 869360 39899 866640
173700 39530 869887 39913 867113
173800 39557 870359 39924 867641
173900 39578 870815 39950 868185
174000 39600 871323 39974 868677
174100 39623 871797 39995 869203
174200 39644 872267 40021 869733
174300 39672 872743 40043 870257
174400 39695 873162 40058 870838
174500 39715 873676 40073 871324
174600 39730 874189 40096 871811
174700 39748 874691 40122 872309
174800 39774 875176 40144 872824
174900 39795 875691 40161 873309
175000 39820 876167 40184 873833
175100 39845 876693 40206 874307
175200 39859 877142 40216 874858
175300 39885 877672 40239 875328
175400 39900 878154 40252 875846
175500 39923 878644 40284 876356
175600 39937 879106 40305 876894
175700 39954 879599 40327 877401
175800 39980 880100 40359 877900
175900 40006 880484 40377 878516
176000 40023 880981 40397 879019
176100 40040 881525 40421 879475
176200 40055 882065 40436 879935
176300 40070 882599 40453 880401
176400 40089 883048 40485 880952
176500 40103 883534 40504 881466
176600 40128 884022 40533 881978
176700 40148 884530 40548 882470
176800 40174 885074 40572 882926
176900 40193 885592 40597 883408
177000 40217 886073 40619 883927
177100 40237 886539 40640 884461
177200 40259 887041 40662 884959
177300 40276 887546 40682 885454
177400 40309 888049 40708 885951
177500 40332 888520 40728 886480
177600 40357 889008 40751 886992
177700 40376 889552 40774 887448
177800 40405 890069 40795 887931
177900 40426 890562 40821 888438
178000 40450 891089 40853 888911
178100 40472 891599 40877 889401
178200 40504 892130 40899 889870
178300 40534 892610 40922 890390
178400 40561 893141 40947 890859
178500 40588 893671 40970 891329
178600 40602 894196 40991 891804
178700 40626 894665 41022 892335
178800 40650 895179 41042 892821
178900 40672 895655 41058 893345
179000 40694 896136 41088 893864
179100 40718 896697 41112 894303
179200 40742 897202 41137 894798
179300 40762 897723 41152 895277
179400 40781 898235 41169 895765
179500 40807 898727 41187 896273
179600 40839 899236 41212 896764
179700 40866 899748 41234 897252
179800 40899 900219 41254 897781
179900 40924 900753 41272 898247
180000 40938 901270 41292 898730
180100 40951 901804 41311 899196
180200 40979 902321 41338 899679
180300 40996 902864 41368 900136
180400 41010 903331 41391 900669
180500 41034 903838 41416 901162
180600 41049 904317 41430 901683
180700 41078 904771 41450 902229
180800 41099 905262 41466 902738
180900 41118 905778 41486 903222
181000 41141 906313 41513 903687
181100 41165 906800 41530 904200
181200 41185 907288 41551 904712
181300 41205 907729 41581 905271
181400 41231 908228 41604 905772
181500 41251 908698 41632 906302
181600 41267 909191 41648 906809
181700 41288 909730 41670 907270
181800 41324 910205 41692 907795
181900 41344 910714 41706 908286
182000 41356 911256 41729 908744
182100 41376 911840 41750 909160
182200 41402 912337 41767 909663
182300 41412 912868 41779 910132
182400 41433 913335 41798 910665
182500 41452 913851 41814 911149
182600 41474 914315 41836 911685
182700 41494 914816 41869 912184
182800 41512 915278 41899 912722
182900 41539 915797 41921 913203
183000 41564 916283 41943 913717
183100 41583 916821 41966 914179
183200 41612 917314 41998 914686
183300 41632 917801 42019 915199
183400 41649 918303 42039 915697
183500 41670 918827 42072 916173
183600 41695 919292 42090 916708
183700 41731 919834 42119 917166
183800 41753 920332 42140 917668
183900 41779 920832 42167 918168
184000 41794 921337 42191 918663
184100 41815 921851 42217 919149
184200 41838 922373 42241 919627
184300 41866 922907 42259 920093
184400 41896 923450 42290 920550
184500 41923 923937 42314 921063
184600 41944 924406 42335 921594
184700 41969 924832 42364 922168
184800 41989 925379 42382 922621
184900 42016 925856 42402 923144
185000 42037 926363 42424 923637
185100 42053 926849 42443 924151
185200 42084 927365 42480 924635
185300 42111 927886 42500 925114
185400 42142 928416 42535 925584
185500 42161 928850 42555 926150
185600 42191 929307 42584 926693
185700 42217 929804 42621 927196
185800 42239 930297 42646 927703
185900 42259 930797 42662 928203
186000 42287 931280 42685 928720
186100 42309 931774 42708 929226
186200 42339 932212 42722 929788
186300 42360 932695 42747 930305
186400 42397 933188 42779 930812
186500 42416 933646 42803 931354
186600 42436 934090 42825 931910
186700 42454 934550 42850 932450
186800 42474 935055 42874 932945
186900 42493 935544 42901 933456
187000 42513 935991 42924 934009
187100 42533 936500 42947 934500
187200 42557 936985 42963 935015
187300 42569 937463 42987 935537
187400 42593 937999 43010 936001
187500 42617 938515 43036 936485
187600 42635 938977 43055 937023
187700 42659 939477 43077 937523
187800 42685 939988 43100 938012
187900 42705 940492 43121 938508
188000 42729 940984 43146 939016
188100 42754 941466 43164 939534
188200 42781 941933 43186 940067
188300 42799 942427 43212 940573
188400 42825 942922 43233 941078
188500 42836 943428 43257 941572
188600 42860 943929 43276 942071
188700 42868 944368 43288 942632
188800 42884 944840 43316 943160
188900 42914 945291 43331 943709
189000 42935 945778 43357 944222
189100 42957 946205 43381 944795
189200 42982 946707 43403 945293
189300 43024 947293 43429 945707
189400 43049 947797 43454 946203
189500 43077 948277 43475 946723
189600 43096 948821 43499 947179
189700 43121 949320 43512 947680
189800 43141 949821 43536 948179
189900 43162 950350 43553 948650
190000 43183 950869 43570 949131
190100 43213 951422 43594 949578
190200 43227 951919 43613 950081
190300 43247 952435 43630 950565
190400 43269 952923 43655 951077
190500 43296 953425 43679 951575
190600 43321 953992 43696 952008
190700 43341 954521 43719 952479
190800 43365 955041 43737 952959
190900 43387 955514 43755 953486
191000 43409 955988 43772 954012
191100 43439 956515 43805 954485
191200 43461 957020 43831 954980
191300 43482 957533 43853 955467
191400 43505 958060 43875 955940
191500 43528 958600 43890 956400
191600 43552 959088 43916 956912
191700 43576 959595 43940 957405
191800 43599 960126 43958 957874
191900 43628 960607 43977 958393
192000 43648 961085 44002 958915
192100 43664 961559 44024 959441
192200 43682 962097 44050 959903
192300 43702 962586 44075 960414
192400 43725 963074 44090 960926
192500 43751 963577 44115 961423
192600 43777 964093 44134 961907
192700 43800 964614 44163 962386
192800 43818 965030 44187 962970
192900 43841 965547 44206 963453
193000 43867 966045 44225 963955
193100 43888 966604 44245 964396
193200 43909 967102 44263 964898
193300 43936 967606 44286 965394
193400 43971 968137 44314 965863
193500 43998 968667 44337 966333
193600 44031 969206 44357 966794
193700 44061 969724 44380 967276
193800 44085 970244 44411 967756
193900 44102 970738 44430 968262
194000 44124 971219 44443 968781
194100 44139 971717 44466 969283
194200 44161 972232 44500 969768
194300 44178 972782 44523 970218
194400 44199 973322 44550 970678
194500 44218 973836 44567 971164
194600 44244 974326 44589 971674
194700 44266 974841 44612 972159
194800 44283 975394 44636 972606
194900 44301 975862 44659 973138
195000 44320 976349 44690 973651
195100 44337 976826 44708 974174
195200 44354 977335 44724 974665
195300 44375 977901 44743 975099
195400 44410 978459 44762 975541
195500 44428 979051 44789 975949
195600 44452 979528 44808 976472
195700 44474 980036 44836 976964
195800 44497 980537 44853 977463
195900 44519 981022 44867 977978
196000 44542 981516 44893 978484
196100 44563 981964 44918 979036
196200 44582 982468 44947 979532
196300 44599 982965 44970 980035
196400 44610 983452 44984 980548
196500 44627 983926 45009 981074
196600 44651 984412 45029 981588
196700 44674 984916 45049 982084
196800 44688 985443 45067 982557
196900 44709 985931 45087 983069
197000 44738 986436 45112 983564
197100 44757 987001 45133 983999
197200 44774 987502 45153 984498
197300 44795 988018 45174 984982
197400 44819 988523 45194 985477
197500 44836 989021 45216 985979
197600 44861 989502 45243 986498
197700 44880 990011 45270 986989
197800 44910 990542 45293 987458
197900 44931 991074 45310 987926
198000 44948 991602 45344 988398
198100 44968 992091 45361 988909
198200 44988 992617 45384 989383
198300 45012 993086 45401 989914
198400 45032 993536 45425 990464
198500 45059 994085 45450 990915
198600 45071 994603 45470 991397
198700 45098 995112 45494 991888
198800 45117 995574 45513 992426
198900 45137 996037 45528 992963
199000 45154 996543 45556 993457
199100 45171 996997 45580 994003
199200 45192 997534 45610 994466
199300 45215 998073 45637 994927
199400 45235 998598 45659 995402
199500 45261 999091 45674 995909
199600 45279 999578 45695 996422
199700 45297 1000108 45719 996892
199800 45321 1000587 45742 997413
199900 45343 1001116 45760 997884
200000 45371 1001615 45784 998385
