#! FIELDS timestep dup_succ dup_attempts kill_succ kill_attempts
#! SET timestep 0.5
#! SET kernel_bandwidth [0.7 0.7]
#! SET kt 1.0
100 71 158 68 842
200 150 399 165 1601
300 242 732 271 2268
400 324 1172 363 2828
500 388 1667 415 3333
600 433 2032 459 3968
700 477 2408 496 4592
800 509 2811 523 5189
900 523 3235 539 5765
1000 536 3649 551 6351
1100 547 4079 557 6921
1200 555 4572 572 7428
1300 561 5012 578 7988
1400 571 5621 587 8379
1500 581 6043 591 8957
1600 585 6630 599 9370
1700 586 7051 601 9949
1800 589 7529 606 10471
1900 595 8043 609 10957
2000 600 8627 611 11373
2100 601 9175 615 11825
2200 608 9656 623 12344
2300 611 10205 626 12795
2400 614 10665 631 13335
2500 617 11260 633 13740
2600 619 11746 637 14254
2700 621 12146 638 14854
2800 626 12607 644 15393
2900 629 13094 647 15906
3000 635 13591 654 16409
3100 636 14049 658 16951
3200 643 14544 661 17456
3300 645 15066 662 17934
3400 651 15602 672 18398
3500 652 16082 673 18918
3600 655 16598 675 19402
3700 657 17082 681 19918
3800 659 17599 686 20401
3900 664 18027 688 20973
4000 668 18463 691 21537
4100 672 18971 694 22029
4200 674 19541 699 22459
4300 675 20018 701 22982
4400 679 20417 702 23583
4500 682 20861 705 24139
4600 687 21402 708 24598
4700 690 22060 710 24940
4800 692 22574 713 25426
4900 696 23147 714 25853
5000 698 23659 719 26341
5100 701 24121 721 26879
5200 701 24590 721 27410
5300 707 25002 725 27998
5400 708 25485 727 28515
5500 712 26090 730 28910
5600 716 26555 733 29445
5700 719 26945 735 30055
5800 720 27563 739 30437
5900 724 28006 741 30994
6000 727 28401 744 31599
6100 730 28721 750 32279
6200 736 29155 758 32845
6300 738 29695 759 33305
6400 743 30257 765 33743
6500 745 30787 766 34213
6600 745 31315 768 34685
6700 751 31805 775 35195
6800 757 32279 780 35721
6900 759 32718 786 36282
7000 764 33221 786 36779
7100 770 33667 788 37333
7200 771 34085 794 37915
7300 774 34487 805 38513
7400 780 34919 808 39081
7500 783 35408 809 39592
7600 786 35824 812 40176
7700 792 36419 817 40581
7800 797 36928 819 41072
7900 804 37410 825 41590
8000 808 37965 828 42035
8100 810 38496 832 42504
8200 815 38971 838 43029
8300 823 39424 844 43576
8400 823 39972 848 44028
8500 826 40525 852 44475
8600 829 40938 856 45062
8700 830 41384 858 45616
8800 830 41880 860 46120
8900 837 42379 863 46621
9000 845 42873 864 47127
9100 845 43400 867 47600
9200 845 43977 869 48023
9300 847 44486 874 48514
9400 852 44997 875 49003
9500 858 45356 879 49644
9600 865 45942 885 50058
9700 869 46447 887 50553
9800 871 46974 889 51026
9900 872 47518 890 51482
10000 873 47903 890 52097
10100 873 48296 893 52704
10200 880 48682 896 53318
10300 880 49111 899 53889
10400 883 49671 903 54329
10500 884 50205 904 54795
10600 888 50717 906 55283
10700 891 51241 909 55759
10800 893 51784 915 56216
10900 897 52215 918 56785
11000 899 52644 919 57356
11100 902 53199 922 57801
11200 904 53706 922 58294
11300 908 54179 924 58821
11400 909 54589 928 59411
11500 914 55000 928 60000
11600 917 55517 932 60483
11700 920 56120 935 60880
11800 926 56631 936 61369
11900 927 57154 937 61846
12000 931 57677 941 62323
12100 937 58170 949 62830
12200 938 58819 950 63181
12300 946 59258 957 63742
12400 955 59755 961 64245
12500 957 60278 967 64722
12600 961 60769 969 65231
12700 964 61233 971 65767
12800 969 61742 976 66258
12900 971 62253 977 66747
13000 975 62648 980 67352
13100 982 63072 982 67928
13200 988 63543 983 68457
13300 993 64073 987 68927
13400 996 64585 990 69415
13500 998 65040 994 69960
13600 1001 65489 997 70511
13700 1002 65919 1002 71081
13800 1004 66240 1007 71760
13900 1010 66589 1014 72411
14000 1013 67019 1017 72981
14100 1019 67581 1022 73419
14200 1025 68148 1027 73852
14300 1030 68687 1032 74313
14400 1036 69255 1036 74745
14500 1038 69754 1037 75246
14600 1042 70267 1040 75733
14700 1048 70760 1041 76240
14800 1049 71207 1042 76793
14900 1053 71790 1047 77210
15000 1059 72270 1054 77730
15100 1062 72669 1058 78331
15200 1066 73120 1061 78880
15300 1066 73654 1062 79346
15400 1069 74189 1063 79811
15500 1074 74635 1063 80365
15600 1075 74998 1064 81002
15700 1079 75559 1072 81441
15800 1080 76084 1076 81916
15900 1080 76550 1081 82450
16000 1081 77024 1083 82976
16100 1087 77592 1087 83408
16200 1088 78156 1090 83844
16300 1091 78644 1095 84356
16400 1097 79291 1100 84709
16500 1097 79775 1103 85225
16600 1108 80341 1107 85659
16700 1113 80741 1113 86259
16800 1115 81250 1114 86750
16900 1116 81799 1118 87201
17000 1127 82280 1126 87720
17100 1131 82806 1130 88194
17200 1132 83255 1132 88745
17300 1133 83731 1135 89269
17400 1138 84233 1136 89767
17500 1140 84614 1149 90386
17600 1145 85007 1153 90993
17700 1148 85491 1156 91509
17800 1149 85899 1162 92101
17900 1155 86497 1167 92503
18000 1156 86982 1169 93018
18100 1157 87369 1171 93631
18200 1160 87972 1174 94028
18300 1161 88539 1176 94461
18400 1168 88988 1179 95012
18500 1172 89494 1183 95506
18600 1174 89962 1185 96038
18700 1175 90370 1186 96630
18800 1179 90802 1191 97198
18900 1182 91274 1193 97726
19000 1184 91754 1198 98246
19100 1185 92252 1200 98748
19200 1191 92884 1202 99116
19300 1196 93317 1206 99683
19400 1204 93786 1213 100214
19500 1212 94388 1219 100612
19600 1218 94831 1225 101169
19700 1222 95221 1225 101779
19800 1226 95532 1232 102468
19900 1231 96024 1237 102976
20000 1233 96460 1242 103540
20100 1239 96956 1245 104044
20200 1246 97372 1254 104628
20300 1252 97839 1259 105161
20400 1257 98334 1262 105666
20500 1261 98834 1266 106166
20600 1264 99273 1272 106727
20700 1267 99698 1277 107302
20800 1272 100109 1279 107891
20900 1279 100550 1285 108450
21000 1281 100921 1286 109079
21100 1286 101450 1291 109550
21200 1287 101931 1295 110069
21300 1293 102431 1301 110569
21400 1295 102969 1307 111031
21500 1297 103527 1311 111473
21600 1298 103997 1316 112003
21700 1298 104462 1319 112538
21800 1299 104970 1322 113030
21900 1304 105502 1329 113498
22000 1310 106087 1331 113913
22100 1312 106584 1333 114416
22200 1317 107099 1335 114901
22300 1321 107754 1343 115246
22400 1325 108332 1350 115668
22500 1328 108908 1355 116092
22600 1331 109472 1358 116528
22700 1332 109994 1364 117006
22800 1337 110469 1365 117531
22900 1341 110996 1370 118004
23000 1341 111482 1372 118518
23100 1342 112067 1375 118933
23200 1350 112532 1379 119468
23300 1355 113023 1385 119977
23400 1357 113587 1386 120413
23500 1360 114122 1389 120878
23600 1362 114643 1390 121357
23700 1368 115076 1393 121924
23800 1370 115524 1395 122476
23900 1375 116023 1401 122977
24000 1382 116576 1405 123424
24100 1384 117005 1408 123995
24200 1387 117462 1409 124538
24300 1389 117856 1409 125144
24400 1394 118340 1413 125660
24500 1400 118806 1418 126194
24600 1402 119359 1422 126641
24700 1404 119826 1427 127174
24800 1407 120351 1429 127649
24900 1411 120928 1432 128072
25000 1411 121518 1434 128482
25100 1415 122204 1438 128796
25200 1418 122765 1440 129235
25300 1421 123250 1442 129750
25400 1425 123710 1447 130290
25500 1428 124220 1447 130780
25600 1431 124751 1447 131249
25700 1435 125338 1450 131662
25800 1438 125861 1454 132139
25900 1441 126400 1457 132600
26000 1445 126851 1459 133149
26100 1448 127346 1459 133654
26200 1455 127729 1461 134271
26300 1456 128260 1467 134740
26400 1460 128703 1470 135297
26500 1464 129333 1470 135667
26600 1468 129695 1474 136305
26700 1469 130036 1478 136964
26800 1475 130517 1483 137483
26900 1481 130964 1487 138036
27000 1484 131624 1490 138376
27100 1487 132077 1490 138923
27200 1489 132566 1492 139434
27300 1489 133128 1495 139872
27400 1491 133559 1503 140441
27500 1496 133918 1505 141082
27600 1498 134376 1512 141624
27700 1503 134825 1514 142175
27800 1504 135301 1518 142699
27900 1513 135853 1522 143147
28000 1520 136413 1526 143587
28100 1523 136913 1532 144087
28200 1526 137413 1536 144587
28300 1527 137837 1538 145163
28400 1529 138259 1543 145741
28500 1535 138710 1549 146290
28600 1536 139184 1552 146816
28700 1539 139683 1557 147317
28800 1542 140231 1567 147769
28900 1544 140597 1568 148403
29000 1547 141042 1572 148958
29100 1550 141588 1577 149412
29200 1552 142031 1580 149969
29300 1556 142499 1584 150501
29400 1558 143026 1587 150974
29500 1564 143453 1591 151547
29600 1568 143959 1595 152041
29700 1573 144515 1605 152485
29800 1578 145140 1608 152860
29900 1582 145726 1610 153274
30000 1594 146405 1614 153595
30100 1595 146859 1618 154141
30200 1599 147360 1624 154640
30300 1602 147876 1631 155124
30400 1605 148381 1636 155619
30500 1606 148856 1640 156144
30600 1608 149414 1641 156586
30700 1613 149839 1642 157161
30800 1618 150299 1648 157701
30900 1622 150668 1653 158332
31000 1625 151194 1656 158806
31100 1626 151657 1660 159343
31200 1628 152121 1661 159879
31300 1629 152578 1663 160422
31400 1633 153084 1668 160916
31500 1637 153652 1669 161348
31600 1642 154088 1670 161912
31700 1646 154575 1676 162425
31800 1650 155023 1681 162977
31900 1655 155443 1683 163557
32000 1655 155927 1683 164073
32100 1658 156458 1684 164542
32200 1666 156788 1689 165212
32300 1668 157354 1690 165646
32400 1673 157837 1695 166163
32500 1673 158297 1700 166703
32600 1676 158833 1707 167167
32700 1682 159325 1713 167675
32800 1683 159773 1715 168227
32900 1690 160223 1718 168777
33000 1693 160647 1721 169353
33100 1697 161166 1721 169834
33200 1702 161576 1723 170424
33300 1710 162215 1724 170785
33400 1714 162766 1726 171234
33500 1717 163251 1730 171749
33600 1719 163783 1734 172217
33700 1721 164289 1738 172711
33800 1721 164772 1740 173228
33900 1724 165217 1743 173783
34000 1726 165793 1747 174207
34100 1733 166458 1758 174542
34200 1734 167069 1761 174931
34300 1735 167545 1763 175455
34400 1746 167999 1770 176001
34500 1752 168394 1776 176606
34600 1755 168939 1779 177061
34700 1761 169433 1781 177567
34800 1765 170052 1784 177948
34900 1770 170587 1791 178413
35000 1776 171016 1797 178984
35100 1778 171551 1802 179449
35200 1781 171948 1805 180052
35300 1786 172333 1813 180667
35400 1788 172877 1813 181123
35500 1793 173386 1815 181614
35600 1798 173973 1824 182027
35700 1801 174515 1825 182485
35800 1802 175022 1829 182978
35900 1803 175611 1833 183389
36000 1806 176010 1833 183990
36100 1807 176533 1836 184467
36200 1807 177098 1840 184902
36300 1810 177760 1844 185240
36400 1813 178291 1846 185709
36500 1817 178830 1850 186170
36600 1818 179308 1854 186692
36700 1821 179793 1857 187207
36800 1825 180181 1858 187819
36900 1826 180702 1861 188298
37000 1828 181167 1866 188833
37100 1833 181686 1870 189314
37200 1839 182115 1872 189885
37300 1841 182553 1877 190447
37400 1847 183109 1883 190891
37500 1851 183574 1887 191426
37600 1853 184095 1889 191905
37700 1855 184634 1893 192366
37800 1858 185083 1893 192917
37900 1863 185530 1895 193470
38000 1864 185913 1896 194087
38100 1867 186389 1898 194611
38200 1868 186877 1901 195123
38300 1869 187369 1905 195631
38400 1874 187863 1907 196137
38500 1882 188420 1912 196580
38600 1884 188822 1914 197178
38700 1887 189370 1918 197630
38800 1890 189930 1922 198070
38900 1896 190450 1926 198550
39000 1901 190892 1931 199108
39100 1904 191399 1932 199601
39200 1909 192004 1933 199996
39300 1911 192478 1938 200522
39400 1915 192878 1941 201122
39500 1917 193426 1945 201574
39600 1919 193868 1946 202132
39700 1925 194297 1951 202703
39800 1932 194731 1951 203269
39900 1933 195237 1953 203763
40000 1933 195685 1958 204315
40100 1936 196115 1959 204885
40200 1942 196526 1964 205474
40300 1943 197040 1965 205960
40400 1946 197528 1969 206472
40500 1951 197964 1972 207036
40600 1955 198420 1975 207580
40700 1956 198913 1980 208087
40800 1963 199409 1983 208591
40900 1965 199945 1986 209055
41000 1966 200463 1991 209537
41100 1967 201035 1995 209965
41200 1969 201469 2001 210531
41300 1973 201935 2003 211065
41400 1978 202450 2007 211550
41500 1985 203037 2010 211963
41600 1988 203619 2012 212381
41700 1992 204152 2015 212848
41800 1997 204646 2016 213354
41900 2000 205084 2023 213916
42000 2003 205593 2023 214407
42100 2005 206188 2027 214812
42200 2007 206736 2032 215264
42300 2009 207251 2037 215749
42400 2015 207682 2040 216318
42500 2019 208165 2043 216835
42600 2021 208675 2048 217325
42700 2025 209156 2049 217844
42800 2027 209635 2052 218365
42900 2032 210115 2052 218885
43000 2032 210570 2053 219430
43100 2035 211136 2056 219864
43200 2038 211569 2061 220431
43300 2040 212073 2065 220927
43400 2043 212588 2072 221412
43500 2046 213007 2075 221993
43600 2054 213683 2082 222317
43700 2057 214170 2085 222830
43800 2062 214681 2086 223319
43900 2063 215221 2086 223779
44000 2065 215801 2090 224199
44100 2069 216329 2094 224671
44200 2070 216822 2097 225178
44300 2077 217355 2101 225645
44400 2082 217857 2102 226143
44500 2085 218408 2105 226592
44600 2089 218951 2108 227049
44700 2092 219579 2109 227421
44800 2095 220128 2112 227872
44900 2098 220551 2118 228449
45000 2098 221026 2121 228974
45100 2103 221413 2126 229587
45200 2110 222000 2130 230000
45300 2111 222579 2131 230421
45400 2113 223055 2136 230945
45500 2114 223499 2140 231501
45600 2117 224030 2143 231970
45700 2120 224531 2148 232469
45800 2120 224900 2151 233100
45900 2125 225385 2158 233615
46000 2126 225808 2165 234192
46100 2128 226165 2170 234835
46200 2132 226655 2175 235345
46300 2135 227126 2179 235874
46400 2143 227501 2188 236499
46500 2152 228043 2196 236957
46600 2161 228563 2200 237437
46700 2164 229035 2206 237965
46800 2166 229492 2211 238508
46900 2174 229920 2214 239080
47000 2178 230469 2219 239531
47100 2180 231053 2224 239947
47200 2182 231530 2228 240470
47300 2187 232066 2232 240934
47400 2189 232569 2235 241431
47500 2192 233092 2238 241908
47600 2194 233539 2246 242461
47700 2196 234068 2247 242932
47800 2204 234570 2249 243430
47900 2206 235082 2253 243918
48000 2211 235499 2258 244501
48100 2217 236007 2262 244993
48200 2219 236513 2272 245487
48300 2225 237147 2277 245853
48400 2228 237754 2282 246246
48500 2230 238285 2286 246715
48600 2234 238738 2289 247262
48700 2235 239190 2293 247810
48800 2239 239687 2297 248313
48900 2240 240245 2302 248755
49000 2240 240704 2306 249296
49100 2245 241276 2307 249724
49200 2253 241786 2310 250214
49300 2259 242180 2317 250820
49400 2265 242632 2319 251368
49500 2267 243142 2323 251858
49600 2272 243575 2328 252425
49700 2276 244006 2336 252994
49800 2277 244445 2340 253555
49900 2281 244889 2345 254111
50000 2288 245358 2348 254642
50100 2291 245894 2354 255106
50200 2294 246327 2359 255673
50300 2296 246783 2362 256217
50400 2298 247283 2364 256717
50500 2303 247727 2368 257273
50600 2312 248152 2374 257848
50700 2314 248696 2376 258304
50800 2319 249305 2380 258695
50900 2320 249806 2386 259194
51000 2323 250209 2386 259791
51100 2328 250757 2388 260243
51200 2330 251410 2391 260590
51300 2331 251823 2393 261177
51400 2334 252397 2398 261603
51500 2336 253034 2406 261966
51600 2336 253482 2407 262518
51700 2338 253929 2408 263071
51800 2341 254410 2412 263590
51900 2346 254976 2421 264024
52000 2350 255526 2425 264474
52100 2356 256040 2427 264960
52200 2360 256524 2428 265476
52300 2366 256995 2432 266005
52400 2367 257616 2434 266384
52500 2368 258103 2436 266897
52600 2372 258616 2440 267384
52700 2374 259065 2449 267935
52800 2375 259570 2452 268430
52900 2377 260063 2453 268937
53000 2380 260468 2457 269532
53100 2381 260987 2457 270013
53200 2384 261550 2458 270450
53300 2386 262054 2462 270946
53400 2387 262521 2465 271479
53500 2390 262891 2466 272109
53600 2395 263284 2474 272716
53700 2400 263740 2480 273260
53800 2407 264197 2483 273803
53900 2409 264776 2486 274224
54000 2417 265255 2491 274745
54100 2419 265732 2495 275268
54200 2422 266280 2498 275720
54300 2426 266733 2501 276267
54400 2428 267202 2504 276798
54500 2434 267697 2506 277303
54600 2444 268185 2510 277815
54700 2446 268770 2514 278230
54800 2452 269247 2516 278753
54900 2458 269674 2521 279326
55000 2466 270134 2525 279866
55100 2468 270690 2530 280310
55200 2474 271224 2535 280776
55300 2479 271852 2539 281148
55400 2483 272382 2545 281618
55500 2491 272797 2553 282203
55600 2494 273289 2557 282711
55700 2499 273684 2559 283316
55800 2503 274226 2562 283774
55900 2506 274707 2564 284293
56000 2514 275191 2568 284809
56100 2517 275657 2569 285343
56200 2522 276039 2572 285961
56300 2528 276567 2578 286433
56400 2530 277178 2580 286822
56500 2530 277658 2583 287342
56600 2533 278129 2586 287871
56700 2534 278536 2588 288464
56800 2539 279057 2596 288943
56900 2539 279574 2598 289426
57000 2540 280060 2599 289940
57100 2544 280527 2606 290473
57200 2546 280931 2608 291069
57300 2550 281386 2611 291614
57400 2552 281881 2614 292119
57500 2557 282372 2618 292628
57600 2561 282815 2622 293185
57700 2564 283342 2622 293658
57800 2568 283852 2624 294148
57900 2568 284359 2629 294641
58000 2575 284877 2639 295123
58100 2579 285379 2645 295621
58200 2582 285980 2650 296020
58300 2585 286513 2654 296487
58400 2589 287034 2658 296966
58500 2592 287614 2664 297386
58600 2594 288039 2666 297961
58700 2598 288481 2670 298519
58800 2601 288945 2672 299055
58900 2602 289513 2673 299487
59000 2606 289969 2676 300031
59100 2616 290411 2681 300589
59200 2618 290853 2684 301147
59300 2626 291363 2686 301637
59400 2631 291805 2689 302195
59500 2636 292395 2693 302605
59600 2641 292933 2702 303067
59700 2646 293380 2706 303620
59800 2648 294011 2710 303989
59900 2649 294428 2711 304572
60000 2651 294871 2713 305129
60100 2655 295399 2717 305601
60200 2657 295908 2721 306092
60300 2657 296511 2723 306489
60400 2660 297000 2725 307000
60500 2662 297497 2728 307503
60600 2665 297897 2732 308103
60700 2669 298373 2736 308627
60800 2675 298881 2742 309119
60900 2682 299426 2747 309574
61000 2683 299814 2749 310186
61100 2687 300204 2752 310796
61200 2698 300653 2757 311347
61300 2698 301225 2760 311775
61400 2702 301747 2762 312253
61500 2708 302229 2767 312771
61600 2711 302693 2768 313307
61700 2716 303233 2772 313767
61800 2721 303634 2775 314366
61900 2726 304164 2780 314836
62000 2728 304529 2782 315471
62100 2730 305075 2786 315925
62200 2734 305554 2787 316446
62300 2737 306074 2789 316926
62400 2744 306700 2792 317300
62500 2747 307237 2794 317763
62600 2747 307717 2794 318283
62700 2752 308343 2798 318657
62800 2756 308876 2800 319124
62900 2761 309346 2804 319654
63000 2763 309890 2813 320110
63100 2766 310404 2814 320596
63200 2772 310975 2824 321025
63300 2774 311516 2827 321484
63400 2777 312081 2829 321919
63500 2779 312465 2830 322535
63600 2783 312957 2832 323043
63700 2784 313427 2833 323573
63800 2789 313879 2841 324121
63900 2794 314412 2843 324588
64000 2798 314974 2846 325026
64100 2802 315424 2850 325576
64200 2805 315936 2857 326064
64300 2809 316311 2859 326689
64400 2812 316822 2864 327178
64500 2813 317322 2870 327678
64600 2816 317819 2872 328181
64700 2819 318390 2876 328610
64800 2822 318871 2886 329129
64900 2826 319370 2893 329630
65000 2830 319838 2898 330162
65100 2831 320303 2900 330697
65200 2834 320771 2902 331229
65300 2837 321319 2904 331681
65400 2842 321854 2910 332146
65500 2845 322256 2916 332744
65600 2852 322694 2922 333306
65700 2857 323225 2927 333775
65800 2859 323710 2929 334290
65900 2864 324235 2933 334765
66000 2867 324692 2937 335308
66100 2871 325192 2942 335808
66200 2875 325676 2944 336324
66300 2878 326357 2946 336643
66400 2883 326807 2948 337193
66500 2883 327176 2951 337824
66600 2886 327526 2953 338474
66700 2890 328007 2958 338993
66800 2892 328436 2961 339564
66900 2895 328830 2961 340170
67000 2898 329289 2964 340711
67100 2902 329760 2968 341240
67200 2904 330169 2974 341831
67300 2905 330622 2975 342378
67400 2907 331123 2977 342877
67500 2911 331617 2980 343383
67600 2911 332092 2981 343908
67700 2914 332579 2984 344421
67800 2918 333041 2985 344959
67900 2923 333553 2987 345447
68000 2928 334063 2993 345937
68100 2932 334622 2994 346378
68200 2939 335217 2998 346783
68300 2946 335770 3004 347230
68400 2951 336247 3007 347753
68500 2955 336775 3011 348225
68600 2959 337219 3013 348781
68700 2963 337678 3016 349322
68800 2967 338287 3019 349713
68900 2971 338758 3022 350242
69000 2975 339327 3025 350673
69100 2977 339907 3031 351093
69200 2984 340219 3033 351781
69300 2988 340790 3040 352210
69400 2992 341388 3046 352612
69500 2994 341953 3047 353047
69600 2997 342663 3049 353337
69700 3001 342986 3051 354014
69800 3006 343333 3055 354667
69900 3007 343881 3056 355119
70000 3011 344287 3060 355713
70100 3016 344682 3063 356318
70200 3019 345162 3064 356838
70300 3021 345548 3068 357452
70400 3025 346031 3075 357969
70500 3030 346451 3080 358549
70600 3035 346855 3085 359145
70700 3038 347257 3089 359743
70800 3048 347701 3091 360299
70900 3052 348227 3093 360773
71000 3053 348614 3098 361386
71100 3056 349071 3103 361929
71200 3061 349555 3109 362445
71300 3065 350080 3114 362920
71400 3067 350658 3118 363342
71500 3070 351207 3122 363793
71600 3071 351758 3124 364242
71700 3074 352273 3128 364727
71800 3076 352752 3133 365248
71900 3080 353320 3134 365680
72000 3084 353694 3139 366306
72100 3084 354140 3144 366860
72200 3090 354595 3147 367405
72300 3093 355111 3149 367889
72400 3098 355610 3151 368390
72500 3101 356054 3152 368946
72600 3108 356626 3158 369374
72700 3110 357134 3161 369866
72800 3115 357667 3162 370333
72900 3117 358143 3163 370857
73000 3121 358660 3166 371340
73100 3122 359193 3166 371807
73200 3125 359759 3169 372241
73300 3133 360338 3174 372662
73400 3134 360902 3176 373098
73500 3137 361500 3184 373500
73600 3137 362100 3189 373900
73700 3138 362656 3193 374344
73800 3140 363117 3196 374883
73900 3144 363594 3198 375406
74000 3147 364032 3202 375968
74100 3152 364531 3211 376469
74200 3155 365031 3214 376969
74300 3159 365465 3215 377535
74400 3167 365934 3220 378066
74500 3174 366435 3224 378565
74600 3177 366883 3228 379117
74700 3181 367468 3236 379532
74800 3184 367978 3239 380022
74900 3187 368466 3242 380534
75000 3188 369030 3245 380970
75100 3189 369622 3247 381378
75200 3194 370051 3248 381949
75300 3196 370598 3254 382402
75400 3203 371082 3263 382918
75500 3204 371603 3267 383397
75600 3212 372120 3272 383880
75700 3215 372607 3276 384393
75800 3219 373193 3281 384807
75900 3225 373756 3284 385244
76000 3228 374324 3286 385676
76100 3237 374732 3288 386268
76200 3241 375252 3293 386748
76300 3242 375586 3298 387414
76400 3244 376062 3304 387938
76500 3246 376519 3307 388481
76600 3248 377028 3314 388972
76700 3254 377575 3321 389425
76800 3256 378098 3324 389902
76900 3261 378647 3326 390353
77000 3263 379225 3331 390775
77100 3264 379636 3340 391364
77200 3272 380181 3348 391819
77300 3274 380762 3354 392238
77400 3277 381344 3364 392656
77500 3282 381874 3371 393126
77600 3285 382383 3372 393617
77700 3286 382784 3372 394216
77800 3291 383216 3377 394784
77900 3301 383653 3385 395347
78000 3303 384160 3387 395840
78100 3306 384698 3392 396302
78200 3312 385208 3396 396792
78300 3314 385679 3399 397321
78400 3321 386152 3406 397848
78500 3327 386689 3409 398311
78600 3335 387169 3411 398831
78700 3340 387654 3418 399346
78800 3344 388248 3421 399752
78900 3347 388586 3425 400414
79000 3350 389038 3429 400962
79100 3353 389536 3433 401464
79200 3357 390010 3439 401990
79300 3361 390448 3442 402552
79400 3366 390885 3445 403115
79500 3369 391402 3452 403598
79600 3371 391809 3454 404191
79700 3378 392269 3456 404731
79800 3386 392738 3459 405262
79900 3390 393208 3465 405792
80000 3394 393734 3468 406266
80100 3400 394211 3471 406789
80200 3402 394573 3477 407427
80300 3404 395063 3477 407937
80400 3405 395655 3479 408345
80500 3407 396077 3479 408923
80600 3412 396595 3483 409405
80700 3416 397132 3485 409868
80800 3421 397608 3487 410392
80900 3422 397984 3490 411016
81000 3425 398529 3491 411471
81100 3428 399052 3493 411948
81200 3430 399549 3494 412451
81300 3437 399999 3499 413001
81400 3443 400627 3505 413373
81500 3445 401122 3510 413878
81600 3451 401604 3517 414396
81700 3456 402131 3518 414869
81800 3460 402580 3523 415420
81900 3462 403065 3528 415935
82000 3462 403594 3530 416406
82100 3465 404124 3533 416876
82200 3466 404620 3535 417380
82300 3467 405065 3541 417935
82400 3470 405551 3543 418449
82500 3475 406039 3547 418961
82600 3476 406586 3548 419414
82700 3481 407141 3556 419859
82800 3484 407801 3563 420199
82900 3486 408302 3566 420698
83000 3492 408844 3573 421156
83100 3500 409422 3580 421578
83200 3506 409864 3586 422136
83300 3516 410294 3592 422706
83400 3519 410761 3593 423239
83500 3524 411231 3596 423769
83600 3532 411702 3599 424298
83700 3534 412194 3604 424806
83800 3536 412688 3604 425312
83900 3538 413328 3607 425672
84000 3540 413933 3609 426067
84100 3542 414330 3613 426670
84200 3547 414772 3616 427228
84300 3552 415273 3629 427727
84400 3559 415815 3637 428185
84500 3563 416261 3641 428739
84600 3565 416742 3643 429258
84700 3570 417224 3646 429776
84800 3572 417656 3657 430344
84900 3575 418206 3659 430794
85000 3576 418705 3660 431295
85100 3582 419350 3660 431650
85200 3583 419770 3661 432230
85300 3583 420256 3661 432744
85400 3584 420714 3668 433286
85500 3586 421169 3673 433831
85600 3588 421665 3678 434335
85700 3592 422041 3682 434959
85800 3599 422535 3687 435465
85900 3603 422981 3691 436019
86000 3606 423459 3695 436541
86100 3607 423980 3696 437020
86200 3609 424464 3698 437536
86300 3615 425023 3705 437977
86400 3616 425457 3708 438543
86500 3622 425869 3716 439131
86600 3628 426326 3721 439674
86700 3633 426734 3725 440266
86800 3638 427149 3727 440851
86900 3640 427636 3731 441364
87000 3642 428139 3735 441861
87100 3642 428664 3738 442336
87200 3647 429112 3743 442888
87300 3654 429660 3752 443340
87400 3657 430217 3756 443783
87500 3660 430760 3758 444240
87600 3662 431287 3759 444713
87700 3669 431865 3762 445135
87800 3672 432368 3765 445632
87900 3675 432887 3768 446113
88000 3680 433393 3770 446607
88100 3685 433879 3776 447121
88200 3686 434349 3777 447651
88300 3690 434862 3781 448138
88400 3697 435431 3787 448569
88500 3701 435905 3790 449095
88600 3701 436369 3794 449631
88700 3705 436782 3796 450218
88800 3705 437304 3799 450696
88900 3711 437806 3802 451194
89000 3712 438311 3803 451689
89100 3713 438672 3807 452328
89200 3716 439210 3810 452790
89300 3719 439674 3815 453326
89400 3722 440087 3819 453913
89500 3722 440477 3820 454523
89600 3730 440966 3826 455034
89700 3735 441487 3832 455513
89800 3739 441980 3836 456020
89900 3744 442440 3840 456560
90000 3746 443008 3841 456992
90100 3747 443511 3843 457489
90200 3752 443982 3846 458018
90300 3756 444402 3848 458598
90400 3756 444895 3852 459105
90500 3758 445416 3858 459584
90600 3762 445916 3859 460084
90700 3770 446394 3861 460606
90800 3775 446871 3862 461129
90900 3780 447319 3865 461681
91000 3785 447875 3868 462125
91100 3786 448343 3868 462657
91200 3787 448876 3870 463124
91300 3789 449409 3875 463591
91400 3793 449841 3878 464159
91500 3796 450294 3882 464706
91600 3796 450738 3892 465262
91700 3797 451127 3901 465873
91800 3802 451523 3907 466477
91900 3806 452012 3909 466988
92000 3809 452488 3916 467512
92100 3818 452901 3920 468099
92200 3823 453383 3928 468617
92300 3828 454063 3933 468937
92400 3829 454557 3938 469443
92500 3832 455038 3945 469962
92600 3835 455482 3951 470518
92700 3838 455874 3952 471126
92800 3841 456320 3953 471680
92900 3846 456750 3954 472250
93000 3852 457317 3958 472683
93100 3853 457872 3960 473128
93200 3854 458387 3962 473613
93300 3856 458933 3964 474067
93400 3856 459443 3967 474557
93500 3858 459988 3972 475012
93600 3864 460454 3979 475546
93700 3870 460875 3984 476125
93800 3874 461367 3985 476633
93900 3877 461754 3989 477246
94000 3880 462117 3991 477883
94100 3883 462617 3995 478383
94200 3886 463188 3999 478812
94300 3891 463590 4000 479410
94400 3894 463987 4005 480013
94500 3895 464490 4011 480510
94600 3897 465041 4015 480959
94700 3900 465582 4020 481418
94800 3903 466046 4023 481954
94900 3907 466480 4026 482520
95000 3909 466979 4028 483021
95100 3913 467602 4031 483398
95200 3918 468083 4032 483917
95300 3918 468542 4035 484458
95400 3919 468962 4036 485038
95500 3923 469481 4041 485519
95600 3925 469953 4044 486047
95700 3929 470481 4048 486519
95800 3932 470944 4050 487056
95900 3935 471371 4055 487629
96000 3936 471838 4058 488162
96100 3946 472249 4060 488751
96200 3950 472707 4063 489293
96300 3954 473159 4070 489841
96400 3962 473670 4072 490330
96500 3963 474225 4077 490775
96600 3965 474827 4080 491173
96700 3967 475369 4083 491631
96800 3969 475799 4087 492201
96900 3972 476295 4089 492705
97000 3977 476811 4096 493189
97100 3981 477346 4098 493654
97200 3983 477860 4098 494140
97300 3984 478360 4103 494640
97400 3990 478893 4105 495107
97500 3994 479253 4110 495747
97600 4000 479725 4116 496275
97700 4007 480189 4120 496811
97800 4009 480694 4125 497306
97900 4016 481155 4129 497845
98000 4019 481577 4132 498423
98100 4022 482009 4134 498991
98200 4024 482540 4141 499460
98300 4027 482985 4144 500015
98400 4033 483513 4146 500487
98500 4036 484106 4154 500894
98600 4042 484521 4158 501479
98700 4044 485058 4166 501942
98800 4047 485602 4169 502398
98900 4047 486017 4169 502983
99000 4053 486448 4179 503552
99100 4056 486808 4180 504192
99200 4059 487276 4181 504724
99300 4062 487780 4183 505220
99400 4065 488233 4185 505767
99500 4069 488734 4190 506266
99600 4072 489259 4194 506741
99700 4078 489746 4201 507254
99800 4081 490252 4204 507748
99900 4083 490734 4206 508266
100000 4086 491350 4207 508650
100100 4091 491878 4209 509122
100200 4098 492387 4217 509613
100300 4099 492934 4219 510066
100400 4102 493372 4220 510628
100500 4104 493950 4224 511050
100600 4105 494567 4226 511433
100700 4108 495128 4228 511872
100800 4111 495577 4231 512423
100900 4115 496041 4235 512959
101000 4118 496583 4239 513417
101100 4122 497127 4244 513873
101200 4126 497623 4251 514377
101300 4130 498058 4255 514942
101400 4137 498541 4260 515459
101500 4144 499067 4263 515933
101600 4148 499493 4266 516507
101700 4153 499986 4267 517014
101800 4156 500479 4270 517521
101900 4158 500966 4277 518034
102000 4163 501479 4281 518521
102100 4168 501934 4287 519066
102200 4172 502411 4293 519589
102300 4174 502938 4297 520062
102400 4174 503394 4299 520606
102500 4174 503843 4301 521157
102600 4178 504284 4306 521716
102700 4189 504796 4306 522204
102800 4194 505319 4309 522681
102900 4199 505843 4312 523157
103000 4207 506221 4316 523779
103100 4209 506654 4321 524346
103200 4213 507019 4328 524981
103300 4219 507477 4330 525523
103400 4221 508044 4332 525956
103500 4225 508550 4335 526450
103600 4229 509031 4339 526969
103700 4232 509571 4343 527429
103800 4237 510140 4347 527860
103900 4243 510723 4350 528277
104000 4245 511273 4351 528727
104100 4246 511840 4352 529160
104200 4250 512400 4354 529600
104300 4254 512876 4358 530124
104400 4256 513392 4365 530608
104500 4259 513917 4368 531083
104600 4261 514498 4370 531502
104700 4264 514996 4373 532004
104800 4273 515566 4378 532434
104900 4275 516081 4380 532919
105000 4277 516645 4387 533355
105100 4278 517102 4388 533898
105200 4279 517600 4390 534400
105300 4280 518099 4390 534901
105400 4284 518631 4391 535369
105500 4284 519175 4393 535825
105600 4290 519700 4395 536300
105700 4296 520253 4402 536747
105800 4298 520818 4407 537182
105900 4308 521289 4409 537711
106000 4312 521676 4412 538324
106100 4313 522140 4416 538860
106200 4321 522743 4421 539257
106300 4326 523259 4426 539741
106400 4333 523807 4433 540193
106500 4340 524302 4436 540698
106600 4344 524754 4437 541246
106700 4346 525332 4441 541668
106800 4350 525803 4445 542197
106900 4354 526261 4447 542739
107000 4363 526720 4449 543280
107100 4366 527179 4452 543821
107200 4368 527836 4458 544164
107300 4369 528243 4461 544757
107400 4371 528704 4463 545296
107500 4378 529044 4468 545956
107600 4380 529524 4471 546476
107700 4381 530053 4475 546947
107800 4384 530587 4479 547413
107900 4387 531037 4484 547963
108000 4396 531557 4488 548443
108100 4400 532036 4495 548964
108200 4405 532440 4497 549560
108300 4409 532875 4498 550125
108400 4413 533404 4500 550596
108500 4415 533894 4503 551106
108600 4419 534299 4508 551701
108700 4423 534662 4510 552338
108800 4426 535020 4516 552980
108900 4428 535588 4518 553412
109000 4433 536101 4523 553899
109100 4438 536565 4528 554435
109200 4439 537121 4531 554879
109300 4445 537724 4535 555276
109400 4445 538088 4539 555912
109500 4449 538676 4541 556324
109600 4455 539261 4549 556739
109700 4457 539692 4551 557308
109800 4467 540214 4557 557786
109900 4473 540716 4559 558284
110000 4475 541108 4562 558892
110100 4480 541660 4565 559340
110200 4483 542164 4570 559836
110300 4483 542583 4574 560417
110400 4486 543066 4576 560934
110500 4490 543623 4579 561377
110600 4494 544184 4585 561816
110700 4499 544768 4591 562232
110800 4507 545342 4603 562658
110900 4512 545839 4606 563161
111000 4515 546494 4611 563506
111100 4518 546992 4617 564008
111200 4522 547453 4619 564547
111300 4524 547758 4623 565242
111400 4526 548194 4628 565806
111500 4527 548825 4632 566175
111600 4531 549278 4633 566722
111700 4533 549741 4636 567259
111800 4537 550178 4638 567822
111900 4539 550736 4639 568264
112000 4545 551221 4644 568779
112100 4552 551680 4646 569320
112200 4555 552184 4647 569816
112300 4559 552763 4651 570237
112400 4560 553209 4652 570791
112500 4564 553613 4659 571387
112600 4568 554119 4660 571881
112700 4570 554534 4664 572466
112800 4574 555009 4665 572991
112900 4577 555504 4668 573496
113000 4580 556009 4670 573991
113100 4580 556529 4674 574471
113200 4583 557012 4678 574988
113300 4586 557587 4681 575413
113400 4590 558084 4685 575916
113500 4592 558606 4688 576394
113600 4595 559183 4689 576817
113700 4599 559634 4691 577366
113800 4602 560138 4691 577862
113900 4603 560651 4694 578349
114000 4610 561086 4697 578914
114100 4618 561509 4704 579491
114200 4618 562037 4708 579963
114300 4623 562575 4712 580425
114400 4624 563101 4714 580899
114500 4625 563507 4715 581493
114600 4628 564042 4717 581958
114700 4629 564533 4720 582467
114800 4630 564968 4721 583032
114900 4632 565387 4724 583613
115000 4634 565937 4730 584063
115100 4637 566311 4734 584689
115200 4645 566936 4738 585064
115300 4646 567466 4740 585534
115400 4651 567924 4744 586076
115500 4657 568396 4750 586604
115600 4663 568950 4752 587050
115700 4669 569391 4756 587609
115800 4673 569907 4757 588093
115900 4677 570390 4761 588610
116000 4680 570877 4764 589123
116100 4682 571367 4765 589633
116200 4688 571874 4768 590126
116300 4696 572283 4772 590717
116400 4698 572799 4777 591201
116500 4699 573343 4779 591657
116600 4700 573844 4784 592156
116700 4702 574438 4791 592562
116800 4707 575070 4797 592930
116900 4709 575613 4797 593387
117000 4713 576155 4802 593845
117100 4721 576660 4807 594340
117200 4724 577165 4809 594835
117300 4727 577575 4813 595425
117400 4728 577926 4817 596074
117500 4736 578453 4824 596547
117600 4739 579115 4829 596885
117700 4743 579521 4835 597479
117800 4747 580002 4840 597998
117900 4753 580445 4847 598555
118000 4759 580911 4850 599089
118100 4761 581377 4855 599623
118200 4762 581943 4861 600057
118300 4765 582419 4871 600581
118400 4766 582980 4874 601020
118500 4771 583596 4880 601404
118600 4777 584171 4883 601829
118700 4779 584730 4884 602270
118800 4784 585404 4892 602596
118900 4787 585989 4898 603011
119000 4790 586569 4903 603431
119100 4792 587101 4906 603899
119200 4796 587664 4908 604336
119300 4799 588217 4915 604783
119400 4803 588679 4915 605321
119500 4808 589131 4924 605869
119600 4813 589582 4934 606418
119700 4813 590036 4941 606964
119800 4818 590457 4947 607543
119900 4821 591018 4953 607982
120000 4821 591474 4954 608526
120100 4823 591986 4958 609014
120200 4823 592482 4961 609518
120300 4826 592935 4965 610065
120400 4829 593337 4966 610663
120500 4838 593852 4968 611148
120600 4839 594319 4970 611681
120700 4840 594799 4974 612201
120800 4844 595407 4980 612593
120900 4845 595961 4986 613039
121000 4847 596547 4989 613453
121100 4851 597087 4993 613913
121200 4854 597621 4995 614379
121300 4855 598101 4998 614899
121400 4855 598541 4999 615459
121500 4860 598982 5000 616018
121600 4864 599516 5003 616484
121700 4865 600034 5005 616966
121800 4870 600602 5010 617398
121900 4873 601125 5013 617875
122000 4876 601553 5013 618447
122100 4879 602035 5018 618965
122200 4885 602691 5025 619309
122300 4887 603235 5029 619765
122400 4892 603773 5031 620227
122500 4902 604227 5032 620773
122600 4908 604727 5040 621273
122700 4912 605253 5043 621747
122800 4916 605668 5047 622332
122900 4920 606203 5048 622797
123000 4922 606721 5050 623279
123100 4929 607277 5051 623723
123200 4933 607853 5055 624147
123300 4937 608404 5056 624596
123400 4943 608941 5060 625059
123500 4951 609471 5065 625529
123600 4961 609956 5068 626044
123700 4966 610416 5070 626584
123800 4969 610841 5071 627159
123900 4976 611329 5076 627671
124000 4982 611812 5079 628188
124100 4983 612401 5081 628599
124200 4986 612946 5090 629054
124300 4986 613454 5094 629546
124400 4986 613920 5096 630080
124500 4990 614530 5101 630470
124600 4994 615103 5105 630897
124700 5002 615702 5108 631298
124800 5004 616312 5112 631688
124900 5008 616825 5118 632175
125000 5016 617254 5126 632746
125100 5018 617781 5130 633219
125200 5022 618267 5131 633733
125300 5026 618832 5135 634168
125400 5029 619255 5137 634745
125500 5032 619739 5139 635261
125600 5035 620146 5142 635854
125700 5039 620589 5145 636411
125800 5042 621130 5148 636870
125900 5047 621574 5150 637426
126000 5049 622118 5152 637882
126100 5055 622688 5156 638312
126200 5059 623086 5160 638914
126300 5064 623532 5164 639468
126400 5064 623965 5168 640035
126500 5066 624455 5169 640545
126600 5073 625022 5177 640978
126700 5077 625530 5178 641470
126800 5079 626059 5180 641941
126900 5083 626585 5183 642415
127000 5087 627143 5189 642857
127100 5090 627630 5191 643370
127200 5090 628027 5196 643973
127300 5096 628557 5202 644443
127400 5097 629030 5207 644970
127500 5099 629497 5207 645503
127600 5101 629950 5208 646050
127700 5107 630529 5210 646471
127800 5110 630993 5211 647007
127900 5118 631567 5220 647433
128000 5122 632042 5221 647958
128100 5124 632564 5225 648436
128200 5125 632960 5228 649040
128300 5125 633431 5231 649569
128400 5127 633892 5233 650108
128500 5133 634310 5238 650690
128600 5136 634834 5242 651166
128700 5137 635358 5247 651642
128800 5139 635873 5255 652127
128900 5141 636346 5255 652654
129000 5144 636809 5257 653191
129100 5149 637309 5265 653691
129200 5151 637668 5267 654332
129300 5156 638215 5268 654785
129400 5157 638765 5274 655235
129500 5160 639256 5279 655744
129600 5166 639653 5280 656347
129700 5167 640082 5283 656918
129800 5178 640690 5288 657310
129900 5184 641097 5295 657903
130000 5184 641448 5300 658552
130100 5187 641846 5300 659154
130200 5194 642375 5303 659625
130300 5199 642883 5309 660117
130400 5200 643421 5313 660579
130500 5205 643990 5317 661010
130600 5210 644478 5318 661522
130700 5212 644913 5323 662087
130800 5217 645414 5331 662586
130900 5220 645836 5336 663164
131000 5223 646263 5341 663737
131100 5226 646755 5344 664245
131200 5227 647308 5349 664692
131300 5233 647765 5354 665235
131400 5234 648223 5356 665777
131500 5238 648702 5359 666298
131600 5244 649121 5366 666879
131700 5248 649656 5369 667344
131800 5253 650210 5371 667790
131900 5261 650744 5376 668256
132000 5263 651139 5377 668861
132100 5267 651674 5378 669326
132200 5272 652202 5381 669798
132300 5277 652653 5383 670347
132400 5279 653101 5385 670899
132500 5283 653542 5388 671458
132600 5287 654148 5390 671852
132700 5290 654656 5393 672344
132800 5291 655231 5397 672769
132900 5293 655718 5399 673282
133000 5299 656183 5399 673817
133100 5306 656682 5403 674318
133200 5308 657087 5406 674913
133300 5310 657559 5412 675441
133400 5314 658140 5414 675860
133500 5321 658666 5419 676334
133600 5325 659204 5422 676796
133700 5330 659783 5425 677217
133800 5334 660291 5427 677709
133900 5336 660894 5430 678106
134000 5338 661482 5437 678518
134100 5342 661962 5439 679038
134200 5351 662465 5444 679535
134300 5356 662973 5444 680027
134400 5362 663575 5447 680425
134500 5366 664122 5451 680878
134600 5368 664602 5455 681398
134700 5375 665082 5462 681918
134800 5378 665636 5472 682364
134900 5383 666130 5475 682870
135000 5390 666536 5480 683464
135100 5398 667066 5481 683934
135200 5401 667655 5485 684345
135300 5405 668183 5488 684817
135400 5407 668671 5493 685329
135500 5411 669118 5503 685882
135600 5416 669543 5506 686457
135700 5421 669994 5511 687006
135800 5428 670406 5515 687594
135900 5432 670917 5517 688083
136000 5433 671357 5518 688643
136100 5440 671912 5522 689088
136200 5443 672303 5524 689697
136300 5449 672813 5525 690187
136400 5455 673323 5528 690677
136500 5459 673828 5536 691172
136600 5467 674450 5541 691550
136700 5469 674842 5543 692158
136800 5472 675374 5544 692626
136900 5473 675891 5547 693109
137000 5479 676422 5550 693578
137100 5482 676908 5553 694092
137200 5486 677432 5556 694568
137300 5487 677966 5559 695034
137400 5488 678480 5562 695520
137500 5492 678956 5564 696044
137600 5495 679514 5568 696486
137700 5499 680001 5568 696999
137800 5500 680559 5574 697441
137900 5501 681042 5577 697958
138000 5502 681684 5580 698316
138100 5506 682363 5585 698637
138200 5511 682898 5590 699102
138300 5512 683379 5594 699621
138400 5520 683833 5599 700167
138500 5522 684316 5604 700684
138600 5529 684884 5607 701116
138700 5534 685426 5610 701574
138800 5539 685881 5618 702119
138900 5541 686391 5622 702609
139000 5546 686925 5624 703075
139100 5551 687367 5627 703633
139200 5554 687871 5629 704129
139300 5559 688449 5634 704551
139400 5560 688913 5638 705087
139500 5565 689397 5639 705603
139600 5570 689879 5641 706121
139700 5573 690345 5647 706655
139800 5573 690799 5650 707201
139900 5575 691271 5650 707729
140000 5576 691804 5652 708196
140100 5580 692329 5655 708671
140200 5583 692764 5657 709236
140300 5586 693283 5658 709717
140400 5589 693831 5662 710169
140500 5594 694437 5665 710563
140600 5601 694985 5669 711015
140700 5606 695409 5674 711591
140800 5611 695921 5677 712079
140900 5612 696470 5677 712530
141000 5616 696953 5680 713047
141100 5619 697458 5684 713542
141200 5623 697941 5690 714059
141300 5626 698343 5698 714657
141400 5629 698827 5702 715173
141500 5636 699295 5706 715705
141600 5642 699833 5712 716167
141700 5646 700259 5720 716741
141800 5651 700741 5729 717259
141900 5653 701318 5731 717682
142000 5655 701824 5737 718176
142100 5662 702239 5741 718761
142200 5666 702796 5743 719204
142300 5668 703179 5749 719821
142400 5671 703538 5752 720462
142500 5673 704076 5754 720924
142600 5675 704618 5755 721382
142700 5678 705099 5757 721901
142800 5684 705634 5761 722366
142900 5687 706059 5763 722941
143000 5689 706503 5764 723497
143100 5692 706975 5764 724025
143200 5696 707449 5766 724551
143300 5699 707948 5769 725052
143400 5702 708390 5777 725610
143500 5705 708832 5778 726168
143600 5709 709345 5782 726655
143700 5714 709764 5785 727236
143800 5717 710284 5788 727716
143900 5718 710847 5793 728153
144000 5724 711332 5795 728668
144100 5728 711877 5799 729123
144200 5732 712307 5804 729693
144300 5734 712772 5807 730228
144400 5736 713176 5808 730824
144500 5739 713564 5814 731436
144600 5743 714160 5817 731840
144700 5751 714768 5820 732232
144800 5754 715344 5830 732656
144900 5755 715880 5832 733120
145000 5759 716398 5836 733602
145100 5759 716926 5839 734074
145200 5762 717397 5842 734603
145300 5766 718021 5851 734979
145400 5767 718528 5853 735472
145500 5773 719073 5856 735927
145600 5775 719543 5858 736457
145700 5778 720030 5862 736970
145800 5783 720448 5867 737552
145900 5787 720904 5875 738096
146000 5788 721344 5879 738656
146100 5792 721790 5885 739210
146200 5794 722186 5886 739814
146300 5803 722690 5894 740310
146400 5805 723109 5894 740891
146500 5810 723606 5898 741394
146600 5814 724110 5900 741890
146700 5815 724674 5903 742326
146800 5820 725195 5907 742805
146900 5822 725709 5911 743291
147000 5822 726203 5917 743797
147100 5825 726638 5922 744362
147200 5826 727113 5924 744887
147300 5831 727512 5932 745488
147400 5836 727911 5942 746089
147500 5837 728420 5942 746580
147600 5838 728888 5943 747112
147700 5842 729400 5948 747600
147800 5844 730113 5949 747887
147900 5847 730799 5956 748201
148000 5853 731383 5964 748617
148100 5855 731963 5965 749037
148200 5864 732493 5971 749507
148300 5871 732896 5978 750104
148400 5878 733423 5985 750577
148500 5882 733937 5986 751063
148600 5886 734527 5988 751473
148700 5889 735001 5992 751999
148800 5891 735583 6000 752417
148900 5894 736111 6008 752889
149000 5898 736523 6012 753477
149100 5900 737034 6018 753966
149200 5909 737509 6027 754491
149300 5919 737945 6033 755055
149400 5921 738452 6034 755548
149500 5923 738958 6038 756042
149600 5930 739444 6040 756556
149700 5931 740043 6041 756957
149800 5934 740549 6049 757451
149900 5940 741155 6056 757845
150000 5943 741783 6058 758217
150100 5947 742346 6060 758654
150200 5950 742853 6063 759147
150300 5952 743227 6065 759773
150400 5957 743587 6069 760413
150500 5960 744057 6072 760943
150600 5962 744682 6077 761318
150700 5964 745183 6080 761817
150800 5967 745661 6083 762339
150900 5971 746040 6089 762960
151000 5974 746628 6093 763372
151100 5978 747208 6096 763792
151200 5982 747686 6101 764314
151300 5986 748141 6105 764859
151400 5988 748566 6110 765434
151500 5992 749057 6114 765943
151600 5994 749548 6121 766452
151700 6003 750049 6124 766951
151800 6006 750395 6129 767605
151900 6008 750884 6131 768116
152000 6014 751301 6135 768699
152100 6017 751798 6140 769202
152200 6021 752435 6142 769565
152300 6025 752941 6142 770059
152400 6030 753237 6149 770763
152500 6034 753604 6151 771396
152600 6046 754112 6152 771888
152700 6050 754639 6152 772361
152800 6054 755067 6155 772933
152900 6062 755585 6157 773415
153000 6065 756164 6158 773836
153100 6069 756679 6162 774321
153200 6072 757124 6168 774876
153300 6077 757575 6170 775425
153400 6079 758064 6175 775936
153500 6082 758643 6176 776357
153600 6091 759085 6178 776915
153700 6098 759525 6182 777475
153800 6102 759966 6186 778034
153900 6110 760489 6189 778511
154000 6114 760872 6191 779128
154100 6117 761261 6194 779739
154200 6121 761772 6200 780228
154300 6124 762187 6203 780813
154400 6124 762725 6203 781275
154500 6126 763096 6206 781904
154600 6130 763568 6206 782432
154700 6132 764096 6215 782904
154800 6136 764645 6221 783355
154900 6139 765152 6221 783848
155000 6139 765583 6222 784417
155100 6141 765961 6226 785039
155200 6145 766317 6231 785683
155300 6148 766867 6238 786133
155400 6148 767368 6239 786632
155500 6153 767869 6242 787131
155600 6155 768393 6243 787607
155700 6156 768848 6245 788152
155800 6161 769329 6250 788671
155900 6163 769749 6250 789251
156000 6167 770261 6254 789739
156100 6171 770829 6255 790171
156200 6174 771321 6260 790679
156300 6181 771831 6262 791169
156400 6185 772310 6268 791690
156500 6188 772843 6274 792157
156600 6189 773509 6279 792491
156700 6190 774004 6283 792996
156800 6195 774578 6285 793422
156900 6199 775071 6287 793929
157000 6204 775587 6290 794413
157100 6206 776043 6293 794957
157200 6209 776457 6299 795543
157300 6215 776814 6301 796186
157400 6219 777320 6302 796680
157500 6221 777866 6305 797134
157600 6223 778341 6307 797659
157700 6225 778783 6314 798217
157800 6232 779229 6315 798771
157900 6238 779754 6318 799246
158000 6246 780244 6327 799756
158100 6252 780783 6336 800217
158200 6253 781251 6339 800749
158300 6253 781687 6340 801313
158400 6258 782196 6344 801804
158500 6259 782729 6346 802271
158600 6260 783197 6347 802803
158700 6263 783613 6350 803387
158800 6265 784119 6353 803881
158900 6270 784633 6359 804367
159000 6276 785147 6362 804853
159100 6279 785675 6370 805325
159200 6286 786160 6373 805840
159300 6291 786613 6376 806387
159400 6295 787042 6380 806958
159500 6306 787540 6383 807460
159600 6308 787916 6384 808084
159700 6314 788327 6387 808673
159800 6318 788862 6390 809138
159900 6321 789371 6391 809629
160000 6323 789853 6395 810147
160100 6325 790424 6399 810576
160200 6328 791062 6402 810938
160300 6333 791714 6404 811286
160400 6339 792121 6406 811879
160500 6341 792563 6407 812437
160600 6344 792908 6413 813092
160700 6352 793355 6420 813645
160800 6354 793685 6422 814315
160900 6359 794198 6429 814802
161000 6363 794674 6431 815326
161100 6369 795142 6434 815858
161200 6374 795525 6440 816475
161300 6380 795982 6444 817018
161400 6383 796505 6448 817495
161500 6383 796985 6448 818015
161600 6384 797554 6453 818446
161700 6388 798084 6455 818916
161800 6390 798473 6457 819527
161900 6396 798939 6467 820061
162000 6399 799485 6469 820515
162100 6404 799935 6480 821065
162200 6406 800424 6482 821576
162300 6409 800906 6484 822094
162400 6418 801521 6489 822479
162500 6422 802081 6490 822919
162600 6422 802489 6494 823511
162700 6426 802793 6495 824207
162800 6431 803193 6501 824807
162900 6435 803652 6504 825348
163000 6440 804227 6510 825773
163100 6448 804835 6511 826165
163200 6448 805414 6514 826586
163300 6450 805933 6518 827067
163400 6453 806407 6522 827593
163500 6454 806794 6524 828206
163600 6456 807313 6528 828687
163700 6457 807740 6530 829260
163800 6460 808223 6531 829777
163900 6461 808837 6533 830163
164000 6463 809409 6534 830591
164100 6467 809991 6535 831009
164200 6473 810564 6542 831436
164300 6477 811122 6546 831878
164400 6478 811464 6547 832536
164500 6478 811966 6550 833034
164600 6480 812551 6554 833449
164700 6484 813088 6555 833912
164800 6487 813606 6562 834394
164900 6490 814005 6566 834995
165000 6496 814463 6571 835537
165100 6496 815108 6576 835892
165200 6500 815657 6578 836343
165300 6502 816111 6585 836889
165400 6508 816633 6589 837367
165500 6513 817228 6596 837772
165600 6518 817717 6599 838283
165700 6520 818285 6602 838715
165800 6526 818876 6608 839124
165900 6526 819308 6609 839692
166000 6532 819789 6614 840211
166100 6535 820317 6619 840683
166200 6541 820774 6625 841226
166300 6550 821268 6630 841732
166400 6554 821778 6631 842222
166500 6560 822379 6634 842621
166600 6564 822831 6636 843169
166700 6567 823305 6640 843695
166800 6573 823788 6641 844212
166900 6573 824268 6646 844732
167000 6576 824722 6649 845278
167100 6583 825114 6651 845886
167200 6587 825580 6655 846420
167300 6593 825984 6663 847016
167400 6596 826407 6668 847593
167500 6601 826812 6672 848188
167600 6604 827285 6674 848715
167700 6608 827806 6677 849194
167800 6616 828238 6682 849762
167900 6623 828699 6686 850301
168000 6631 829167 6692 850833
168100 6632 829760 6695 851240
168200 6633 830253 6699 851747
168300 6637 830769 6703 852231
168400 6646 831337 6713 852663
168500 6650 831718 6717 853282
168600 6652 832195 6720 853805
168700 6652 832659 6723 854341
168800 6659 833154 6726 854846
168900 6666 833743 6728 855257
169000 6670 834179 6730 855821
169100 6671 834694 6732 856306
169200 6676 835195 6735 856805
169300 6679 835773 6736 857227
169400 6681 836229 6740 857771
169500 6685 836773 6742 858227
169600 6689 837376 6747 858624
169700 6692 837802 6749 859198
169800 6693 838294 6752 859706
169900 6693 838776 6754 860224
170000 6697 839234 6758 860766
170100 6700 839624 6760 861376
170200 6702 840072 6765 861928
170300 6706 840543 6769 862457
170400 6711 841104 6772 862896
170500 6712 841652 6776 863348
170600 6716 842070 6779 863930
170700 6718 842490 6781 864510
170800 6726 843032 6786 864968
170900 6727 843488 6789 865512
171000 6730 843912 6794 866088
171100 6732 844375 6797 866625
171200 6733 844895 6799 867105
171300 6735 845364 6802 867636
171400 6742 845887 6804 868113
171500 6746 846334 6810 868666
171600 6752 846777 6814 869223
171700 6756 847252 6821 869748
171800 6765 847732 6824 870268
171900 6771 848206 6828 870794
172000 6778 848770 6831 871230
172100 6785 849390 6836 871610
172200 6787 849963 6839 872037
172300 6789 850474 6843 872526
172400 6793 851065 6848 872935
172500 6796 851593 6857 873407
172600 6802 852007 6861 873993
172700 6803 852443 6867 874557
172800 6810 852897 6871 875103
172900 6813 853500 6876 875500
173000 6816 853924 6878 876076
173100 6818 854399 6880 876601
173200 6825 854919 6888 877081
173300 6831 855478 6892 877522
173400 6834 856013 6896 877987
173500 6837 856474 6899 878526
173600 6838 856877 6903 879123
173700 6842 857412 6908 879588
173800 6846 858066 6909 879934
173900 6851 858510 6912 880490
174000 6854 858914 6918 881086
174100 6856 859338 6920 881662
174200 6863 859704 6925 882296
174300 6868 860189 6932 882811
174400 6872 860696 6938 883304
174500 6873 861100 6938 883900
174600 6878 861672 6940 884328
174700 6883 862169 6946 884831
174800 6885 862622 6948 885378
174900 6889 863074 6951 885926
175000 6891 863617 6956 886383
175100 6893 864114 6960 886886
175200 6898 864584 6965 887416
175300 6900 865048 6969 887952
175400 6906 865417 6975 888583
175500 6907 865943 6977 889057
175600 6913 866401 6981 889599
175700 6915 866875 6989 890125
175800 6919 867368 6990 890632
175900 6925 867952 6992 891048
176000 6929 868503 6994 891497
176100 6933 868944 7000 892056
176200 6936 869448 7001 892552
176300 6937 869881 7005 893119
176400 6943 870381 7009 893619
176500 6948 870853 7016 894147
176600 6949 871332 7020 894668
176700 6955 871771 7024 895229
176800 6960 872185 7024 895815
176900 6963 872584 7027 896416
177000 6963 873048 7028 896952
177100 6967 873515 7034 897485
177200 6970 874001 7037 897999
177300 6976 874516 7041 898484
177400 6976 874994 7045 899006
177500 6976 875477 7049 899523
177600 6978 876057 7050 899943
177700 6979 876529 7056 900471
177800 6981 876824 7057 901176
177900 6985 877263 7060 901737
178000 6987 877770 7064 902230
178100 6990 878245 7067 902755
178200 6991 878707 7073 903293
178300 6996 879167 7076 903833
178400 6998 879641 7078 904359
178500 7000 880114 7079 904886
178600 7004 880630 7082 905370
178700 7011 881039 7087 905961
178800 7020 881537 7097 906463
178900 7025 882013 7101 906987
179000 7028 882365 7104 907635
179100 7031 882907 7107 908093
179200 7034 883383 7115 908617
179300 7040 883890 7117 909110
179400 7045 884389 7122 909611
179500 7045 884789 7125 910211
179600 7052 885335 7127 910665
179700 7056 885836 7136 911164
179800 7059 886333 7140 911667
179900 7064 886798 7146 912202
180000 7065 887294 7149 912706
180100 7066 887791 7154 913209
180200 7072 888300 7156 913700
180300 7074 888834 7161 914166
180400 7076 889298 7163 914702
180500 7081 889766 7167 915234
180600 7083 890282 7169 915718
180700 7086 890803 7172 916197
180800 7093 891285 7174 916715
180900 7096 891817 7178 917183
181000 7098 892260 7180 917740
181100 7102 892723 7184 918277
181200 7104 893185 7189 918815
181300 7108 893730 7192 919270
181400 7113 894244 7197 919756
181500 7118 894786 7210 920214
181600 7127 895276 7216 920724
181700 7134 895729 7218 921271
181800 7137 896204 7221 921796
181900 7145 896632 7224 922368
182000 7147 897058 7228 922942
182100 7153 897691 7236 923309
182200 7157 898255 7243 923745
182300 7162 898661 7246 924339
182400 7166 899157 7248 924843
182500 7167 899635 7250 925365
182600 7168 900096 7250 925904
182700 7171 900518 7252 926482
182800 7173 900884 7258 927116
182900 7177 901363 7261 927637
183000 7181 901808 7266 928192
183100 7183 902401 7267 928599
183200 7188 902979 7271 929021
183300 7192 903503 7275 929497
183400 7195 903972 7278 930028
183500 7197 904468 7280 930532
183600 7199 904982 7284 931018
183700 7201 905501 7289 931499
183800 7205 905980 7292 932020
183900 7208 906467 7293 932533
184000 7212 906922 7297 933078
184100 7214 907488 7300 933512
184200 7216 907998 7304 934002
184300 7218 908680 7306 934320
184400 7224 909225 7310 934775
184500 7231 909643 7317 935357
184600 7236 910086 7320 935914
184700 7245 910430 7323 936570
184800 7248 910933 7324 937067
184900 7253 911479 7326 937521
185000 7255 912013 7331 937987
185100 7255 912472 7336 938528
185200 7256 913005 7336 938995
185300 7260 913440 7339 939560
185400 7262 913935 7343 940065
185500 7264 914305 7345 940695
185600 7267 914759 7347 941241
185700 7272 915208 7349 941792
185800 7272 915757 7351 942243
185900 7275 916222 7355 942778
186000 7278 916711 7357 943289
186100 7281 917331 7358 943669
186200 7282 917902 7360 944098
186300 7286 918424 7363 944576
186400 7288 918901 7368 945099
186500 7290 919394 7372 945606
186600 7293 919950 7376 946050
186700 7298 920424 7380 946576
186800 7301 920966 7382 947034
186900 7302 921397 7385 947603
187000 7303 921846 7388 948154
187100 7305 922301 7390 948699
187200 7311 922861 7393 949139
187300 7312 923410 7396 949590
187400 7316 923775 7398 950225
187500 7317 924267 7402 950733
187600 7318 924739 7405 951261
187700 7322 925250 7409 951750
187800 7323 925817 7411 952183
187900 7329 926373 7415 952627
188000 7338 926768 7419 953232
188100 7338 927336 7422 953664
188200 7340 927789 7424 954211
188300 7346 928382 7427 954618
188400 7348 929006 7429 954994
188500 7348 929424 7433 955576
188600 7353 929930 7434 956070
188700 7356 930363 7434 956637
188800 7359 930902 7437 957098
188900 7363 931417 7439 957583
189000 7364 931809 7440 958191
189100 7367 932272 7445 958728
189200 7375 932820 7451 959180
189300 7379 933389 7453 959611
189400 7382 933981 7453 960019
189500 7382 934567 7455 960433
189600 7388 935079 7458 960921
189700 7394 935516 7462 961484
189800 7396 935894 7465 962106
189900 7401 936370 7469 962630
190000 7402 936866 7470 963134
190100 7403 937372 7471 963628
190200 7407 937940 7477 964060
190300 7412 938444 7481 964556
190400 7416 939001 7486 964999
190500 7417 939488 7489 965512
190600 7419 940127 7493 965873
190700 7419 940660 7495 966340
190800 7425 941111 7497 966889
190900 7427 941572 7499 967428
191000 7430 942131 7502 967869
191100 7433 942552 7505 968448
191200 7436 942966 7508 969034
191300 7445 943463 7511 969537
191400 7448 943904 7513 970096
191500 7449 944401 7516 970599
191600 7455 944929 7523 971071
191700 7462 945408 7530 971592
191800 7465 945846 7536 972154
191900 7468 946244 7539 972756
192000 7470 946874 7540 973126
192100 7478 947458 7546 973542
192200 7481 947915 7552 974085
192300 7486 948364 7559 974636
192400 7488 948829 7562 975171
192500 7494 949380 7567 975620
192600 7497 949887 7571 976113
192700 7502 950407 7579 976593
192800 7505 950934 7582 977066
192900 7508 951548 7583 977452
193000 7508 952180 7586 977820
193100 7511 952638 7587 978362
193200 7516 953177 7590 978823
193300 7520 953649 7592 979351
193400 7524 954073 7596 979927
193500 7525 954568 7598 980432
193600 7533 955102 7605 980898
193700 7538 955548 7608 981452
193800 7544 955995 7622 982005
193900 7547 956589 7628 982411
194000 7548 957138 7632 982862
194100 7550 957621 7636 983379
194200 7556 958112 7641 983888
194300 7559 958519 7646 984481
194400 7560 959004 7652 984996
194500 7562 959438 7653 985562
194600 7563 959912 7655 986088
194700 7566 960526 7658 986474
194800 7571 960994 7663 987006
194900 7581 961494 7671 987506
195000 7587 962006 7681 987994
195100 7590 962484 7684 988516
195200 7591 963031 7689 988969
195300 7594 963525 7691 989475
195400 7594 964144 7692 989856
195500 7598 964670 7694 990330
195600 7604 965188 7699 990812
195700 7604 965693 7701 991307
195800 7612 966196 7705 991804
195900 7614 966753 7708 992247
196000 7618 967230 7715 992770
196100 7624 967721 7719 993279
196200 7628 968154 7723 993846
196300 7633 968612 7724 994388
196400 7639 969142 7727 994858
196500 7643 969713 7731 995287
196600 7649 970169 7735 995831
196700 7652 970596 7744 996404
196800 7653 971105 7748 996895
196900 7654 971483 7751 997517
197000 7654 972017 7755 997983
197100 7655 972497 7759 998503
197200 7660 972866 7764 999134
197300 7662 973383 7767 999617
197400 7662 973867 7769 1000133
197500 7665 974451 7774 1000549
197600 7667 975015 7776 1000985
197700 7670 975519 7781 1001481
197800 7672 976031 7788 1001969
197900 7675 976494 7793 1002506
198000 7679 976955 7799 1003045
198100 7687 977396 7804 1003604
198200 7690 977871 7810 1004129
198300 7695 978328 7810 1004672
198400 7698 978859 7813 1005141
198500 7701 979266 7819 1005734
198600 7702 979796 7822 1006204
198700 7708 980233 7826 1006767
198800 7713 980656 7829 1007344
198900 7715 981229 7832 1007771
199000 7719 981703 7834 1008297
199100 7719 982237 7839 1008763
199200 7727 982763 7842 1009237
199300 7730 983248 7847 1009752
199400 7737 983589 7852 1010411
199500 7742 983938 7858 1011062
199600 7746 984546 7865 1011454
199700 7756 985029 7871 1011971
199800 7761 985543 7874 1012457
199900 7761 985998 7878 1013002
200000 7767 986497 7889 1013503
