#! FIELDS timestep dup_succ dup_attempts kill_succ kill_attempts
#! SET timestep 0.5
#! SET kernel_bandwidth [0.65 0.65]
#! SET kt 1.0
100 72 124 76 876
200 156 321 173 1679
300 245 606 286 2394
400 324 992 387 3008
500 382 1468 467 3532
600 438 1672 543 4328
700 502 1920 615 5080
800 558 2238 668 5762
900 611 2608 702 6392
1000 645 3024 730 6976
1100 671 3463 757 7537
1200 679 3922 780 8078
1300 688 4402 788 8598
1400 702 4884 800 9116
1500 705 5395 805 9605
1600 709 5801 809 10199
1700 710 6241 810 10759
1800 710 6656 813 11344
1900 712 7196 815 11804
2000 717 7700 819 12300
2100 719 8278 823 12722
2200 724 8766 823 13234
2300 729 9325 826 13675
2400 732 9839 830 14161
2500 734 10349 832 14651
2600 737 10810 836 15190
2700 740 11290 838 15710
2800 743 11771 846 16229
2900 745 12251 848 16749
3000 748 12802 850 17198
3100 751 13399 852 17601
3200 754 13864 852 18136
3300 757 14348 853 18652
3400 765 14741 858 19259
3500 768 15265 860 19735
3600 769 15674 862 20326
3700 770 16129 865 20871
3800 771 16738 867 21262
3900 775 17223 868 21777
4000 777 17774 870 22226
4100 779 18216 873 22784
4200 780 18635 875 23365
4300 784 19083 876 23917
4400 786 19581 879 24419
4500 788 20018 879 24982
4600 791 20435 881 25565
4700 792 20934 882 26066
4800 794 21343 884 26657
4900 797 21780 888 27220
5000 800 22312 891 27688
5100 803 22751 892 28249
5200 803 23237 893 28763
5300 808 23850 895 29150
5400 813 24197 896 29803
5500 822 24705 899 30295
5600 824 25126 904 30874
5700 825 25497 905 31503
5800 828 26105 908 31895
5900 829 26488 914 32512
6000 833 27067 916 32933
6100 835 27557 917 33443
6200 835 28011 922 33989
6300 836 28551 924 34449
6400 840 29183 929 34817
6500 841 29641 929 35359
6600 847 30147 932 35853
6700 851 30695 937 36305
6800 857 31119 942 36881
6900 857 31608 945 37392
7000 857 32207 948 37793
7100 860 32792 950 38208
7200 863 33386 952 38614
7300 867 33964 960 39036
7400 870 34474 961 39526
7500 872 34959 962 40041
7600 872 35452 964 40548
7700 877 36059 966 40941
7800 878 36475 971 41525
7900 883 36968 976 42032
8000 885 37462 978 42538
8100 885 37976 979 43024
8200 890 38520 981 43480
8300 896 38942 986 44058
8400 897 39481 989 44519
8500 899 39994 994 45006
8600 903 40421 998 45579
8700 909 40757 999 46243
8800 914 41235 1004 46765
8900 920 41752 1010 47248
9000 920 42373 1013 47627
9100 921 42725 1014 48275
9200 922 43104 1016 48896
9300 924 43573 1018 49427
9400 927 44036 1019 49964
9500 933 44682 1020 50318
9600 934 45158 1020 50842
9700 935 45652 1023 51348
9800 937 46196 1027 51804
9900 937 46735 1030 52265
10000 940 47129 1032 52871
10100 946 47648 1034 53352
10200 952 48107 1034 53893
10300 953 48679 1037 54321
10400 955 49120 1039 54880
10500 957 49489 1040 55511
10600 958 49983 1042 56017
10700 959 50357 1045 56643
10800 959 50941 1050 57059
10900 961 51381 1052 57619
11000 962 51944 1053 58056
11100 963 52537 1059 58463
11200 966 53063 1062 58937
11300 969 53450 1064 59550
11400 972 53904 1064 60096
11500 978 54205 1070 60795
11600 981 54730 1072 61270
11700 983 55158 1075 61842
11800 984 55698 1078 62302
11900 988 56205 1083 62795
12000 991 56821 1085 63179
12100 996 57489 1087 63511
12200 997 57899 1088 64101
12300 999 58341 1095 64659
12400 1000 58870 1102 65130
12500 1000 59274 1102 65726
12600 1001 59715 1103 66285
12700 1004 60128 1106 66872
12800 1008 60475 1111 67525
12900 1013 60978 1111 68022
13000 1018 61431 1112 68569
13100 1020 61959 1112 69041
13200 1020 62480 1115 69520
13300 1022 62897 1117 70103
13400 1025 63444 1121 70556
13500 1029 64004 1123 70996
13600 1034 64483 1128 71517
13700 1037 64921 1130 72079
13800 1038 65447 1132 72553
13900 1041 66041 1135 72959
14000 1045 66553 1141 73447
14100 1049 67064 1144 73936
14200 1053 67514 1145 74486
14300 1059 68155 1147 74845
14400 1061 68621 1151 75379
14500 1062 69026 1153 75974
14600 1064 69542 1155 76458
14700 1066 70151 1157 76849
14800 1068 70605 1161 77395
14900 1072 71119 1165 77881
15000 1072 71631 1167 78369
15100 1077 72122 1168 78878
15200 1078 72587 1171 79413
15300 1078 73064 1173 79936
15400 1080 73509 1173 80491
15500 1084 73994 1178 81006
15600 1086 74409 1181 81591
15700 1087 74829 1183 82171
15800 1090 75265 1188 82735
15900 1092 75761 1190 83239
16000 1095 76193 1192 83807
16100 1099 76756 1196 84244
16200 1104 77256 1198 84744
16300 1107 77839 1200 85161
16400 1112 78286 1201 85714
16500 1113 78703 1201 86297
16600 1115 79230 1204 86770
16700 1118 79665 1209 87335
16800 1120 80169 1210 87831
16900 1122 80659 1212 88341
17000 1123 81252 1215 88748
17100 1126 81664 1216 89336
17200 1128 82070 1219 89930
17300 1129 82594 1222 90406
17400 1130 83212 1224 90788
17500 1134 83658 1227 91342
17600 1136 84271 1231 91729
17700 1138 84860 1237 92140
17800 1139 85477 1239 92523
17900 1146 86000 1239 93000
18000 1148 86587 1243 93413
18100 1148 87173 1246 93827
18200 1151 87756 1251 94244
18300 1153 88367 1253 94633
18400 1153 88860 1258 95140
18500 1157 89394 1260 95606
18600 1160 89961 1262 96039
18700 1161 90431 1264 96569
18800 1165 90910 1267 97090
18900 1170 91496 1270 97504
19000 1171 91851 1273 98149
19100 1172 92375 1273 98625
19200 1175 92829 1275 99171
19300 1177 93344 1278 99656
19400 1186 93885 1281 100115
19500 1191 94414 1284 100586
19600 1193 94908 1289 101092
19700 1193 95402 1290 101598
19800 1196 95908 1291 102092
19900 1199 96365 1292 102635
20000 1202 96991 1294 103009
20100 1205 97591 1295 103409
20200 1208 98082 1298 103918
20300 1212 98440 1299 104560
20400 1216 99050 1305 104950
20500 1219 99440 1306 105560
20600 1220 99881 1307 106119
20700 1222 100306 1311 106694
20800 1225 100771 1313 107229
20900 1228 101269 1318 107731
21000 1230 101834 1319 108166
21100 1230 102301 1325 108699
21200 1232 102740 1329 109260
21300 1238 103253 1333 109747
21400 1242 103680 1335 110320
21500 1244 104229 1338 110771
21600 1249 104919 1339 111081
21700 1249 105525 1341 111475
21800 1249 105900 1345 112100
21900 1252 106447 1350 112553
22000 1254 106930 1354 113070
22100 1255 107488 1357 113512
22200 1255 107868 1358 114132
22300 1259 108396 1360 114604
22400 1259 108925 1365 115075
22500 1260 109464 1368 115536
22600 1261 109925 1373 116075
22700 1266 110451 1375 116549
22800 1270 110975 1377 117025
22900 1271 111425 1378 117575
23000 1275 111992 1380 118008
23100 1279 112605 1380 118395
23200 1283 113167 1383 118833
23300 1286 113724 1384 119276
23400 1289 114165 1386 119835
23500 1291 114653 1389 120347
23600 1291 115069 1390 120931
23700 1295 115379 1393 121621
23800 1297 115956 1395 122044
23900 1297 116288 1397 122712
24000 1303 116817 1398 123183
24100 1306 117390 1401 123610
24200 1310 117837 1402 124163
24300 1312 118319 1404 124681
24400 1313 118831 1410 125169
24500 1319 119267 1413 125733
24600 1321 119718 1415 126282
24700 1326 120232 1416 126768
24800 1328 120697 1419 127303
24900 1330 121204 1421 127796
25000 1331 121664 1421 128336
25100 1335 122026 1424 128974
25200 1340 122533 1425 129467
25300 1342 123177 1430 129823
25400 1348 123666 1434 130334
25500 1354 124126 1437 130874
25600 1356 124704 1441 131296
25700 1356 125288 1441 131712
25800 1363 125721 1444 132279
25900 1368 126324 1447 132676
26000 1369 126809 1447 133191
26100 1370 127277 1448 133723
26200 1372 127798 1450 134202
26300 1374 128342 1451 134658
26400 1376 128859 1454 135141
26500 1377 129391 1455 135609
26600 1382 129894 1457 136106
26700 1385 130334 1457 136666
26800 1386 130806 1461 137194
26900 1392 131301 1465 137699
27000 1394 131779 1468 138221
27100 1396 132362 1470 138638
27200 1398 132785 1471 139215
27300 1399 133208 1473 139792
27400 1401 133617 1476 140383
27500 1405 134028 1482 140972
27600 1407 134631 1482 141369
27700 1411 135126 1487 141874
27800 1414 135529 1490 142471
27900 1416 135965 1493 143035
28000 1417 136415 1497 143585
28100 1421 136894 1503 144106
28200 1423 137452 1508 144548
28300 1425 137913 1510 145087
28400 1426 138410 1511 145590
28500 1426 138839 1513 146161
28600 1427 139295 1515 146705
28700 1429 139771 1516 147229
28800 1432 140204 1519 147796
28900 1432 140593 1520 148407
29000 1434 141086 1521 148914
29100 1434 141671 1522 149329
29200 1435 142118 1523 149882
29300 1437 142650 1527 150350
29400 1441 143102 1529 150898
29500 1443 143544 1534 151456
29600 1445 143982 1535 152018
29700 1451 144508 1539 152492
29800 1454 144989 1541 153011
29900 1456 145516 1543 153484
30000 1457 145925 1547 154075
30100 1463 146400 1549 154600
30200 1465 146986 1554 155014
30300 1467 147551 1554 155449
30400 1469 148079 1560 155921
30500 1470 148669 1563 156331
30600 1470 149212 1566 156788
30700 1472 149823 1568 157177
30800 1476 150411 1569 157589
30900 1480 150872 1571 158128
31000 1483 151443 1575 158557
31100 1485 151883 1576 159117
31200 1486 152404 1578 159596
31300 1488 152817 1581 160183
31400 1488 153364 1583 160636
31500 1492 153852 1587 161148
31600 1499 154332 1593 161668
31700 1503 154749 1600 162251
31800 1507 155193 1602 162807
31900 1510 155721 1606 163279
32000 1511 156169 1609 163831
32100 1511 156625 1609 164375
32200 1512 157079 1613 164921
32300 1514 157575 1616 165425
32400 1516 157976 1617 166024
32500 1519 158457 1618 166543
32600 1524 159128 1620 166872
32700 1525 159532 1622 167468
32800 1528 159863 1623 168137
32900 1531 160333 1625 168667
33000 1534 160715 1629 169285
33100 1535 161198 1629 169802
33200 1536 161732 1633 170268
33300 1539 162219 1639 170781
33400 1540 162751 1642 171249
33500 1542 163188 1644 171812
33600 1545 163703 1648 172297
33700 1548 164149 1651 172851
33800 1549 164698 1653 173302
33900 1552 165086 1657 173914
34000 1553 165581 1661 174419
34100 1558 165997 1665 175003
34200 1560 166385 1665 175615
34300 1561 166853 1665 176147
34400 1562 167402 1670 176598
34500 1565 167996 1675 177004
34600 1569 168532 1677 177468
34700 1569 168984 1679 178016
34800 1575 169559 1679 178441
34900 1577 169974 1680 179026
35000 1581 170458 1683 179542
35100 1587 170985 1688 180015
35200 1595 171551 1692 180449
35300 1595 171942 1694 181058
35400 1595 172494 1696 181506
35500 1598 172983 1696 182017
35600 1600 173453 1704 182547
35700 1600 173978 1705 183022
35800 1605 174510 1707 183490
35900 1606 175014 1714 183986
36000 1607 175545 1716 184455
36100 1607 176063 1718 184937
36200 1607 176611 1719 185389
36300 1611 177061 1723 185939
36400 1612 177598 1727 186402
36500 1614 178158 1731 186842
36600 1617 178624 1733 187376
36700 1620 179111 1736 187889
36800 1623 179656 1739 188344
36900 1624 180116 1739 188884
37000 1630 180511 1743 189489
37100 1632 180970 1747 190030
37200 1634 181418 1749 190582
37300 1635 182033 1751 190967
37400 1635 182529 1755 191471
37500 1640 183070 1756 191930
37600 1644 183574 1757 192426
37700 1644 184071 1758 192929
37800 1644 184599 1760 193401
37900 1645 184985 1761 194015
38000 1645 185549 1762 194451
38100 1647 186023 1763 194977
38200 1649 186564 1764 195436
38300 1652 187144 1767 195856
38400 1656 187684 1768 196316
38500 1657 188155 1777 196845
38600 1661 188612 1780 197388
38700 1664 189113 1783 197887
38800 1667 189616 1785 198384
38900 1669 190014 1787 198986
39000 1671 190543 1791 199457
39100 1675 191015 1791 199985
39200 1676 191408 1792 200592
39300 1678 191964 1792 201036
39400 1680 192445 1794 201555
39500 1683 192927 1794 202073
39600 1684 193329 1797 202671
39700 1685 193832 1797 203168
39800 1689 194388 1798 203612
39900 1691 194931 1799 204069
40000 1696 195456 1803 204544
40100 1700 196057 1804 204943
40200 1701 196468 1809 205532
40300 1702 196885 1811 206115
40400 1708 197426 1811 206574
40500 1709 197946 1813 207054
40600 1711 198402 1815 207598
40700 1712 198907 1815 208093
40800 1713 199397 1817 208603
40900 1717 199960 1821 209040
41000 1721 200475 1821 209525
41100 1724 200920 1824 210080
41200 1724 201405 1826 210595
41300 1724 202036 1829 210964
41400 1726 202500 1832 211500
41500 1728 202889 1837 212111
41600 1730 203315 1839 212685
41700 1736 203755 1839 213245
41800 1739 204303 1839 213697
41900 1740 204715 1840 214285
42000 1742 205319 1841 214681
42100 1745 205785 1842 215215
42200 1750 206215 1843 215785
42300 1752 206756 1844 216244
42400 1754 207369 1846 216631
42500 1754 207777 1848 217223
42600 1756 208261 1850 217739
42700 1760 208837 1856 218163
42800 1764 209468 1857 218532
42900 1765 209939 1859 219061
43000 1766 210268 1861 219732
43100 1768 210775 1861 220225
43200 1773 211203 1864 220797
43300 1777 211680 1867 221320
43400 1779 212087 1868 221913
43500 1783 212530 1872 222470
43600 1787 213073 1874 222927
43700 1788 213662 1875 223338
43800 1790 214100 1878 223900
43900 1791 214533 1879 224467
44000 1791 214990 1879 225010
44100 1793 215542 1880 225458
44200 1796 216102 1884 225898
44300 1799 216571 1885 226429
44400 1803 217186 1888 226814
44500 1808 217604 1892 227396
44600 1813 218122 1895 227878
44700 1813 218711 1897 228289
44800 1817 219282 1897 228718
44900 1819 219792 1900 229208
45000 1821 220237 1905 229763
45100 1823 220813 1907 230187
45200 1828 221361 1913 230639
45300 1832 221843 1916 231157
45400 1833 222206 1920 231794
45500 1836 222685 1922 232315
45600 1839 223176 1923 232824
45700 1841 223660 1924 233340
45800 1844 224195 1925 233805
45900 1845 224738 1930 234262
46000 1849 225290 1932 234710
46100 1852 225846 1932 235154
46200 1852 226445 1934 235555
46300 1852 226963 1935 236037
46400 1856 227396 1939 236604
46500 1857 227954 1942 237046
46600 1862 228501 1944 237499
46700 1865 228885 1949 238115
46800 1867 229175 1954 238825
46900 1868 229610 1958 239390
47000 1870 230083 1960 239917
47100 1874 230669 1962 240331
47200 1874 231222 1964 240778
47300 1877 231735 1967 241265
47400 1877 232337 1970 241663
47500 1879 232752 1972 242248
47600 1885 233242 1976 242758
47700 1886 233774 1978 243226
47800 1889 234320 1979 243680
47900 1889 234895 1981 244105
48000 1892 235400 1983 244600
48100 1896 235846 1987 245154
48200 1901 236388 1990 245612
48300 1903 236843 1994 246157
48400 1906 237346 1998 246654
48500 1910 237840 1998 247160
48600 1913 238339 1999 247661
48700 1915 238767 2003 248233
48800 1917 239233 2005 248767
48900 1919 239718 2006 249282
49000 1919 240132 2007 249868
49100 1922 240576 2009 250424
49200 1927 241045 2010 250955
49300 1927 241487 2011 251513
49400 1930 241995 2011 252005
49500 1933 242491 2016 252509
49600 1933 242931 2021 253069
49700 1936 243380 2022 253620
49800 1942 243899 2027 254101
49900 1942 244383 2029 254617
50000 1943 244816 2030 255184
50100 1944 245294 2031 255706
50200 1944 245766 2032 256234
50300 1945 246239 2034 256761
50400 1949 246767 2036 257233
50500 1950 247309 2041 257691
50600 1952 247794 2047 258206
50700 1953 248322 2051 258678
50800 1954 248696 2052 259304
50900 1957 249083 2055 259917
51000 1960 249527 2060 260473
51100 1964 249996 2061 261004
51200 1971 250600 2066 261400
51300 1973 251131 2068 261869
51400 1975 251646 2074 262354
51500 1981 252056 2077 262944
51600 1982 252489 2077 263511
51700 1984 252927 2078 264073
51800 1988 253410 2080 264590
51900 1991 253993 2083 265007
52000 1992 254559 2084 265441
52100 1994 255238 2086 265762
52200 1995 255759 2087 266241
52300 1996 256320 2090 266680
52400 1999 256724 2090 267276
52500 2001 257223 2092 267777
52600 2002 257765 2093 268235
52700 2007 258261 2095 268739
52800 2013 258719 2100 269281
52900 2019 259082 2105 269918
53000 2022 259581 2105 270419
53100 2025 260042 2109 270958
53200 2026 260616 2114 271384
53300 2028 261161 2114 271839
53400 2031 261661 2120 272339
53500 2035 262116 2123 272884
53600 2035 262673 2124 273327
53700 2038 263132 2128 273868
53800 2040 263615 2128 274385
53900 2048 264015 2134 274985
54000 2049 264477 2139 275523
54100 2055 264965 2146 276035
54200 2061 265504 2149 276496
54300 2063 266025 2149 276975
54400 2067 266433 2154 277567
54500 2071 266922 2158 278078
54600 2073 267345 2161 278655
54700 2079 267763 2162 279237
54800 2080 268288 2162 279712
54900 2085 268773 2168 280227
55000 2093 269259 2170 280741
55100 2095 269769 2173 281231
55200 2099 270242 2175 281758
55300 2101 270890 2180 282110
55400 2103 271380 2189 282620
55500 2105 271917 2190 283083
55600 2108 272429 2192 283571
55700 2111 272843 2196 284157
55800 2111 273250 2197 284750
55900 2118 273728 2203 285272
56000 2120 274256 2214 285744
56100 2125 274806 2216 286194
56200 2128 275396 2218 286604
56300 2131 275920 2221 287080
56400 2133 276334 2224 287666
56500 2134 276846 2228 288154
56600 2135 277281 2229 288719
56700 2136 277710 2232 289290
56800 2139 278329 2235 289671
56900 2141 278829 2241 290171
57000 2143 279298 2242 290702
57100 2143 279785 2243 291215
57200 2144 280180 2245 291820
57300 2147 280652 2246 292348
57400 2157 281247 2250 292753
57500 2158 281884 2252 293116
57600 2161 282385 2253 293615
57700 2162 282842 2258 294158
57800 2168 283351 2261 294649
57900 2171 283851 2264 295149
58000 2175 284297 2265 295703
58100 2188 284705 2267 296295
58200 2191 285226 2270 296774
58300 2196 285788 2272 297212
58400 2198 286291 2274 297709
58500 2200 286681 2278 298319
58600 2206 287205 2283 298795
58700 2207 287687 2283 299313
58800 2213 288083 2285 299917
58900 2214 288504 2288 300496
59000 2216 288962 2290 301038
59100 2218 289459 2296 301541
59200 2222 290015 2297 301985
59300 2224 290518 2298 302482
59400 2227 291009 2301 302991
59500 2230 291592 2304 303408
59600 2233 292233 2309 303767
59700 2239 292714 2312 304286
59800 2245 293099 2315 304901
59900 2246 293653 2316 305347
60000 2247 294143 2318 305857
60100 2249 294534 2319 306466
60200 2256 295009 2322 306991
60300 2257 295418 2325 307582
60400 2259 295992 2326 308008
60500 2263 296544 2326 308456
60600 2265 297131 2327 308869
60700 2265 297691 2332 309309
60800 2268 298194 2338 309806
60900 2274 298693 2342 310307
61000 2281 299177 2343 310823
61100 2281 299630 2345 311370
61200 2282 300100 2345 311900
61300 2287 300615 2347 312385
61400 2287 301033 2351 312967
61500 2289 301489 2355 313511
61600 2293 301885 2357 314115
61700 2293 302430 2360 314570
61800 2296 302914 2363 315086
61900 2299 303384 2368 315616
62000 2303 303948 2373 316052
62100 2304 304474 2374 316526
62200 2308 304970 2376 317030
62300 2310 305460 2379 317540
62400 2314 305944 2385 318056
62500 2320 306513 2387 318487
62600 2323 306849 2389 319151
62700 2323 307286 2389 319714
62800 2328 307663 2390 320337
62900 2331 308169 2391 320831
63000 2334 308792 2395 321208
63100 2338 309255 2398 321745
63200 2338 309881 2402 322119
63300 2342 310340 2407 322660
63400 2346 310800 2408 323200
63500 2348 311305 2411 323695
63600 2350 311792 2413 324208
63700 2357 312321 2415 324679
63800 2360 312808 2417 325192
63900 2368 313210 2424 325790
64000 2371 313730 2426 326270
64100 2373 314274 2427 326726
64200 2374 314795 2429 327205
64300 2378 315295 2432 327705
64400 2381 315965 2433 328035
64500 2381 316563 2435 328437
64600 2386 317183 2439 328817
64700 2387 317694 2443 329306
64800 2389 318124 2445 329876
64900 2391 318618 2449 330382
65000 2396 319249 2454 330751
65100 2397 319651 2456 331349
65200 2399 320159 2458 331841
65300 2401 320600 2460 332400
65400 2402 321065 2462 332935
65500 2404 321681 2464 333319
65600 2407 322129 2465 333871
65700 2411 322651 2467 334349
65800 2414 323141 2470 334859
65900 2415 323619 2471 335381
66000 2418 323966 2475 336034
66100 2421 324420 2477 336580
66200 2425 324813 2479 337187
66300 2428 325311 2483 337689
66400 2434 325823 2488 338177
66500 2440 326310 2495 338690
66600 2442 326799 2499 339201
66700 2444 327315 2503 339685
66800 2445 327793 2503 340207
66900 2446 328249 2505 340751
67000 2446 328769 2505 341231
67100 2448 329268 2506 341732
67200 2450 329766 2506 342234
67300 2453 330212 2509 342788
67400 2455 330761 2509 343239
67500 2458 331288 2511 343712
67600 2461 331795 2514 344205
67700 2462 332273 2516 344727
67800 2465 332755 2518 345245
67900 2467 333134 2518 345866
68000 2471 333694 2520 346306
68100 2472 334218 2525 346782
68200 2475 334838 2528 347162
68300 2478 335467 2533 347533
68400 2481 335929 2537 348071
68500 2484 336392 2538 348608
68600 2486 336862 2542 349138
68700 2487 337386 2548 349614
68800 2488 337885 2552 350115
68900 2491 338281 2554 350719
69000 2492 338686 2557 351314
69100 2495 339043 2558 351957
69200 2496 339643 2558 352357
69300 2497 340098 2559 352902
69400 2500 340494 2561 353506
69500 2503 340930 2563 354070
69600 2505 341446 2564 354554
69700 2506 342006 2568 354994
69800 2507 342675 2569 355325
69900 2508 343274 2574 355726
70000 2509 343723 2574 356277
70100 2511 344330 2576 356670
70200 2512 344727 2578 357273
70300 2515 345245 2582 357755
70400 2521 345989 2583 358011
70500 2528 346593 2588 358407
70600 2529 347064 2592 358936
70700 2532 347555 2596 359445
70800 2534 348104 2598 359896
70900 2536 348672 2605 360328
71000 2537 349208 2610 360792
71100 2539 349750 2613 361250
71200 2539 350317 2616 361683
71300 2540 350831 2618 362169
71400 2543 351249 2621 362751
71500 2545 351776 2622 363224
71600 2548 352192 2624 363808
71700 2550 352629 2624 364371
71800 2550 353119 2626 364881
71900 2552 353631 2626 365369
72000 2555 354210 2628 365790
72100 2557 354631 2631 366369
72200 2559 355013 2632 366987
72300 2561 355515 2635 367485
72400 2562 355981 2637 368019
72500 2567 356505 2639 368495
72600 2572 356869 2644 369131
72700 2576 357315 2646 369685
72800 2579 357949 2647 370051
72900 2584 358589 2648 370411
73000 2585 359038 2651 370962
73100 2588 359548 2652 371452
73200 2588 359979 2654 372021
73300 2591 360391 2656 372609
73400 2593 360956 2659 373044
73500 2594 361458 2660 373542
73600 2596 361941 2662 374059
73700 2600 362466 2664 374534
73800 2605 363094 2667 374906
73900 2606 363526 2667 375474
74000 2607 363962 2668 376038
74100 2609 364543 2670 376457
74200 2617 365074 2673 376926
74300 2618 365596 2680 377404
74400 2620 366107 2683 377893
74500 2623 366707 2687 378293
74600 2628 367245 2693 378755
74700 2630 367628 2698 379372
74800 2632 368093 2700 379907
74900 2632 368646 2703 380354
75000 2636 369174 2706 380826
75100 2636 369657 2709 381343
75200 2637 370077 2709 381923
75300 2640 370582 2712 382418
75400 2641 371131 2714 382869
75500 2643 371503 2719 383497
75600 2645 371947 2727 384053
75700 2646 372509 2728 384491
75800 2652 373068 2732 384932
75900 2652 373520 2735 385480
76000 2658 374168 2735 385832
76100 2663 374724 2737 386276
76200 2666 375260 2740 386740
76300 2669 375694 2743 387306
76400 2674 376206 2743 387794
76500 2678 376709 2745 388291
76600 2679 377214 2746 388786
76700 2680 377713 2749 389287
76800 2686 378326 2754 389674
76900 2688 378900 2758 390100
77000 2690 379333 2761 390667
77100 2692 379752 2762 391248
77200 2693 380251 2765 391749
77300 2695 380696 2768 392304
77400 2697 381134 2769 392866
77500 2702 381577 2770 393423
77600 2707 382103 2773 393897
77700 2712 382531 2777 394469
77800 2715 383025 2781 394975
77900 2717 383665 2784 395335
78000 2724 384190 2785 395810
78100 2726 384586 2788 396414
78200 2727 385090 2789 396910
78300 2730 385577 2792 397423
78400 2735 386089 2793 397911
78500 2737 386558 2796 398442
78600 2738 387127 2798 398873
78700 2740 387594 2800 399406
78800 2746 388116 2806 399884
78900 2750 388528 2811 400472
79000 2754 388991 2814 401009
79100 2759 389631 2815 401369
79200 2760 390283 2817 401717
79300 2762 390700 2820 402300
79400 2763 391201 2826 402799
79500 2765 391674 2831 403326
79600 2767 392214 2835 403786
79700 2769 392783 2837 404217
79800 2779 393266 2843 404734
79900 2782 393870 2846 405130
80000 2785 394436 2848 405564
80100 2788 394923 2850 406077
80200 2788 395400 2854 406600
80300 2791 395919 2855 407081
80400 2794 396532 2855 407468
80500 2794 397025 2859 407975
80600 2795 397587 2861 408413
80700 2800 398040 2862 408960
80800 2802 398578 2865 409422
80900 2807 399109 2870 409891
81000 2810 399568 2876 410432
81100 2814 400123 2881 410877
81200 2821 400587 2884 411413
81300 2826 401053 2889 411947
81400 2830 401568 2891 412432
81500 2832 402173 2893 412827
81600 2832 402673 2894 413327
81700 2838 403172 2896 413828
81800 2841 403684 2897 414316
81900 2844 404100 2900 414900
82000 2846 404572 2907 415428
82100 2850 404993 2909 416007
82200 2852 405431 2911 416569
82300 2853 405874 2916 417126
82400 2854 406148 2920 417852
82500 2858 406468 2923 418532
82600 2859 406925 2924 419075
82700 2861 407436 2929 419564
82800 2862 407842 2932 420158
82900 2863 408414 2936 420586
83000 2866 408909 2941 421091
83100 2868 409405 2943 421595
83200 2870 409783 2948 422217
83300 2879 410385 2955 422615
83400 2881 410855 2958 423145
83500 2883 411392 2958 423608
83600 2885 411860 2958 424140
83700 2889 412307 2965 424693
83800 2893 412725 2965 425275
83900 2895 413166 2967 425834
84000 2895 413684 2967 426316
84100 2899 414219 2969 426781
84200 2905 414653 2972 427347
84300 2907 415221 2976 427779
84400 2910 415673 2979 428327
84500 2916 416141 2982 428859
84600 2922 416676 2989 429324
84700 2923 417180 2991 429820
84800 2927 417781 2992 430219
84900 2929 418159 2995 430841
85000 2934 418533 2995 431467
85100 2934 419116 2997 431884
85200 2938 419595 3003 432405
85300 2939 420144 3003 432856
85400 2941 420660 3007 433340
85500 2943 421202 3009 433798
85600 2948 421751 3012 434249
85700 2948 422307 3013 434693
85800 2951 422808 3016 435192
85900 2957 423244 3021 435756
86000 2961 423733 3024 436267
86100 2965 424217 3026 436783
86200 2966 424862 3027 437138
86300 2969 425317 3030 437683
86400 2970 425713 3033 438287
86500 2974 426128 3037 438872
86600 2975 426541 3041 439459
86700 2977 426905 3043 440095
86800 2979 427281 3044 440719
86900 2983 427833 3048 441167
87000 2986 428297 3051 441703
87100 2989 428816 3051 442184
87200 2990 429240 3055 442760
87300 2992 429786 3058 443214
87400 2996 430313 3060 443687
87500 3003 430838 3065 444162
87600 3006 431408 3067 444592
87700 3010 431926 3069 445074
87800 3012 432462 3070 445538
87900 3017 432967 3071 446033
88000 3019 433497 3075 446503
88100 3022 434009 3075 446991
88200 3024 434498 3080 447502
88300 3024 435080 3082 447920
88400 3026 435648 3085 448352
88500 3028 436062 3088 448938
88600 3034 436497 3091 449503
88700 3035 436904 3092 450096
88800 3035 437456 3092 450544
88900 3037 438024 3096 450976
89000 3042 438609 3100 451391
89100 3047 439115 3104 451885
89200 3050 439612 3107 452388
89300 3055 440108 3112 452892
89400 3060 440604 3113 453396
89500 3064 441081 3114 453919
89600 3066 441553 3114 454447
89700 3069 442012 3116 454988
89800 3073 442489 3117 455511
89900 3075 443118 3118 455882
90000 3079 443581 3124 456419
90100 3081 444117 3126 456883
90200 3081 444638 3126 457362
90300 3083 445140 3129 457860
90400 3084 445773 3131 458227
90500 3088 446243 3132 458757
90600 3088 446820 3134 459180
90700 3091 447292 3138 459708
90800 3094 447804 3145 460196
90900 3099 448289 3147 460711
91000 3103 448770 3150 461230
91100 3103 449296 3154 461704
91200 3107 449818 3156 462182
91300 3109 450290 3158 462710
91400 3111 450693 3160 463307
91500 3116 451257 3160 463743
91600 3117 451703 3162 464297
91700 3121 452244 3165 464756
91800 3123 452669 3165 465331
91900 3124 453253 3167 465747
92000 3125 453708 3167 466292
92100 3125 454216 3168 466784
92200 3129 454736 3171 467264
92300 3131 455249 3172 467751
92400 3135 455676 3178 468324
92500 3138 456125 3181 468875
92600 3141 456613 3183 469387
92700 3144 457101 3188 469899
92800 3148 457641 3191 470359
92900 3149 458239 3197 470761
93000 3151 458833 3198 471167
93100 3151 459346 3200 471654
93200 3155 459867 3201 472133
93300 3157 460363 3203 472637
93400 3158 460802 3204 473198
93500 3162 461216 3206 473784
93600 3166 461773 3211 474227
93700 3168 462247 3216 474753
93800 3170 462836 3220 475164
93900 3174 463357 3222 475643
94000 3177 463849 3224 476151
94100 3183 464473 3224 476527
94200 3183 464968 3226 477032
94300 3189 465301 3228 477699
94400 3193 465845 3232 478155
94500 3195 466263 3237 478737
94600 3198 466768 3240 479232
94700 3202 467216 3243 479784
94800 3203 467711 3249 480289
94900 3207 468258 3252 480742
95000 3208 468777 3256 481223
95100 3210 469307 3258 481693
95200 3212 469755 3263 482245
95300 3216 470199 3268 482801
95400 3217 470698 3270 483302
95500 3219 471116 3273 483884
95600 3223 471525 3276 484475
95700 3224 472017 3279 484983
95800 3224 472508 3279 485492
95900 3225 473032 3285 485968
96000 3232 473614 3287 486386
96100 3235 474078 3289 486922
96200 3235 474704 3292 487296
96300 3240 475318 3296 487682
96400 3241 475820 3298 488180
96500 3245 476216 3305 488784
96600 3248 476719 3310 489281
96700 3251 477328 3311 489672
96800 3251 477977 3313 490023
96900 3257 478465 3315 490535
97000 3258 478965 3315 491035
97100 3258 479562 3318 491438
97200 3258 480076 3321 491924
97300 3259 480597 3324 492403
97400 3262 481108 3330 492892
97500 3267 481666 3333 493334
97600 3270 482124 3333 493876
97700 3271 482702 3337 494298
97800 3274 483298 3339 494702
97900 3278 483869 3342 495131
98000 3280 484314 3343 495686
98100 3281 484834 3346 496166
98200 3285 485410 3348 496590
98300 3289 485943 3352 497057
98400 3292 486511 3354 497489
98500 3299 487006 3357 497994
98600 3301 487417 3361 498583
98700 3303 487941 3363 499059
98800 3305 488398 3365 499602
98900 3305 488918 3370 500082
99000 3309 489491 3374 500509
99100 3313 490039 3376 500961
99200 3316 490529 3383 501471
99300 3318 491034 3387 501966
99400 3319 491507 3388 502493
99500 3321 491988 3393 503012
99600 3325 492467 3397 503533
99700 3328 492927 3400 504073
99800 3331 493430 3404 504570
99900 3340 494004 3408 504996
100000 3343 494534 3408 505466
100100 3346 495086 3410 505914
100200 3347 495506 3412 506494
100300 3352 496077 3414 506923
100400 3357 496597 3415 507403
100500 3358 497138 3418 507862
100600 3361 497626 3419 508374
100700 3364 498159 3420 508841
100800 3364 498666 3421 509334
100900 3364 499143 3424 509857
101000 3365 499739 3428 510261
101100 3367 500260 3432 510740
101200 3369 500681 3434 511319
101300 3370 501300 3438 511700
101400 3371 501791 3443 512209
101500 3375 502287 3446 512713
101600 3375 502784 3447 513216
101700 3378 503308 3448 513692
101800 3380 503795 3449 514205
101900 3384 504282 3451 514718
102000 3386 504692 3456 515308
102100 3387 505213 3456 515787
102200 3389 505714 3457 516286
102300 3391 506290 3460 516710
102400 3394 506867 3463 517133
102500 3395 507454 3466 517546
102600 3397 508013 3466 517987
102700 3398 508501 3467 518499
102800 3400 508946 3468 519054
102900 3405 509549 3470 519451
103000 3406 510134 3472 519866
103100 3406 510556 3477 520444
103200 3407 511076 3478 520924
103300 3407 511558 3480 521442
103400 3413 511984 3482 522016
103500 3416 512432 3485 522568
103600 3420 512838 3486 523162
103700 3427 513339 3488 523661
103800 3432 513798 3490 524202
103900 3435 514198 3492 524802
104000 3437 514759 3494 525241
104100 3441 515187 3495 525813
104200 3441 515790 3504 526210
104300 3443 516352 3506 526648
104400 3446 517032 3508 526968
104500 3448 517543 3509 527457
104600 3449 518083 3510 527917
104700 3451 518578 3511 528422
104800 3452 519016 3512 528984
104900 3454 519523 3513 529477
105000 3459 519919 3515 530081
105100 3461 520346 3516 530654
105200 3462 520792 3520 531208
105300 3468 521322 3521 531678
105400 3471 521961 3522 532039
105500 3471 522516 3523 532484
105600 3477 523206 3525 532794
105700 3480 523781 3525 533219
105800 3482 524279 3527 533721
105900 3486 524837 3528 534163
106000 3487 525295 3530 534705
106100 3494 525749 3536 535251
106200 3494 526301 3538 535699
106300 3496 526751 3541 536249
106400 3501 527204 3543 536796
106500 3503 527885 3543 537115
106600 3503 528345 3547 537655
106700 3504 528834 3552 538166
106800 3505 529367 3554 538633
106900 3507 529772 3558 539228
107000 3510 530262 3560 539738
107100 3513 530794 3562 540206
107200 3518 531237 3568 540763
107300 3520 531856 3570 541144
107400 3521 532324 3571 541676
107500 3523 532756 3573 542244
107600 3526 533315 3576 542685
107700 3533 533801 3580 543199
107800 3536 534156 3584 543844
107900 3538 534740 3584 544260
108000 3540 535289 3587 544711
108100 3544 535771 3588 545229
108200 3547 536394 3589 545606
108300 3549 536949 3593 546051
108400 3549 537482 3594 546518
108500 3553 538182 3598 546818
108600 3553 538657 3600 547343
108700 3553 539247 3601 547753
108800 3557 539808 3606 548192
108900 3561 540331 3609 548669
109000 3565 540817 3610 549183
109100 3568 541329 3610 549671
109200 3571 541863 3612 550137
109300 3573 542444 3613 550556
109400 3573 542960 3616 551040
109500 3576 543532 3619 551468
109600 3584 544037 3621 551963
109700 3584 544576 3622 552424
109800 3588 545159 3624 552841
109900 3589 545620 3626 553380
110000 3594 546131 3631 553869
110100 3596 546684 3632 554316
110200 3599 547148 3634 554852
110300 3602 547740 3636 555260
110400 3609 548362 3636 555638
110500 3611 548830 3636 556170
110600 3613 549403 3639 556597
110700 3616 549924 3641 557076
110800 3616 550393 3643 557607
110900 3616 550806 3646 558194
111000 3622 551343 3652 558657
111100 3625 551838 3656 559162
111200 3629 552315 3658 559685
111300 3632 552861 3661 560139
111400 3636 553310 3662 560690
111500 3637 553815 3665 561185
111600 3639 554187 3670 561813
111700 3641 554819 3671 562181
111800 3642 555294 3674 562706
111900 3642 555740 3677 563260
112000 3644 556086 3680 563914
112100 3644 556694 3685 564306
112200 3648 557322 3693 564678
112300 3651 557909 3695 565091
112400 3653 558397 3695 565603
112500 3655 558903 3697 566097
112600 3665 559410 3697 566590
112700 3668 559867 3703 567133
112800 3672 560355 3704 567645
112900 3674 560866 3707 568134
113000 3677 561367 3709 568633
113100 3678 561838 3710 569162
113200 3678 562278 3715 569722
113300 3680 562671 3718 570329
113400 3684 563281 3720 570719
113500 3685 563750 3722 571250
113600 3687 564233 3725 571767
113700 3688 564770 3728 572230
113800 3690 565228 3731 572772
113900 3692 565716 3731 573284
114000 3695 566277 3733 573723
114100 3696 566769 3737 574231
114200 3698 567165 3738 574835
114300 3703 567699 3747 575301
114400 3705 568230 3747 575770
114500 3706 568753 3750 576247
114600 3708 569352 3752 576648
114700 3709 569961 3753 577039
114800 3714 570576 3755 577424
114900 3718 571093 3761 577907
115000 3723 571482 3763 578518
115100 3727 571933 3765 579067
115200 3727 572529 3772 579471
115300 3729 573142 3774 579858
115400 3734 573698 3774 580302
115500 3736 574247 3774 580753
115600 3739 574787 3776 581213
115700 3740 575280 3778 581720
115800 3743 575716 3781 582284
115900 3744 576084 3783 582916
116000 3747 576444 3786 583556
116100 3756 576953 3792 584047
116200 3758 577368 3797 584632
116300 3764 577846 3800 585154
116400 3766 578254 3801 585746
116500 3770 578705 3804 586295
116600 3773 579232 3805 586768
116700 3776 579708 3807 587292
116800 3780 580128 3810 587872
116900 3784 580686 3812 588314
117000 3790 581085 3814 588915
117100 3791 581649 3817 589351
117200 3793 582144 3819 589856
117300 3796 582569 3820 590431
117400 3801 583041 3825 590959
117500 3807 583613 3827 591387
117600 3810 584259 3831 591741
117700 3815 584739 3842 592261
117800 3821 585285 3844 592715
117900 3829 585582 3847 593418
118000 3831 586042 3850 593958
118100 3833 586534 3854 594466
118200 3835 587016 3856 594984
118300 3836 587423 3858 595577
118400 3839 587935 3863 596065
118500 3844 588594 3868 596406
118600 3845 589097 3870 596903
118700 3847 589718 3876 597282
118800 3850 590254 3878 597746
118900 3851 590815 3881 598185
119000 3852 591308 3882 598692
119100 3853 591754 3884 599246
119200 3855 592205 3888 599795
119300 3857 592598 3889 600402
119400 3860 593090 3894 600910
119500 3861 593495 3896 601505
119600 3864 594064 3898 601936
119700 3865 594519 3900 602481
119800 3870 594933 3901 603067
119900 3871 595364 3903 603636
120000 3875 595787 3904 604213
120100 3877 596154 3909 604846
120200 3878 596604 3911 605396
120300 3878 597041 3912 605959
120400 3879 597645 3915 606355
120500 3883 598134 3916 606866
120600 3886 598465 3920 607535
120700 3887 598899 3922 608101
120800 3890 599345 3926 608655
120900 3893 599752 3930 609248
121000 3895 600195 3932 609805
121100 3897 600567 3933 610433
121200 3897 600956 3933 611044
121300 3901 601418 3936 611582
121400 3905 602037 3936 611963
121500 3908 602553 3937 612447
121600 3911 603070 3938 612930
121700 3912 603667 3940 613333
121800 3916 604137 3944 613863
121900 3918 604681 3945 614319
122000 3921 605250 3950 614750
122100 3924 605682 3952 615318
122200 3925 606173 3953 615827
122300 3928 606711 3954 616289
122400 3931 607281 3958 616719
122500 3934 607845 3960 617155
122600 3935 608443 3962 617557
122700 3938 608989 3967 618011
122800 3939 609490 3971 618510
122900 3941 609968 3976 619032
123000 3945 610468 3980 619532
123100 3949 610941 3981 620059
123200 3951 611464 3984 620536
123300 3954 611855 3985 621145
123400 3957 612408 3989 621592
123500 3959 612896 3994 622104
123600 3962 613425 3996 622575
123700 3964 614089 4000 622911
123800 3966 614485 4003 623515
123900 3967 615049 4006 623951
124000 3967 615433 4007 624567
124100 3971 615850 4008 625150
124200 3975 616439 4013 625561
124300 3976 617115 4016 625885
124400 3979 617592 4020 626408
124500 3980 618040 4022 626960
124600 3983 618487 4024 627513
124700 3985 618885 4025 628115
124800 3986 619286 4028 628714
124900 3990 619832 4030 629168
125000 3992 620290 4035 629710
125100 3994 620713 4037 630287
125200 3997 621198 4042 630802
125300 4004 621655 4045 631345
125400 4004 622006 4045 631994
125500 4005 622367 4047 632633
125600 4006 622790 4050 633210
125700 4008 623152 4054 633848
125800 4009 623606 4054 634394
125900 4012 624009 4057 634991
126000 4014 624661 4059 635339
126100 4019 625112 4065 635888
126200 4021 625563 4067 636437
126300 4024 626198 4069 636802
126400 4028 626685 4076 637315
126500 4030 627184 4077 637816
126600 4032 627666 4079 638334
126700 4033 628202 4081 638798
126800 4041 628744 4083 639256
126900 4045 629338 4088 639662
127000 4048 629887 4089 640113
127100 4050 630392 4092 640608
127200 4052 630876 4095 641124
127300 4053 631279 4095 641721
127400 4055 631764 4096 642236
127500 4058 632243 4103 642757
127600 4059 632738 4103 643262
127700 4061 633189 4105 643811
127800 4064 633738 4107 644262
127900 4068 634246 4111 644754
128000 4068 634741 4115 645259
128100 4069 635309 4120 645691
128200 4073 635783 4121 646217
128300 4076 636344 4124 646656
128400 4076 636797 4124 647203
128500 4076 637276 4126 647724
128600 4078 637741 4127 648259
128700 4083 638276 4132 648724
128800 4087 638579 4135 649421
128900 4092 639093 4138 649907
129000 4095 639537 4143 650463
129100 4095 640066 4146 650934
129200 4096 640623 4148 651377
129300 4099 641051 4153 651949
129400 4100 641543 4153 652457
129500 4102 642054 4154 652946
129600 4102 642612 4156 653388
129700 4103 643142 4156 653858
129800 4108 643572 4158 654428
129900 4113 644032 4161 654968
130000 4115 644606 4162 655394
130100 4117 645087 4167 655913
130200 4118 645579 4170 656421
130300 4121 646054 4173 656946
130400 4123 646543 4176 657457
130500 4127 646933 4179 658067
130600 4129 647519 4181 658481
130700 4134 648027 4186 658973
130800 4137 648580 4187 659420
130900 4138 649099 4189 659901
131000 4140 649567 4191 660433
131100 4144 650104 4192 660896
131200 4147 650701 4196 661299
131300 4150 651244 4200 661756
131400 4151 651731 4202 662269
131500 4151 652248 4205 662752
131600 4155 652635 4209 663365
131700 4155 653156 4210 663844
131800 4164 653637 4210 664363
131900 4167 654239 4210 664761
132000 4169 654547 4213 665453
132100 4176 655000 4219 666000
132200 4182 655505 4222 666495
132300 4183 656091 4222 666909
132400 4185 656506 4224 667494
132500 4187 657026 4225 667974
132600 4191 657443 4226 668557
132700 4192 657871 4231 669129
132800 4194 658370 4233 669630
132900 4196 659028 4235 669972
133000 4198 659611 4239 670389
133100 4204 660020 4243 670980
133200 4206 660445 4246 671555
133300 4209 660971 4250 672029
133400 4215 661455 4253 672545
133500 4219 662024 4254 672976
133600 4223 662531 4261 673469
133700 4225 662902 4263 674098
133800 4228 663327 4272 674673
133900 4234 663948 4273 675052
134000 4236 664537 4274 675463
134100 4237 665113 4276 675887
134200 4239 665657 4278 676343
134300 4242 666028 4282 676972
134400 4247 666375 4288 677625
134500 4250 666849 4291 678151
134600 4253 667513 4295 678487
134700 4255 667983 4297 679017
134800 4256 668591 4299 679409
134900 4260 669100 4303 679900
135000 4260 669603 4304 680397
135100 4260 670076 4306 680924
135200 4260 670576 4309 681424
135300 4264 671039 4313 681961
135400 4265 671514 4319 682486
135500 4265 672009 4323 682991
135600 4266 672574 4323 683426
135700 4269 673047 4328 683953
135800 4272 673594 4333 684406
135900 4273 674180 4336 684820
136000 4277 674692 4336 685308
136100 4278 675200 4338 685800
136200 4279 675691 4339 686309
136300 4286 676088 4342 686912
136400 4287 676568 4345 687432
136500 4289 676972 4350 688028
136600 4292 677384 4352 688616
136700 4294 677724 4355 689276
136800 4295 678141 4357 689859
136900 4297 678647 4360 690353
137000 4299 679311 4363 690689
137100 4300 679886 4365 691114
137200 4300 680460 4368 691540
137300 4300 680967 4370 692033
137400 4306 681453 4372 692547
137500 4311 682006 4374 692994
137600 4314 682562 4378 693438
137700 4315 683058 4379 693942
137800 4318 683593 4386 694407
137900 4321 684077 4393 694923
138000 4322 684614 4394 695386
138100 4322 685062 4395 695938
138200 4324 685620 4398 696380
138300 4326 686207 4401 696793
138400 4328 686666 4403 697334
138500 4328 687062 4410 697938
138600 4331 687530 4410 698470
138700 4333 688026 4412 698974
138800 4339 688582 4418 699418
138900 4349 689062 4422 699938
139000 4353 689581 4423 700419
139100 4355 690028 4424 700972
139200 4355 690577 4426 701423
139300 4359 691176 4426 701824
139400 4360 691617 4427 702383
139500 4362 692170 4430 702830
139600 4364 692701 4431 703299
139700 4365 693200 4432 703800
139800 4370 693841 4434 704159
139900 4376 694377 4440 704623
140000 4383 694951 4445 705049
140100 4383 695469 4447 705531
140200 4385 695955 4452 706045
140300 4387 696510 4453 706490
140400 4391 697037 4454 706963
140500 4394 697493 4454 707507
140600 4399 697989 4457 708011
140700 4400 698502 4458 708498
140800 4403 699041 4461 708959
140900 4403 699474 4462 709526
141000 4409 700005 4463 709995
141100 4417 700525 4466 710475
141200 4418 701103 4468 710897
141300 4423 701574 4470 711426
141400 4425 702040 4471 711960
141500 4426 702555 4474 712445
141600 4429 703197 4477 712803
141700 4436 703733 4477 713267
141800 4439 704250 4478 713750
141900 4444 704705 4479 714295
142000 4450 705176 4486 714824
142100 4456 705693 4493 715307
142200 4457 706088 4494 715912
142300 4457 706546 4499 716454
142400 4461 706973 4502 717027
142500 4462 707351 4505 717649
142600 4465 707817 4507 718183
142700 4468 708246 4511 718754
142800 4473 708825 4513 719175
142900 4476 709359 4516 719641
143000 4479 709880 4525 720120
143100 4484 710391 4529 720609
143200 4486 710916 4531 721084
143300 4487 711413 4534 721587
143400 4488 711939 4535 722061
143500 4493 712425 4536 722575
143600 4495 712848 4540 723152
143700 4499 713482 4545 723518
143800 4503 713933 4547 724067
143900 4504 714449 4550 724551
144000 4505 715023 4553 724977
144100 4509 715542 4553 725458
144200 4509 716126 4555 725874
144300 4513 716687 4556 726313
144400 4513 717211 4562 726789
144500 4515 717831 4562 727169
144600 4515 718364 4564 727636
144700 4515 718910 4565 728090
144800 4522 719452 4567 728548
144900 4522 719932 4570 729068
145000 4527 720386 4575 729614
145100 4529 720856 4575 730144
145200 4529 721359 4577 730641
145300 4530 721871 4581 731129
145400 4533 722420 4583 731580
145500 4535 722953 4585 732047
145600 4538 723377 4588 732623
145700 4540 723857 4591 733143
145800 4545 724335 4594 733665
145900 4549 724654 4594 734346
146000 4551 725049 4595 734951
146100 4552 725526 4597 735474
146200 4557 726048 4602 735952
146300 4561 726626 4603 736374
146400 4562 727165 4604 736835
146500 4563 727623 4604 737377
146600 4565 727867 4611 738133
146700 4567 728337 4613 738663
146800 4569 728817 4616 739183
146900 4572 729279 4619 739721
147000 4575 729659 4621 740341
147100 4575 730124 4626 740876
147200 4578 730646 4628 741354
147300 4581 731111 4630 741889
147400 4582 731577 4632 742423
147500 4586 731988 4635 743012
147600 4590 732533 4639 743467
147700 4592 733047 4645 743953
147800 4592 733509 4645 744491
147900 4592 734031 4647 744969
148000 4596 734471 4648 745529
148100 4597 734939 4650 746061
148200 4601 735541 4652 746459
148300 4601 736110 4653 746890
148400 4602 736579 4654 747421
148500 4608 737085 4660 747915
148600 4609 737568 4664 748432
148700 4614 738146 4668 748854
148800 4615 738599 4669 749401
148900 4617 739176 4671 749824
149000 4618 739687 4671 750313
149100 4619 740244 4676 750756
149200 4626 740700 4684 751300
149300 4627 741178 4687 751822
149400 4630 741637 4691 752363
149500 4636 742016 4696 752984
149600 4639 742546 4698 753454
149700 4641 743035 4699 753965
149800 4643 743550 4699 754450
149900 4647 744016 4701 754984
150000 4649 744543 4703 755457
150100 4654 745072 4707 755928
150200 4654 745543 4713 756457
150300 4654 746058 4713 756942
150400 4657 746575 4715 757425
150500 4659 747002 4718 757998
150600 4662 747509 4718 758491
150700 4666 747949 4722 759051
150800 4667 748403 4724 759597
150900 4668 748882 4724 760118
151000 4668 749309 4725 760691
151100 4669 749816 4725 761184
151200 4670 750263 4725 761737
151300 4676 750888 4726 762112
151400 4678 751318 4729 762682
151500 4680 751750 4731 763250
151600 4685 752210 4734 763790
151700 4690 752695 4737 764305
151800 4694 753302 4739 764698
151900 4702 753872 4745 765128
152000 4706 754447 4751 765553
152100 4710 754981 4754 766019
152200 4711 755392 4755 766608
152300 4712 755938 4757 767062
152400 4713 756463 4760 767537
152500 4714 756887 4760 768113
152600 4715 757348 4760 768652
152700 4715 757842 4765 769158
152800 4717 758214 4766 769786
152900 4718 758891 4766 770109
153000 4721 759375 4768 770625
153100 4722 759984 4769 771016
153200 4722 760556 4772 771444
153300 4726 761154 4772 771846
153400 4729 761763 4772 772237
153500 4731 762424 4774 772576
153600 4732 762832 4777 773168
153700 4734 763188 4779 773812
153800 4736 763710 4780 774290
153900 4738 764107 4784 774893
154000 4741 764650 4785 775350
154100 4743 765118 4787 775882
154200 4744 765706 4788 776294
154300 4745 766054 4791 776946
154400 4752 766559 4798 777441
154500 4753 767158 4800 777842
154600 4757 767704 4800 778296
154700 4758 768286 4801 778714
154800 4762 768860 4805 779140
154900 4763 769316 4806 779684
155000 4764 769749 4806 780251
155100 4771 770272 4808 780728
155200 4772 770803 4810 781197
155300 4774 771250 4812 781750
155400 4777 771750 4814 782250
155500 4780 772230 4819 782770
155600 4781 772678 4822 783322
155700 4785 773201 4825 783799
155800 4789 773698 4828 784302
155900 4791 774244 4830 784756
156000 4794 774771 4835 785229
156100 4796 775259 4838 785741
156200 4798 775686 4839 786314
156300 4798 776170 4843 786830
156400 4803 776760 4844 787240
156500 4803 777196 4846 787804
156600 4807 777659 4849 788341
156700 4812 778177 4854 788823
156800 4816 778683 4858 789317
156900 4819 779368 4859 789632
157000 4821 779902 4861 790098
157100 4824 780550 4864 790450
157200 4826 781020 4868 790980
157300 4828 781568 4871 791432
157400 4830 782098 4875 791902
157500 4832 782550 4878 792450
157600 4832 783031 4878 792969
157700 4835 783502 4879 793498
157800 4843 783939 4881 794061
157900 4844 784503 4882 794497
158000 4845 785174 4885 794826
158100 4846 785697 4887 795303
158200 4848 786258 4889 795742
158300 4850 786764 4893 796236
158400 4853 787253 4896 796747
158500 4856 787685 4899 797315
158600 4856 788254 4901 797746
158700 4860 788744 4901 798256
158800 4862 789350 4903 798650
158900 4864 789844 4904 799156
159000 4867 790259 4905 799741
159100 4869 790790 4906 800210
159200 4871 791225 4906 800775
159300 4873 791708 4907 801292
159400 4876 792261 4907 801739
159500 4879 792738 4913 802262
159600 4880 793206 4914 802794
159700 4882 793634 4917 803366
159800 4884 794140 4921 803860
159900 4885 794653 4924 804347
160000 4887 795153 4924 804847
160100 4889 795578 4927 805422
160200 4892 796097 4928 805903
160300 4896 796688 4932 806312
160400 4899 797118 4934 806882
160500 4902 797637 4934 807363
160600 4904 798141 4941 807859
160700 4908 798567 4945 808433
160800 4909 799102 4947 808898
160900 4909 799628 4948 809372
161000 4912 800070 4952 809930
161100 4912 800572 4955 810428
161200 4913 801118 4956 810882
161300 4915 801542 4957 811458
161400 4919 802030 4959 811970
161500 4920 802555 4962 812445
161600 4922 803112 4963 812888
161700 4927 803620 4965 813380
161800 4932 804120 4968 813880
161900 4933 804638 4969 814362
162000 4938 805024 4971 814976
162100 4939 805432 4977 815568
162200 4941 805861 4984 816139
162300 4943 806321 4987 816679
162400 4945 806862 4989 817138
162500 4948 807424 4995 817576
162600 4949 807970 4996 818030
162700 4952 808545 4999 818455
162800 4953 809133 5000 818867
162900 4955 809696 5003 819304
163000 4957 810289 5007 819711
163100 4958 810786 5013 820214
163200 4960 811322 5015 820678
163300 4964 811777 5019 821223
163400 4967 812258 5023 821742
163500 4969 812813 5026 822187
163600 4971 813232 5028 822768
163700 4975 813746 5030 823254
163800 4976 814269 5033 823731
163900 4977 814744 5034 824256
164000 4980 815233 5035 824767
164100 4981 815759 5035 825241
164200 4981 816137 5041 825863
164300 4982 816700 5047 826300
164400 4983 817126 5048 826874
164500 4989 817595 5049 827405
164600 4992 818151 5053 827849
164700 4995 818551 5056 828449
164800 4996 819084 5057 828916
164900 4997 819565 5057 829435
165000 4999 820031 5059 829969
165100 5000 820583 5062 830417
165200 5001 821172 5064 830828
165300 5004 821690 5066 831310
165400 5007 822224 5067 831776
165500 5013 822620 5069 832380
165600 5016 823110 5070 832890
165700 5021 823784 5072 833216
165800 5026 824191 5074 833809
165900 5029 824752 5079 834248
166000 5031 825337 5085 834663
166100 5035 825847 5087 835153
166200 5038 826336 5088 835664
166300 5044 826868 5090 836132
166400 5049 827374 5093 836626
166500 5051 827884 5093 837116
166600 5052 828447 5095 837553
166700 5054 828902 5096 838098
166800 5056 829349 5097 838651
166900 5060 829803 5100 839197
167000 5061 830361 5101 839639
167100 5063 830827 5106 840173
167200 5064 831437 5109 840563
167300 5067 831888 5109 841112
167400 5073 832372 5113 841628
167500 5073 832783 5115 842217
167600 5075 833352 5121 842648
167700 5077 833909 5125 843091
167800 5082 834409 5128 843591
167900 5087 834847 5132 844153
168000 5089 835503 5136 844497
168100 5095 835948 5142 845052
168200 5099 836647 5151 845353
168300 5107 837163 5158 845837
168400 5108 837552 5160 846448
168500 5114 838087 5162 846913
168600 5118 838583 5164 847417
168700 5122 839105 5170 847895
168800 5126 839753 5175 848247
168900 5127 840302 5178 848698
169000 5128 840809 5181 849191
169100 5132 841353 5184 849647
169200 5135 841895 5186 850105
169300 5139 842281 5188 850719
169400 5142 842737 5188 851263
169500 5146 843317 5191 851683
169600 5147 843850 5192 852150
169700 5149 844308 5194 852692
169800 5150 844840 5196 853160
169900 5151 845338 5201 853662
170000 5153 845863 5203 854137
170100 5156 846276 5204 854724
170200 5157 846689 5205 855311
170300 5159 847012 5207 855988
170400 5161 847476 5208 856524
170500 5163 847950 5213 857050
170600 5166 848460 5216 857540
170700 5171 848899 5218 858101
170800 5175 849502 5222 858498
170900 5176 850054 5223 858946
171000 5180 850570 5226 859430
171100 5184 851192 5229 859808
171200 5189 851795 5231 860205
171300 5189 852255 5231 860745
171400 5196 852546 5235 861454
171500 5198 853109 5235 861891
171600 5201 853665 5236 862335
171700 5204 854164 5237 862836
171800 5205 854560 5239 863440
171900 5210 855147 5243 863853
172000 5212 855613 5245 864387
172100 5214 856042 5247 864958
172200 5216 856491 5251 865509
172300 5221 856981 5257 866019
172400 5223 857513 5259 866487
172500 5227 857952 5259 867048
172600 5231 858293 5262 867707
172700 5233 858858 5263 868142
172800 5236 859369 5264 868631
172900 5240 859916 5265 869084
173000 5243 860315 5267 869685
173100 5244 860962 5272 870038
173200 5244 861420 5276 870580
173300 5247 861918 5279 871082
173400 5248 862379 5282 871621
173500 5250 862827 5284 872173
173600 5255 863316 5286 872684
173700 5259 863619 5288 873381
173800 5261 864069 5293 873931
173900 5266 864513 5297 874487
174000 5269 864970 5299 875030
174100 5272 865472 5303 875528
174200 5273 865971 5309 876029
174300 5277 866454 5310 876546
174400 5279 866940 5311 877060
174500 5280 867462 5313 877538
174600 5284 867870 5316 878130
174700 5284 868329 5318 878671
174800 5287 868859 5321 879141
174900 5288 869385 5322 879615
175000 5289 869988 5325 880012
175100 5289 870452 5326 880548
175200 5290 870907 5326 881093
175300 5295 871636 5330 881364
175400 5298 872014 5331 881986
175500 5298 872461 5333 882539
175600 5300 872983 5334 883017
175700 5302 873573 5335 883427
175800 5307 874156 5337 883844
175900 5310 874612 5339 884388
176000 5318 875056 5344 884944
176100 5323 875404 5346 885596
176200 5325 875866 5349 886134
176300 5327 876310 5352 886690
176400 5329 876875 5355 887125
176500 5330 877253 5356 887747
176600 5333 877751 5358 888249
176700 5335 878151 5362 888849
176800 5341 878594 5364 889406
176900 5346 879067 5367 889933
177000 5347 879640 5370 890360
177100 5353 880269 5373 890731
177200 5354 880779 5374 891221
177300 5356 881303 5374 891697
177400 5362 881790 5376 892210
177500 5362 882316 5377 892684
177600 5365 882771 5380 893229
177700 5369 883327 5382 893673
177800 5370 883817 5384 894183
177900 5371 884393 5384 894607
178000 5373 884918 5384 895082
178100 5374 885492 5386 895508
178200 5375 885977 5389 896023
178300 5376 886484 5392 896516
178400 5378 887046 5394 896954
178500 5382 887522 5397 897478
178600 5390 887913 5407 898087
178700 5392 888398 5411 898602
178800 5393 888875 5414 899125
178900 5394 889435 5415 899565
179000 5395 889867 5416 900133
179100 5400 890345 5418 900655
179200 5402 890639 5423 901361
179300 5404 891088 5427 901912
179400 5406 891702 5430 902298
179500 5407 892239 5432 902761
179600 5409 892625 5437 903375
179700 5415 893114 5443 903886
179800 5420 893640 5446 904360
179900 5421 894085 5449 904915
180000 5423 894590 5454 905410
180100 5427 895243 5455 905757
180200 5429 895716 5455 906284
180300 5432 896300 5459 906700
180400 5436 896789 5464 907211
180500 5437 897331 5466 907669
180600 5439 897791 5468 908209
180700 5442 898383 5471 908617
180800 5443 898906 5473 909094
180900 5446 899478 5474 909522
181000 5449 900127 5480 909873
181100 5451 900736 5484 910264
181200 5456 901174 5486 910826
181300 5460 901625 5486 911375
181400 5460 902010 5489 911990
181500 5465 902281 5494 912719
181600 5466 902809 5495 913191
181700 5468 903265 5499 913735
181800 5469 903865 5500 914135
181900 5472 904302 5504 914698
182000 5473 904764 5507 915236
182100 5479 905231 5508 915769
182200 5482 905811 5509 916189
182300 5484 906269 5511 916731
182400 5488 906816 5513 917184
182500 5491 907347 5516 917653
182600 5494 907894 5519 918106
182700 5496 908293 5519 918707
182800 5500 908684 5521 919316
182900 5501 909114 5522 919886
183000 5502 909571 5523 920429
183100 5506 909997 5527 921003
183200 5510 910490 5529 921510
183300 5512 910970 5531 922030
183400 5518 911412 5534 922588
183500 5522 911902 5537 923098
183600 5524 912408 5538 923592
183700 5528 912960 5541 924040
183800 5533 913429 5541 924571
183900 5535 913960 5546 925040
184000 5540 914569 5551 925431
184100 5542 915100 5555 925900
184200 5545 915482 5559 926518
184300 5546 916053 5561 926947
184400 5554 916667 5564 927333
184500 5556 917173 5567 927827
184600 5560 917662 5573 928338
184700 5560 918294 5575 928706
184800 5566 918798 5581 929202
184900 5571 919174 5583 929826
185000 5573 919796 5585 930204
185100 5574 920387 5587 930613
185200 5575 920873 5589 931127
185300 5578 921398 5593 931602
185400 5580 921894 5593 932106
185500 5581 922399 5596 932601
185600 5581 922945 5597 933055
185700 5581 923364 5602 933636
185800 5583 923849 5604 934151
185900 5586 924251 5607 934749
186000 5588 924812 5607 935188
186100 5589 925343 5609 935657
186200 5592 925837 5613 936163
186300 5596 926358 5617 936642
186400 5599 926900 5618 937100
186500 5601 927406 5619 937594
186600 5602 927958 5622 938042
186700 5603 928536 5623 938464
186800 5608 929004 5623 938996
186900 5609 929524 5625 939476
187000 5610 930049 5627 939951
187100 5616 930548 5632 940452
187200 5620 931152 5634 940848
187300 5622 931642 5635 941358
187400 5625 932105 5635 941895
187500 5627 932441 5636 942559
187600 5627 932803 5638 943197
187700 5628 933229 5641 943771
187800 5630 933784 5644 944216
187900 5632 934397 5646 944603
188000 5634 934851 5648 945149
188100 5634 935372 5649 945628
188200 5635 935924 5650 946076
188300 5636 936422 5653 946578
188400 5638 936838 5657 947162
188500 5639 937250 5659 947750
188600 5644 937741 5660 948259
188700 5647 938129 5664 948871
188800 5648 938572 5666 949428
188900 5649 939128 5670 949872
189000 5651 939671 5672 950329
189100 5653 940142 5672 950858
189200 5657 940707 5674 951293
189300 5663 941280 5674 951720
189400 5664 941658 5675 952342
189500 5667 942092 5677 952908
189600 5671 942454 5680 953546
189700 5674 943119 5682 953881
189800 5677 943538 5684 954462
189900 5678 944243 5684 954757
190000 5681 944707 5686 955293
190100 5686 945078 5689 955922
190200 5690 945594 5692 956406
190300 5694 946102 5696 956898
190400 5694 946639 5696 957361
190500 5696 947174 5697 957826
190600 5698 947669 5699 958331
190700 5705 948085 5705 958915
190800 5706 948574 5707 959426
190900 5709 948920 5711 960080
191000 5710 949436 5713 960564
191100 5711 949903 5713 961097
191200 5713 950443 5714 961557
191300 5713 950912 5714 962088
191400 5718 951322 5714 962678
191500 5720 951818 5715 963182
191600 5723 952097 5717 963903
191700 5725 952540 5718 964460
191800 5730 953021 5724 964979
191900 5735 953526 5726 965474
192000 5739 953876 5731 966124
192100 5741 954376 5733 966624
192200 5745 954841 5738 967159
192300 5745 955370 5742 967630
192400 5746 955818 5744 968182
192500 5749 956390 5750 968610
192600 5750 956854 5754 969146
192700 5750 957341 5754 969659
192800 5752 957811 5756 970189
192900 5754 958253 5759 970747
193000 5754 958784 5760 971216
193100 5755 959208 5764 971792
193200 5756 959782 5765 972218
193300 5761 960250 5768 972750
193400 5764 960782 5769 973218
193500 5765 961207 5770 973793
193600 5767 961656 5778 974344
193700 5768 962215 5783 974785
193800 5770 962741 5783 975259
193900 5770 963291 5784 975709
194000 5776 963768 5785 976232
194100 5779 964240 5788 976760
194200 5779 964794 5793 977206
194300 5779 965377 5795 977623
194400 5780 965961 5799 978039
194500 5783 966351 5801 978649
194600 5784 966847 5805 979153
194700 5789 967417 5809 979583
194800 5791 967943 5811 980057
194900 5794 968363 5815 980637
195000 5796 968928 5818 981072
195100 5797 969412 5819 981588
195200 5800 969915 5822 982085
195300 5803 970523 5828 982477
195400 5803 970955 5828 983045
195500 5805 971471 5828 983529
195600 5809 971991 5828 984009
195700 5813 972542 5831 984458
195800 5815 973041 5834 984959
195900 5816 973593 5834 985407
196000 5819 974071 5837 985929
196100 5819 974551 5840 986449
196200 5821 975085 5840 986915
196300 5823 975649 5842 987351
196400 5826 975993 5842 988007
196500 5828 976318 5844 988682
196600 5829 976727 5847 989273
196700 5831 977262 5850 989738
196800 5835 977766 5853 990234
196900 5840 978282 5856 990718
197000 5844 978763 5860 991237
197100 5850 979290 5863 991710
197200 5856 979810 5865 992190
197300 5856 980324 5865 992676
197400 5862 980837 5867 993163
197500 5864 981273 5870 993727
197600 5868 981850 5873 994150
197700 5870 982426 5875 994574
197800 5873 983012 5880 994988
197900 5878 983447 5884 995553
198000 5880 983919 5887 996081
198100 5886 984377 5890 996623
198200 5888 984870 5893 997130
198300 5891 985404 5896 997596
198400 5897 985914 5900 998086
198500 5901 986449 5904 998551
198600 5903 987049 5905 998951
198700 5904 987604 5907 999396
198800 5908 988176 5911 999824
198900 5910 988708 5915 1000292
199000 5911 989179 5916 1000821
199100 5914 989771 5922 1001229
199200 5918 990315 5924 1001685
199300 5921 990815 5925 1002185
199400 5924 991304 5929 1002696
199500 5933 991781 5935 1003219
199600 5938 992327 5938 1003673
199700 5941 992831 5940 1004169
199800 5942 993390 5944 1004610
199900 5948 993930 5948 1005070
200000 5953 994532 5952 1005468
