#! FIELDS timestep dup_succ dup_attempts kill_succ kill_attempts
#! SET timestep 0.5
#! SET kernel_bandwidth [0.15 0.15]
#! SET kt 1.0
100 70 130 75 870
200 150 303 163 1697
300 227 565 263 2435
400 296 907 325 3093
500 327 1315 367 3685
600 352 1764 398 4236
700 373 2217 433 4783
800 400 2295 475 5705
900 443 2363 546 6637
1000 506 2473 619 7527
1100 581 2643 718 8357
1200 657 2909 811 9091
1300 728 3257 858 9743
1400 773 3658 903 10342
1500 797 4120 928 10880
1600 812 4605 941 11395
1700 828 5175 956 11825
1800 837 5692 973 12308
1900 857 6288 986 12712
2000 866 6838 1001 13162
2100 881 7275 1015 13725
2200 894 7811 1028 14189
2300 910 8420 1039 14580
2400 923 8886 1050 15114
2500 942 9385 1057 15615
2600 955 9900 1064 16100
2700 977 10397 1078 16603
2800 991 11002 1094 16998
2900 1005 11522 1108 17478
3000 1018 12056 1116 17944
3100 1027 12595 1127 18405
3200 1034 13075 1135 18925
3300 1050 13574 1147 19426
3400 1068 14082 1162 19918
3500 1072 14569 1171 20431
3600 1084 15102 1179 20898
3700 1097 15617 1189 21383
3800 1105 16110 1194 21890
3900 1115 16579 1204 22421
4000 1127 17133 1213 22867
4100 1135 17661 1226 23339
4200 1144 18177 1242 23823
4300 1152 18856 1252 24144
4400 1165 19353 1266 24647
4500 1178 19819 1278 25181
4600 1191 20252 1285 25748
4700 1208 20711 1302 26289
4800 1214 21243 1315 26757
4900 1223 21677 1326 27323
5000 1237 22152 1340 27848
5100 1246 22631 1351 28369
5200 1260 23075 1365 28925
5300 1265 23563 1373 29437
5400 1280 24134 1383 29866
5500 1294 24677 1394 30323
5600 1306 25207 1407 30793
5700 1322 25759 1423 31241
5800 1337 26282 1444 31718
5900 1348 26726 1458 32274
6000 1366 27166 1474 32834
6100 1377 27731 1481 33269
6200 1389 28222 1490 33778
6300 1401 28689 1504 34311
6400 1409 29142 1512 34858
6500 1426 29654 1541 35346
6600 1440 30212 1554 35788
6700 1453 30750 1561 36250
6800 1467 31222 1572 36778
6900 1485 31792 1581 37208
7000 1491 32315 1591 37685
7100 1505 32715 1607 38285
7200 1510 33240 1622 38760
7300 1516 33774 1628 39226
7400 1527 34325 1638 39675
7500 1542 34875 1657 40125
7600 1565 35368 1669 40632
7700 1579 35826 1680 41174
7800 1594 36430 1693 41570
7900 1600 36855 1697 42145
8000 1614 37367 1704 42633
8100 1635 37900 1722 43100
8200 1646 38437 1734 43563
8300 1657 38934 1745 44066
8400 1667 39469 1757 44531
8500 1680 39945 1768 45055
8600 1699 40434 1782 45566
8700 1707 40905 1795 46095
8800 1717 41443 1802 46557
8900 1734 41968 1819 47032
9000 1744 42456 1831 47544
9100 1755 43032 1846 47968
9200 1766 43641 1865 48359
9300 1782 44234 1878 48766
9400 1798 44740 1896 49260
9500 1808 45274 1908 49726
9600 1822 45761 1917 50239
9700 1835 46231 1921 50769
9800 1839 46752 1930 51248
9900 1849 47300 1942 51700
10000 1868 47876 1956 52124
10100 1877 48417 1967 52583
10200 1889 48937 1981 53063
10300 1907 49417 1996 53583
10400 1912 49927 2005 54073
10500 1919 50378 2012 54622
10600 1934 50903 2021 55097
10700 1939 51484 2029 55516
10800 1953 52003 2041 55997
10900 1959 52520 2051 56480
11000 1969 53062 2062 56938
11100 1975 53611 2071 57389
11200 1992 54061 2080 57939
11300 2002 54587 2094 58413
11400 2024 55136 2115 58864
11500 2041 55605 2125 59395
11600 2050 56048 2132 59952
11700 2063 56604 2142 60396
11800 2074 57100 2155 60900
11900 2084 57564 2171 61436
12000 2096 58123 2191 61877
12100 2109 58619 2200 62381
12200 2122 59096 2219 62904
12300 2135 59569 2225 63431
12400 2151 60036 2237 63964
12500 2170 60518 2247 64482
12600 2182 61042 2259 64958
12700 2201 61537 2274 65463
12800 2214 62002 2288 65998
12900 2218 62530 2299 66470
13000 2226 63044 2311 66956
13100 2241 63536 2334 67464
13200 2251 64100 2345 67900
13300 2265 64623 2361 68377
13400 2280 65082 2381 68918
13500 2290 65610 2390 69390
13600 2304 66104 2404 69896
13700 2320 66608 2416 70392
13800 2338 67156 2430 70844
13900 2355 67755 2442 71245
14000 2376 68266 2461 71734
14100 2384 68776 2469 72224
14200 2398 69224 2479 72776
14300 2409 69780 2489 73220
14400 2415 70316 2502 73684
14500 2426 70877 2517 74123
14600 2445 71311 2530 74689
14700 2457 71776 2543 75224
14800 2467 72323 2558 75677
14900 2477 72872 2572 76128
15000 2485 73413 2584 76587
15100 2503 73940 2596 77060
15200 2513 74468 2612 77532
15300 2523 75039 2623 77961
15400 2534 75531 2634 78469
15500 2551 76073 2654 78927
15600 2557 76635 2661 79365
15700 2575 77117 2676 79883
15800 2581 77639 2693 80361
15900 2599 78128 2712 80872
16000 2606 78663 2723 81337
16100 2618 79142 2733 81858
16200 2632 79674 2749 82326
16300 2646 80220 2759 82780
16400 2662 80715 2775 83285
16500 2675 81218 2787 83782
16600 2690 81702 2805 84298
16700 2700 82197 2817 84803
16800 2706 82721 2831 85279
16900 2719 83171 2842 85829
17000 2729 83720 2857 86280
17100 2739 84248 2872 86752
17200 2757 84839 2882 87161
17300 2773 85362 2890 87638
17400 2784 85792 2899 88208
17500 2802 86263 2913 88737
17600 2809 86793 2924 89207
17700 2818 87275 2933 89725
17800 2834 87817 2950 90183
17900 2850 88267 2959 90733
18000 2865 88678 2975 91322
18100 2874 89151 2991 91849
18200 2882 89730 3001 92270
18300 2895 90185 3016 92815
18400 2913 90646 3037 93354
18500 2926 91175 3054 93825
18600 2940 91655 3065 94345
18700 2947 92198 3079 94802
18800 2962 92628 3094 95372
18900 2972 93122 3107 95878
19000 2994 93659 3136 96341
19100 3013 94139 3147 96861
19200 3020 94631 3157 97369
19300 3031 95187 3169 97813
19400 3052 95692 3187 98308
19500 3070 96225 3203 98775
19600 3082 96728 3217 99272
19700 3102 97317 3231 99683
19800 3107 97910 3240 100090
19900 3126 98422 3253 100578
20000 3134 98951 3264 101049
20100 3150 99563 3280 101437
20200 3161 100011 3295 101989
20300 3171 100549 3309 102451
20400 3181 101051 3319 102949
20500 3191 101472 3326 103528
20600 3207 102004 3335 103996
20700 3222 102555 3349 104445
20800 3234 103011 3363 104989
20900 3240 103507 3375 105493
21000 3253 104071 3386 105929
21100 3260 104553 3396 106447
21200 3274 105011 3406 106989
21300 3281 105612 3419 107388
21400 3288 106043 3427 107957
21500 3300 106583 3432 108417
21600 3316 107129 3446 108871
21700 3324 107644 3456 109356
21800 3339 108143 3473 109857
21900 3351 108661 3484 110339
22000 3365 109106 3499 110894
22100 3375 109535 3505 111465
22200 3386 110004 3513 111996
22300 3397 110391 3525 112609
22400 3407 110849 3537 113151
22500 3417 111290 3542 113710
22600 3424 111788 3553 114212
22700 3442 112374 3569 114626
22800 3454 112892 3578 115108
22900 3471 113383 3596 115617
23000 3478 113978 3612 116022
23100 3484 114538 3620 116462
23200 3499 115012 3631 116988
23300 3517 115596 3651 117404
23400 3531 116075 3674 117925
23500 3535 116562 3691 118438
23600 3547 117083 3698 118917
23700 3556 117642 3720 119358
23800 3576 118175 3735 119825
23900 3592 118626 3748 120374
24000 3611 119201 3761 120799
24100 3622 119853 3780 121147
24200 3632 120384 3790 121616
24300 3639 120973 3802 122027
24400 3646 121476 3810 122524
24500 3653 122016 3821 122984
24600 3669 122476 3831 123524
24700 3688 122987 3841 124013
24800 3696 123515 3852 124485
24900 3717 124022 3866 124978
25000 3735 124541 3893 125459
25100 3750 125016 3907 125984
25200 3767 125526 3928 126474
25300 3781 126127 3936 126873
25400 3796 126600 3951 127400
25500 3813 127041 3966 127959
25600 3823 127571 3986 128429
25700 3831 128126 3995 128874
25800 3845 128681 4008 129319
25900 3859 129121 4023 129879
26000 3875 129602 4035 130398
26100 3882 130141 4042 130859
26200 3897 130688 4058 131312
26300 3907 131155 4070 131845
26400 3919 131644 4078 132356
26500 3931 132170 4097 132830
26600 3940 132748 4108 133252
26700 3955 133271 4121 133729
26800 3966 133821 4136 134179
26900 3983 134310 4148 134690
27000 3996 134837 4160 135163
27100 4010 135367 4171 135633
27200 4021 135820 4185 136180
27300 4035 136292 4195 136708
27400 4046 136797 4208 137203
27500 4061 137312 4220 137688
27600 4073 137821 4230 138179
27700 4087 138356 4242 138644
27800 4098 138827 4258 139173
27900 4113 139332 4270 139668
28000 4125 139775 4284 140225
28100 4133 140263 4301 140737
28200 4144 140856 4309 141144
28300 4157 141457 4321 141543
28400 4170 142026 4336 141974
28500 4185 142578 4346 142422
28600 4205 143111 4361 142889
28700 4213 143659 4373 143341
28800 4228 144212 4382 143788
28900 4242 144727 4392 144273
29000 4262 145270 4407 144730
29100 4270 145747 4415 145253
29200 4275 146271 4427 145729
29300 4288 146784 4445 146216
29400 4294 147263 4455 146737
29500 4303 147756 4467 147244
29600 4313 148313 4481 147687
29700 4323 148864 4493 148136
29800 4331 149372 4501 148628
29900 4342 149817 4509 149183
30000 4353 150297 4518 149703
30100 4368 150853 4532 150147
30200 4383 151384 4545 150616
30300 4390 151929 4563 151071
30400 4398 152347 4570 151653
30500 4410 152835 4582 152165
30600 4420 153247 4592 152753
30700 4430 153738 4604 153262
30800 4449 154310 4621 153690
30900 4453 154859 4635 154141
31000 4468 155385 4652 154615
31100 4480 155960 4662 155040
31200 4489 156407 4674 155593
31300 4505 156923 4689 156077
31400 4516 157410 4700 156590
31500 4528 157867 4719 157133
31600 4537 158434 4734 157566
31700 4551 158947 4748 158053
31800 4563 159380 4756 158620
31900 4577 159843 4762 159157
32000 4587 160317 4773 159683
32100 4599 160832 4784 160168
32200 4612 161282 4794 160718
32300 4624 161772 4807 161228
32400 4629 162293 4815 161707
32500 4639 162730 4830 162270
32600 4652 163222 4838 162778
32700 4668 163707 4852 163293
32800 4677 164197 4865 163803
32900 4701 164708 4879 164292
33000 4721 165197 4890 164803
33100 4733 165735 4902 165265
33200 4749 166233 4916 165767
33300 4761 166778 4935 166222
33400 4767 167286 4946 166714
33500 4771 167795 4952 167205
33600 4785 168268 4961 167732
33700 4793 168787 4975 168213
33800 4810 169207 4995 168793
33900 4818 169777 5006 169223
34000 4829 170299 5017 169701
34100 4842 170890 5029 170110
34200 4863 171457 5038 170543
34300 4875 172003 5047 170997
34400 4883 172465 5062 171535
34500 4892 172984 5074 172016
34600 4905 173439 5087 172561
34700 4914 173952 5091 173048
34800 4921 174413 5109 173587
34900 4931 174963 5118 174037
35000 4947 175423 5130 174577
35100 4958 175837 5144 175163
35200 4969 176291 5151 175709
35300 4981 176825 5162 176175
35400 4992 177368 5175 176632
35500 5006 177839 5189 177161
35600 5024 178421 5205 177579
35700 5036 178915 5221 178085
35800 5045 179441 5229 178559
35900 5058 179916 5244 179084
36000 5068 180442 5259 179558
36100 5083 180990 5270 180010
36200 5090 181500 5275 180500
36300 5109 182016 5295 180984
36400 5121 182532 5310 181468
36500 5133 183096 5322 181904
36600 5156 183537 5337 182463
36700 5171 184184 5349 182816
36800 5183 184708 5362 183292
36900 5191 185256 5368 183744
37000 5196 185737 5375 184263
37100 5202 186279 5383 184721
37200 5222 186812 5398 185188
37300 5232 187270 5407 185730
37400 5240 187771 5417 186229
37500 5258 188298 5426 186702
37600 5265 188831 5440 187169
37700 5275 189351 5454 187649
37800 5292 189822 5467 188178
37900 5309 190355 5478 188645
38000 5325 190941 5488 189059
38100 5336 191433 5498 189567
38200 5349 191905 5515 190095
38300 5361 192412 5521 190588
38400 5373 192954 5533 191046
38500 5383 193559 5553 191441
38600 5397 194109 5569 191891
38700 5404 194563 5586 192437
38800 5416 195125 5600 192875
38900 5423 195720 5609 193280
39000 5435 196229 5620 193771
39100 5446 196753 5629 194247
39200 5459 197253 5639 194747
39300 5474 197696 5651 195304
39400 5479 198179 5660 195821
39500 5493 198723 5677 196277
39600 5504 199170 5687 196830
39700 5515 199672 5696 197328
39800 5521 200204 5704 197796
39900 5538 200765 5715 198235
40000 5550 201230 5730 198770
40100 5564 201796 5742 199204
40200 5574 202277 5751 199723
40300 5585 202770 5763 200230
40400 5593 203238 5772 200762
40500 5607 203776 5784 201224
40600 5620 204334 5806 201666
40700 5629 204845 5819 202155
40800 5641 205321 5837 202679
40900 5659 205797 5847 203203
41000 5669 206310 5861 203690
41100 5682 206726 5872 204274
41200 5698 207255 5887 204745
41300 5707 207770 5895 205230
41400 5716 208343 5904 205657
41500 5727 208911 5918 206089
41600 5740 209314 5938 206686
41700 5753 209837 5946 207163
41800 5766 210334 5956 207666
41900 5773 210916 5966 208084
42000 5790 211480 5984 208520
42100 5797 212081 5995 208919
42200 5824 212563 6012 209437
42300 5835 213000 6021 210000
42400 5845 213481 6029 210519
42500 5861 213912 6046 211088
42600 5872 214451 6051 211549
42700 5878 214981 6063 212019
42800 5894 215529 6077 212471
42900 5902 216084 6091 212916
43000 5910 216497 6099 213503
43100 5922 217016 6108 213984
43200 5943 217510 6126 214490
43300 5953 218013 6131 214987
43400 5961 218447 6142 215553
43500 5982 218878 6155 216122
43600 5996 219410 6176 216590
43700 6002 219945 6185 217055
43800 6007 220401 6188 217599
43900 6021 220840 6203 218160
44000 6034 221374 6220 218626
44100 6044 221815 6234 219185
44200 6055 222341 6252 219659
44300 6059 222841 6265 220159
44400 6076 223376 6273 220624
44500 6087 223861 6281 221139
44600 6114 224374 6293 221626
44700 6126 224870 6309 222130
44800 6132 225366 6317 222634
44900 6140 225964 6330 223036
45000 6151 226480 6349 223520
45100 6159 227051 6359 223949
45200 6168 227568 6367 224432
45300 6182 227958 6373 225042
45400 6198 228478 6389 225522
45500 6209 228986 6398 226014
45600 6223 229478 6408 226522
45700 6228 229984 6420 227016
45800 6243 230473 6431 227527
45900 6260 230991 6439 228009
46000 6274 231438 6451 228562
46100 6286 231918 6462 229082
46200 6290 232482 6473 229518
46300 6295 233012 6487 229988
46400 6308 233462 6501 230538
46500 6333 233987 6516 231013
46600 6348 234487 6530 231513
46700 6364 234978 6542 232022
46800 6375 235396 6550 232604
46900 6388 235916 6565 233084
47000 6399 236506 6582 233494
47100 6417 236946 6595 234054
47200 6427 237481 6608 234519
47300 6445 238083 6620 234917
47400 6459 238695 6633 235305
47500 6483 239335 6643 235665
47600 6496 239793 6651 236207
47700 6515 240276 6665 236724
47800 6527 240825 6673 237175
47900 6539 241314 6677 237686
48000 6544 241815 6690 238185
48100 6569 242282 6704 238718
48200 6582 242748 6717 239252
48300 6587 243166 6727 239834
48400 6596 243658 6738 240342
48500 6612 244144 6748 240856
48600 6624 244691 6771 241309
48700 6635 245293 6780 241707
48800 6640 245790 6792 242210
48900 6656 246367 6803 242633
49000 6665 246965 6808 243035
49100 6679 247448 6820 243552
49200 6694 247946 6832 244054
49300 6706 248393 6840 244607
49400 6718 248867 6857 245133
49500 6735 249299 6873 245701
49600 6742 249855 6885 246145
49700 6751 250374 6896 246626
49800 6765 250918 6909 247082
49900 6779 251451 6919 247549
50000 6790 251876 6927 248124
50100 6799 252411 6941 248589
50200 6807 252982 6949 249018
50300 6821 253562 6958 249438
50400 6833 254041 6975 249959
50500 6844 254542 6985 250458
50600 6856 255049 6996 250951
50700 6872 255606 7015 251394
50800 6885 256096 7032 251904
50900 6893 256657 7044 252343
51000 6909 257143 7054 252857
51100 6930 257636 7067 253364
51200 6949 258180 7089 253820
51300 6962 258675 7102 254325
51400 6970 259178 7107 254822
51500 6987 259727 7120 255273
51600 7007 260310 7135 255690
51700 7019 260827 7144 256173
51800 7034 261398 7160 256602
51900 7049 261871 7171 257129
52000 7054 262392 7183 257608
52100 7066 262870 7193 258130
52200 7080 263467 7208 258533
52300 7099 264034 7221 258966
52400 7107 264596 7232 259404
52500 7119 265168 7242 259832
52600 7128 265736 7252 260264
52700 7146 266214 7271 260786
52800 7153 266701 7286 261299
52900 7168 267259 7301 261741
53000 7174 267752 7314 262248
53100 7183 268264 7323 262736
53200 7199 268706 7336 263294
53300 7212 269180 7353 263820
53400 7225 269580 7366 264420
53500 7238 270169 7375 264831
53600 7249 270708 7389 265292
53700 7261 271206 7403 265794
53800 7275 271717 7428 266283
53900 7289 272217 7441 266783
54000 7302 272665 7461 267335
54100 7319 273115 7480 267885
54200 7341 273579 7499 268421
54300 7361 274157 7515 268843
54400 7371 274699 7524 269301
54500 7385 275242 7536 269758
54600 7396 275724 7547 270276
54700 7404 276219 7555 270781
54800 7419 276706 7567 271294
54900 7426 277126 7571 271874
55000 7441 277664 7578 272336
55100 7459 278170 7593 272830
55200 7468 278717 7604 273283
55300 7474 279259 7611 273741
55400 7483 279761 7621 274239
55500 7491 280310 7632 274690
55600 7503 280856 7644 275144
55700 7511 281354 7650 275646
55800 7532 281962 7661 276038
55900 7547 282399 7669 276601
56000 7558 282909 7683 277091
56100 7568 283386 7695 277614
56200 7577 283914 7706 278086
56300 7593 284521 7716 278479
56400 7604 284999 7722 279001
56500 7615 285480 7739 279520
56600 7628 286055 7747 279945
56700 7646 286574 7761 280426
56800 7664 287178 7775 280822
56900 7675 287665 7792 281335
57000 7689 288320 7801 281680
57100 7695 288943 7812 282057
57200 7706 289477 7830 282523
57300 7715 289998 7845 283002
57400 7723 290550 7853 283450
57500 7737 291030 7863 283970
57600 7745 291449 7869 284551
57700 7759 291963 7886 285037
57800 7769 292408 7897 285592
57900 7791 292886 7917 286114
58000 7799 293404 7929 286596
58100 7816 293942 7946 287058
58200 7823 294469 7959 287531
58300 7835 294981 7982 288019
58400 7853 295528 7997 288472
58500 7865 296025 8016 288975
58600 7877 296433 8023 289567
58700 7886 296930 8037 290070
58800 7894 297416 8051 290584
58900 7901 297893 8062 291107
59000 7910 298340 8070 291660
59100 7921 298813 8080 292187
59200 7933 299391 8092 292609
59300 7948 299902 8108 293098
59400 7961 300507 8121 293493
59500 7971 301004 8137 293996
59600 7986 301538 8152 294462
59700 8004 301983 8164 295017
59800 8011 302489 8177 295511
59900 8020 303002 8188 295998
60000 8038 303456 8201 296544
60100 8050 303925 8211 297075
60200 8060 304443 8224 297557
60300 8074 304877 8234 298123
60400 8086 305527 8243 298473
60500 8093 306031 8253 298969
60600 8113 306548 8260 299452
60700 8121 307104 8272 299896
60800 8133 307693 8280 300307
60900 8152 308235 8296 300765
61000 8165 308763 8303 301237
61100 8177 309351 8314 301649
61200 8197 309843 8326 302157
61300 8206 310397 8331 302603
61400 8218 310907 8343 303093
61500 8229 311398 8351 303602
61600 8237 311987 8360 304013
61700 8253 312528 8374 304472
61800 8267 313076 8387 304924
61900 8285 313627 8397 305373
62000 8296 314195 8414 305805
62100 8307 314679 8427 306321
62200 8317 315215 8436 306785
62300 8326 315740 8452 307260
62400 8334 316275 8472 307725
62500 8348 316814 8484 308186
62600 8358 317299 8493 308701
62700 8368 317771 8506 309229
62800 8381 318249 8519 309751
62900 8391 318758 8527 310242
63000 8399 319301 8538 310699
63100 8412 319809 8550 311191
63200 8425 320374 8557 311626
63300 8442 320899 8574 312101
63400 8452 321430 8587 312570
63500 8468 321952 8599 313048
63600 8472 322460 8612 313540
63700 8483 322910 8617 314090
63800 8488 323364 8622 314636
63900 8498 323976 8633 315024
64000 8508 324428 8647 315572
64100 8522 324910 8663 316090
64200 8537 325484 8678 316516
64300 8548 325957 8685 317043
64400 8563 326486 8699 317514
64500 8577 327087 8709 317913
64600 8591 327638 8723 318362
64700 8600 328156 8738 318844
64800 8613 328670 8755 319330
64900 8630 329204 8769 319796
65000 8645 329692 8781 320308
65100 8660 330182 8791 320818
65200 8671 330615 8804 321385
65300 8681 331139 8815 321861
65400 8692 331653 8821 322347
65500 8709 332226 8834 322774
65600 8732 332800 8846 323200
65700 8747 333411 8860 323589
65800 8760 333909 8875 324091
65900 8772 334401 8887 324599
66000 8792 334924 8902 325076
66100 8801 335440 8909 325560
66200 8815 335996 8918 326004
66300 8832 336509 8928 326491
66400 8846 337070 8935 326930
66500 8866 337626 8955 327374
66600 8881 338164 8969 327836
66700 8892 338646 8986 328354
66800 8904 339132 8998 328868
66900 8922 339662 9012 329338
67000 8935 340080 9031 329920
67100 8948 340547 9036 330453
67200 8962 341035 9047 330965
67300 8971 341556 9052 331444
67400 8983 342058 9064 331942
67500 9006 342619 9087 332381
67600 9009 343159 9095 332841
67700 9018 343671 9108 333329
67800 9032 344204 9121 333796
67900 9042 344746 9127 334254
68000 9060 345267 9149 334733
68100 9067 345733 9167 335267
68200 9081 346289 9176 335711
68300 9092 346853 9184 336147
68400 9109 347345 9194 336655
68500 9126 347882 9205 337118
68600 9136 348413 9215 337587
68700 9145 348945 9229 338055
68800 9158 349472 9237 338528
68900 9180 349900 9250 339100
69000 9191 350429 9265 339571
69100 9199 350916 9279 340084
69200 9207 351454 9287 340546
69300 9224 351992 9304 341008
69400 9239 352507 9322 341493
69500 9250 353066 9332 341934
69600 9257 353584 9339 342416
69700 9265 354214 9346 342786
69800 9281 354725 9367 343275
69900 9291 355110 9375 343890
70000 9300 355638 9383 344362
70100 9309 356161 9389 344839
70200 9329 356671 9399 345329
70300 9341 357226 9408 345774
70400 9359 357716 9419 346284
70500 9366 358171 9430 346829
70600 9380 358763 9448 347237
70700 9389 359305 9461 347695
70800 9400 359865 9473 348135
70900 9422 360375 9494 348625
71000 9440 360872 9509 349128
71100 9453 361372 9523 349628
71200 9466 361881 9541 350119
71300 9472 362396 9555 350604
71400 9478 362926 9568 351074
71500 9489 363470 9574 351530
71600 9495 364034 9582 351966
71700 9506 364583 9596 352417
71800 9518 365154 9601 352846
71900 9526 365674 9618 353326
72000 9531 366151 9624 353849
72100 9539 366610 9634 354390
72200 9551 367084 9646 354916
72300 9560 367683 9656 355317
72400 9566 368189 9664 355811
72500 9581 368681 9679 356319
72600 9593 369224 9692 356776
72700 9602 369727 9708 357273
72800 9610 370172 9716 357828
72900 9623 370671 9723 358329
73000 9634 371132 9738 358868
73100 9653 371588 9754 359412
73200 9660 372079 9766 359921
73300 9676 372563 9788 360437
73400 9683 373070 9796 360930
73500 9691 373521 9809 361479
73600 9699 374016 9825 361984
73700 9708 374459 9835 362541
73800 9721 374960 9851 363040
73900 9735 375513 9863 363487
74000 9748 375991 9875 364009
74100 9760 376489 9885 364511
74200 9775 377031 9896 364969
74300 9782 377593 9907 365407
74400 9793 378160 9918 365840
74500 9805 378683 9928 366317
74600 9818 379213 9942 366787
74700 9831 379658 9956 367342
74800 9844 380070 9973 367930
74900 9866 380597 9986 368403
75000 9880 381121 9996 368879
75100 9889 381699 10007 369301
75200 9902 382264 10019 369736
75300 9912 382837 10036 370163
75400 9933 383375 10045 370625
75500 9946 383884 10053 371116
75600 9959 384395 10065 371605
75700 9974 384976 10087 372024
75800 9986 385506 10096 372494
75900 10008 385972 10111 373028
76000 10025 386546 10123 373454
76100 10031 387085 10130 373915
76200 10045 387637 10136 374363
76300 10056 388156 10151 374844
76400 10069 388733 10158 375267
76500 10078 389239 10175 375761
76600 10092 389789 10198 376211
76700 10100 390191 10209 376809
76800 10111 390769 10219 377231
76900 10116 391221 10230 377779
77000 10128 391649 10238 378351
77100 10152 392153 10252 378847
77200 10170 392608 10265 379392
77300 10184 393100 10275 379900
77400 10201 393643 10286 380357
77500 10216 394147 10298 380853
77600 10230 394604 10316 381396
77700 10250 395165 10328 381835
77800 10260 395666 10341 382334
77900 10268 396098 10345 382902
78000 10288 396667 10362 383333
78100 10305 397172 10381 383828
78200 10313 397624 10391 384376
78300 10324 398094 10396 384906
78400 10338 398569 10406 385431
78500 10348 399134 10418 385866
78600 10356 399641 10431 386359
78700 10369 400212 10439 386788
78800 10379 400785 10451 387215
78900 10391 401316 10470 387684
79000 10407 401853 10485 388147
79100 10420 402421 10501 388579
79200 10433 402913 10512 389087
79300 10444 403473 10522 389527
79400 10463 403985 10531 390015
79500 10485 404515 10548 390485
79600 10498 405031 10561 390969
79700 10508 405509 10576 391491
79800 10522 406070 10591 391930
79900 10534 406561 10609 392439
80000 10544 406901 10619 393099
80100 10557 407466 10632 393534
80200 10563 408047 10645 393953
80300 10576 408469 10653 394531
80400 10584 408976 10665 395024
80500 10590 409515 10675 395485
80600 10603 410067 10681 395933
80700 10608 410598 10690 396402
80800 10620 411109 10704 396891
80900 10633 411583 10714 397417
81000 10645 412096 10723 397904
81100 10655 412678 10729 398322
81200 10667 413197 10744 398803
81300 10682 413716 10760 399284
81400 10704 414161 10774 399839
81500 10719 414657 10785 400343
81600 10738 415174 10800 400826
81700 10750 415717 10813 401283
81800 10761 416230 10826 401770
81900 10772 416755 10835 402245
82000 10779 417310 10839 402690
82100 10790 417800 10853 403200
82200 10798 418412 10862 403588
82300 10810 418979 10872 404021
82400 10815 419469 10883 404531
82500 10823 419940 10891 405060
82600 10837 420458 10909 405542
82700 10853 420973 10925 406027
82800 10862 421550 10939 406450
82900 10870 421997 10943 407003
83000 10877 422531 10956 407469
83100 10887 423033 10967 407967
83200 10898 423570 10976 408430
83300 10905 424053 10982 408947
83400 10912 424554 10997 409446
83500 10919 425087 11014 409913
83600 10927 425664 11024 410336
83700 10943 426240 11042 410760
83800 10954 426726 11056 411274
83900 10960 427172 11067 411828
84000 10973 427707 11079 412293
84100 10981 428204 11092 412796
84200 10989 428749 11105 413251
84300 11005 429297 11116 413703
84400 11016 429804 11126 414196
84500 11024 430294 11136 414706
84600 11037 430842 11154 415158
84700 11046 431327 11169 415673
84800 11053 431809 11175 416191
84900 11063 432358 11190 416642
85000 11075 432924 11198 417076
85100 11084 433563 11211 417437
85200 11102 434139 11221 417861
85300 11117 434617 11235 418383
85400 11127 435158 11243 418842
85500 11147 435686 11259 419314
85600 11163 436159 11277 419841
85700 11168 436698 11283 420302
85800 11179 437176 11297 420824
85900 11196 437726 11315 421274
86000 11204 438301 11321 421699
86100 11220 438796 11331 422204
86200 11235 439309 11347 422691
86300 11244 439868 11362 423132
86400 11256 440341 11371 423659
86500 11265 440902 11378 424098
86600 11287 441495 11394 424505
86700 11292 441950 11404 425050
86800 11303 442447 11411 425553
86900 11311 443070 11423 425930
87000 11323 443596 11437 426404
87100 11338 444102 11450 426898
87200 11348 444597 11461 427403
87300 11364 445034 11472 427966
87400 11377 445614 11482 428386
87500 11388 446095 11500 428905
87600 11393 446584 11512 429416
87700 11399 447034 11519 429966
87800 11405 447428 11533 430572
87900 11419 447952 11542 431048
88000 11427 448490 11564 431510
88100 11437 448989 11574 432011
88200 11443 449560 11585 432440
88300 11453 450102 11590 432898
88400 11464 450643 11600 433357
88500 11476 451151 11607 433849
88600 11486 451656 11609 434344
88700 11502 452161 11624 434839
88800 11511 452703 11637 435297
88900 11517 453201 11649 435799
89000 11524 453788 11655 436212
89100 11533 454192 11667 436808
89200 11547 454695 11684 437305
89300 11560 455217 11697 437783
89400 11570 455678 11705 438322
89500 11578 456204 11716 438796
89600 11586 456708 11731 439292
89700 11598 457265 11747 439735
89800 11611 457842 11755 440158
89900 11625 458366 11763 440634
90000 11637 458888 11780 441112
90100 11649 459272 11800 441728
90200 11662 459863 11809 442137
90300 11678 460475 11831 442525
90400 11691 460937 11844 443063
90500 11697 461482 11848 443518
90600 11709 462050 11862 443950
90700 11719 462506 11873 444494
90800 11739 463013 11879 444987
90900 11750 463520 11889 445480
91000 11763 463989 11905 446011
91100 11777 464564 11919 446436
91200 11787 465067 11929 446933
91300 11799 465567 11939 447433
91400 11810 466066 11951 447934
91500 11817 466541 11957 448459
91600 11822 466978 11963 449022
91700 11831 467530 11976 449470
91800 11840 468057 11986 449943
91900 11855 468562 11996 450438
92000 11867 469018 12007 450982
92100 11878 469457 12019 451543
92200 11896 469978 12035 452022
92300 11905 470461 12051 452539
92400 11918 470979 12063 453021
92500 11936 471569 12077 453431
92600 11947 472066 12088 453934
92700 11966 472586 12103 454414
92800 11975 473082 12115 454918
92900 11986 473566 12120 455434
93000 11992 474089 12126 455911
93100 12004 474643 12134 456357
93200 12020 475242 12146 456758
93300 12038 475734 12154 457266
93400 12054 476280 12167 457720
93500 12073 476801 12174 458199
93600 12083 477234 12181 458766
93700 12092 477799 12194 459201
93800 12111 478336 12204 459664
93900 12126 478834 12214 460166
94000 12135 479417 12225 460583
94100 12145 479879 12238 461121
94200 12159 480459 12252 461541
94300 12172 481035 12262 461965
94400 12188 481544 12275 462456
94500 12206 482105 12294 462895
94600 12215 482646 12303 463354
94700 12220 483191 12312 463809
94800 12233 483718 12322 464282
94900 12249 484213 12335 464787
95000 12259 484689 12341 465311
95100 12265 485229 12363 465771
95200 12275 485760 12369 466240
95300 12281 486105 12381 466895
95400 12295 486600 12391 467400
95500 12306 487155 12402 467845
95600 12324 487683 12418 468317
95700 12342 488205 12434 468795
95800 12354 488734 12444 469266
95900 12367 489188 12461 469812
96000 12384 489651 12475 470349
96100 12396 490199 12487 470801
96200 12420 490721 12499 471279
96300 12431 491309 12517 471691
96400 12447 491847 12527 472153
96500 12462 492353 12544 472647
96600 12474 492911 12561 473089
96700 12494 493387 12580 473613
96800 12504 493998 12589 474002
96900 12513 494562 12601 474438
97000 12525 495029 12619 474971
97100 12536 495488 12638 475512
97200 12548 495986 12649 476014
97300 12560 496543 12659 476457
97400 12576 497064 12672 476936
97500 12589 497524 12690 477476
97600 12598 498048 12706 477952
97700 12605 498511 12719 478489
97800 12616 498972 12725 479028
97900 12631 499535 12750 479465
98000 12646 500097 12757 479903
98100 12660 500681 12768 480319
98200 12672 501182 12783 480818
98300 12684 501710 12788 481290
98400 12691 502195 12801 481805
98500 12702 502704 12814 482296
98600 12723 503216 12834 482784
98700 12734 503733 12843 483267
98800 12752 504336 12852 483664
98900 12762 504836 12866 484164
99000 12776 505381 12878 484619
99100 12789 505936 12896 485064
99200 12800 506513 12911 485487
99300 12818 507044 12927 485956
99400 12826 507538 12934 486462
99500 12840 508140 12944 486860
99600 12853 508652 12958 487348
99700 12863 509201 12965 487799
99800 12878 509743 12983 488257
99900 12891 510254 12990 488746
100000 12902 510727 12999 489273
100100 12920 511377 13015 489623
100200 12933 511871 13023 490129
100300 12947 512376 13040 490624
100400 12958 512928 13051 491072
100500 12971 513440 13057 491560
100600 12980 514049 13072 491951
100700 12994 514491 13083 492509
100800 13005 514867 13097 493133
100900 13014 515373 13118 493627
101000 13025 515872 13125 494128
101100 13040 516332 13140 494668
101200 13053 516799 13153 495201
101300 13066 517306 13163 495694
101400 13080 517784 13177 496216
101500 13091 518319 13192 496681
101600 13101 518865 13201 497135
101700 13113 519396 13216 497604
101800 13133 519932 13235 498068
101900 13149 520449 13254 498551
102000 13161 520990 13265 499010
102100 13171 521471 13272 499529
102200 13184 521941 13286 500059
102300 13199 522525 13300 500475
102400 13210 522985 13310 501015
102500 13223 523508 13325 501492
102600 13238 524025 13334 501975
102700 13247 524627 13342 502373
102800 13256 525116 13347 502884
102900 13263 525608 13361 503392
103000 13275 526158 13370 503842
103100 13285 526647 13388 504353
103200 13297 527193 13401 504807
103300 13308 527673 13412 505327
103400 13315 528177 13419 505823
103500 13327 528583 13428 506417
103600 13335 529075 13435 506925
103700 13347 529626 13445 507374
103800 13354 530152 13463 507848
103900 13368 530689 13473 508311
104000 13383 531128 13487 508872
104100 13399 531712 13493 509288
104200 13416 532259 13503 509741
104300 13432 532810 13521 510190
104400 13443 533337 13532 510663
104500 13456 533842 13547 511158
104600 13470 534382 13562 511618
104700 13485 534930 13577 512070
104800 13497 535470 13593 512530
104900 13512 535994 13605 513006
105000 13519 536581 13621 513419
105100 13527 537118 13635 513882
105200 13538 537630 13643 514370
105300 13547 538139 13654 514861
105400 13559 538687 13661 515313
105500 13573 539220 13672 515780
105600 13580 539806 13682 516194
105700 13589 540394 13694 516606
105800 13606 540865 13703 517135
105900 13614 541345 13718 517655
106000 13628 541881 13729 518119
106100 13636 542352 13739 518648
106200 13652 542850 13749 519150
106300 13659 543353 13766 519647
106400 13675 543917 13778 520083
106500 13684 544424 13789 520576
106600 13694 544853 13805 521147
106700 13708 545389 13817 521611
106800 13720 545921 13834 522079
106900 13729 546346 13846 522654
107000 13737 546879 13859 523121
107100 13746 547420 13873 523580
107200 13761 547835 13878 524165
107300 13773 548355 13883 524645
107400 13787 548959 13897 525041
107500 13795 549510 13914 525490
107600 13807 549983 13927 526017
107700 13829 550424 13942 526576
107800 13846 550808 13952 527192
107900 13861 551290 13965 527710
108000 13877 551827 13980 528173
108100 13886 552288 13996 528712
108200 13898 552826 14009 529174
108300 13910 553339 14021 529661
108400 13916 553772 14030 530228
108500 13935 554355 14040 530645
108600 13951 554929 14056 531071
108700 13967 555513 14071 531487
108800 13980 555970 14076 532030
108900 13999 556457 14092 532543
109000 14016 557033 14107 532967
109100 14034 557553 14116 533447
109200 14049 558034 14126 533966
109300 14063 558520 14133 534480
109400 14075 559134 14150 534866
109500 14081 559577 14158 535423
109600 14095 560065 14171 535935
109700 14108 560578 14189 536422
109800 14116 561081 14203 536919
109900 14125 561476 14214 537524
110000 14139 561926 14225 538074
110100 14154 562485 14234 538515
110200 14168 563012 14254 538988
110300 14181 563487 14273 539513
110400 14193 563936 14293 540064
110500 14211 564494 14302 540506
110600 14224 564998 14310 541002
110700 14230 565575 14322 541425
110800 14237 566171 14330 541829
110900 14247 566645 14339 542355
111000 14268 567124 14350 542876
111100 14286 567693 14362 543307
111200 14298 568267 14372 543733
111300 14308 568835 14384 544165
111400 14317 569324 14394 544676
111500 14324 569819 14399 545181
111600 14333 570321 14405 545679
111700 14348 570825 14414 546175
111800 14360 571429 14425 546571
111900 14368 571947 14436 547053
112000 14374 572574 14451 547426
112100 14382 573156 14458 547844
112200 14395 573679 14471 548321
112300 14407 574226 14485 548774
112400 14418 574763 14499 549237
112500 14431 575296 14509 549704
112600 14439 575794 14520 550206
112700 14452 576251 14534 550749
112800 14469 576788 14545 551212
112900 14485 577322 14556 551678
113000 14498 577777 14581 552223
113100 14515 578249 14591 552751
113200 14522 578706 14600 553294
113300 14530 579289 14615 553711
113400 14537 579804 14617 554196
113500 14551 580400 14632 554600
113600 14566 580970 14646 555030
113700 14578 581396 14657 555604
113800 14583 581864 14666 556136
113900 14588 582333 14677 556667
114000 14602 582849 14689 557151
114100 14613 583358 14706 557642
114200 14631 583962 14713 558038
114300 14643 584657 14725 558343
114400 14660 585196 14744 558804
114500 14671 585715 14755 559285
114600 14686 586246 14767 559754
114700 14702 586732 14783 560268
114800 14717 587233 14800 560767
114900 14732 587709 14806 561291
115000 14745 588235 14814 561765
115100 14758 588777 14832 562223
115200 14776 589388 14846 562612
115300 14792 589887 14859 563113
115400 14800 590360 14869 563640
115500 14817 590861 14886 564139
115600 14828 591402 14898 564598
115700 14840 591924 14903 565076
115800 14854 592392 14920 565608
115900 14860 592882 14933 566118
116000 14866 593281 14942 566719
116100 14874 593891 14961 567109
116200 14890 594344 14975 567656
116300 14900 594761 14981 568239
116400 14912 595302 14990 568698
116500 14922 595796 15006 569204
116600 14930 596305 15017 569695
116700 14950 596848 15030 570152
116800 14960 597335 15033 570665
116900 14974 597881 15043 571119
117000 14994 598398 15052 571602
117100 15010 598938 15068 572062
117200 15019 599513 15077 572487
117300 15024 600052 15085 572948
117400 15038 600623 15099 573377
117500 15048 601143 15111 573857
117600 15057 601664 15117 574336
117700 15065 602194 15126 574806
117800 15076 602664 15134 575336
117900 15085 603167 15141 575833
118000 15096 603620 15162 576380
118100 15106 604139 15179 576861
118200 15125 604681 15198 577319
118300 15139 605103 15207 577897
118400 15158 605656 15222 578344
118500 15166 606203 15230 578797
118600 15182 606667 15244 579333
118700 15193 607197 15258 579803
118800 15199 607658 15275 580342
118900 15205 608194 15296 580806
119000 15208 608690 15303 581310
119100 15219 609189 15318 581811
119200 15231 609672 15328 582328
119300 15253 610245 15335 582755
119400 15268 610654 15341 583346
119500 15277 611186 15355 583814
119600 15286 611684 15364 584316
119700 15307 612137 15377 584863
119800 15317 612617 15385 585383
119900 15333 613159 15393 585841
120000 15349 613697 15405 586303
120100 15357 614227 15415 586773
120200 15368 614738 15429 587262
120300 15381 615292 15456 587708
120400 15387 615808 15474 588192
120500 15401 616208 15483 588792
120600 15417 616656 15495 589344
120700 15424 617210 15513 589790
120800 15434 617690 15524 590310
120900 15452 618169 15538 590831
121000 15471 618756 15551 591244
121100 15487 619219 15562 591781
121200 15497 619662 15578 592338
121300 15507 620140 15587 592860
121400 15520 620679 15601 593321
121500 15535 621229 15611 593771
121600 15546 621734 15623 594266
121700 15559 622175 15638 594825
121800 15567 622665 15640 595335
121900 15571 623197 15653 595803
122000 15581 623741 15660 596259
122100 15599 624308 15675 596692
122200 15613 624875 15685 597125
122300 15626 625496 15692 597504
122400 15639 625992 15703 598008
122500 15652 626471 15713 598529
122600 15664 626965 15737 599035
122700 15673 627508 15750 599492
122800 15681 628089 15761 599911
122900 15698 628607 15773 600393
123000 15712 629171 15781 600829
123100 15723 629731 15792 601269
123200 15738 630216 15797 601784
123300 15746 630684 15817 602316
123400 15756 631228 15822 602772
123500 15762 631742 15836 603258
123600 15778 632254 15848 603746
123700 15792 632760 15858 604240
123800 15800 633332 15870 604668
123900 15809 633795 15881 605205
124000 15823 634263 15894 605737
124100 15833 634816 15906 606184
124200 15848 635299 15919 606701
124300 15860 635722 15932 607278
124400 15876 636218 15946 607782
124500 15891 636665 15956 608335
124600 15900 637064 15969 608936
124700 15912 637543 15981 609457
124800 15927 638039 15994 609961
124900 15938 638504 16003 610496
125000 15949 639043 16014 610957
125100 15963 639498 16037 611502
125200 15971 639990 16057 612010
125300 15987 640415 16068 612585
125400 15994 640811 16077 613189
125500 16003 641261 16088 613739
125600 16016 641757 16100 614243
125700 16021 642332 16110 614668
125800 16033 642873 16123 615127
125900 16049 643396 16136 615604
126000 16060 643882 16152 616118
126100 16079 644407 16170 616593
126200 16095 644879 16181 617121
126300 16101 645415 16192 617585
126400 16118 645875 16211 618125
126500 16124 646353 16219 618647
126600 16135 646872 16238 619128
126700 16142 647476 16244 619524
126800 16149 647979 16250 620021
126900 16164 648525 16267 620475
127000 16175 648915 16283 621085
127100 16182 649461 16293 621539
127200 16197 649969 16306 622031
127300 16215 650488 16318 622512
127400 16229 651041 16329 622959
127500 16237 651566 16339 623434
127600 16245 652071 16345 623929
127700 16253 652622 16354 624378
127800 16261 653068 16368 624932
127900 16280 653612 16387 625388
128000 16288 654159 16399 625841
128100 16302 654735 16415 626265
128200 16312 655327 16422 626673
128300 16331 655836 16443 627164
128400 16339 656330 16457 627670
128500 16345 656840 16472 628160
128600 16359 657321 16484 628679
128700 16377 657880 16504 629120
128800 16392 658340 16515 629660
128900 16404 658854 16527 630146
129000 16414 659422 16538 630578
129100 16435 659935 16555 631065
129200 16447 660515 16568 631485
129300 16458 661003 16572 631997
129400 16465 661516 16579 632484
129500 16475 661978 16591 633022
129600 16488 662493 16601 633507
129700 16505 663032 16611 633968
129800 16525 663464 16626 634536
129900 16537 663969 16640 635031
130000 16552 664501 16655 635499
130100 16563 664963 16669 636037
130200 16575 665453 16682 636547
130300 16585 665973 16704 637027
130400 16597 666465 16722 637535
130500 16610 666892 16732 638108
130600 16623 667469 16741 638531
130700 16636 668040 16751 638960
130800 16649 668619 16764 639381
130900 16675 669076 16774 639924
131000 16682 669587 16785 640413
131100 16691 670143 16796 640857
131200 16706 670705 16804 641295
131300 16711 671213 16814 641787
131400 16731 671697 16829 642303
131500 16745 672129 16844 642871
131600 16761 672668 16856 643332
131700 16771 673191 16873 643809
131800 16777 673744 16886 644256
131900 16788 674295 16903 644705
132000 16797 674783 16914 645217
132100 16811 675265 16923 645735
132200 16821 675722 16933 646278
132300 16836 676319 16950 646681
132400 16850 676823 16960 647177
132500 16864 677323 16970 647677
132600 16887 677890 16983 648110
132700 16903 678348 16996 648652
132800 16914 678808 17003 649192
132900 16925 679261 17015 649739
133000 16937 679786 17032 650214
133100 16948 680341 17042 650659
133200 16959 680761 17053 651239
133300 16970 681294 17068 651706
133400 16988 681839 17080 652161
133500 17001 682353 17092 652647
133600 17011 682855 17105 653145
133700 17019 683397 17116 653603
133800 17034 683909 17127 654091
133900 17044 684398 17139 654602
134000 17056 684879 17145 655121
134100 17083 685327 17157 655673
134200 17094 685838 17162 656162
134300 17105 686350 17172 656650
134400 17116 686921 17179 657079
134500 17128 687472 17199 657528
134600 17137 687973 17210 658027
134700 17150 688589 17226 658411
134800 17164 689101 17239 658899
134900 17170 689604 17250 659396
135000 17175 690152 17258 659848
135100 17185 690703 17268 660297
135200 17203 691198 17279 660802
135300 17220 691740 17293 661260
135400 17231 692322 17299 661678
135500 17246 692818 17316 662182
135600 17254 693299 17325 662701
135700 17270 693864 17340 663136
135800 17283 694379 17366 663621
135900 17294 694809 17377 664191
136000 17317 695181 17382 664819
136100 17324 695685 17394 665315
136200 17334 696195 17407 665805
136300 17346 696769 17416 666231
136400 17354 697289 17430 666711
136500 17372 697818 17440 667182
136600 17382 698257 17450 667743
136700 17402 698787 17465 668213
136800 17415 699247 17478 668753
136900 17425 699742 17487 669258
137000 17435 700205 17504 669795
137100 17447 700790 17526 670210
137200 17452 701341 17532 670659
137300 17464 701851 17539 671149
137400 17476 702350 17551 671650
137500 17486 702950 17564 672050
137600 17493 703412 17576 672588
137700 17507 703939 17586 673061
137800 17520 704465 17601 673535
137900 17532 704951 17609 674049
138000 17549 705536 17617 674464
138100 17556 706041 17625 674959
138200 17568 706556 17643 675444
138300 17583 707139 17660 675861
138400 17598 707634 17668 676366
138500 17608 708191 17679 676809
138600 17627 708689 17692 677311
138700 17644 709239 17711 677761
138800 17660 709770 17724 678230
138900 17676 710204 17741 678796
139000 17699 710749 17746 679251
139100 17709 711286 17762 679714
139200 17727 711766 17776 680234
139300 17735 712307 17785 680693
139400 17753 712817 17798 681183
139500 17768 713414 17812 681586
139600 17778 713895 17824 682105
139700 17788 714311 17846 682689
139800 17805 714762 17863 683238
139900 17820 715368 17872 683632
140000 17828 715780 17879 684220
140100 17835 716245 17887 684755
140200 17850 716790 17894 685210
140300 17868 717276 17912 685724
140400 17881 717768 17928 686232
140500 17899 718351 17941 686649
140600 17906 718839 17950 687161
140700 17916 719368 17963 687632
140800 17930 719870 17971 688130
140900 17938 720382 17990 688618
141000 17949 720872 17996 689128
141100 17965 721375 18013 689625
141200 17980 721899 18027 690101
141300 17989 722405 18037 690595
141400 17998 722932 18046 691068
141500 18007 723387 18052 691613
141600 18016 723841 18063 692159
141700 18035 724361 18074 692639
141800 18048 724941 18090 693059
141900 18055 725529 18101 693471
142000 18068 726160 18116 693840
142100 18082 726645 18126 694355
142200 18093 727113 18136 694887
142300 18109 727657 18148 695343
142400 18119 728135 18160 695865
142500 18130 728617 18171 696383
142600 18142 729058 18178 696942
142700 18151 729522 18196 697478
142800 18161 730071 18208 697929
142900 18176 730587 18227 698413
143000 18186 731090 18248 698910
143100 18196 731586 18259 699414
143200 18211 732123 18278 699877
143300 18221 732638 18299 700362
143400 18228 733118 18305 700882
143500 18244 733663 18320 701337
143600 18258 734135 18331 701865
143700 18265 734655 18342 702345
143800 18276 735134 18347 702866
143900 18291 735724 18360 703276
144000 18307 736174 18369 703826
144100 18324 736662 18377 704338
144200 18333 737196 18384 704804
144300 18347 737760 18404 705240
144400 18370 738290 18424 705710
144500 18375 738754 18436 706246
144600 18381 739327 18446 706673
144700 18388 739838 18452 707162
144800 18408 740450 18472 707550
144900 18416 740949 18493 708051
145000 18428 741495 18503 708505
145100 18440 742020 18517 708980
145200 18454 742513 18531 709487
145300 18463 742986 18543 710014
145400 18479 743426 18553 710574
145500 18490 743929 18568 711071
145600 18504 744394 18581 711606
145700 18508 745027 18586 711973
145800 18518 745481 18607 712519
145900 18538 746059 18621 712941
146000 18546 746495 18635 713505
146100 18561 747068 18646 713932
146200 18579 747674 18660 714326
146300 18590 748128 18674 714872
146400 18606 748580 18688 715420
146500 18624 749069 18703 715931
146600 18633 749743 18716 716257
146700 18642 750262 18728 716738
146800 18654 750801 18743 717199
146900 18665 751318 18753 717682
147000 18669 751743 18761 718257
147100 18681 752340 18772 718660
147200 18686 752840 18782 719160
147300 18702 753390 18799 719610
147400 18717 753887 18832 720113
147500 18723 754503 18845 720497
147600 18734 755066 18852 720934
147700 18743 755610 18862 721390
147800 18752 756204 18874 721796
147900 18757 756706 18884 722294
148000 18771 757213 18900 722787
148100 18787 757775 18919 723225
148200 18797 758274 18929 723726
148300 18808 758755 18952 724245
148400 18820 759237 18962 724763
148500 18834 759730 18976 725270
148600 18850 760320 18986 725680
148700 18864 760830 19000 726170
148800 18874 761355 19014 726645
148900 18883 761934 19021 727066
149000 18892 762379 19040 727621
149100 18902 762881 19050 728119
149200 18917 763454 19070 728546
149300 18925 764062 19085 728938
149400 18937 764540 19096 729460
149500 18947 765055 19104 729945
149600 18961 765574 19117 730426
149700 18971 766224 19124 730776
149800 18984 766745 19140 731255
149900 18996 767199 19152 731801
150000 19009 767664 19166 732336
150100 19019 768130 19172 732870
150200 19025 768666 19178 733334
150300 19033 769187 19184 733813
150400 19042 769730 19195 734270
150500 19050 770240 19207 734760
150600 19058 770870 19215 735130
150700 19068 771395 19225 735605
150800 19081 771884 19241 736116
150900 19094 772420 19255 736580
151000 19105 772944 19271 737056
151100 19118 773450 19288 737550
151200 19127 774014 19297 737986
151300 19141 774509 19303 738491
151400 19148 774971 19311 739029
151500 19165 775468 19326 739532
151600 19179 775940 19340 740060
151700 19187 776440 19348 740560
151800 19197 776943 19357 741057
151900 19210 777521 19371 741479
152000 19222 778018 19383 741982
152100 19234 778597 19400 742403
152200 19250 779054 19405 742946
152300 19266 779502 19416 743498
152400 19280 780028 19431 743972
152500 19284 780484 19441 744516
152600 19298 781091 19455 744909
152700 19306 781495 19465 745505
152800 19318 781963 19480 746037
152900 19327 782431 19495 746569
153000 19338 782987 19517 747013
153100 19350 783505 19526 747495
153200 19365 784024 19541 747976
153300 19380 784558 19556 748442
153400 19390 785084 19569 748916
153500 19399 785618 19574 749382
153600 19409 786115 19584 749885
153700 19419 786672 19591 750328
153800 19432 787270 19605 750730
153900 19441 787710 19614 751290
154000 19454 788217 19632 751783
154100 19469 788673 19638 752327
154200 19481 789036 19651 752964
154300 19489 789582 19663 753418
154400 19501 790125 19677 753875
154500 19514 790643 19686 754357
154600 19524 791147 19694 754853
154700 19531 791626 19708 755374
154800 19552 792145 19722 755855
154900 19570 792576 19744 756424
155000 19585 793078 19750 756922
155100 19596 793566 19760 757434
155200 19601 794030 19767 757970
155300 19613 794482 19779 758518
155400 19624 795031 19789 758969
155500 19636 795553 19803 759447
155600 19640 796073 19806 759927
155700 19649 796490 19819 760510
155800 19658 797024 19831 760976
155900 19666 797532 19840 761468
156000 19676 798047 19856 761953
156100 19694 798503 19885 762497
156200 19708 799067 19905 762933
156300 19720 799496 19915 763504
156400 19727 799954 19920 764046
156500 19737 800389 19935 764611
156600 19743 800935 19942 765065
156700 19758 801483 19957 765517
156800 19763 801985 19964 766015
156900 19769 802461 19974 766539
157000 19784 802963 19983 767037
157100 19798 803449 19994 767551
157200 19808 804008 20001 767992
157300 19817 804506 20018 768494
157400 19833 804982 20030 769018
157500 19848 805451 20038 769549
157600 19866 805901 20049 770099
157700 19871 806451 20056 770549
157800 19881 806954 20070 771046
157900 19896 807522 20087 771478
158000 19906 807983 20098 772017
158100 19929 808424 20117 772576
158200 19941 808872 20133 773128
158300 19957 809450 20139 773550
158400 19973 809979 20151 774021
158500 19986 810398 20165 774602
158600 19997 810875 20173 775125
158700 20008 811354 20184 775646
158800 20022 811877 20199 776123
158900 20037 812396 20209 776604
159000 20045 812825 20221 777175
159100 20063 813359 20234 777641
159200 20071 813861 20248 778139
159300 20085 814394 20257 778606
159400 20098 814869 20265 779131
159500 20108 815389 20272 779611
159600 20114 815923 20282 780077
159700 20130 816542 20292 780458
159800 20147 817037 20314 780963
159900 20163 817487 20327 781513
160000 20168 817967 20333 782033
160100 20175 818490 20352 782510
160200 20190 818947 20359 783053
160300 20207 819461 20375 783539
160400 20216 819939 20389 784061
160500 20227 820510 20403 784490
160600 20234 820981 20417 785019
160700 20242 821440 20424 785560
160800 20255 821947 20433 786053
160900 20272 822456 20456 786544
161000 20283 822994 20467 787006
161100 20297 823493 20477 787507
161200 20313 824015 20498 787985
161300 20323 824588 20508 788412
161400 20331 825087 20515 788913
161500 20341 825512 20524 789488
161600 20356 826037 20533 789963
161700 20372 826564 20544 790436
161800 20382 827106 20557 790894
161900 20399 827553 20567 791447
162000 20412 828105 20582 791895
162100 20423 828562 20589 792438
162200 20433 829133 20601 792867
162300 20442 829667 20618 793333
162400 20451 830236 20625 793764
162500 20467 830729 20636 794271
162600 20479 831306 20648 794694
162700 20495 831861 20669 795139
162800 20508 832410 20681 795590
162900 20523 832951 20701 796049
163000 20530 833453 20713 796547
163100 20540 833958 20724 797042
163200 20551 834542 20734 797458
163300 20571 835120 20746 797880
163400 20586 835678 20755 798322
163500 20594 836184 20767 798816
163600 20602 836746 20773 799254
163700 20615 837285 20778 799715
163800 20631 837797 20787 800203
163900 20640 838342 20805 800658
164000 20648 838861 20820 801139
164100 20661 839324 20835 801676
164200 20668 839815 20848 802185
164300 20677 840251 20856 802749
164400 20692 840855 20870 803145
164500 20710 841411 20891 803589
164600 20729 841982 20899 804018
164700 20747 842559 20908 804441
164800 20755 843017 20916 804983
164900 20767 843508 20923 805492
165000 20786 843991 20939 806009
165100 20801 844665 20953 806335
165200 20815 845214 20963 806786
165300 20827 845800 20980 807200
165400 20840 846362 21000 807638
165500 20848 846895 21011 808105
165600 20860 847398 21015 808602
165700 20877 847966 21031 809034
165800 20891 848448 21039 809552
165900 20903 849057 21050 809943
166000 20920 849442 21060 810558
166100 20925 849914 21071 811086
166200 20938 850385 21088 811615
166300 20956 850930 21104 812070
166400 20969 851508 21120 812492
166500 20984 852069 21126 812931
166600 20996 852678 21143 813322
166700 21001 853067 21148 813933
166800 21014 853619 21162 814381
166900 21033 854201 21180 814799
167000 21047 854721 21195 815279
167100 21057 855108 21210 815892
167200 21068 855722 21216 816278
167300 21085 856279 21226 816721
167400 21098 856823 21237 817177
167500 21107 857353 21251 817647
167600 21118 857910 21260 818090
167700 21127 858486 21269 818514
167800 21141 858983 21272 819017
167900 21150 859538 21283 819462
168000 21162 860032 21291 819968
168100 21172 860553 21300 820447
168200 21188 861136 21306 820864
168300 21195 861648 21315 821352
168400 21206 862178 21329 821822
168500 21215 862710 21342 822290
168600 21222 863273 21353 822727
168700 21232 863728 21369 823272
168800 21245 864280 21387 823720
168900 21252 864778 21395 824222
169000 21265 865331 21408 824669
169100 21274 865858 21422 825142
169200 21284 866368 21434 825632
169300 21299 866935 21447 826065
169400 21312 867451 21456 826549
169500 21323 867983 21464 827017
169600 21335 868528 21485 827472
169700 21355 869055 21500 827945
169800 21368 869680 21502 828320
169900 21374 870194 21512 828806
170000 21383 870719 21526 829281
170100 21393 871183 21534 829817
170200 21407 871636 21546 830364
170300 21419 872051 21558 830949
170400 21434 872562 21571 831438
170500 21449 873106 21578 831894
170600 21460 873616 21587 832384
170700 21471 874105 21602 832895
170800 21487 874661 21620 833339
170900 21503 875245 21629 833755
171000 21520 875717 21637 834283
171100 21530 876231 21648 834769
171200 21537 876743 21656 835257
171300 21545 877263 21669 835737
171400 21560 877820 21681 836180
171500 21572 878256 21695 836744
171600 21582 878826 21712 837174
171700 21593 879316 21720 837684
171800 21604 879805 21730 838195
171900 21615 880367 21742 838633
172000 21634 880871 21759 839129
172100 21646 881391 21771 839609
172200 21653 881923 21782 840077
172300 21662 882492 21798 840508
172400 21675 883008 21807 840992
172500 21682 883535 21821 841465
172600 21694 884009 21832 841991
172700 21700 884486 21841 842514
172800 21708 884997 21850 843003
172900 21721 885570 21871 843430
173000 21731 886020 21884 843980
173100 21744 886548 21893 844452
173200 21753 887037 21907 844963
173300 21760 887613 21912 845387
173400 21777 888058 21918 845942
173500 21788 888675 21925 846325
173600 21800 889213 21932 846787
173700 21807 889633 21947 847367
173800 21817 890111 21954 847889
173900 21838 890693 21978 848307
174000 21852 891248 21996 848752
174100 21866 891714 22010 849286
174200 21870 892228 22023 849772
174300 21882 892768 22038 850232
174400 21894 893279 22050 850721
174500 21907 893821 22059 851179
174600 21919 894289 22069 851711
174700 21937 894746 22087 852254
174800 21949 895277 22090 852723
174900 21967 895790 22100 853210
175000 21978 896319 22108 853681
175100 21991 896823 22119 854177
175200 22011 897387 22135 854613
175300 22021 897817 22149 855183
175400 22036 898298 22167 855702
175500 22051 898872 22179 856128
175600 22064 899339 22196 856661
175700 22078 899826 22208 857174
175800 22095 900365 22222 857635
175900 22105 900961 22234 858039
176000 22128 901541 22245 858459
176100 22151 902024 22256 858976
176200 22163 902492 22270 859508
176300 22178 903076 22280 859924
176400 22190 903497 22295 860503
176500 22201 904076 22311 860924
176600 22210 904614 22329 861386
176700 22222 905135 22339 861865
176800 22233 905612 22356 862388
176900 22240 906126 22365 862874
177000 22254 906628 22379 863372
177100 22267 907110 22389 863890
177200 22284 907617 22405 864383
177300 22294 908032 22411 864968
177400 22309 908574 22424 865426
177500 22318 909141 22433 865859
177600 22329 909644 22446 866356
177700 22340 910122 22450 866878
177800 22358 910597 22461 867403
177900 22375 911078 22472 867922
178000 22388 911659 22486 868341
178100 22399 912146 22497 868854
178200 22411 912611 22507 869389
178300 22419 913071 22521 869929
178400 22440 913479 22535 870521
178500 22448 913980 22549 871020
178600 22461 914537 22567 871463
178700 22476 915082 22580 871918
178800 22490 915538 22593 872462
178900 22511 916007 22605 872993
179000 22524 916543 22621 873457
179100 22532 917127 22633 873873
179200 22541 917734 22648 874266
179300 22556 918253 22654 874747
179400 22562 918746 22667 875254
179500 22574 919235 22677 875765
179600 22589 919770 22685 876230
179700 22599 920244 22698 876756
179800 22607 920710 22706 877290
179900 22620 921241 22721 877759
180000 22631 921760 22735 878240
180100 22647 922314 22754 878686
180200 22656 922869 22767 879131
180300 22671 923359 22779 879641
180400 22682 923786 22789 880214
180500 22690 924365 22795 880635
180600 22697 924887 22808 881113
180700 22714 925404 22822 881596
180800 22726 925947 22835 882053
180900 22736 926498 22847 882502
181000 22754 927023 22868 882977
181100 22764 927589 22875 883411
181200 22776 928126 22888 883874
181300 22784 928579 22897 884421
181400 22797 929070 22911 884930
181500 22807 929724 22918 885276
181600 22817 930194 22929 885806
181700 22830 930741 22943 886259
181800 22843 931222 22953 886778
181900 22852 931752 22963 887248
182000 22860 932251 22970 887749
182100 22868 932739 22975 888261
182200 22880 933222 22985 888778
182300 22890 933656 22996 889344
182400 22901 934193 23004 889807
182500 22913 934626 23021 890374
182600 22920 935112 23032 890888
182700 22936 935567 23046 891433
182800 22954 936111 23060 891889
182900 22967 936620 23072 892380
183000 22979 937185 23089 892815
183100 23000 937653 23101 893347
183200 23011 938106 23110 893894
183300 23024 938545 23125 894455
183400 23035 939057 23139 894943
183500 23051 939577 23155 895423
183600 23069 939961 23167 896039
183700 23077 940500 23182 896500
183800 23085 940932 23192 897068
183900 23098 941465 23202 897535
184000 23108 942023 23219 897977
184100 23124 942599 23229 898401
184200 23134 943046 23243 898954
184300 23152 943582 23251 899418
184400 23165 944210 23265 899790
184500 23178 944745 23276 900255
184600 23192 945213 23292 900787
184700 23208 945735 23304 901265
184800 23214 946277 23311 901723
184900 23222 946842 23324 902158
185000 23237 947277 23331 902723
185100 23249 947732 23345 903268
185200 23262 948265 23356 903735
185300 23274 948846 23364 904154
185400 23294 949325 23382 904675
185500 23306 949787 23393 905213
185600 23317 950280 23410 905720
185700 23320 950830 23418 906170
185800 23334 951348 23432 906652
185900 23349 951858 23458 907142
186000 23361 952388 23468 907612
186100 23388 952893 23478 908107
186200 23395 953388 23495 908612
186300 23405 953978 23510 909022
186400 23423 954479 23527 909521
186500 23436 954972 23542 910028
186600 23446 955563 23548 910437
186700 23458 956057 23553 910943
186800 23470 956622 23560 911378
186900 23478 957112 23570 911888
187000 23489 957500 23582 912500
187100 23499 957995 23592 913005
187200 23514 958509 23600 913491
187300 23519 958974 23617 914026
187400 23535 959431 23633 914569
187500 23548 959975 23644 915025
187600 23561 960491 23660 915509
187700 23578 961012 23676 915988
187800 23597 961485 23700 916515
187900 23616 962028 23719 916972
188000 23630 962549 23732 917451
188100 23636 963029 23741 917971
188200 23651 963524 23760 918476
188300 23666 964083 23772 918917
188400 23682 964570 23784 919430
188500 23696 965111 23805 919889
188600 23706 965539 23816 920461
188700 23719 965955 23824 921045
188800 23739 966453 23841 921547
188900 23752 966882 23852 922118
189000 23765 967404 23860 922596
189100 23778 967937 23875 923063
189200 23793 968540 23891 923460
189300 23808 969110 23905 923890
189400 23819 969667 23911 924333
189500 23829 970132 23925 924868
189600 23837 970593 23932 925407
189700 23847 971174 23943 925826
189800 23862 971630 23953 926370
189900 23876 972225 23965 926775
190000 23881 972730 23978 927270
190100 23898 973223 23992 927777
190200 23911 973746 24003 928254
190300 23925 974205 24020 928795
190400 23938 974818 24031 929182
190500 23953 975301 24044 929699
190600 23962 975765 24051 930235
190700 23973 976241 24059 930759
190800 23984 976797 24075 931203
190900 24001 977341 24089 931659
191000 24009 977834 24094 932166
191100 24023 978337 24108 932663
191200 24032 978798 24120 933202
191300 24046 979312 24138 933688
191400 24054 979810 24148 934190
191500 24064 980268 24162 934732
191600 24076 980846 24170 935154
191700 24081 981392 24176 935608
191800 24093 981933 24186 936067
191900 24106 982432 24202 936568
192000 24120 982975 24214 937025
192100 24133 983515 24229 937485
192200 24143 984043 24239 937957
192300 24155 984561 24244 938439
192400 24167 984991 24260 939009
192500 24176 985546 24271 939454
192600 24184 985984 24283 940016
192700 24193 986529 24297 940471
192800 24202 987074 24305 940926
192900 24214 987602 24320 941398
193000 24224 988062 24334 941938
193100 24237 988502 24346 942498
193200 24249 989038 24360 942962
193300 24262 989579 24377 943421
193400 24270 990088 24385 943912
193500 24284 990459 24396 944541
193600 24292 990956 24406 945044
193700 24300 991530 24422 945470
193800 24315 992055 24434 945945
193900 24328 992559 24445 946441
194000 24353 993155 24459 946845
194100 24371 993688 24480 947312
194200 24379 994210 24494 947790
194300 24396 994696 24505 948304
194400 24411 995185 24517 948815
194500 24424 995685 24526 949315
194600 24440 996201 24533 949799
194700 24448 996771 24544 950229
194800 24457 997274 24551 950726
194900 24473 997860 24568 951140
195000 24488 998427 24581 951573
195100 24505 998879 24606 952121
195200 24515 999398 24616 952602
195300 24529 999941 24622 953059
195400 24539 1000442 24637 953558
195500 24553 1000873 24652 954127
195600 24563 1001437 24666 954563
195700 24582 1001981 24681 955019
195800 24592 1002483 24693 955517
195900 24605 1003008 24709 955992
196000 24621 1003458 24727 956542
196100 24633 1004007 24740 956993
196200 24647 1004516 24755 957484
196300 24663 1004945 24769 958055
196400 24675 1005496 24788 958504
196500 24687 1005953 24805 959047
196600 24696 1006424 24817 959576
196700 24701 1006986 24830 960014
196800 24716 1007493 24846 960507
196900 24732 1008017 24857 960983
197000 24746 1008603 24864 961397
197100 24767 1009173 24885 961827
197200 24778 1009677 24897 962323
197300 24789 1010259 24909 962741
197400 24804 1010758 24916 963242
197500 24820 1011355 24928 963645
197600 24840 1011878 24956 964122
197700 24854 1012338 24973 964662
197800 24861 1012848 24982 965152
197900 24875 1013344 25002 965656
198000 24884 1013882 25020 966118
198100 24893 1014412 25032 966588
198200 24905 1014892 25047 967108
198300 24918 1015351 25052 967649
198400 24931 1015884 25064 968116
198500 24941 1016402 25072 968598
198600 24952 1016863 25086 969137
198700 24968 1017362 25094 969638
198800 24979 1017906 25102 970094
198900 24995 1018514 25117 970486
199000 25012 1019076 25128 970924
199100 25032 1019558 25145 971442
199200 25039 1020033 25156 971967
199300 25045 1020553 25169 972447
199400 25063 1021022 25184 972978
199500 25074 1021588 25202 973412
199600 25084 1022050 25219 973950
199700 25106 1022577 25230 974423
199800 25114 1023046 25240 974954
199900 25126 1023480 25249 975520
200000 25140 1024016 25263 975984
