#! FIELDS timestep dup_succ dup_attempts kill_succ kill_attempts
#! SET timestep 0.5
#! SET kernel_bandwidth [0.7 0.7]
#! SET kt 1.0
100 56 164 78 836
200 138 416 169 1584
300 212 751 271 2249
400 283 1179 358 2821
500 330 1700 424 3300
600 373 2254 454 3746
700 399 2718 476 4282
800 418 3132 499 4868
900 436 3556 519 5444
1000 443 3980 531 6020
1100 457 4434 539 6566
1200 465 4917 545 7083
1300 468 5409 550 7591
1400 479 5883 554 8117
1500 481 6427 557 8573
1600 484 6960 566 9040
1700 488 7485 571 9515
1800 489 8019 576 9981
1900 492 8554 585 10446
2000 498 9038 591 10962
2100 503 9624 597 11376
2200 514 10174 600 11826
2300 520 10687 604 12313
2400 524 11099 608 12901
2500 527 11539 614 13461
2600 534 12035 619 13965
2700 542 12594 623 14406
2800 548 12916 628 15084
2900 551 13402 632 15598
3000 554 13812 639 16188
3100 561 14167 642 16833
3200 563 14678 646 17322
3300 566 15238 652 17762
3400 573 15654 656 18346
3500 578 16101 661 18899
3600 580 16580 664 19420
3700 583 17096 670 19904
3800 585 17540 673 20460
3900 588 18074 679 20926
4000 590 18534 685 21466
4100 595 19020 689 21980
4200 599 19611 692 22389
4300 603 20130 698 22870
4400 605 20711 702 23289
4500 608 21190 706 23810
4600 616 21693 709 24307
4700 616 22177 714 24823
4800 622 22784 721 25216
4900 623 23357 723 25643
5000 625 23884 728 26116
5100 629 24347 730 26653
5200 631 24761 730 27239
5300 633 25155 736 27845
5400 637 25657 736 28343
5500 638 26252 738 28748
5600 644 26718 743 29282
5700 647 27156 751 29844
5800 652 27631 759 30369
5900 654 28278 764 30722
6000 657 28712 768 31288
6100 661 29156 772 31844
6200 665 29593 777 32407
6300 670 30031 784 32969
6400 676 30540 786 33460
6500 682 31047 789 33953
6600 685 31508 791 34492
6700 693 31937 796 35063
6800 702 32388 800 35612
6900 705 32916 803 36084
7000 706 33430 807 36570
7100 707 33989 811 37011
7200 709 34429 812 37571
7300 712 34951 814 38049
7400 719 35505 818 38495
7500 727 35930 820 39070
7600 729 36445 822 39555
7700 735 36936 829 40064
7800 738 37421 830 40579
7900 744 37997 839 41003
8000 749 38482 841 41518
8100 760 39054 848 41946
8200 762 39595 853 42405
8300 770 40085 857 42915
8400 774 40548 861 43452
8500 781 41066 865 43934
8600 783 41535 867 44465
8700 787 42073 872 44927
8800 793 42487 873 45513
8900 799 42992 874 46008
9000 804 43452 881 46548
9100 805 43931 884 47069
9200 812 44352 895 47648
9300 816 44778 896 48222
9400 823 45267 901 48733
9500 825 45824 908 49176
9600 826 46250 914 49750
9700 832 46649 922 50351
9800 833 47168 925 50832
9900 837 47618 927 51382
10000 841 48065 933 51935
10100 848 48507 940 52493
10200 856 49027 944 52973
10300 863 49519 950 53481
10400 869 49953 955 54047
10500 874 50477 962 54523
10600 880 50967 963 55033
10700 885 51469 970 55531
10800 886 51840 973 56160
10900 890 52223 977 56777
11000 896 52659 981 57341
11100 903 53035 986 57965
11200 910 53507 988 58493
11300 913 53981 994 59019
11400 919 54535 996 59465
11500 925 54991 1002 60009
11600 932 55475 1007 60525
11700 933 55933 1009 61067
11800 936 56406 1011 61594
11900 941 56893 1016 62107
12000 944 57346 1021 62654
12100 951 57822 1027 63178
12200 958 58293 1036 63707
12300 966 58794 1048 64206
12400 969 59292 1052 64708
12500 970 59792 1052 65208
12600 973 60312 1053 65688
12700 981 60826 1056 66174
12800 984 61427 1063 66573
12900 988 61911 1065 67089
13000 996 62309 1069 67691
13100 999 62858 1073 68142
13200 1002 63310 1074 68690
13300 1006 63796 1078 69204
13400 1009 64310 1080 69690
13500 1014 64808 1082 70192
13600 1017 65255 1087 70745
13700 1024 65679 1091 71321
13800 1031 66215 1095 71785
13900 1033 66707 1097 72293
14000 1039 67142 1100 72858
14100 1040 67633 1105 73367
14200 1044 68139 1109 73861
14300 1051 68611 1112 74389
14400 1053 69194 1118 74806
14500 1063 69720 1127 75280
14600 1067 70270 1132 75730
14700 1068 70764 1138 76236
14800 1071 71233 1141 76767
14900 1071 71677 1149 77323
15000 1074 72155 1153 77845
15100 1077 72612 1157 78388
15200 1082 73129 1161 78871
15300 1085 73661 1165 79339
15400 1094 74175 1168 79825
15500 1097 74626 1168 80374
15600 1102 75096 1172 80904
15700 1107 75691 1178 81309
15800 1112 76162 1185 81838
15900 1117 76708 1190 82292
16000 1119 77183 1190 82817
16100 1122 77637 1193 83363
16200 1126 78151 1196 83849
16300 1128 78518 1198 84482
16400 1131 79055 1201 84945
16500 1135 79635 1205 85365
16600 1139 80141 1208 85859
16700 1145 80649 1213 86351
16800 1154 81175 1217 86825
16900 1157 81764 1222 87236
17000 1166 82364 1227 87636
17100 1171 82807 1235 88193
17200 1176 83312 1237 88688
17300 1181 83856 1245 89144
17400 1186 84381 1247 89619
17500 1190 85014 1250 89986
17600 1195 85545 1254 90455
17700 1197 86056 1255 90944
17800 1205 86486 1261 91514
17900 1208 86812 1265 92188
18000 1212 87260 1271 92740
18100 1215 87740 1272 93260
18200 1217 88162 1278 93838
18300 1218 88674 1280 94326
18400 1220 89054 1282 94946
18500 1223 89543 1287 95457
18600 1232 90070 1289 95930
18700 1235 90429 1299 96571
18800 1239 90882 1303 97118
18900 1243 91425 1306 97575
19000 1243 91792 1311 98208
19100 1248 92326 1314 98674
19200 1254 92891 1317 99109
19300 1258 93354 1319 99646
19400 1266 93830 1329 100170
19500 1269 94221 1339 100779
19600 1270 94741 1342 101259
19700 1275 95249 1347 101751
19800 1282 95755 1356 102245
19900 1287 96207 1363 102793
20000 1290 96699 1367 103301
20100 1293 97189 1369 103811
20200 1298 97661 1372 104339
20300 1303 98248 1379 104752
20400 1305 98718 1386 105282
20500 1311 99269 1394 105731
20600 1315 99748 1402 106252
20700 1316 100277 1407 106723
20800 1318 100593 1410 107407
20900 1322 101033 1416 107967
21000 1329 101514 1421 108486
21100 1331 102046 1422 108954
21200 1334 102597 1425 109403
21300 1339 103094 1427 109906
21400 1345 103556 1435 110444
21500 1349 104081 1439 110919
21600 1354 104529 1445 111471
21700 1356 105009 1450 111991
21800 1361 105574 1453 112426
21900 1364 106038 1458 112962
22000 1369 106540 1460 113460
22100 1375 107081 1463 113919
22200 1385 107578 1474 114422
22300 1387 108004 1475 114996
22400 1393 108452 1478 115548
22500 1394 108926 1480 116074
22600 1399 109390 1484 116610
22700 1401 109886 1491 117114
22800 1404 110435 1495 117565
22900 1406 110893 1498 118107
23000 1414 111395 1504 118605
23100 1419 111937 1508 119063
23200 1426 112413 1512 119587
23300 1431 112873 1518 120127
23400 1434 113343 1520 120657
23500 1441 113745 1526 121255
23600 1444 114200 1532 121800
23700 1446 114719 1536 122281
23800 1452 115167 1538 122833
23900 1462 115683 1540 123317
24000 1468 116222 1544 123778
24100 1472 116747 1548 124253
24200 1478 117270 1554 124730
24300 1483 117767 1558 125233
24400 1485 118195 1565 125805
24500 1488 118689 1567 126311
24600 1491 119132 1572 126868
24700 1500 119712 1578 127288
24800 1504 120239 1586 127761
24900 1509 120675 1591 128325
25000 1511 121283 1595 128717
25100 1516 121753 1601 129247
25200 1518 122278 1603 129722
25300 1524 122793 1610 130207
25400 1530 123336 1615 130664
25500 1536 123793 1619 131207
25600 1538 124261 1621 131739
25700 1546 124802 1628 132198
25800 1553 125368 1635 132632
25900 1559 125775 1640 133225
26000 1563 126185 1645 133815
26100 1568 126690 1647 134310
26200 1572 127188 1649 134812
26300 1577 127749 1652 135251
26400 1580 128317 1656 135683
26500 1586 128776 1659 136224
26600 1589 129280 1663 136720
26700 1590 129815 1669 137185
26800 1593 130468 1674 137532
26900 1599 130965 1682 138035
27000 1606 131417 1686 138583
27100 1613 131888 1701 139112
27200 1615 132406 1707 139594
27300 1620 132885 1711 140115
27400 1626 133308 1714 140692
27500 1630 133822 1723 141178
27600 1634 134356 1727 141644
27700 1639 134830 1731 142170
27800 1647 135361 1739 142639
27900 1648 135827 1745 143173
28000 1649 136296 1748 143704
28100 1651 136864 1756 144136
28200 1655 137372 1763 144628
28300 1662 137910 1767 145090
28400 1668 138341 1772 145659
28500 1674 138809 1778 146191
28600 1676 139267 1779 146733
28700 1677 139701 1783 147299
28800 1683 140183 1784 147817
28900 1686 140654 1785 148346
29000 1687 141080 1787 148920
29100 1689 141545 1792 149455
29200 1690 142057 1793 149943
29300 1691 142502 1796 150498
29400 1696 143005 1800 150995
29500 1699 143504 1805 151496
29600 1706 144080 1809 151920
29700 1709 144576 1815 152424
29800 1713 144996 1821 153004
29900 1716 145468 1827 153532
30000 1723 145968 1833 154032
30100 1725 146413 1837 154587
30200 1729 146951 1840 155049
30300 1736 147428 1844 155572
30400 1743 147890 1851 156110
30500 1744 148409 1851 156591
30600 1746 148835 1854 157165
30700 1748 149306 1857 157694
30800 1751 149857 1859 158143
30900 1755 150473 1862 158527
31000 1758 150935 1865 159065
31100 1761 151386 1868 159614
31200 1769 151892 1870 160108
31300 1773 152317 1874 160683
31400 1778 152776 1875 161224
31500 1781 153298 1881 161702
31600 1786 153709 1888 162291
31700 1792 154198 1893 162802
31800 1797 154778 1898 163222
31900 1799 155246 1902 163754
32000 1804 155774 1910 164226
32100 1807 156265 1915 164735
32200 1812 156895 1920 165105
32300 1815 157419 1924 165581
32400 1819 157820 1928 166180
32500 1826 158459 1934 166541
32600 1826 158980 1937 167020
32700 1827 159423 1937 167577
32800 1831 159898 1941 168102
32900 1836 160428 1942 168572
33000 1839 161011 1945 168989
33100 1845 161518 1949 169482
33200 1848 161953 1952 170047
33300 1852 162455 1956 170545
33400 1854 162939 1960 171061
33500 1861 163421 1965 171579
33600 1868 163908 1970 172092
33700 1872 164423 1975 172577
33800 1880 164901 1979 173099
33900 1886 165450 1983 173550
34000 1886 165987 1985 174013
34100 1888 166471 1990 174529
34200 1890 166930 1993 175070
34300 1895 167395 1998 175605
34400 1896 167864 1999 176136
34500 1900 168431 2002 176569
34600 1904 168905 2008 177095
34700 1905 169379 2014 177621
34800 1908 169886 2015 178114
34900 1913 170333 2017 178667
35000 1917 170715 2022 179285
35100 1924 171131 2029 179869
35200 1929 171592 2031 180408
35300 1937 171947 2031 181053
35400 1941 172433 2032 181567
35500 1942 172959 2036 182041
35600 1944 173399 2039 182601
35700 1950 173886 2043 183114
35800 1953 174315 2044 183685
35900 1957 174782 2045 184218
36000 1961 175265 2047 184735
36100 1970 175689 2053 185311
36200 1974 176124 2057 185876
36300 1977 176534 2064 186466
36400 1984 176977 2067 187023
36500 1988 177473 2074 187527
36600 1992 177973 2077 188027
36700 2002 178464 2080 188536
36800 2005 178980 2086 189020
36900 2011 179485 2088 189515
37000 2013 179978 2095 190022
37100 2020 180486 2096 190514
37200 2028 181005 2099 190995
37300 2036 181526 2107 191474
37400 2037 182019 2108 191981
37500 2041 182531 2112 192469
37600 2043 182973 2116 193027
37700 2047 183481 2119 193519
37800 2049 183991 2120 194009
37900 2055 184561 2122 194439
38000 2060 185014 2127 194986
38100 2066 185422 2128 195578
38200 2072 185966 2134 196034
38300 2076 186476 2138 196524
38400 2080 187057 2139 196943
38500 2083 187436 2144 197564
38600 2090 187956 2150 198044
38700 2095 188473 2159 198527
38800 2100 189036 2163 198964
38900 2106 189587 2168 199413
39000 2110 190133 2169 199867
39100 2116 190681 2174 200319
39200 2120 191203 2180 200797
39300 2125 191721 2183 201279
39400 2128 192309 2185 201691
39500 2130 192783 2185 202217
39600 2136 193367 2191 202633
39700 2138 193871 2197 203129
39800 2140 194419 2203 203581
39900 2143 194888 2208 204112
40000 2144 195348 2213 204652
40100 2151 195768 2216 205232
40200 2157 196308 2223 205692
40300 2158 196820 2224 206180
40400 2161 197347 2231 206653
40500 2166 197850 2234 207150
40600 2172 198320 2238 207680
40700 2176 198745 2240 208255
40800 2177 199181 2247 208819
40900 2177 199596 2249 209404
41000 2181 200080 2254 209920
41100 2187 200616 2258 210384
41200 2193 201170 2260 210830
41300 2200 201740 2267 211260
41400 2206 202335 2271 211665
41500 2212 202914 2274 212086
41600 2216 203506 2278 212494
41700 2220 204069 2281 212931
41800 2227 204626 2289 213374
41900 2233 205254 2296 213746
42000 2237 205805 2299 214195
42100 2244 206324 2306 214676
42200 2251 206795 2313 215205
42300 2253 207363 2314 215637
42400 2259 207836 2320 216164
42500 2260 208303 2325 216697
42600 2264 208791 2329 217209
42700 2267 209268 2332 217732
42800 2274 209724 2335 218276
42900 2278 210182 2342 218818
43000 2285 210698 2348 219302
43100 2289 211208 2354 219792
43200 2293 211670 2359 220330
43300 2299 212177 2363 220823
43400 2303 212721 2371 221279
43500 2311 213188 2376 221812
43600 2312 213726 2380 222274
43700 2316 214212 2386 222788
43800 2318 214712 2389 223288
43900 2320 215270 2392 223730
44000 2323 215834 2395 224166
44100 2333 216339 2401 224661
44200 2342 216844 2407 225156
44300 2346 217330 2412 225670
44400 2352 217807 2415 226193
44500 2357 218257 2421 226743
44600 2358 218819 2425 227181
44700 2363 219480 2427 227520
44800 2365 219955 2435 228045
44900 2367 220484 2438 228516
45000 2371 221008 2442 228992
45100 2374 221503 2442 229497
45200 2379 221997 2445 230003
45300 2381 222465 2448 230535
45400 2383 222994 2454 231006
45500 2388 223531 2459 231469
45600 2390 224067 2465 231933
45700 2397 224694 2469 232306
45800 2401 225203 2478 232797
45900 2403 225723 2482 233277
46000 2408 226093 2491 233907
46100 2413 226393 2499 234607
46200 2418 226841 2504 235159
46300 2422 227425 2509 235575
46400 2426 227885 2512 236115
46500 2429 228374 2518 236626
46600 2434 228809 2522 237191
46700 2443 229334 2525 237666
46800 2449 229922 2529 238078
46900 2457 230555 2534 238445
47000 2461 231151 2538 238849
47100 2467 231701 2545 239299
47200 2468 232200 2545 239800
47300 2475 232668 2546 240332
47400 2480 233289 2547 240711
47500 2488 233803 2553 241197
47600 2492 234236 2556 241764
47700 2498 234684 2561 242316
47800 2505 235128 2569 242872
47900 2514 235766 2577 243234
48000 2518 236291 2582 243709
48100 2522 236745 2582 244255
48200 2525 237166 2585 244834
48300 2531 237729 2590 245271
48400 2531 238126 2592 245874
48500 2537 238625 2595 246375
48600 2543 239105 2607 246895
48700 2551 239620 2613 247380
48800 2560 240143 2616 247857
48900 2564 240661 2618 248339
49000 2570 241221 2623 248779
49100 2576 241614 2629 249386
49200 2583 242126 2632 249874
49300 2584 242654 2637 250346
49400 2586 243181 2644 250819
49500 2593 243817 2648 251183
49600 2597 244341 2650 251659
49700 2602 244932 2655 252068
49800 2605 245470 2657 252530
49900 2609 245966 2657 253034
50000 2615 246506 2661 253494
50100 2616 246920 2665 254080
50200 2622 247501 2666 254499
50300 2624 247930 2668 255070
50400 2629 248452 2670 255548
50500 2637 249002 2677 255998
50600 2647 249516 2679 256484
50700 2650 250016 2681 256984
50800 2655 250539 2685 257461
50900 2660 251030 2686 257970
51000 2661 251511 2689 258489
51100 2668 252119 2695 258881
51200 2673 252632 2697 259368
51300 2675 253148 2700 259852
51400 2680 253598 2704 260402
51500 2686 254089 2708 260911
51600 2690 254495 2718 261505
51700 2699 254919 2721 262081
51800 2702 255382 2729 262618
51900 2704 256003 2732 262997
52000 2706 256497 2738 263503
52100 2713 256921 2743 264079
52200 2718 257479 2748 264521
52300 2722 258029 2758 264971
52400 2725 258731 2766 265269
52500 2729 259339 2769 265661
52600 2733 259852 2770 266148
52700 2738 260404 2775 266596
52800 2739 261014 2777 266986
52900 2741 261652 2783 267348
53000 2745 262099 2789 267901
53100 2749 262606 2790 268394
53200 2753 263061 2793 268939
53300 2757 263559 2798 269441
53400 2757 264061 2803 269939
53500 2762 264618 2808 270382
53600 2763 265208 2811 270792
53700 2773 265762 2820 271238
53800 2778 266237 2825 271763
53900 2785 266682 2827 272318
54000 2790 267144 2832 272856
54100 2797 267635 2837 273365
54200 2801 268153 2843 273847
54300 2802 268613 2847 274387
54400 2803 269044 2849 274956
54500 2808 269612 2852 275388
54600 2813 270121 2859 275879
54700 2815 270493 2862 276507
54800 2819 270940 2869 277060
54900 2820 271390 2869 277610
55000 2825 271909 2871 278091
55100 2828 272455 2875 278545
55200 2831 272942 2879 279058
55300 2835 273362 2883 279638
55400 2838 273858 2892 280142
55500 2846 274331 2902 280669
55600 2852 274807 2910 281193
55700 2857 275448 2916 281552
55800 2860 275846 2918 282154
55900 2868 276252 2925 282748
56000 2876 276698 2938 283302
56100 2883 277102 2941 283898
56200 2887 277490 2947 284510
56300 2892 277976 2951 285024
56400 2899 278565 2951 285435
56500 2903 279170 2954 285830
56600 2906 279593 2959 286407
56700 2910 280195 2968 286805
56800 2911 280667 2971 287333
56900 2926 281174 2981 287826
57000 2937 281736 2986 288264
57100 2942 282201 2990 288799
57200 2944 282681 2993 289319
57300 2951 283214 2998 289786
57400 2953 283709 3003 290291
57500 2956 284145 3006 290855
57600 2962 284568 3014 291432
57700 2967 285129 3019 291871
57800 2970 285750 3023 292250
57900 2974 286233 3026 292767
58000 2976 286790 3026 293210
58100 2977 287356 3032 293644
58200 2983 287825 3040 294175
58300 2989 288376 3043 294624
58400 2990 288874 3047 295126
58500 2994 289386 3055 295614
58600 3002 289968 3059 296032
58700 3007 290457 3065 296543
58800 3010 290934 3065 297066
58900 3015 291395 3066 297605
59000 3015 291909 3073 298091
59100 3022 292406 3076 298594
59200 3027 292935 3078 299065
59300 3027 293397 3086 299603
59400 3031 293966 3093 300034
59500 3038 294478 3103 300522
59600 3043 294862 3107 301138
59700 3046 295364 3112 301636
59800 3046 295834 3117 302166
59900 3054 296367 3126 302633
60000 3064 296869 3130 303131
60100 3068 297438 3135 303562
60200 3073 297983 3145 304017
60300 3078 298293 3147 304707
60400 3083 298791 3147 305209
60500 3087 299289 3155 305711
60600 3089 299794 3159 306206
60700 3093 300219 3162 306781
60800 3097 300728 3163 307272
60900 3101 301243 3169 307757
61000 3106 301703 3172 308297
61100 3108 302286 3174 308714
61200 3111 302797 3178 309203
61300 3114 303261 3185 309739
61400 3124 303710 3192 310290
61500 3127 304067 3198 310933
61600 3134 304594 3208 311406
61700 3141 305097 3210 311903
61800 3149 305590 3217 312410
61900 3157 306088 3221 312912
62000 3158 306512 3226 313488
62100 3166 307029 3230 313971
62200 3167 307545 3231 314455
62300 3171 308059 3234 314941
62400 3176 308518 3237 315482
62500 3181 309034 3243 315966
62600 3188 309559 3245 316441
62700 3192 310055 3253 316945
62800 3197 310448 3255 317552
62900 3199 310885 3256 318115
63000 3200 311489 3261 318511
63100 3206 312038 3267 318962
63200 3209 312585 3268 319415
63300 3210 313157 3269 319843
63400 3220 313697 3285 320303
63500 3224 314202 3292 320798
63600 3231 314562 3297 321438
63700 3236 315033 3302 321967
63800 3241 315462 3302 322538
63900 3243 315896 3310 323104
64000 3250 316308 3315 323692
64100 3256 316641 3318 324359
64200 3264 317101 3326 324899
64300 3272 317670 3333 325330
64400 3275 318220 3337 325780
64500 3280 318665 3338 326335
64600 3286 319086 3341 326914
64700 3300 319699 3347 327301
64800 3303 320139 3351 327861
64900 3311 320600 3355 328400
65000 3315 321160 3358 328840
65100 3317 321667 3363 329333
65200 3320 322146 3367 329854
65300 3322 322542 3369 330458
65400 3326 322981 3373 331019
65500 3329 323559 3375 331441
65600 3330 324070 3378 331930
65700 3331 324591 3383 332409
65800 3336 325069 3384 332931
65900 3338 325539 3388 333461
66000 3341 326118 3390 333882
66100 3346 326787 3392 334213
66200 3347 327292 3395 334708
66300 3350 327710 3398 335290
66400 3356 328158 3401 335842
66500 3362 328699 3408 336301
66600 3364 329199 3415 336801
66700 3365 329773 3417 337227
66800 3366 330291 3421 337709
66900 3371 330706 3426 338294
67000 3375 331049 3430 338951
67100 3379 331594 3435 339406
67200 3383 332085 3437 339915
67300 3391 332593 3446 340407
67400 3399 333110 3447 340890
67500 3402 333658 3450 341342
67600 3402 334182 3452 341818
67700 3407 334613 3456 342387
67800 3413 335108 3457 342892
67900 3415 335583 3463 343417
68000 3416 336130 3466 343870
68100 3420 336618 3473 344382
68200 3423 337072 3477 344928
68300 3425 337502 3481 345498
68400 3429 337951 3482 346049
68500 3436 338461 3491 346539
68600 3440 339029 3495 346971
68700 3443 339524 3497 347476
68800 3451 340109 3504 347891
68900 3458 340581 3507 348419
69000 3462 341078 3516 348922
69100 3467 341577 3520 349423
69200 3469 342035 3522 349965
69300 3472 342424 3529 350576
69400 3483 342821 3538 351179
69500 3486 343287 3545 351713
69600 3489 343862 3545 352138
69700 3494 344358 3551 352642
69800 3504 344867 3556 353133
69900 3505 345363 3564 353637
70000 3515 345764 3572 354236
70100 3515 346340 3575 354660
70200 3518 346763 3578 355237
70300 3519 347237 3582 355763
70400 3524 347776 3588 356224
70500 3529 348411 3594 356589
70600 3534 348896 3599 357104
70700 3538 349385 3603 357615
70800 3540 349869 3607 358131
70900 3544 350348 3608 358652
71000 3553 350713 3610 359287
71100 3555 351234 3612 359766
71200 3555 351762 3613 360238
71300 3557 352254 3614 360746
71400 3564 352730 3618 361270
71500 3569 353186 3623 361814
71600 3574 353678 3626 362322
71700 3581 354141 3630 362859
71800 3585 354686 3637 363314
71900 3593 355128 3644 363872
72000 3596 355683 3654 364317
72100 3602 356136 3656 364864
72200 3603 356658 3659 365342
72300 3608 357141 3663 365859
72400 3611 357640 3665 366360
72500 3613 358289 3668 366711
72600 3620 358751 3672 367249
72700 3626 359244 3678 367756
72800 3632 359808 3685 368192
72900 3635 360358 3691 368642
73000 3639 360894 3697 369106
73100 3642 361564 3702 369436
73200 3646 362084 3707 369916
73300 3648 362602 3710 370398
73400 3654 363095 3715 370905
73500 3658 363516 3718 371484
73600 3662 363854 3723 372146
73700 3664 364312 3727 372688
73800 3668 364814 3728 373186
73900 3671 365350 3732 373650
74000 3677 365919 3739 374081
74100 3680 366460 3743 374540
74200 3684 366966 3747 375034
74300 3689 367488 3752 375512
74400 3692 367985 3757 376015
74500 3695 368568 3760 376432
74600 3697 368991 3762 377009
74700 3700 369421 3764 377579
74800 3708 369992 3768 378008
74900 3713 370520 3776 378480
75000 3715 371013 3784 378987
75100 3717 371510 3786 379490
75200 3720 372000 3792 380000
75300 3722 372525 3796 380475
75400 3726 372896 3812 381104
75500 3730 373407 3817 381593
75600 3739 373784 3821 382216
75700 3743 374232 3823 382768
75800 3746 374681 3828 383319
75900 3746 375204 3832 383796
76000 3750 375763 3840 384237
76100 3753 376351 3843 384649
76200 3758 376741 3848 385259
76300 3763 377317 3851 385683
76400 3766 377729 3856 386271
76500 3770 378394 3861 386606
76600 3774 378794 3865 387206
76700 3778 379239 3870 387761
76800 3781 379687 3874 388313
76900 3784 380149 3879 388851
77000 3791 380600 3887 389400
77100 3798 381061 3891 389939
77200 3798 381599 3895 390401
77300 3800 382091 3898 390909
77400 3809 382565 3902 391435
77500 3815 382964 3903 392036
77600 3818 383377 3908 392623
77700 3820 383885 3910 393115
77800 3825 384382 3914 393618
77900 3828 384891 3915 394109
78000 3830 385470 3918 394530
78100 3833 385905 3921 395095
78200 3836 386395 3927 395605
78300 3843 386851 3933 396149
78400 3846 387302 3940 396698
78500 3851 387809 3944 397191
78600 3856 388343 3952 397657
78700 3858 388786 3957 398214
78800 3863 389194 3961 398806
78900 3865 389606 3966 399394
79000 3869 390140 3973 399860
79100 3874 390522 3976 400478
79200 3879 391031 3980 400969
79300 3883 391550 3989 401450
79400 3889 392025 3991 401975
79500 3892 392491 3998 402509
79600 3899 392886 4005 403114
79700 3906 393368 4018 403632
79800 3912 393888 4025 404112
79900 3917 394425 4031 404575
80000 3926 394886 4033 405114
80100 3928 395499 4037 405501
80200 3933 396013 4043 405987
80300 3935 396469 4049 406531
80400 3938 396944 4050 407056
80500 3942 397398 4061 407602
80600 3944 397884 4061 408116
80700 3949 398475 4066 408525
80800 3954 398915 4073 409085
80900 3960 399456 4076 409544
81000 3965 400009 4077 409991
81100 3970 400562 4080 410438
81200 3974 401126 4084 410874
81300 3979 401595 4089 411405
81400 3982 402142 4098 411858
81500 3984 402753 4104 412247
81600 3988 403298 4111 412702
81700 3990 403754 4117 413246
81800 3994 404269 4122 413731
81900 3997 404878 4132 414122
82000 4000 405313 4136 414687
82100 4007 405749 4140 415251
82200 4010 406188 4145 415812
82300 4015 406680 4151 416320
82400 4020 407182 4155 416818
82500 4024 407648 4158 417352
82600 4029 408258 4164 417742
82700 4032 408871 4168 418129
82800 4037 409415 4175 418585
82900 4039 409911 4177 419089
83000 4042 410496 4182 419504
83100 4045 410976 4184 420024
83200 4047 411461 4189 420539
83300 4053 411920 4191 421080
83400 4057 412372 4195 421628
83500 4066 412839 4198 422161
83600 4067 413309 4201 422691
83700 4070 413777 4202 423223
83800 4077 414193 4211 423807
83900 4086 414852 4220 424148
84000 4095 415295 4223 424705
84100 4099 415800 4231 425200
84200 4105 416256 4234 425744
84300 4109 416772 4238 426228
84400 4117 417185 4240 426815
84500 4121 417651 4244 427349
84600 4122 418113 4248 427887
84700 4127 418590 4251 428410
84800 4132 419007 4259 428993
84900 4136 419529 4265 429471
85000 4142 419977 4271 430023
85100 4146 420271 4273 430729
85200 4150 420811 4280 431189
85300 4160 421284 4284 431716
85400 4162 421781 4290 432219
85500 4169 422236 4294 432764
85600 4171 422796 4297 433204
85700 4173 423318 4299 433682
85800 4179 423800 4309 434200
85900 4184 424269 4311 434731
86000 4188 424867 4313 435133
86100 4189 425414 4318 435586
86200 4196 425961 4321 436039
86300 4198 426528 4327 436472
86400 4206 427153 4329 436847
86500 4211 427722 4333 437278
86600 4212 428279 4336 437721
86700 4216 428951 4339 438049
86800 4219 429444 4346 438556
86900 4223 429958 4350 439042
87000 4230 430423 4357 439577
87100 4233 430939 4363 440061
87200 4240 431456 4368 440544
87300 4244 431949 4374 441051
87400 4247 432477 4378 441523
87500 4251 433046 4383 441954
87600 4252 433527 4386 442473
87700 4256 433979 4390 443021
87800 4260 434450 4396 443550
87900 4263 434939 4403 444061
88000 4272 435414 4410 444586
88100 4276 435998 4413 445002
88200 4283 436517 4416 445483
88300 4287 436964 4416 446036
88400 4290 437490 4419 446510
88500 4294 438008 4419 446992
88600 4296 438386 4422 447614
88700 4300 438926 4425 448074
88800 4308 439376 4428 448624
88900 4316 439884 4429 449116
89000 4322 440395 4435 449605
89100 4325 440833 4437 450167
89200 4327 441332 4444 450668
89300 4328 441700 4448 451300
89400 4334 442200 4455 451800
89500 4338 442660 4457 452340
89600 4339 443194 4465 452806
89700 4342 443701 4466 453299
89800 4348 444176 4473 453824
89900 4356 444620 4485 454380
90000 4359 445099 4488 454901
90100 4364 445591 4490 455409
90200 4372 446089 4491 455911
90300 4375 446598 4495 456402
90400 4380 447106 4499 456894
90500 4385 447617 4500 457383
90600 4393 448160 4502 457840
90700 4402 448700 4507 458300
90800 4408 449035 4507 458965
90900 4412 449502 4509 459498
91000 4417 449965 4514 460035
91100 4420 450524 4517 460476
91200 4424 450937 4521 461063
91300 4429 451468 4525 461532
91400 4432 451932 4529 462068
91500 4434 452484 4533 462516
91600 4437 453067 4536 462933
91700 4439 453647 4541 463353
91800 4444 454142 4549 463858
91900 4451 454678 4555 464322
92000 4455 455202 4562 464798
92100 4460 455756 4565 465244
92200 4467 456157 4570 465843
92300 4468 456707 4577 466293
92400 4469 457205 4582 466795
92500 4472 457752 4586 467248
92600 4475 458300 4590 467700
92700 4477 458853 4593 468147
92800 4482 459365 4597 468635
92900 4483 459839 4602 469161
93000 4486 460297 4604 469703
93100 4492 460764 4606 470236
93200 4495 461300 4614 470700
93300 4507 461725 4619 471275
93400 4512 462174 4621 471826
93500 4515 462560 4624 472440
93600 4521 462996 4633 473004
93700 4527 463475 4634 473525
93800 4531 463936 4637 474064
93900 4538 464568 4642 474432
94000 4543 465103 4654 474897
94100 4546 465502 4658 475498
94200 4549 466027 4662 475973
94300 4552 466585 4672 476415
94400 4554 467068 4676 476932
94500 4559 467606 4677 477394
94600 4566 468135 4682 477865
94700 4571 468730 4684 478270
94800 4571 469198 4687 478802
94900 4574 469586 4692 479414
95000 4584 469938 4701 480062
95100 4588 470422 4712 480578
95200 4591 470883 4714 481117
95300 4592 471362 4717 481638
95400 4593 471814 4719 482186
95500 4596 472267 4721 482733
95600 4598 472723 4724 483277
95700 4603 473181 4729 483819
95800 4608 473683 4729 484317
95900 4616 474145 4730 484855
96000 4621 474620 4734 485380
96100 4624 475091 4742 485909
96200 4630 475517 4756 486483
96300 4633 475948 4756 487052
96400 4636 476467 4758 487533
96500 4638 477070 4766 487930
96600 4645 477616 4774 488384
96700 4652 478244 4778 488756
96800 4656 478761 4781 489239
96900 4662 479339 4787 489661
97000 4668 479829 4790 490171
97100 4671 480289 4797 490711
97200 4674 480746 4801 491254
97300 4680 481371 4805 491629
97400 4685 481956 4815 492044
97500 4688 482505 4820 492495
97600 4692 482963 4823 493037
97700 4693 483491 4826 493509
97800 4699 484024 4827 493976
97900 4702 484640 4832 494360
98000 4706 485115 4837 494885
98100 4711 485473 4841 495527
98200 4715 485944 4851 496056
98300 4720 486431 4858 496569
98400 4725 486875 4866 497125
98500 4728 487443 4869 497557
98600 4733 487985 4871 498015
98700 4737 488506 4875 498494
98800 4745 488980 4883 499020
98900 4751 489387 4888 499613
99000 4754 489833 4890 500167
99100 4758 490285 4896 500715
99200 4761 490744 4902 501256
99300 4765 491100 4905 501900
99400 4767 491557 4907 502443
99500 4769 492058 4911 502942
99600 4773 492575 4916 503425
99700 4779 493052 4920 503948
99800 4786 493561 4925 504439
99900 4792 494057 4929 504943
100000 4795 494510 4938 505490
100100 4799 495054 4943 505946
100200 4801 495588 4947 506412
100300 4804 496083 4949 506917
100400 4806 496593 4950 507407
100500 4816 497097 4953 507903
100600 4823 497547 4961 508453
100700 4828 498167 4971 508833
100800 4832 498598 4972 509402
100900 4837 499039 4977 509961
101000 4841 499587 4980 510413
101100 4848 500059 4992 510941
101200 4850 500515 4995 511485
101300 4854 500983 4997 512017
101400 4860 501453 5003 512547
101500 4861 501857 5007 513143
101600 4865 502393 5010 513607
101700 4870 502854 5016 514146
101800 4875 503252 5022 514748
101900 4879 503739 5028 515261
102000 4892 504225 5034 515775
102100 4897 504713 5041 516287
102200 4906 505308 5049 516692
102300 4909 505783 5054 517217
102400 4915 506272 5057 517728
102500 4916 506824 5058 518176
102600 4920 507320 5065 518680
102700 4926 507818 5069 519182
102800 4929 508220 5073 519780
102900 4930 508740 5080 520260
103000 4937 509278 5088 520722
103100 4943 509868 5089 521132
103200 4954 510412 5097 521588
103300 4958 510916 5099 522084
103400 4963 511331 5101 522669
103500 4970 511820 5106 523180
103600 4976 512321 5110 523679
103700 4984 512818 5124 524182
103800 4989 513312 5128 524688
103900 4995 513814 5131 525186
104000 4998 514278 5134 525722
104100 5002 514758 5146 526242
104200 5007 515264 5150 526736
104300 5015 515688 5155 527312
104400 5022 516178 5161 527822
104500 5023 516766 5162 528234
104600 5025 517295 5166 528705
104700 5029 517787 5168 529213
104800 5031 518312 5169 529688
104900 5036 518867 5176 530133
105000 5040 519346 5180 530654
105100 5048 519879 5185 531121
105200 5052 520367 5190 531633
105300 5056 520892 5195 532108
105400 5058 521327 5196 532673
105500 5064 521845 5200 533155
105600 5068 522379 5205 533621
105700 5071 522864 5209 534136
105800 5076 523402 5215 534598
105900 5084 523893 5218 535107
106000 5093 524342 5224 535658
106100 5096 524761 5234 536239
106200 5100 525264 5238 536736
106300 5104 525770 5240 537230
106400 5112 526338 5249 537662
106500 5116 526876 5249 538124
106600 5119 527429 5253 538571
106700 5123 527908 5254 539092
106800 5132 528474 5262 539526
106900 5137 528955 5267 540045
107000 5142 529480 5273 540520
107100 5146 529984 5275 541016
107200 5150 530475 5278 541525
107300 5151 530965 5280 542035
107400 5155 531453 5286 542547
107500 5160 531910 5295 543090
107600 5164 532273 5299 543727
107700 5168 532742 5304 544258
107800 5173 533240 5310 544760
107900 5177 533797 5313 545203
108000 5181 534357 5316 545643
108100 5188 534820 5321 546180
108200 5193 535298 5329 546702
108300 5197 535853 5330 547147
108400 5203 536284 5337 547716
108500 5206 536729 5339 548271
108600 5212 537218 5340 548782
108700 5217 537706 5348 549294
108800 5223 538324 5352 549676
108900 5225 538845 5357 550155
109000 5229 539449 5362 550551
109100 5235 539976 5364 551024
109200 5242 540520 5366 551480
109300 5247 541099 5371 551901
109400 5250 541624 5372 552376
109500 5253 542181 5375 552819
109600 5258 542719 5384 553281
109700 5260 543198 5386 553802
109800 5263 543776 5389 554224
109900 5269 544349 5397 554651
110000 5272 544867 5402 555133
110100 5276 545387 5407 555613
110200 5278 545915 5410 556085
110300 5282 546354 5413 556646
110400 5285 546808 5416 557192
110500 5288 547299 5419 557701
110600 5296 547791 5422 558209
110700 5301 548384 5429 558616
110800 5307 548969 5436 559031
110900 5309 549398 5442 559602
111000 5313 549893 5442 560107
111100 5318 550487 5447 560513
111200 5320 551037 5448 560963
111300 5323 551505 5458 561495
111400 5326 551928 5467 562072
111500 5327 552351 5470 562649
111600 5331 552868 5473 563132
111700 5335 553341 5474 563659
111800 5337 553836 5480 564164
111900 5345 554367 5482 564633
112000 5352 554906 5489 565094
112100 5368 555437 5498 565563
112200 5373 555874 5501 566126
112300 5377 556310 5508 566690
112400 5387 556834 5509 567166
112500 5391 557363 5513 567637
112600 5392 557929 5515 568071
112700 5398 558444 5517 568556
112800 5399 558964 5520 569036
112900 5401 559420 5521 569580
113000 5406 559897 5529 570103
113100 5409 560358 5534 570642
113200 5416 560905 5537 571095
113300 5421 561458 5545 571542
113400 5426 562074 5552 571926
113500 5431 562619 5556 572381
113600 5434 563172 5560 572828
113700 5439 563731 5568 573269
113800 5442 564255 5572 573745
113900 5446 564786 5574 574214
114000 5449 565313 5577 574687
114100 5455 565857 5586 575143
114200 5457 566448 5594 575552
114300 5461 566998 5601 576002
114400 5467 567523 5606 576477
114500 5469 568019 5608 576981
114600 5475 568507 5610 577493
114700 5477 569065 5613 577935
114800 5482 569548 5613 578452
114900 5488 569960 5622 579040
115000 5495 570339 5625 579661
115100 5497 570851 5632 580149
115200 5503 571308 5636 580692
115300 5507 571785 5642 581215
115400 5507 572215 5643 581785
115500 5511 572703 5646 582297
115600 5511 573174 5652 582826
115700 5514 573648 5654 583352
115800 5518 574143 5660 583857
115900 5523 574658 5668 584342
116000 5525 575204 5671 584796
116100 5529 575663 5677 585337
116200 5535 576093 5679 585907
116300 5539 576597 5685 586403
116400 5543 577076 5692 586924
116500 5550 577541 5699 587459
116600 5555 577988 5701 588012
116700 5559 578468 5705 588532
116800 5559 578981 5712 589019
116900 5561 579544 5712 589456
117000 5565 580089 5718 589911
117100 5568 580495 5725 590505
117200 5575 580868 5732 591132
117300 5579 581363 5739 591637
117400 5582 581864 5742 592136
117500 5583 582420 5745 592580
117600 5589 582853 5749 593147
117700 5600 583311 5753 593689
117800 5604 583788 5757 594212
117900 5606 584241 5761 594759
118000 5607 584672 5766 595328
118100 5610 585248 5769 595752
118200 5615 585747 5772 596253
118300 5620 586280 5776 596720
118400 5627 586712 5781 597288
118500 5631 587122 5785 597878
118600 5636 587486 5786 598514
118700 5642 587913 5790 599087
118800 5651 588390 5796 599610
118900 5653 588812 5800 600188
119000 5657 589358 5804 600642
119100 5660 589822 5805 601178
119200 5667 590348 5809 601652
119300 5670 590883 5820 602117
119400 5677 591493 5825 602507
119500 5678 592050 5827 602950
119600 5682 592579 5831 603421
119700 5689 593131 5836 603869
119800 5692 593634 5839 604366
119900 5697 594086 5843 604914
120000 5701 594581 5846 605419
120100 5705 595122 5852 605878
120200 5708 595642 5854 606358
120300 5714 596172 5864 606828
120400 5717 596645 5871 607355
120500 5723 597219 5875 607781
120600 5725 597632 5880 608368
120700 5729 598108 5883 608892
120800 5733 598680 5891 609320
120900 5738 599208 5899 609792
121000 5739 599696 5901 610304
121100 5741 600169 5906 610831
121200 5750 600687 5911 611313
121300 5751 601036 5923 611964
121400 5756 601535 5931 612465
121500 5759 602041 5938 612959
121600 5762 602539 5938 613461
121700 5766 602920 5943 614080
121800 5768 603436 5949 614564
121900 5775 603829 5959 615171
122000 5781 604260 5964 615740
122100 5784 604797 5967 616203
122200 5785 605213 5969 616787
122300 5792 605744 5975 617256
122400 5800 606334 5987 617666
122500 5811 606790 5993 618210
122600 5814 607293 5997 618707
122700 5816 607759 5999 619241
122800 5825 608263 6005 619737
122900 5826 608833 6011 620167
123000 5830 609424 6013 620576
123100 5834 609995 6018 621005
123200 5837 610577 6020 621423
123300 5840 611052 6024 621948
123400 5844 611516 6030 622484
123500 5849 612065 6033 622935
123600 5853 612558 6040 623442
123700 5856 613065 6043 623935
123800 5859 613478 6044 624522
123900 5872 613965 6049 625035
124000 5875 614617 6053 625383
124100 5878 615164 6056 625836
124200 5882 615722 6065 626278
124300 5886 616250 6070 626750
124400 5892 616849 6077 627151
124500 5895 617220 6082 627780
124600 5897 617733 6086 628267
124700 5897 618152 6088 628848
124800 5900 618682 6090 629318
124900 5901 619170 6093 629830
125000 5904 619701 6100 630299
125100 5909 620228 6108 630772
125200 5914 620706 6111 631294
125300 5917 621257 6115 631743
125400 5922 621761 6117 632239
125500 5927 622299 6124 632701
125600 5935 622815 6128 633185
125700 5940 623185 6129 633815
125800 5944 623540 6134 634460
125900 5948 623917 6140 635083
126000 5952 624370 6148 635630
126100 5956 624829 6150 636171
126200 5959 625310 6154 636690
126300 5961 625793 6157 637207
126400 5962 626271 6162 637729
126500 5965 626674 6166 638326
126600 5971 627030 6172 638970
126700 5975 627493 6175 639507
126800 5982 627984 6178 640016
126900 5986 628531 6183 640469
127000 5988 629085 6184 640915
127100 5989 629576 6185 641424
127200 5991 630076 6188 641924
127300 5993 630496 6188 642504
127400 5996 631120 6189 642880
127500 6002 631488 6193 643512
127600 6005 631991 6195 644009
127700 6008 632500 6200 644500
127800 6009 632949 6205 645051
127900 6014 633333 6208 645667
128000 6020 633709 6213 646291
128100 6029 634257 6216 646743
128200 6032 634753 6220 647247
128300 6040 635297 6227 647703
128400 6046 635734 6234 648266
128500 6051 636222 6244 648778
128600 6053 636712 6246 649288
128700 6057 637290 6247 649710
128800 6060 637760 6247 650240
128900 6068 638264 6253 650736
129000 6073 638768 6258 651232
129100 6079 639273 6265 651727
129200 6087 639752 6272 652248
129300 6092 640315 6274 652685
129400 6100 640882 6275 653118
129500 6100 641368 6280 653632
129600 6102 641851 6287 654149
129700 6107 642298 6290 654702
129800 6109 642808 6293 655192
129900 6110 643235 6293 655765
130000 6115 643660 6298 656340
130100 6115 644302 6306 656698
130200 6118 644758 6311 657242
130300 6123 645151 6312 657849
130400 6128 645545 6315 658455
130500 6131 646135 6319 658865
130600 6133 646627 6322 659373
130700 6138 647135 6328 659865
130800 6143 647615 6334 660385
130900 6146 648086 6339 660914
131000 6146 648564 6341 661436
131100 6151 648999 6346 662001
131200 6157 649460 6352 662540
131300 6162 649954 6356 663046
131400 6167 650538 6358 663462
131500 6169 650976 6362 664024
131600 6173 651428 6372 664572
131700 6180 651867 6378 665133
131800 6186 652366 6384 665634
131900 6188 652844 6388 666156
132000 6191 653337 6392 666663
132100 6193 653886 6392 667114
132200 6198 654419 6400 667581
132300 6200 654942 6402 668058
132400 6207 655429 6413 668571
132500 6212 655953 6415 669047
132600 6218 656456 6417 669544
132700 6221 657098 6425 669902
132800 6227 657597 6431 670403
132900 6234 658092 6436 670908
133000 6241 658623 6446 671377
133100 6243 659192 6448 671808
133200 6244 659637 6451 672363
133300 6247 660148 6455 672852
133400 6254 660658 6457 673342
133500 6256 661038 6461 673962
133600 6258 661565 6464 674435
133700 6260 662075 6467 674925
133800 6265 662524 6472 675476
133900 6268 663083 6481 675917
134000 6274 663572 6483 676428
134100 6275 663999 6485 677001
134200 6278 664456 6491 677544
134300 6280 664881 6495 678119
134400 6288 665373 6501 678627
134500 6288 665780 6503 679220
134600 6295 666106 6508 679894
134700 6299 666404 6516 680596
134800 6303 666725 6524 681275
134900 6310 667088 6528 681912
135000 6311 667524 6534 682476
135100 6316 667974 6539 683026
135200 6322 668441 6547 683559
135300 6325 668890 6549 684110
135400 6329 669393 6557 684607
135500 6332 669901 6559 685099
135600 6336 670383 6567 685617
135700 6342 670900 6574 686100
135800 6346 671393 6576 686607
135900 6352 671938 6580 687062
136000 6354 672390 6581 687610
136100 6354 672851 6585 688149
136200 6361 673343 6588 688657
136300 6365 673793 6591 689207
136400 6367 674206 6592 689794
136500 6370 674684 6595 690316
136600 6372 675140 6598 690860
136700 6380 675548 6599 691452
136800 6381 676047 6601 691953
136900 6384 676600 6609 692400
137000 6392 677086 6616 692914
137100 6397 677618 6621 693382
137200 6401 678152 6625 693848
137300 6403 678655 6630 694345
137400 6409 679110 6633 694890
137500 6413 679555 6636 695445
137600 6415 680077 6638 695923
137700 6416 680489 6640 696511
137800 6422 680935 6646 697065
137900 6429 681471 6648 697529
138000 6433 681978 6651 698022
138100 6436 682445 6654 698555
138200 6438 682964 6654 699036
138300 6443 683473 6659 699527
138400 6447 683930 6660 700070
138500 6452 684431 6663 700569
138600 6456 684905 6665 701095
138700 6460 685426 6671 701574
138800 6463 685971 6676 702029
138900 6464 686493 6682 702507
139000 6470 686988 6683 703012
139100 6474 687453 6684 703547
139200 6477 687977 6690 704023
139300 6483 688449 6693 704551
139400 6487 688901 6696 705099
139500 6496 689340 6702 705660
139600 6499 689767 6705 706233
139700 6502 690287 6710 706713
139800 6503 690809 6712 707191
139900 6510 691369 6717 707631
140000 6517 691916 6721 708084
140100 6527 692347 6724 708653
140200 6534 692902 6730 709098
140300 6537 693392 6732 709608
140400 6542 693826 6737 710174
140500 6548 694318 6742 710682
140600 6559 694608 6745 711392
140700 6561 695064 6748 711936
140800 6565 695437 6748 712563
140900 6567 695931 6752 713069
141000 6573 696401 6753 713599
141100 6574 696976 6758 714024
141200 6574 697409 6762 714591
141300 6578 697967 6764 715033
141400 6581 698435 6766 715565
141500 6584 698973 6768 716027
141600 6588 699443 6772 716557
141700 6590 699925 6772 717075
141800 6595 700391 6776 717609
141900 6598 700830 6782 718170
142000 6600 701337 6783 718663
142100 6605 701808 6785 719192
142200 6614 702263 6796 719737
142300 6622 702782 6805 720218
142400 6628 703430 6811 720570
142500 6632 703961 6817 721039
142600 6633 704476 6820 721524
142700 6639 704891 6826 722109
142800 6648 705346 6832 722654
142900 6654 705835 6836 723165
143000 6661 706376 6840 723624
143100 6667 706866 6844 724134
143200 6672 707393 6851 724607
143300 6673 707899 6856 725101
143400 6675 708391 6859 725609
143500 6680 708857 6868 726143
143600 6681 709321 6871 726679
143700 6687 709937 6876 727063
143800 6692 710481 6881 727519
143900 6699 711109 6887 727891
144000 6705 711750 6895 728250
144100 6713 712338 6906 728662
144200 6715 712846 6914 729154
144300 6720 713352 6919 729648
144400 6724 713881 6926 730119
144500 6731 714410 6930 730590
144600 6736 714880 6934 731120
144700 6741 715343 6936 731657
144800 6744 715813 6939 732187
144900 6749 716334 6940 732666
145000 6757 716834 6944 733166
145100 6763 717398 6949 733602
145200 6769 717891 6952 734109
145300 6770 718546 6956 734454
145400 6774 719072 6962 734928
145500 6778 719498 6964 735502
145600 6781 720139 6969 735861
145700 6791 720664 6972 736336
145800 6794 721231 6978 736769
145900 6798 721650 6982 737350
146000 6801 722144 6985 737856
146100 6803 722652 6989 738348
146200 6806 723195 6997 738805
146300 6811 723693 7000 739307
146400 6817 724208 7013 739792
146500 6822 724726 7019 740274
146600 6835 725181 7025 740819
146700 6835 725699 7029 741301
146800 6842 726164 7036 741836
146900 6847 726541 7041 742459
147000 6855 726919 7045 743081
147100 6862 727364 7052 743636
147200 6864 727923 7055 744077
147300 6866 728409 7059 744591
147400 6873 728988 7062 745012
147500 6876 729507 7069 745493
147600 6881 729971 7074 746029
147700 6890 730446 7079 746554
147800 6893 730975 7080 747025
147900 6895 731457 7084 747543
148000 6896 731960 7090 748040
148100 6900 732556 7096 748444
148200 6910 733074 7102 748926
148300 6914 733523 7110 749477
148400 6921 733939 7111 750061
148500 6925 734481 7114 750519
148600 6929 735038 7119 750962
148700 6931 735523 7122 751477
148800 6935 736117 7127 751883
148900 6937 736622 7129 752378
149000 6940 737030 7133 752970
149100 6942 737498 7136 753502
149200 6950 738035 7141 753965
149300 6959 738458 7148 754542
149400 6960 738987 7148 755013
149500 6962 739383 7151 755617
149600 6969 739904 7155 756096
149700 6974 740357 7156 756643
149800 6977 740828 7158 757172
149900 6982 741263 7162 757737
150000 6987 741803 7168 758197
150100 6991 742247 7173 758753
150200 6994 742707 7178 759293
150300 7000 743124 7186 759876
150400 7004 743538 7195 760462
150500 7008 743942 7198 761058
150600 7012 744445 7201 761555
150700 7017 745053 7205 761947
150800 7023 745575 7209 762425
150900 7029 746150 7210 762850
151000 7036 746597 7215 763403
151100 7041 747097 7217 763903
151200 7047 747603 7219 764397
151300 7048 748035 7222 764965
151400 7055 748645 7228 765355
151500 7057 749193 7229 765807
151600 7062 749656 7231 766344
151700 7065 750148 7235 766852
151800 7071 750574 7239 767426
151900 7077 751046 7244 767954
152000 7082 751539 7250 768461
152100 7083 752043 7256 768957
152200 7087 752554 7259 769446
152300 7093 753065 7263 769935
152400 7106 753587 7272 770413
152500 7111 754090 7275 770910
152600 7116 754584 7277 771416
152700 7120 755089 7281 771911
152800 7125 755500 7286 772500
152900 7127 756078 7288 772922
153000 7133 756493 7296 773507
153100 7137 756903 7300 774097
153200 7141 757429 7305 774571
153300 7151 757896 7310 775104
153400 7156 758354 7315 775646
153500 7160 758875 7321 776125
153600 7165 759312 7325 776688
153700 7170 759787 7327 777213
153800 7174 760233 7330 777767
153900 7174 760691 7333 778309
154000 7176 761219 7339 778781
154100 7178 761786 7344 779214
154200 7186 762397 7346 779603
154300 7189 762808 7351 780192
154400 7191 763353 7356 780647
154500 7194 763908 7362 781092
154600 7197 764326 7368 781674
154700 7204 764804 7370 782196
154800 7210 765324 7376 782676
154900 7213 765830 7379 783170
155000 7219 766260 7383 783740
155100 7222 766718 7388 784282
155200 7227 767216 7394 784784
155300 7233 767731 7397 785269
155400 7238 768177 7405 785823
155500 7240 768652 7408 786348
155600 7243 769229 7417 786771
155700 7248 769766 7420 787234
155800 7254 770322 7428 787678
155900 7259 770937 7436 788063
156000 7269 771494 7447 788506
156100 7271 772034 7453 788966
156200 7275 772501 7457 789499
156300 7279 773003 7459 789997
156400 7285 773523 7467 790477
156500 7289 774124 7470 790876
156600 7292 774621 7475 791379
156700 7295 775090 7480 791910
156800 7301 775637 7485 792363
156900 7311 776162 7491 792838
157000 7316 776750 7497 793250
157100 7322 777177 7501 793823
157200 7323 777661 7503 794339
157300 7330 778157 7511 794843
157400 7334 778581 7513 795419
157500 7339 779062 7518 795938
157600 7339 779574 7525 796426
157700 7343 779971 7528 797029
157800 7344 780437 7531 797563
157900 7350 780805 7534 798195
158000 7355 781269 7538 798731
158100 7359 781812 7543 799188
158200 7362 782348 7544 799652
158300 7363 782839 7546 800161
158400 7364 783392 7549 800608
158500 7368 783977 7551 801023
158600 7376 784454 7555 801546
158700 7381 785034 7560 801966
158800 7387 785560 7564 802440
158900 7387 786045 7569 802955
159000 7390 786532 7574 803468
159100 7391 787093 7578 803907
159200 7392 787682 7582 804318
159300 7397 788219 7590 804781
159400 7402 788676 7595 805324
159500 7405 789105 7603 805895
159600 7410 789515 7609 806485
159700 7422 789979 7621 807021
159800 7429 790531 7625 807469
159900 7433 791009 7629 807991
160000 7437 791522 7630 808478
160100 7439 791894 7633 809106
160200 7439 792512 7640 809488
160300 7443 793000 7647 810000
160400 7446 793405 7651 810595
160500 7448 793775 7656 811225
160600 7450 794137 7664 811863
160700 7459 794558 7674 812442
160800 7465 795091 7680 812909
160900 7472 795526 7686 813474
161000 7474 796037 7690 813963
161100 7479 796557 7699 814443
161200 7481 797044 7700 814956
161300 7485 797575 7705 815425
161400 7489 798060 7707 815940
161500 7491 798588 7707 816412
161600 7494 799009 7718 816991
161700 7498 799569 7723 817431
161800 7501 800149 7727 817851
161900 7506 800567 7735 818433
162000 7513 801030 7737 818970
162100 7517 801393 7739 819607
162200 7522 801812 7746 820188
162300 7529 802262 7754 820738
162400 7531 802746 7756 821254
162500 7535 803261 7758 821739
162600 7539 803776 7766 822224
162700 7549 804184 7772 822816
162800 7558 804717 7775 823283
162900 7564 805260 7777 823740
163000 7570 805742 7783 824258
163100 7579 806217 7787 824783
163200 7580 806663 7793 825337
163300 7586 807133 7796 825867
163400 7588 807616 7801 826384
163500 7592 808130 7810 826870
163600 7597 808679 7813 827321
163700 7601 809204 7814 827796
163800 7602 809718 7817 828282
163900 7606 810235 7820 828765
164000 7608 810594 7824 829406
164100 7611 811019 7825 829981
164200 7618 811454 7833 830546
164300 7624 811891 7839 831109
164400 7632 812288 7849 831712
164500 7634 812824 7851 832176
164600 7636 813368 7853 832632
164700 7641 813898 7859 833102
164800 7646 814350 7867 833650
164900 7649 814861 7868 834139
165000 7651 815365 7872 834635
165100 7655 815952 7874 835048
165200 7658 816479 7877 835521
165300 7661 817021 7885 835979
165400 7666 817423 7888 836577
165500 7677 817895 7896 837105
165600 7681 818531 7899 837469
165700 7683 819047 7904 837953
165800 7689 819546 7910 838454
165900 7692 820034 7916 838966
166000 7695 820448 7921 839552
166100 7698 820878 7926 840122
166200 7702 821293 7929 840707
166300 7704 821770 7934 841230
166400 7706 822127 7935 841873
166500 7712 822603 7939 842397
166600 7716 823126 7941 842874
166700 7722 823633 7945 843367
166800 7723 824118 7947 843882
166900 7727 824671 7947 844329
167000 7731 825125 7957 844875
167100 7735 825610 7961 845390
167200 7738 826098 7966 845902
167300 7739 826521 7966 846479
167400 7745 826942 7970 847058
167500 7753 827425 7971 847575
167600 7756 827876 7975 848124
167700 7759 828322 7979 848678
167800 7761 828797 7986 849203
167900 7764 829358 7990 849642
168000 7772 829912 7997 850088
168100 7776 830426 8000 850574
168200 7781 830945 8004 851055
168300 7786 831450 8006 851550
168400 7793 831969 8007 852031
168500 7796 832564 8011 852436
168600 7797 832998 8013 853002
168700 7803 833511 8015 853489
168800 7807 834123 8021 853877
168900 7811 834602 8023 854398
169000 7813 835155 8027 854845
169100 7817 835616 8032 855384
169200 7822 836030 8038 855970
169300 7828 836518 8044 856482
169400 7830 836945 8048 857055
169500 7837 837397 8057 857603
169600 7838 837896 8063 858104
169700 7840 838380 8068 858620
169800 7846 838882 8072 859118
169900 7847 839384 8073 859616
170000 7848 839893 8077 860107
170100 7854 840377 8082 860623
170200 7860 840844 8087 861156
170300 7866 841360 8094 861640
170400 7866 841773 8096 862227
170500 7867 842256 8097 862744
170600 7874 842740 8108 863260
170700 7876 843271 8112 863729
170800 7882 843773 8117 864227
170900 7884 844256 8119 864744
171000 7886 844817 8124 865183
171100 7887 845298 8127 865702
171200 7893 845826 8130 866174
171300 7896 846416 8136 866584
171400 7903 846900 8138 867100
171500 7908 847398 8144 867602
171600 7913 847845 8148 868155
171700 7916 848344 8152 868656
171800 7917 848814 8155 869186
171900 7926 849311 8162 869689
172000 7930 849798 8164 870202
172100 7932 850102 8168 870898
172200 7935 850612 8171 871388
172300 7940 851158 8182 871842
172400 7941 851620 8185 872380
172500 7942 852067 8189 872933
172600 7947 852508 8192 873492
172700 7951 852976 8200 874024
172800 7953 853494 8207 874506
172900 7961 854012 8214 874988
173000 7965 854578 8223 875422
173100 7971 855138 8226 875862
173200 7975 855652 8227 876348
173300 7981 856144 8234 876856
173400 7984 856720 8238 877280
173500 7988 857300 8246 877700
173600 7991 857809 8249 878191
173700 7994 858251 8249 878749
173800 8000 858757 8253 879243
173900 8004 859286 8257 879714
174000 8007 859892 8260 880108
174100 8011 860433 8266 880567
174200 8019 860986 8272 881014
174300 8025 861528 8279 881472
174400 8033 862048 8284 881952
174500 8037 862512 8289 882488
174600 8043 863017 8295 882983
174700 8048 863492 8299 883508
174800 8054 864017 8306 883983
174900 8065 864414 8311 884586
175000 8067 864909 8315 885091
175100 8075 865410 8321 885590
175200 8079 865955 8323 886045
175300 8081 866539 8326 886461
175400 8083 867153 8328 886847
175500 8085 867830 8329 887170
175600 8089 868299 8334 887701
175700 8090 868743 8339 888257
175800 8096 869271 8341 888729
175900 8099 869809 8343 889191
176000 8103 870337 8347 889663
176100 8107 870800 8355 890200
176200 8113 871238 8361 890762
176300 8119 871836 8364 891164
176400 8126 872405 8368 891595
176500 8127 872883 8371 892117
176600 8132 873425 8375 892575
176700 8135 874036 8381 892964
176800 8142 874480 8382 893520
176900 8148 875065 8388 893935
177000 8151 875567 8392 894433
177100 8153 876053 8394 894947
177200 8157 876456 8397 895544
177300 8162 876989 8403 896011
177400 8163 877523 8408 896477
177500 8167 878068 8413 896932
177600 8171 878533 8415 897467
177700 8175 878974 8419 898026
177800 8178 879480 8422 898520
177900 8180 879922 8429 899078
178000 8189 880396 8438 899604
178100 8193 880911 8445 900089
178200 8196 881364 8452 900636
178300 8198 881896 8456 901104
178400 8200 882373 8460 901627
178500 8204 882854 8462 902146
178600 8210 883244 8468 902756
178700 8217 883821 8472 903179
178800 8221 884305 8477 903695
178900 8228 884853 8478 904147
179000 8234 885368 8482 904632
179100 8236 885809 8484 905191
179200 8239 886387 8485 905613
179300 8242 886925 8488 906075
179400 8247 887450 8494 906550
179500 8251 887912 8496 907088
179600 8252 888474 8500 907526
179700 8252 889027 8505 907973
179800 8258 889545 8514 908455
179900 8264 890025 8516 908975
180000 8265 890507 8522 909493
180100 8268 890995 8524 910005
180200 8271 891463 8527 910537
180300 8281 891938 8536 911062
180400 8286 892460 8538 911540
180500 8293 892996 8544 912004
180600 8299 893499 8555 912501
180700 8303 893902 8560 913098
180800 8308 894343 8568 913657
180900 8310 894977 8575 914023
181000 8316 895355 8581 914645
181100 8316 895820 8586 915180
181200 8321 896313 8590 915687
181300 8326 896845 8594 916155
181400 8332 897345 8595 916655
181500 8335 897706 8603 917294
181600 8339 898143 8603 917857
181700 8339 898573 8608 918427
181800 8347 899071 8612 918929
181900 8358 899616 8615 919384
182000 8364 900231 8616 919769
182100 8365 900785 8619 920215
182200 8368 901430 8621 920570
182300 8374 901989 8624 921011
182400 8376 902505 8632 921495
182500 8378 903041 8634 921959
182600 8379 903589 8638 922411
182700 8384 904004 8644 922996
182800 8390 904521 8647 923479
182900 8395 904941 8650 924059
183000 8398 905436 8657 924564
183100 8400 905950 8657 925050
183200 8403 906378 8659 925622
183300 8407 906862 8661 926138
183400 8408 907336 8663 926664
183500 8408 907786 8665 927214
183600 8414 908245 8666 927755
183700 8418 908697 8669 928303
183800 8422 909205 8675 928795
183900 8427 909721 8677 929279
184000 8427 910412 8680 929588
184100 8432 910875 8683 930125
184200 8438 911504 8688 930496
184300 8439 911956 8690 931044
184400 8439 912431 8693 931569
184500 8443 912966 8696 932034
184600 8446 913508 8703 932492
184700 8449 914068 8712 932932
184800 8453 914511 8720 933489
184900 8459 914950 8722 934050
185000 8466 915441 8724 934559
185100 8474 915979 8728 935021
185200 8485 916404 8731 935596
185300 8491 916920 8734 936080
185400 8497 917401 8739 936599
185500 8504 917914 8745 937086
185600 8513 918424 8753 937576
185700 8518 919011 8761 937989
185800 8521 919576 8765 938424
185900 8524 920148 8768 938852
186000 8527 920649 8771 939351
186100 8530 921086 8772 939914
186200 8533 921639 8775 940361
186300 8538 922166 8783 940834
186400 8540 922643 8787 941357
186500 8543 923143 8792 941857
186600 8549 923590 8801 942410
186700 8556 924039 8807 942961
186800 8562 924643 8815 943357
186900 8565 925101 8822 943899
187000 8567 925752 8830 944248
187100 8571 926209 8835 944791
187200 8572 926585 8839 945415
187300 8578 927083 8842 945917
187400 8586 927653 8850 946347
187500 8591 928231 8853 946769
187600 8596 928712 8856 947288
187700 8602 929196 8860 947804
187800 8612 929744 8864 948256
187900 8613 930201 8869 948799
188000 8616 930672 8878 949328
188100 8617 931129 8881 949871
188200 8625 931642 8886 950358
188300 8629 932073 8887 950927
188400 8634 932654 8890 951346
188500 8638 933150 8895 951850
188600 8641 933715 8900 952285
188700 8644 934390 8908 952610
188800 8650 934875 8916 953125
188900 8653 935383 8919 953617
189000 8654 935953 8924 954047
189100 8655 936461 8930 954539
189200 8658 936893 8934 955107
189300 8665 937311 8941 955689
189400 8669 937726 8946 956274
189500 8672 938264 8952 956736
189600 8676 938856 8954 957144
189700 8676 939485 8959 957515
189800 8682 939931 8962 958069
189900 8686 940443 8964 958557
190000 8693 941012 8964 958988
190100 8694 941613 8964 959387
190200 8699 942014 8969 959986
190300 8702 942578 8971 960422
190400 8704 943087 8975 960913
190500 8712 943647 8979 961353
190600 8718 944202 8981 961798
190700 8719 944709 8987 962291
190800 8722 945131 8993 962869
190900 8727 945572 8998 963428
191000 8733 946033 9002 963967
191100 8736 946500 9003 964500
191200 8739 946985 9011 965015
191300 8748 947528 9017 965472
191400 8753 948094 9026 965906
191500 8756 948643 9032 966357
191600 8768 949215 9032 966785
191700 8776 949686 9036 967314
191800 8780 950148 9042 967852
191900 8785 950640 9050 968360
192000 8790 951219 9054 968781
192100 8793 951762 9056 969238
192200 8797 952292 9063 969708
192300 8799 952768 9068 970232
192400 8801 953353 9072 970647
192500 8807 953879 9082 971121
192600 8813 954319 9088 971681
192700 8814 954816 9096 972184
192800 8816 955227 9099 972773
192900 8821 955758 9104 973242
193000 8827 956178 9106 973822
193100 8832 956680 9108 974320
193200 8836 957149 9110 974851
193300 8841 957668 9118 975332
193400 8847 958284 9121 975716
193500 8849 958706 9123 976294
193600 8858 959221 9129 976779
193700 8860 959730 9132 977270
193800 8869 960167 9137 977833
193900 8874 960596 9142 978404
194000 8879 961063 9143 978937
194100 8881 961513 9147 979487
194200 8888 962160 9153 979840
194300 8892 962616 9160 980384
194400 8895 963113 9169 980887
194500 8902 963644 9173 981356
194600 8907 964145 9178 981855
194700 8910 964610 9183 982390
194800 8916 964961 9186 983039
194900 8918 965388 9193 983612
195000 8921 965810 9195 984190
195100 8926 966283 9197 984717
195200 8929 966810 9200 985190
195300 8936 967301 9206 985699
195400 8940 967789 9209 986211
195500 8943 968268 9211 986732
195600 8948 968609 9214 987391
195700 8949 969062 9218 987938
195800 8955 969676 9221 988324
195900 8958 970122 9228 988878
196000 8967 970668 9233 989332
196100 8974 971232 9238 989768
196200 8982 971691 9246 990309
196300 8985 972095 9251 990905
196400 8993 972527 9258 991473
196500 8994 972992 9262 992008
196600 8997 973436 9269 992564
196700 9002 973988 9272 993012
196800 9006 974348 9279 993652
196900 9009 974780 9281 994220
197000 9014 975228 9286 994772
197100 9019 975704 9291 995296
197200 9025 976233 9297 995767
197300 9030 976764 9306 996236
197400 9032 977326 9311 996674
197500 9036 977731 9315 997269
197600 9038 978210 9319 997790
197700 9046 978653 9328 998347
197800 9054 979141 9333 998859
197900 9055 979617 9336 999383
198000 9059 980131 9340 999869
198100 9065 980768 9348 1000232
198200 9069 981319 9350 1000681
198300 9077 981861 9355 1001139
198400 9088 982324 9359 1001676
198500 9091 982819 9361 1002181
198600 9091 983271 9363 1002729
198700 9094 983765 9368 1003235
198800 9099 984289 9371 1003711
198900 9101 984773 9375 1004227
199000 9107 985294 9386 1004706
199100 9112 985768 9400 1005232
199200 9125 986238 9405 1005762
199300 9128 986728 9411 1006272
199400 9135 987072 9416 1006928
199500 9141 987547 9421 1007453
199600 9143 988014 9425 1007986
199700 9144 988452 9427 1008548
199800 9146 988989 9431 1009011
199900 9149 989508 9435 1009492
200000 9150 989958 9439 1010042
