#! FIELDS timestep dup_succ dup_attempts kill_succ kill_attempts
#! SET timestep 0.5
#! SET kernel_bandwidth [0.6 0.6]
#! SET kt 1.0
100 73 136 77 864
200 162 327 180 1673
300 260 616 289 2384
400 335 1019 386 2981
500 394 1289 459 3711
600 462 1494 545 4506
700 531 1763 611 5237
800 580 2099 668 5901
900 621 2500 704 6500
1000 643 2927 731 7073
1100 658 3380 748 7620
1200 668 3858 756 8142
1300 672 4388 763 8612
1400 679 4783 764 9217
1500 681 5238 765 9762
1600 685 5653 766 10347
1700 687 6097 769 10903
1800 689 6588 774 11412
1900 691 7133 778 11867
2000 692 7624 783 12376
2100 695 8148 790 12852
2200 701 8715 790 13285
2300 706 9168 795 13832
2400 707 9702 797 14298
2500 707 10350 799 14650
2600 710 10899 805 15101
2700 712 11469 807 15531
2800 718 12080 811 15920
2900 718 12606 813 16394
3000 720 13094 818 16906
3100 721 13573 823 17427
3200 723 14148 825 17852
3300 726 14655 827 18345
3400 730 15123 833 18877
3500 733 15627 835 19373
3600 733 16057 836 19943
3700 734 16602 840 20398
3800 734 17171 843 20829
3900 735 17762 844 21238
4000 737 18312 845 21688
4100 740 18745 847 22255
4200 740 19156 850 22844
4300 740 19617 851 23383
4400 741 20065 852 23935
4500 744 20557 854 24443
4600 747 21066 856 24934
4700 748 21570 857 25430
4800 751 22089 861 25911
4900 753 22705 864 26295
5000 757 23138 867 26862
5100 761 23643 870 27357
5200 764 24087 870 27913
5300 768 24563 875 28437
5400 768 25093 876 28907
5500 772 25574 879 29426
5600 773 26036 885 29964
5700 776 26425 887 30575
5800 782 26902 891 31098
5900 783 27317 893 31683
6000 789 27694 899 32306
6100 792 28189 901 32811
6200 792 28649 902 33351
6300 793 29193 905 33807
6400 795 29689 910 34311
6500 797 30153 913 34847
6600 800 30580 916 35420
6700 805 31180 920 35820
6800 808 31766 924 36234
6900 810 32231 924 36769
7000 814 32720 927 37280
7100 820 33330 930 37670
7200 821 33853 932 38147
7300 825 34333 938 38667
7400 829 34863 938 39137
7500 830 35457 941 39543
7600 831 36002 945 39998
7700 834 36472 947 40528
7800 837 36934 949 41066
7900 839 37264 951 41736
8000 842 37700 952 42300
8100 845 38188 954 42812
8200 849 38732 956 43268
8300 854 39251 962 43749
8400 856 39716 963 44284
8500 860 40222 969 44778
8600 862 40686 971 45314
8700 863 41264 974 45736
8800 867 41825 984 46175
8900 871 42283 986 46717
9000 871 42733 990 47267
9100 872 43140 992 47860
9200 874 43552 993 48448
9300 877 44158 995 48842
9400 880 44664 998 49336
9500 884 45202 999 49798
9600 887 45677 1007 50323
9700 889 46229 1018 50771
9800 891 46814 1024 51186
9900 891 47371 1025 51629
10000 893 47834 1027 52166
10100 894 48202 1033 52798
10200 895 48680 1037 53320
10300 899 49115 1043 53885
10400 902 49549 1046 54451
10500 903 50042 1046 54958
10600 906 50569 1048 55431
10700 906 51041 1050 55959
10800 908 51757 1052 56243
10900 910 52137 1055 56863
11000 913 52722 1055 57278
11100 914 53267 1055 57733
11200 918 53767 1056 58233
11300 920 54298 1058 58702
11400 923 54861 1058 59139
11500 926 55373 1060 59627
11600 930 55825 1062 60175
11700 931 56389 1066 60611
11800 932 56970 1067 61030
11900 935 57467 1070 61533
12000 937 57916 1074 62084
12100 940 58438 1076 62562
12200 941 58988 1080 63012
12300 950 59569 1082 63431
12400 951 60053 1087 63947
12500 951 60467 1087 64533
12600 952 61017 1090 64983
12700 952 61443 1092 65557
12800 954 61881 1093 66119
12900 957 62342 1098 66658
13000 961 62775 1100 67225
13100 961 63298 1104 67702
13200 964 63794 1109 68206
13300 967 64335 1115 68665
13400 971 64708 1120 69292
13500 974 65208 1123 69792
13600 976 65628 1127 70372
13700 980 66175 1130 70825
13800 980 66823 1130 71177
13900 983 67291 1130 71709
14000 987 67782 1136 72218
14100 991 68320 1139 72680
14200 992 68865 1141 73135
14300 995 69360 1145 73640
14400 998 69801 1155 74199
14500 998 70355 1157 74645
14600 1000 70914 1163 75086
14700 1002 71374 1165 75626
14800 1006 71936 1167 76064
14900 1009 72472 1171 76528
15000 1010 72936 1172 77064
15100 1012 73408 1174 77592
15200 1017 73876 1177 78124
15300 1019 74202 1178 78798
15400 1021 74640 1179 79360
15500 1022 75098 1180 79902
15600 1023 75621 1182 80379
15700 1025 76063 1184 80937
15800 1029 76597 1190 81403
15900 1030 77171 1192 81829
16000 1033 77613 1194 82387
16100 1034 78093 1197 82907
16200 1038 78649 1197 83351
16300 1040 79149 1197 83851
16400 1043 79647 1201 84353
16500 1048 80160 1204 84840
16600 1052 80593 1206 85407
16700 1056 81153 1206 85847
16800 1057 81640 1208 86360
16900 1059 82216 1209 86784
17000 1064 82557 1217 87443
17100 1068 82990 1221 88010
17200 1072 83448 1221 88552
17300 1074 83887 1223 89113
17400 1075 84404 1225 89596
17500 1079 84893 1230 90107
17600 1084 85396 1237 90604
17700 1087 85873 1240 91127
17800 1088 86299 1243 91701
17900 1094 86905 1249 92095
18000 1095 87365 1252 92635
18100 1097 87910 1252 93090
18200 1103 88470 1253 93530
18300 1107 89068 1255 93932
18400 1110 89500 1258 94500
18500 1114 90000 1259 95000
18600 1115 90557 1261 95443
18700 1117 90964 1262 96036
18800 1122 91424 1268 96576
18900 1125 92054 1271 96946
19000 1126 92582 1276 97418
19100 1127 93129 1277 97871
19200 1131 93553 1280 98447
19300 1133 93991 1283 99009
19400 1136 94473 1290 99527
19500 1139 94902 1290 100098
19600 1143 95391 1291 100609
19700 1144 95862 1291 101138
19800 1147 96332 1293 101668
19900 1151 96757 1300 102243
20000 1154 97277 1304 102723
20100 1157 97629 1305 103371
20200 1162 97976 1307 104024
20300 1167 98461 1310 104539
20400 1170 99090 1313 104910
20500 1171 99592 1314 105408
20600 1174 99985 1319 106015
20700 1179 100616 1322 106384
20800 1183 101129 1325 106871
20900 1187 101756 1329 107244
21000 1188 102224 1330 107776
21100 1192 102675 1333 108325
21200 1197 103165 1336 108835
21300 1202 103608 1341 109392
21400 1204 104028 1343 109972
21500 1207 104568 1348 110432
21600 1210 105025 1351 110975
21700 1213 105499 1353 111501
21800 1213 105975 1356 112025
21900 1215 106435 1359 112565
22000 1219 106941 1361 113059
22100 1223 107453 1361 113547
22200 1226 107957 1365 114043
22300 1227 108377 1371 114623
22400 1231 108838 1374 115162
22500 1234 109271 1377 115729
22600 1241 109735 1379 116265
22700 1244 110229 1384 116771
22800 1246 110713 1387 117287
22900 1246 111259 1388 117741
23000 1251 111746 1390 118254
23100 1252 112284 1392 118716
23200 1254 112761 1398 119239
23300 1256 113311 1405 119689
23400 1258 113636 1411 120364
23500 1261 114228 1416 120772
23600 1262 114778 1416 121222
23700 1266 115081 1419 121919
23800 1271 115563 1422 122437
23900 1274 116057 1424 122943
24000 1274 116637 1430 123363
24100 1275 117047 1432 123953
24200 1276 117523 1433 124477
24300 1283 118026 1438 124974
24400 1287 118448 1443 125552
24500 1293 118968 1448 126032
24600 1295 119460 1448 126540
24700 1297 119940 1452 127060
24800 1302 120298 1455 127702
24900 1304 120881 1459 128119
25000 1305 121432 1460 128568
25100 1309 121973 1461 129027
25200 1310 122496 1461 129504
25300 1311 122965 1464 130035
25400 1318 123474 1466 130526
25500 1322 124005 1467 130995
25600 1323 124423 1472 131577
25700 1325 124862 1476 132138
25800 1332 125358 1478 132642
25900 1334 125875 1481 133125
26000 1336 126322 1485 133678
26100 1337 126761 1486 134239
26200 1342 127235 1490 134765
26300 1344 127691 1494 135309
26400 1346 128311 1499 135689
26500 1349 128800 1501 136200
26600 1352 129245 1501 136755
26700 1354 129779 1501 137221
26800 1357 130320 1502 137680
26900 1360 130729 1504 138271
27000 1365 131281 1506 138719
27100 1367 131842 1506 139158
27200 1368 132245 1508 139755
27300 1369 132779 1509 140221
27400 1374 133252 1512 140748
27500 1375 133689 1513 141311
27600 1377 133965 1516 142035
27700 1377 134477 1517 142523
27800 1378 135038 1519 142962
27900 1381 135653 1523 143347
28000 1385 136256 1532 143744
28100 1386 136778 1535 144222
28200 1388 137302 1539 144698
28300 1388 137808 1543 145192
28400 1393 138365 1545 145635
28500 1394 138982 1545 146018
28600 1395 139465 1547 146535
28700 1395 139901 1550 147099
28800 1399 140376 1555 147624
28900 1399 140852 1558 148148
29000 1400 141247 1560 148753
29100 1401 141604 1563 149396
29200 1403 142037 1567 149963
29300 1406 142480 1569 150520
29400 1407 142929 1571 151071
29500 1409 143491 1572 151509
29600 1410 144121 1574 151879
29700 1418 144612 1578 152388
29800 1423 145166 1581 152834
29900 1424 145713 1583 153287
30000 1426 146144 1585 153856
30100 1428 146808 1587 154192
30200 1431 147262 1589 154738
30300 1434 147742 1591 155258
30400 1437 148297 1592 155703
30500 1437 148864 1596 156136
30600 1439 149329 1597 156671
30700 1441 149753 1597 157247
30800 1445 150380 1598 157620
30900 1447 151036 1600 157964
31000 1451 151522 1601 158478
31100 1451 152015 1604 158985
31200 1454 152484 1605 159516
31300 1459 152907 1607 160093
31400 1460 153476 1608 160524
31500 1462 153959 1609 161041
31600 1468 154503 1615 161497
31700 1473 154910 1620 162090
31800 1478 155457 1621 162543
31900 1485 156019 1624 162981
32000 1486 156597 1628 163403
32100 1489 156985 1628 164015
32200 1492 157483 1633 164517
32300 1493 157998 1634 165002
32400 1497 158378 1637 165622
32500 1500 158936 1640 166064
32600 1506 159479 1641 166521
32700 1508 160023 1641 166977
32800 1512 160488 1642 167512
32900 1515 161012 1648 167988
33000 1521 161431 1650 168569
33100 1525 161873 1650 169127
33200 1528 162371 1653 169629
33300 1532 162848 1658 170152
33400 1535 163278 1661 170722
33500 1539 163794 1662 171206
33600 1542 164273 1664 171727
33700 1543 164700 1666 172300
33800 1544 165104 1666 172896
33900 1545 165634 1669 173366
34000 1550 166163 1674 173837
34100 1553 166691 1677 174309
34200 1558 167193 1680 174807
34300 1561 167686 1680 175314
34400 1565 168184 1681 175816
34500 1570 168720 1686 176280
34600 1574 169106 1688 176894
34700 1577 169671 1692 177329
34800 1579 170151 1696 177849
34900 1584 170676 1703 178324
35000 1588 171178 1705 178822
35100 1594 171615 1709 179385
35200 1596 172026 1714 179974
35300 1596 172461 1716 180539
35400 1597 172901 1716 181099
35500 1599 173342 1720 181658
35600 1602 173726 1722 182274
35700 1603 174321 1724 182679
35800 1609 174712 1730 183288
35900 1614 175387 1734 183613
36000 1615 175922 1735 184078
36100 1619 176387 1735 184613
36200 1620 177028 1735 184972
36300 1623 177509 1736 185491
36400 1625 178012 1737 185988
36500 1627 178464 1737 186536
36600 1629 178872 1742 187128
36700 1633 179403 1745 187597
36800 1634 179847 1748 188153
36900 1634 180371 1749 188629
37000 1637 180939 1753 189061
37100 1641 181462 1757 189538
37200 1645 181939 1759 190061
37300 1645 182452 1760 190548
37400 1649 182990 1764 191010
37500 1655 183555 1767 191445
37600 1657 184079 1774 191921
37700 1661 184579 1776 192421
37800 1662 185027 1779 192973
37900 1663 185586 1781 193414
38000 1666 185999 1783 194001
38100 1673 186529 1787 194471
38200 1678 187075 1791 194925
38300 1683 187405 1792 195595
38400 1686 188002 1794 195998
38500 1692 188523 1800 196477
38600 1693 189096 1806 196904
38700 1695 189593 1812 197407
38800 1698 190039 1814 197961
38900 1702 190533 1816 198467
39000 1703 190937 1819 199063
39100 1705 191396 1822 199604
39200 1708 191781 1825 200219
39300 1710 192291 1827 200709
39400 1711 192799 1830 201201
39500 1715 193264 1832 201736
39600 1719 193757 1833 202243
39700 1723 194343 1837 202657
39800 1725 194831 1840 203169
39900 1730 195382 1844 203618
40000 1735 195829 1849 204171
40100 1737 196388 1851 204612
40200 1739 196945 1854 205055
40300 1739 197355 1855 205645
40400 1744 197930 1857 206070
40500 1749 198483 1858 206517
40600 1750 198960 1861 207040
40700 1752 199545 1864 207455
40800 1754 199928 1867 208072
40900 1760 200401 1872 208599
41000 1760 200943 1876 209057
41100 1762 201386 1879 209614
41200 1762 201856 1879 210144
41300 1762 202438 1882 210562
41400 1763 202928 1886 211072
41500 1763 203458 1891 211542
41600 1764 203968 1895 212032
41700 1767 204731 1900 212269
41800 1767 205299 1901 212701
41900 1771 205753 1905 213247
42000 1773 206285 1905 213715
42100 1776 206793 1906 214207
42200 1779 207400 1909 214600
42300 1780 207843 1911 215157
42400 1782 208357 1914 215643
42500 1785 208894 1919 216106
42600 1787 209314 1923 216686
42700 1789 209718 1924 217282
42800 1789 210249 1929 217751
42900 1791 210827 1930 218173
43000 1792 211324 1931 218676
43100 1797 211875 1932 219125
43200 1799 212393 1937 219607
43300 1803 212899 1941 220101
43400 1804 213332 1942 220668
43500 1810 213829 1944 221171
43600 1813 214336 1947 221664
43700 1816 214772 1952 222228
43800 1817 215225 1955 222775
43900 1820 215645 1955 223355
44000 1822 216194 1956 223806
44100 1824 216828 1960 224172
44200 1824 217223 1967 224777
44300 1827 217687 1971 225313
44400 1828 218263 1976 225737
44500 1829 218690 1980 226310
44600 1831 219120 1984 226880
44700 1831 219626 1986 227374
44800 1834 220093 1989 227907
44900 1837 220715 1992 228285
45000 1842 221282 1993 228718
45100 1845 221632 1997 229368
45200 1851 222165 1998 229835
45300 1853 222671 1999 230329
45400 1854 223102 2002 230898
45500 1858 223548 2003 231452
45600 1862 223968 2006 232032
45700 1863 224482 2009 232518
45800 1866 224895 2009 233105
45900 1870 225374 2011 233626
46000 1873 225929 2013 234071
46100 1874 226439 2015 234561
46200 1874 226990 2016 235010
46300 1877 227545 2016 235455
46400 1881 228078 2018 235922
46500 1883 228441 2023 236559
46600 1887 228872 2027 237128
46700 1889 229286 2032 237714
46800 1890 229690 2035 238310
46900 1892 230098 2036 238902
47000 1895 230560 2039 239440
47100 1897 230992 2041 240008
47200 1898 231363 2041 240637
47300 1902 231886 2045 241114
47400 1906 232355 2050 241645
47500 1907 232831 2054 242169
47600 1911 233391 2057 242609
47700 1912 233816 2061 243184
47800 1916 234331 2066 243669
47900 1921 234822 2067 244178
48000 1922 235282 2069 244718
48100 1927 235791 2075 245209
48200 1929 236232 2079 245768
48300 1929 236649 2084 246351
48400 1935 237143 2086 246857
48500 1942 237607 2094 247393
48600 1950 238074 2098 247926
48700 1956 238528 2099 248472
48800 1957 239042 2102 248958
48900 1960 239581 2104 249419
49000 1960 240177 2104 249823
49100 1963 240586 2107 250414
49200 1967 241093 2109 250907
49300 1970 241556 2109 251444
49400 1976 242105 2114 251895
49500 1979 242702 2119 252298
49600 1980 243181 2122 252819
49700 1984 243645 2125 253355
49800 1987 244093 2130 253907
49900 1989 244621 2132 254379
50000 1991 245027 2134 254973
50100 1993 245509 2137 255491
50200 1996 245936 2142 256064
50300 1998 246474 2144 256526
50400 2003 246951 2147 257049
50500 2004 247462 2151 257538
50600 2006 248033 2155 257967
50700 2011 248556 2158 258444
50800 2016 249105 2160 258895
50900 2019 249662 2166 259338
51000 2020 250111 2168 259889
51100 2022 250777 2171 260223
51200 2024 251284 2176 260716
51300 2026 251901 2177 261099
51400 2029 252313 2177 261687
51500 2031 252767 2179 262233
51600 2034 253313 2180 262687
51700 2036 253791 2181 263209
51800 2036 254220 2184 263780
51900 2039 254725 2186 264275
52000 2042 255235 2188 264765
52100 2043 255663 2191 265337
52200 2047 256191 2193 265809
52300 2047 256714 2195 266286
52400 2050 257170 2198 266830
52500 2050 257766 2198 267234
52600 2053 258274 2201 267726
52700 2056 258848 2204 268152
52800 2060 259313 2207 268687
52900 2062 259725 2216 269275
53000 2065 260128 2219 269872
53100 2067 260525 2221 270475
53200 2069 261071 2225 270929
53300 2072 261552 2228 271448
53400 2075 262012 2230 271988
53500 2075 262566 2230 272434
53600 2075 263062 2232 272938
53700 2079 263589 2237 273411
53800 2081 264137 2239 273863
53900 2086 264637 2242 274363
54000 2090 265032 2246 274968
54100 2094 265553 2252 275447
54200 2097 266008 2252 275992
54300 2099 266542 2255 276458
54400 2107 267139 2257 276861
54500 2109 267613 2259 277387
54600 2109 268124 2263 277876
54700 2114 268575 2268 278425
54800 2116 269010 2269 278990
54900 2121 269455 2276 279545
55000 2123 269896 2280 280104
55100 2124 270309 2283 280691
55200 2128 270851 2284 281149
55300 2133 271390 2287 281610
55400 2134 271887 2291 282113
55500 2136 272375 2299 282625
55600 2141 272986 2302 283014
55700 2143 273562 2305 283438
55800 2148 274002 2308 283998
55900 2151 274587 2311 284413
56000 2154 275063 2313 284937
56100 2158 275554 2315 285446
56200 2159 276014 2316 285986
56300 2162 276511 2322 286489
56400 2166 277071 2330 286929
56500 2167 277582 2330 287418
56600 2167 278027 2331 287973
56700 2167 278311 2335 288689
56800 2170 278679 2338 289321
56900 2177 279171 2341 289829
57000 2180 279719 2341 290281
57100 2183 280209 2343 290791
57200 2186 280703 2349 291297
57300 2188 281230 2351 291770
57400 2191 281738 2354 292262
57500 2191 282243 2355 292757
57600 2196 282697 2360 293303
57700 2196 283288 2364 293712
57800 2198 283752 2364 294248
57900 2199 284166 2365 294834
58000 2201 284684 2366 295316
58100 2205 285194 2373 295806
58200 2207 285766 2375 296234
58300 2213 286219 2378 296781
58400 2214 286729 2380 297271
58500 2219 287182 2380 297818
58600 2220 287725 2380 298275
58700 2220 288208 2383 298792
58800 2227 288670 2387 299330
58900 2228 289203 2389 299797
59000 2230 289643 2389 300357
59100 2232 290087 2390 300913
59200 2235 290633 2395 301367
59300 2240 291070 2399 301930
59400 2244 291592 2403 302408
59500 2248 292099 2406 302901
59600 2250 292672 2411 303328
59700 2255 293171 2415 303829
59800 2260 293840 2416 304160
59900 2262 294343 2417 304657
60000 2264 294798 2417 305202
60100 2269 295343 2420 305657
60200 2270 295893 2423 306107
60300 2273 296410 2426 306590
60400 2274 296842 2427 307158
60500 2276 297252 2430 307748
60600 2278 297714 2431 308286
60700 2284 298301 2432 308699
60800 2287 298858 2436 309142
60900 2289 299334 2442 309666
61000 2294 299878 2446 310122
61100 2298 300478 2448 310522
61200 2299 300933 2448 311067
61300 2302 301463 2450 311537
61400 2305 301907 2452 312093
61500 2309 302345 2453 312655
61600 2311 302915 2453 313085
61700 2312 303407 2454 313593
61800 2313 303887 2455 314113
61900 2317 304357 2456 314643
62000 2318 304805 2460 315195
62100 2323 305333 2460 315667
62200 2332 305821 2462 316179
62300 2335 306298 2466 316702
62400 2337 306810 2469 317190
62500 2342 307345 2471 317655
62600 2344 307894 2474 318106
62700 2345 308458 2475 318542
62800 2347 308978 2480 319022
62900 2347 309494 2483 319506
63000 2352 309949 2489 320051
63100 2356 310417 2489 320583
63200 2357 310923 2492 321077
63300 2367 311568 2496 321432
63400 2368 312097 2499 321903
63500 2368 312730 2504 322270
63600 2369 313240 2505 322760
63700 2373 313716 2506 323284
63800 2375 314123 2508 323877
63900 2381 314611 2516 324389
64000 2383 315105 2518 324895
64100 2384 315554 2519 325446
64200 2386 316002 2521 325998
64300 2388 316527 2524 326473
64400 2392 317005 2525 326995
64500 2394 317638 2528 327362
64600 2398 318101 2532 327899
64700 2401 318589 2535 328411
64800 2408 319137 2536 328863
64900 2409 319592 2537 329408
65000 2413 320030 2540 329970
65100 2415 320562 2542 330438
65200 2416 321007 2545 330993
65300 2417 321458 2547 331542
65400 2417 321994 2548 332006
65500 2423 322439 2548 332561
65600 2424 323002 2551 332998
65700 2428 323519 2555 333481
65800 2434 324030 2559 333970
65900 2437 324527 2562 334473
66000 2444 325000 2564 335000
66100 2448 325515 2565 335485
66200 2449 326123 2569 335877
66300 2454 326640 2575 336360
66400 2458 327163 2576 336837
66500 2461 327738 2579 337262
66600 2463 328329 2581 337671
66700 2464 328885 2586 338115
66800 2469 329339 2586 338661
66900 2471 329805 2588 339195
67000 2471 330358 2589 339642
67100 2474 330905 2597 340095
67200 2475 331551 2598 340449
67300 2480 332170 2599 340830
67400 2483 332723 2601 341277
67500 2484 333158 2601 341842
67600 2487 333648 2603 342352
67700 2489 334131 2606 342869
67800 2492 334520 2607 343480
67900 2492 335036 2607 343964
68000 2498 335531 2609 344469
68100 2500 336012 2613 344988
68200 2500 336492 2617 345508
68300 2504 336991 2621 346009
68400 2509 337483 2622 346517
68500 2509 337924 2626 347076
68600 2514 338344 2628 347656
68700 2517 338920 2630 348080
68800 2521 339519 2631 348481
68900 2522 340052 2634 348948
69000 2527 340665 2637 349335
69100 2531 341147 2638 349853
69200 2534 341571 2641 350429
69300 2537 342117 2646 350883
69400 2543 342624 2653 351376
69500 2548 343093 2657 351907
69600 2553 343542 2660 352458
69700 2558 344129 2665 352871
69800 2560 344725 2667 353275
69900 2562 345270 2670 353730
70000 2565 345760 2672 354240
70100 2570 346440 2677 354560
70200 2573 346964 2686 355036
70300 2574 347211 2688 355789
70400 2579 347653 2693 356347
70500 2585 348234 2696 356766
70600 2588 348719 2699 357281
70700 2591 349199 2703 357801
70800 2591 349782 2706 358218
70900 2595 350311 2711 358689
71000 2600 350902 2713 359098
71100 2605 351264 2715 359736
71200 2607 351603 2717 360397
71300 2613 352026 2722 360974
71400 2618 352405 2724 361595
71500 2620 352997 2727 362003
71600 2622 353532 2730 362468
71700 2622 354106 2730 362894
71800 2622 354701 2733 363299
71900 2627 355250 2733 363750
72000 2630 355733 2740 364267
72100 2632 356323 2742 364677
72200 2633 356891 2744 365109
72300 2638 357506 2747 365494
72400 2639 357916 2749 366084
72500 2643 358489 2750 366511
72600 2643 359078 2755 366922
72700 2648 359512 2756 367488
72800 2649 360103 2757 367897
72900 2653 360548 2759 368452
73000 2658 361001 2760 368999
73100 2663 361458 2760 369542
73200 2665 361902 2762 370098
73300 2668 362322 2766 370678
73400 2670 362837 2769 371163
73500 2670 363282 2770 371718
73600 2672 363697 2774 372303
73700 2674 364142 2776 372858
73800 2675 364637 2777 373363
73900 2675 365148 2778 373852
74000 2677 365643 2783 374357
74100 2679 366194 2784 374806
74200 2683 366638 2792 375362
74300 2690 367226 2796 375774
74400 2693 367742 2801 376258
74500 2697 368295 2807 376705
74600 2702 368720 2814 377280
74700 2706 369217 2817 377783
74800 2709 369750 2819 378250
74900 2711 370256 2822 378744
75000 2713 370835 2826 379165
75100 2715 371313 2830 379687
75200 2719 371825 2835 380175
75300 2720 372331 2836 380669
75400 2723 372874 2837 381126
75500 2728 373394 2842 381606
75600 2729 373801 2847 382199
75700 2733 374549 2853 382451
75800 2737 375025 2858 382975
75900 2741 375472 2861 383528
76000 2743 375894 2864 384106
76100 2745 376362 2864 384638
76200 2749 376910 2865 385090
76300 2753 377372 2867 385628
76400 2755 377880 2870 386120
76500 2759 378296 2873 386704
76600 2762 378818 2876 387182
76700 2764 379258 2878 387742
76800 2765 379617 2889 388383
76900 2767 380118 2891 388882
77000 2769 380623 2895 389377
77100 2771 381050 2895 389950
77200 2773 381471 2899 390529
77300 2777 381941 2900 391059
77400 2779 382439 2901 391561
77500 2781 383072 2905 391928
77600 2782 383576 2909 392424
77700 2790 384087 2914 392913
77800 2793 384417 2916 393583
77900 2794 384965 2919 394035
78000 2799 385517 2922 394483
78100 2804 385943 2925 395057
78200 2805 386470 2927 395530
78300 2806 386955 2931 396045
78400 2806 387419 2933 396581
78500 2809 387864 2940 397136
78600 2810 388481 2942 397519
78700 2816 389090 2944 397910
78800 2821 389454 2949 398546
78900 2822 390053 2951 398947
79000 2825 390733 2952 399267
79100 2829 391251 2960 399749
79200 2829 391656 2960 400344
79300 2831 392204 2965 400796
79400 2835 392682 2965 401318
79500 2840 393168 2971 401832
79600 2844 393574 2975 402426
79700 2847 394135 2977 402865
79800 2850 394681 2985 403319
79900 2855 395221 2987 403779
80000 2858 395800 2989 404200
80100 2859 396400 2990 404600
80200 2862 396819 2991 405181
80300 2865 397286 2994 405714
80400 2867 397987 2997 406013
80500 2871 398436 2998 406564
80600 2873 398901 3000 407099
80700 2877 399365 3002 407635
80800 2880 399727 3005 408273
80900 2884 400249 3012 408751
81000 2887 400747 3014 409253
81100 2889 401368 3016 409632
81200 2892 401937 3018 410063
81300 2894 402426 3021 410574
81400 2897 403003 3029 410997
81500 2899 403467 3032 411533
81600 2900 403955 3035 412045
81700 2902 404527 3036 412473
81800 2902 405050 3039 412950
81900 2906 405509 3044 413491
82000 2907 405934 3048 414066
82100 2909 406288 3051 414712
82200 2913 406913 3053 415087
82300 2914 407248 3055 415752
82400 2915 407675 3059 416325
82500 2921 408109 3060 416891
82600 2924 408592 3062 417408
82700 2928 408998 3065 418002
82800 2935 409538 3067 418462
82900 2940 410045 3068 418955
83000 2944 410564 3068 419436
83100 2948 411038 3070 419962
83200 2955 411604 3073 420396
83300 2959 412092 3079 420908
83400 2963 412449 3084 421551
83500 2966 412960 3085 422040
83600 2969 413554 3086 422446
83700 2976 414027 3089 422973
83800 2978 414582 3092 423418
83900 2981 415085 3092 423915
84000 2981 415549 3092 424451
84100 2983 415931 3094 425069
84200 2985 416379 3099 425621
84300 2988 416863 3101 426137
84400 2995 417348 3103 426652
84500 2998 417871 3109 427129
84600 2999 418364 3115 427636
84700 3004 418856 3117 428144
84800 3008 419366 3120 428634
84900 3009 419888 3121 429112
85000 3013 420455 3123 429545
85100 3015 420926 3127 430074
85200 3019 421486 3129 430514
85300 3019 422013 3130 430987
85400 3021 422473 3134 431527
85500 3023 422960 3136 432040
85600 3028 423539 3137 432461
85700 3029 424067 3138 432933
85800 3036 424468 3140 433532
85900 3045 424860 3144 434140
86000 3052 425414 3148 434586
86100 3054 425962 3148 435038
86200 3056 426471 3148 435529
86300 3058 427002 3150 435998
86400 3060 427435 3155 436565
86500 3064 427880 3161 437120
86600 3070 428509 3162 437491
86700 3070 429047 3167 437953
86800 3072 429321 3169 438679
86900 3074 429899 3170 439101
87000 3075 430373 3171 439627
87100 3077 430996 3174 440004
87200 3080 431502 3178 440498
87300 3085 431992 3181 441008
87400 3086 432475 3185 441525
87500 3090 432977 3190 442023
87600 3094 433506 3193 442494
87700 3095 434084 3195 442916
87800 3098 434574 3197 443426
87900 3102 434967 3198 444033
88000 3105 435440 3203 444560
88100 3109 435883 3206 445117
88200 3110 436268 3209 445732
88300 3112 436809 3211 446191
88400 3115 437305 3212 446695
88500 3121 437724 3215 447276
88600 3125 438160 3221 447840
88700 3128 438573 3223 448427
88800 3130 438954 3223 449046
88900 3138 439472 3230 449528
89000 3146 440037 3231 449963
89100 3150 440571 3234 450429
89200 3152 440969 3239 451031
89300 3155 441404 3242 451596
89400 3161 441969 3243 452031
89500 3164 442590 3245 452410
89600 3165 443057 3246 452943
89700 3166 443648 3250 453352
89800 3168 444170 3253 453830
89900 3171 444712 3255 454288
90000 3175 445276 3255 454724
90100 3176 445807 3256 455193
90200 3178 446430 3259 455570
90300 3180 446822 3263 456178
90400 3181 447317 3264 456683
90500 3182 447954 3265 457046
90600 3183 448518 3266 457482
90700 3187 448988 3271 458012
90800 3190 449374 3275 458626
90900 3194 449917 3281 459083
91000 3197 450209 3286 459791
91100 3200 450708 3288 460292
91200 3203 451198 3291 460802
91300 3205 451778 3292 461222
91400 3206 452204 3296 461796
91500 3210 452640 3297 462360
91600 3214 453055 3303 462945
91700 3216 453572 3305 463428
91800 3216 454009 3307 463991
91900 3225 454478 3309 464522
92000 3227 454918 3309 465082
92100 3229 455440 3311 465560
92200 3230 455891 3316 466109
92300 3231 456311 3316 466689
92400 3233 456819 3318 467181
92500 3235 457351 3321 467649
92600 3236 457819 3323 468181
92700 3240 458331 3327 468669
92800 3242 458867 3329 469133
92900 3244 459421 3337 469579
93000 3246 459923 3338 470077
93100 3247 460491 3338 470509
93200 3254 461016 3341 470984
93300 3256 461437 3343 471563
93400 3260 461864 3348 472136
93500 3262 462342 3351 472658
93600 3265 462875 3352 473125
93700 3266 463360 3358 473640
93800 3275 464009 3362 473991
93900 3280 464471 3364 474529
94000 3287 464889 3371 475111
94100 3288 465214 3375 475786
94200 3288 465626 3378 476374
94300 3293 466196 3380 476804
94400 3297 466713 3383 477287
94500 3300 467260 3387 477740
94600 3304 467800 3390 478200
94700 3308 468429 3395 478571
94800 3312 468932 3397 479068
94900 3313 469361 3397 479639
95000 3314 469887 3397 480113
95100 3314 470363 3401 480637
95200 3319 470779 3403 481221
95300 3322 471259 3406 481741
95400 3324 471770 3407 482230
95500 3326 472332 3408 482668
95600 3327 472843 3408 483157
95700 3328 473310 3412 483690
95800 3329 473878 3414 484122
95900 3331 474332 3416 484668
96000 3335 474936 3418 485064
96100 3337 475513 3418 485487
96200 3342 476117 3420 485883
96300 3347 476692 3424 486308
96400 3348 477134 3427 486866
96500 3354 477640 3435 487360
96600 3357 478243 3441 487757
96700 3357 478760 3446 488240
96800 3359 479264 3447 488736
96900 3362 479785 3448 489215
97000 3362 480321 3451 489679
97100 3365 480833 3453 490167
97200 3368 481361 3454 490639
97300 3370 481768 3455 491232
97400 3373 482316 3457 491684
97500 3377 482753 3457 492247
97600 3381 483380 3459 492620
97700 3384 483891 3468 493109
97800 3389 484385 3473 493615
97900 3395 484851 3476 494149
98000 3395 485137 3477 494863
98100 3398 485490 3479 495510
98200 3402 485970 3480 496030
98300 3406 486446 3482 496554
98400 3412 487057 3486 496943
98500 3417 487515 3489 497485
98600 3420 487986 3491 498014
98700 3425 488471 3495 498529
98800 3430 488953 3498 499047
98900 3436 489376 3502 499624
99000 3439 489871 3506 500129
99100 3442 490421 3510 500579
99200 3443 490962 3516 501038
99300 3443 491506 3518 501494
99400 3445 491979 3518 502021
99500 3446 492420 3522 502580
99600 3448 492932 3527 503068
99700 3455 493344 3532 503656
99800 3458 493755 3537 504245
99900 3465 494284 3543 504716
100000 3472 494781 3551 505219
100100 3477 495358 3554 505642
100200 3478 495882 3556 506118
100300 3484 496372 3559 506628
100400 3486 496809 3561 507191
100500 3489 497356 3562 507644
100600 3491 497901 3562 508099
100700 3493 498412 3562 508588
100800 3498 498952 3563 509048
100900 3503 499409 3565 509591
101000 3507 499948 3569 510052
101100 3508 500394 3570 510606
101200 3510 501030 3577 510970
101300 3520 501615 3580 511385
101400 3520 502210 3583 511790
101500 3522 502693 3585 512307
101600 3524 503236 3586 512764
101700 3525 503654 3588 513346
101800 3531 504127 3589 513873
101900 3534 504704 3596 514296
102000 3536 505302 3599 514698
102100 3539 505819 3602 515181
102200 3541 506374 3605 515626
102300 3544 506920 3611 516080
102400 3548 507516 3612 516484
102500 3549 508027 3615 516973
102600 3549 508513 3617 517487
102700 3550 508970 3619 518030
102800 3552 509533 3622 518467
102900 3554 509936 3625 519064
103000 3555 510429 3627 519571
103100 3557 510978 3627 520022
103200 3560 511472 3628 520528
103300 3560 512096 3630 520904
103400 3562 512642 3631 521358
103500 3563 513197 3634 521803
103600 3566 513615 3637 522385
103700 3571 514088 3640 522912
103800 3573 514527 3644 523473
103900 3574 514927 3650 524073
104000 3575 515496 3654 524504
104100 3575 515960 3654 525040
104200 3577 516344 3658 525656
104300 3578 516819 3660 526181
104400 3580 517487 3661 526513
104500 3583 518071 3665 526929
104600 3585 518689 3670 527311
104700 3587 519128 3671 527872
104800 3588 519521 3672 528479
104900 3589 519991 3675 529009
105000 3590 520408 3682 529592
105100 3591 520937 3684 530063
105200 3593 521449 3689 530551
105300 3594 521958 3691 531042
105400 3594 522341 3694 531659
105500 3595 522726 3694 532274
105600 3596 523335 3696 532665
105700 3596 523782 3700 533218
105800 3598 524283 3701 533717
105900 3600 524715 3702 534285
106000 3601 525190 3703 534810
106100 3602 525621 3707 535379
106200 3604 526119 3710 535881
106300 3609 526551 3716 536449
106400 3616 527070 3724 536930
106500 3619 527641 3727 537359
106600 3619 528304 3730 537696
106700 3620 528833 3732 538167
106800 3625 529295 3735 538705
106900 3629 529785 3741 539215
107000 3630 530303 3743 539697
107100 3632 530750 3747 540250
107200 3634 531113 3751 540887
107300 3634 531618 3751 541382
107400 3637 532129 3753 541871
107500 3637 532669 3755 542331
107600 3640 533218 3759 542782
107700 3642 533706 3761 543294
107800 3644 534292 3762 543708
107900 3646 534779 3764 544221
108000 3648 535249 3764 544751
108100 3650 535711 3769 545289
108200 3653 536158 3771 545842
108300 3654 536593 3772 546407
108400 3657 537093 3774 546907
108500 3659 537657 3775 547343
108600 3662 538104 3776 547896
108700 3670 538542 3779 548458
108800 3673 539045 3782 548955
108900 3674 539456 3783 549544
109000 3679 539969 3786 550031
109100 3680 540346 3788 550654
109200 3680 540807 3790 551193
109300 3680 541289 3791 551711
109400 3682 541847 3793 552153
109500 3684 542391 3796 552609
109600 3686 542882 3802 553118
109700 3691 543404 3805 553596
109800 3692 543903 3811 554097
109900 3695 544500 3811 554500
110000 3699 544970 3816 555030
110100 3707 545443 3821 555557
110200 3710 545946 3824 556054
110300 3712 546395 3832 556605
110400 3719 546946 3835 557054
110500 3721 547523 3837 557477
110600 3724 548175 3840 557825
110700 3727 548716 3841 558284
110800 3730 549231 3843 558769
110900 3730 549704 3845 559296
111000 3730 550207 3847 559793
111100 3734 550642 3852 560358
111200 3738 551191 3854 560809
111300 3745 551777 3859 561223
111400 3747 552248 3862 561752
111500 3751 552844 3865 562156
111600 3751 553437 3872 562563
111700 3753 554018 3874 562982
111800 3753 554513 3875 563487
111900 3755 555030 3877 563970
112000 3755 555395 3879 564605
112100 3758 555876 3881 565124
112200 3761 556432 3885 565568
112300 3764 556995 3888 566005
112400 3765 557541 3890 566459
112500 3765 558027 3894 566973
112600 3768 558495 3895 567505
112700 3769 558996 3903 568004
112800 3771 559592 3904 568408
112900 3772 560124 3906 568876
113000 3777 560731 3914 569269
113100 3780 561257 3920 569743
113200 3781 561766 3923 570234
113300 3783 562247 3925 570753
113400 3785 562738 3926 571262
113500 3788 563074 3930 571926
113600 3790 563525 3930 572475
113700 3790 563995 3932 573005
113800 3793 564548 3935 573452
113900 3794 565006 3936 573994
114000 3796 565470 3938 574530
114100 3801 565892 3942 575108
114200 3806 566391 3944 575609
114300 3810 566871 3947 576129
114400 3812 567491 3949 576509
114500 3814 568048 3953 576952
114600 3817 568608 3956 577392
114700 3820 569079 3957 577921
114800 3821 569540 3960 578460
114900 3824 570027 3963 578973
115000 3825 570519 3964 579481
115100 3827 570942 3965 580058
115200 3829 571449 3972 580551
115300 3831 572027 3972 580973
115400 3833 572321 3977 581679
115500 3835 572867 3979 582133
115600 3838 573479 3981 582521
115700 3841 574027 3984 582973
115800 3842 574550 3986 583450
115900 3844 575063 3989 583937
116000 3845 575667 3990 584333
116100 3849 576068 3997 584932
116200 3853 576568 3998 585432
116300 3856 577123 4002 585877
116400 3858 577658 4006 586342
116500 3861 578219 4009 586781
116600 3865 578797 4010 587203
116700 3869 579252 4018 587748
116800 3870 579754 4023 588246
116900 3871 580152 4024 588848
117000 3871 580676 4026 589324
117100 3875 581203 4028 589797
117200 3878 581785 4033 590215
117300 3880 582316 4040 590684
117400 3882 582966 4043 591034
117500 3887 583587 4050 591413
117600 3891 584139 4051 591861
117700 3902 584531 4055 592469
117800 3906 585020 4060 592980
117900 3906 585579 4068 593421
118000 3908 585909 4070 594091
118100 3912 586432 4073 594568
118200 3913 587009 4076 594991
118300 3919 587529 4083 595471
118400 3924 587926 4089 596074
118500 3928 588347 4092 596653
118600 3929 588892 4097 597108
118700 3930 589405 4100 597595
118800 3933 589864 4101 598136
118900 3935 590261 4102 598739
119000 3943 590784 4108 599216
119100 3945 591435 4115 599565
119200 3950 591967 4116 600033
119300 3953 592435 4117 600565
119400 3954 592930 4120 601070
119500 3958 593467 4123 601533
119600 3960 593846 4123 602154
119700 3965 594262 4126 602738
119800 3970 594717 4132 603283
119900 3970 595171 4133 603829
120000 3973 595684 4138 604316
120100 3978 596222 4142 604778
120200 3979 596648 4142 605352
120300 3980 597035 4143 605965
120400 3983 597587 4144 606413
120500 3987 598193 4147 606807
120600 3987 598639 4152 607361
120700 3991 599126 4157 607874
120800 3994 599538 4158 608462
120900 3995 599959 4161 609041
121000 3996 600415 4164 609585
121100 3997 600859 4167 610141
121200 3998 601411 4170 610589
121300 3999 601787 4172 611213
121400 4000 602349 4178 611651
121500 4001 602806 4179 612194
121600 4003 603266 4180 612734
121700 4004 603861 4183 613139
121800 4008 604449 4184 613551
121900 4011 604880 4187 614120
122000 4015 605341 4194 614659
122100 4017 605837 4194 615163
122200 4018 606360 4197 615640
122300 4018 606676 4200 616324
122400 4021 607144 4203 616856
122500 4024 607708 4205 617292
122600 4025 608210 4209 617790
122700 4033 608782 4217 618218
122800 4039 609344 4224 618656
122900 4043 609825 4224 619175
123000 4046 610289 4235 619711
123100 4047 610729 4238 620271
123200 4049 611159 4239 620841
123300 4050 611634 4243 621366
123400 4054 612158 4245 621842
123500 4061 612621 4246 622379
123600 4063 613089 4249 622911
123700 4064 613538 4251 623462
123800 4070 613965 4256 624035
123900 4073 614541 4258 624459
124000 4079 615041 4259 624959
124100 4083 615526 4262 625474
124200 4085 615995 4267 626005
124300 4087 616516 4269 626484
124400 4088 616984 4274 627016
124500 4090 617447 4277 627553
124600 4093 617886 4280 628114
124700 4096 618384 4284 628616
124800 4099 618798 4287 629202
124900 4103 619325 4290 629675
125000 4105 619824 4292 630176
125100 4107 620363 4294 630637
125200 4114 620901 4298 631099
125300 4115 621279 4301 631721
125400 4116 621794 4303 632206
125500 4119 622287 4308 632713
125600 4120 622827 4311 633173
125700 4123 623271 4315 633729
125800 4125 623760 4318 634240
125900 4127 624322 4322 634678
126000 4131 624816 4324 635184
126100 4133 625298 4330 635702
126200 4137 625764 4331 636236
126300 4140 626334 4334 636666
126400 4145 626854 4335 637146
126500 4146 627270 4338 637730
126600 4147 627762 4342 638238
126700 4149 628320 4342 638680
126800 4159 628977 4351 639023
126900 4160 629460 4354 639540
127000 4167 629899 4354 640101
127100 4169 630465 4358 640535
127200 4170 631061 4362 640939
127300 4171 631588 4362 641412
127400 4175 632030 4362 641970
127500 4178 632502 4367 642498
127600 4178 632907 4368 643093
127700 4180 633327 4370 643673
127800 4183 633791 4371 644209
127900 4185 634247 4377 644753
128000 4187 634802 4380 645198
128100 4191 635268 4387 645732
128200 4196 635734 4392 646266
128300 4197 636207 4394 646793
128400 4199 636772 4399 647228
128500 4200 637237 4400 647763
128600 4203 637687 4406 648313
128700 4205 638131 4411 648869
128800 4209 638651 4414 649349
128900 4213 639159 4421 649841
129000 4217 639686 4425 650314
129100 4218 640205 4429 650795
129200 4219 640649 4430 651351
129300 4224 641057 4434 651943
129400 4226 641620 4435 652380
129500 4230 642205 4438 652795
129600 4231 642743 4440 653257
129700 4234 643417 4446 653583
129800 4235 643925 4449 654075
129900 4236 644397 4450 654603
130000 4242 644916 4458 655084
130100 4245 645435 4462 655565
130200 4248 645931 4462 656069
130300 4255 646347 4464 656653
130400 4261 646779 4470 657221
130500 4266 647202 4472 657798
130600 4268 647721 4473 658279
130700 4272 648277 4475 658723
130800 4277 648793 4477 659207
130900 4282 649220 4477 659780
131000 4288 649609 4484 660391
131100 4292 650116 4485 660884
131200 4295 650701 4493 661299
131300 4298 651203 4495 661797
131400 4300 651770 4498 662230
131500 4304 652247 4502 662753
131600 4304 652735 4502 663265
131700 4307 653333 4504 663667
131800 4309 653867 4506 664133
131900 4311 654442 4509 664558
132000 4318 654941 4512 665059
132100 4323 655439 4515 665561
132200 4327 656005 4520 665995
132300 4329 656481 4521 666519
132400 4331 656942 4523 667058
132500 4332 657427 4526 667573
132600 4332 658021 4529 667979
132700 4334 658528 4530 668472
132800 4337 659067 4534 668933
132900 4339 659574 4535 669426
133000 4341 660151 4540 669849
133100 4345 660600 4541 670400
133200 4346 661237 4547 670763
133300 4354 661959 4552 671041
133400 4357 662348 4553 671652
133500 4359 662887 4557 672113
133600 4363 663240 4557 672760
133700 4365 663823 4563 673177
133800 4369 664405 4564 673595
133900 4370 664986 4564 674014
134000 4370 665564 4567 674436
134100 4372 665961 4571 675039
134200 4379 666480 4573 675520
134300 4382 666962 4576 676038
134400 4384 667471 4581 676529
134500 4384 667871 4584 677129
134600 4388 668289 4587 677711
134700 4391 668817 4591 678183
134800 4394 669324 4593 678676
134900 4398 669886 4594 679114
135000 4399 670347 4595 679653
135100 4400 670801 4597 680199
135200 4403 671221 4603 680779
135300 4407 671626 4606 681374
135400 4411 672035 4608 681965
135500 4412 672362 4610 682638
135600 4414 672740 4611 683260
135700 4417 673175 4615 683825
135800 4424 673590 4620 684410
135900 4429 674053 4623 684947
136000 4430 674636 4627 685364
136100 4434 675173 4636 685827
136200 4436 675731 4639 686269
136300 4440 676247 4642 686753
136400 4441 676752 4643 687248
136500 4442 677296 4644 687704
136600 4446 677734 4647 688266
136700 4447 678097 4648 688903
136800 4447 678640 4650 689360
136900 4452 679081 4652 689919
137000 4455 679540 4654 690460
137100 4461 679981 4657 691019
137200 4464 680387 4658 691613
137300 4465 680909 4660 692091
137400 4469 681437 4661 692563
137500 4470 681871 4664 693129
137600 4471 682382 4668 693618
137700 4472 682905 4668 694095
137800 4473 683481 4669 694519
137900 4476 683967 4670 695033
138000 4480 684368 4672 695632
138100 4484 684848 4673 696152
138200 4485 685307 4676 696693
138300 4489 685799 4679 697201
138400 4493 686307 4688 697693
138500 4501 686793 4688 698207
138600 4503 687293 4691 698707
138700 4504 687713 4693 699287
138800 4508 688156 4702 699844
138900 4512 688626 4703 700374
139000 4516 689200 4706 700800
139100 4521 689709 4707 701291
139200 4525 690171 4712 701829
139300 4528 690664 4720 702336
139400 4531 691071 4722 702929
139500 4534 691490 4723 703510
139600 4537 692048 4724 703952
139700 4537 692518 4726 704482
139800 4545 693038 4732 704962
139900 4550 693600 4735 705400
140000 4551 694053 4736 705947
140100 4554 694564 4737 706436
140200 4556 695127 4742 706873
140300 4560 695500 4743 707500
140400 4562 696048 4744 707952
140500 4564 696633 4749 708367
140600 4570 697267 4754 708733
140700 4570 697699 4755 709301
140800 4572 698166 4757 709834
140900 4573 698583 4758 710417
141000 4579 699053 4763 710947
141100 4583 699542 4770 711458
141200 4586 700031 4771 711969
141300 4587 700639 4775 712361
141400 4592 701018 4776 712982
141500 4596 701488 4779 713512
141600 4600 702066 4780 713934
141700 4603 702648 4784 714352
141800 4604 703195 4786 714805
141900 4607 703614 4792 715386
142000 4609 704217 4796 715783
142100 4613 704709 4798 716291
142200 4614 705191 4801 716809
142300 4619 705753 4806 717247
142400 4622 706195 4809 717805
142500 4623 706729 4811 718271
142600 4626 707322 4812 718678
142700 4630 707894 4813 719106
142800 4632 708258 4815 719742
142900 4636 708819 4817 720181
143000 4637 709259 4822 720741
143100 4641 709813 4826 721187
143200 4642 710311 4827 721689
143300 4644 710754 4832 722246
143400 4648 711287 4835 722713
143500 4651 711835 4841 723165
143600 4656 712312 4845 723688
143700 4660 712850 4847 724150
143800 4661 713325 4850 724675
143900 4662 713854 4851 725146
144000 4663 714385 4851 725615
144100 4663 714777 4852 726223
144200 4663 715230 4855 726770
144300 4668 715704 4860 727296
144400 4679 716259 4862 727741
144500 4682 716726 4865 728274
144600 4685 717227 4867 728773
144700 4687 717695 4869 729305
144800 4692 718076 4870 729924
144900 4692 718585 4872 730415
145000 4697 719106 4873 730894
145100 4700 719527 4875 731473
145200 4701 720101 4881 731899
145300 4704 720566 4882 732434
145400 4705 720996 4887 733004
145500 4705 721536 4893 733464
145600 4710 722008 4895 733992
145700 4713 722462 4901 734538
145800 4715 722923 4904 735077
145900 4717 723438 4904 735562
146000 4721 724001 4906 735999
146100 4724 724530 4909 736470
146200 4728 725136 4914 736864
146300 4731 725735 4916 737265
146400 4731 726205 4917 737795
146500 4733 726742 4918 738258
146600 4735 727295 4921 738705
146700 4735 727780 4922 739220
146800 4737 728279 4924 739721
146900 4740 728749 4928 740251
147000 4741 729166 4931 740834
147100 4744 729609 4939 741391
147200 4745 730127 4945 741873
147300 4745 730645 4948 742355
147400 4746 731242 4951 742758
147500 4747 731668 4956 743332
147600 4750 732169 4959 743831
147700 4750 732746 4962 744254
147800 4752 733285 4965 744715
147900 4755 733716 4966 745284
148000 4758 734272 4966 745728
148100 4767 734753 4968 746247
148200 4770 735170 4972 746830
148300 4773 735597 4977 747403
148400 4775 736026 4978 747974
148500 4779 736626 4979 748374
148600 4784 737222 4983 748778
148700 4787 737758 4985 749242
148800 4788 738280 4985 749720
148900 4789 738777 4987 750223
149000 4790 739282 4989 750718
149100 4794 739851 4992 751149
149200 4799 740323 4994 751677
149300 4799 740852 4996 752148
149400 4804 741296 4998 752704
149500 4806 741753 5001 753247
149600 4812 742154 5005 753846
149700 4813 742624 5005 754376
149800 4816 743217 5011 754783
149900 4818 743635 5011 755365
150000 4823 744139 5015 755861
150100 4828 744651 5019 756349
150200 4829 745206 5020 756794
150300 4833 745623 5023 757377
150400 4836 746062 5027 757938
150500 4838 746614 5030 758386
150600 4841 747267 5034 758733
150700 4845 747844 5039 759156
150800 4847 748319 5041 759681
150900 4849 748666 5041 760334
151000 4850 749026 5042 760974
151100 4851 749570 5045 761430
151200 4855 749979 5048 762021
151300 4859 750435 5052 762565
151400 4860 750905 5055 763095
151500 4863 751383 5061 763617
151600 4866 752029 5064 763971
151700 4869 752638 5068 764362
151800 4876 753150 5071 764850
151900 4880 753631 5076 765369
152000 4882 754113 5079 765887
152100 4882 754618 5084 766382
152200 4883 755072 5085 766928
152300 4890 755516 5087 767484
152400 4894 756143 5093 767857
152500 4894 756624 5098 768376
152600 4895 757142 5099 768858
152700 4896 757614 5101 769386
152800 4898 758123 5105 769877
152900 4899 758627 5109 770373
153000 4900 759072 5113 770928
153100 4904 759636 5116 771364
153200 4907 760181 5117 771819
153300 4912 760702 5119 772298
153400 4915 761149 5120 772851
153500 4919 761744 5121 773256
153600 4921 762162 5122 773838
153700 4922 762718 5122 774282
153800 4922 763151 5125 774849
153900 4922 763600 5128 775400
154000 4926 764071 5130 775929
154100 4927 764639 5134 776361
154200 4927 765201 5134 776799
154300 4931 765764 5135 777236
154400 4934 766179 5139 777821
154500 4939 766612 5141 778388
154600 4941 767026 5142 778974
154700 4946 767462 5145 779538
154800 4949 768003 5146 779997
154900 4951 768474 5147 780526
155000 4957 768937 5149 781063
155100 4961 769468 5150 781532
155200 4963 770022 5152 781978
155300 4964 770709 5155 782291
155400 4966 771100 5155 782900
155500 4970 771640 5160 783360
155600 4974 772229 5163 783771
155700 4974 772807 5167 784193
155800 4979 773287 5169 784713
155900 4980 773770 5172 785230
156000 4982 774301 5177 785699
156100 4983 774585 5180 786415
156200 4983 775068 5184 786932
156300 4984 775462 5188 787538
156400 4986 776031 5189 787969
156500 4990 776491 5191 788509
156600 4995 776996 5199 789004
156700 4996 777448 5199 789552
156800 4998 777864 5205 790136
156900 5002 778288 5207 790712
157000 5006 778771 5210 791229
157100 5010 779265 5213 791735
157200 5013 779598 5217 792402
157300 5016 779964 5221 793036
157400 5019 780281 5226 793719
157500 5023 780759 5227 794241
157600 5025 781351 5228 794649
157700 5026 781783 5233 795217
157800 5029 782220 5236 795780
157900 5032 782790 5237 796210
158000 5035 783178 5239 796822
158100 5042 783605 5242 797395
158200 5044 784073 5244 797927
158300 5047 784544 5247 798456
158400 5050 785046 5253 798954
158500 5054 785563 5255 799437
158600 5055 786108 5256 799892
158700 5057 786484 5259 800516
158800 5059 787059 5259 800941
158900 5062 787523 5261 801477
159000 5063 788093 5263 801907
159100 5064 788625 5264 802375
159200 5067 789152 5265 802848
159300 5068 789705 5265 803295
159400 5069 790170 5268 803830
159500 5075 790621 5270 804379
159600 5077 791051 5271 804949
159700 5082 791398 5272 805602
159800 5084 791781 5276 806219
159900 5084 792263 5277 806737
160000 5090 792736 5280 807264
160100 5092 793250 5283 807750
160200 5095 793848 5284 808152
160300 5098 794356 5284 808644
160400 5099 794787 5284 809213
160500 5102 795349 5285 809651
160600 5104 795880 5289 810120
160700 5106 796468 5292 810532
160800 5108 796913 5293 811087
160900 5111 797411 5295 811589
161000 5119 797867 5298 812133
161100 5120 798417 5299 812583
161200 5120 798872 5302 813128
161300 5122 799379 5304 813621
161400 5124 799793 5308 814207
161500 5124 800362 5309 814638
161600 5125 800818 5310 815182
161700 5129 801380 5313 815620
161800 5130 801807 5314 816193
161900 5132 802370 5316 816630
162000 5136 802733 5317 817267
162100 5141 803168 5319 817832
162200 5143 803557 5324 818443
162300 5150 804104 5324 818896
162400 5154 804630 5326 819370
162500 5157 805188 5329 819812
162600 5161 805734 5330 820266
162700 5165 806228 5334 820772
162800 5169 806588 5336 821412
162900 5170 807200 5339 821800
163000 5171 807682 5340 822318
163100 5175 808247 5343 822753
163200 5175 808718 5344 823282
163300 5179 809245 5349 823755
163400 5181 809789 5353 824211
163500 5182 810288 5354 824712
163600 5182 810728 5356 825272
163700 5183 811183 5360 825817
163800 5185 811572 5362 826428
163900 5188 812045 5366 826955
164000 5191 812591 5369 827409
164100 5194 813081 5373 827919
164200 5200 813529 5375 828471
164300 5202 814098 5377 828902
164400 5203 814660 5381 829340
164500 5212 815194 5388 829806
164600 5215 815690 5391 830310
164700 5216 816281 5393 830719
164800 5219 816835 5395 831165
164900 5222 817226 5397 831774
165000 5222 817764 5399 832236
165100 5227 818318 5400 832682
165200 5228 818986 5402 833014
165300 5230 819358 5403 833642
165400 5231 819745 5407 834255
165500 5232 820199 5414 834801
165600 5235 820623 5415 835377
165700 5235 821168 5415 835832
165800 5236 821602 5418 836398
165900 5237 822154 5420 836846
166000 5238 822575 5423 837425
166100 5244 823082 5425 837918
166200 5248 823445 5428 838555
166300 5254 823868 5431 839132
166400 5257 824349 5434 839651
166500 5259 824772 5436 840228
166600 5264 825335 5441 840665
166700 5266 825820 5443 841180
166800 5270 826150 5451 841850
166900 5273 826748 5455 842252
167000 5275 827200 5458 842800
167100 5280 827766 5461 843234
167200 5284 828268 5462 843732
167300 5286 828721 5466 844279
167400 5287 829078 5471 844922
167500 5292 829475 5477 845525
167600 5299 829962 5483 846038
167700 5301 830345 5483 846655
167800 5305 830705 5486 847295
167900 5306 831120 5487 847880
168000 5309 831573 5492 848427
168100 5318 832181 5502 848819
168200 5322 832641 5504 849359
168300 5326 833082 5505 849918
168400 5326 833586 5507 850414
168500 5329 834190 5510 850810
168600 5332 834826 5513 851174
168700 5337 835351 5519 851649
168800 5344 835838 5523 852162
168900 5348 836283 5525 852717
169000 5351 836856 5529 853144
169100 5354 837265 5531 853735
169200 5356 837731 5532 854269
169300 5357 838183 5533 854817
169400 5359 838706 5534 855294
169500 5360 839110 5537 855890
169600 5362 839671 5541 856329
169700 5365 840103 5546 856897
169800 5366 840544 5549 857456
169900 5371 840965 5555 858035
170000 5374 841342 5559 858658
170100 5374 841907 5562 859093
170200 5375 842505 5563 859495
170300 5379 842973 5567 860027
170400 5381 843487 5568 860513
170500 5382 844053 5571 860947
170600 5383 844559 5576 861441
170700 5385 844993 5578 862007
170800 5387 845501 5581 862499
170900 5391 845869 5584 863131
171000 5392 846366 5588 863634
171100 5393 846886 5592 864114
171200 5395 847482 5596 864518
171300 5397 847972 5597 865028
171400 5400 848479 5598 865521
171500 5401 849021 5599 865979
171600 5404 849511 5601 866489
171700 5406 850144 5602 866856
171800 5409 850532 5606 867468
171900 5411 851162 5608 867838
172000 5414 851585 5611 868415
172100 5418 852126 5613 868874
172200 5425 852427 5616 869573
172300 5430 852967 5621 870033
172400 5435 853522 5626 870478
172500 5438 853931 5631 871069
172600 5439 854429 5636 871571
172700 5441 854934 5636 872066
172800 5442 855441 5639 872559
172900 5443 856023 5642 872977
173000 5445 856470 5643 873530
173100 5447 857002 5644 873998
173200 5451 857369 5645 874631
173300 5457 857902 5646 875098
173400 5460 858364 5648 875636
173500 5466 858858 5655 876142
173600 5470 859440 5657 876560
173700 5471 859933 5663 877067
173800 5476 860437 5668 877563
173900 5478 860925 5673 878075
174000 5485 861264 5676 878736
174100 5485 861893 5680 879107
174200 5486 862439 5684 879561
174300 5488 863004 5688 879996
174400 5489 863465 5689 880535
174500 5492 863867 5692 881133
174600 5495 864321 5695 881679
174700 5497 864773 5697 882227
174800 5500 865309 5701 882691
174900 5502 865852 5705 883148
175000 5503 866444 5708 883556
175100 5506 866941 5709 884059
175200 5507 867380 5714 884620
175300 5513 867836 5715 885164
175400 5515 868337 5719 885663
175500 5515 868843 5720 886157
175600 5518 869396 5721 886604
175700 5521 869909 5723 887091
175800 5524 870493 5724 887507
175900 5527 870935 5728 888065
176000 5529 871335 5730 888665
176100 5531 871726 5733 889274
176200 5536 872191 5734 889809
176300 5540 872673 5739 890327
176400 5543 873163 5742 890837
176500 5546 873705 5744 891295
176600 5548 874228 5749 891772
176700 5550 874861 5752 892139
176800 5555 875341 5758 892659
176900 5557 875787 5759 893213
177000 5561 876260 5763 893740
177100 5565 876711 5766 894289
177200 5569 877156 5769 894844
177300 5573 877710 5774 895290
177400 5576 878284 5775 895716
177500 5579 878784 5780 896216
177600 5581 879156 5781 896844
177700 5584 879573 5783 897427
177800 5585 880054 5783 897946
177900 5587 880614 5784 898386
178000 5589 880995 5784 899005
178100 5590 881567 5785 899433
178200 5594 882039 5788 899961
178300 5595 882580 5791 900420
178400 5598 883138 5793 900862
178500 5599 883641 5797 901359
178600 5602 884188 5800 901812
178700 5605 884744 5801 902256
178800 5606 885198 5802 902802
178900 5610 885734 5802 903266
179000 5613 886317 5809 903683
179100 5621 886902 5815 904098
179200 5626 887367 5818 904633
179300 5628 887803 5822 905197
179400 5629 888377 5828 905623
179500 5634 888871 5833 906129
179600 5638 889198 5839 906802
179700 5640 889700 5840 907300
179800 5642 890102 5843 907898
179900 5644 890487 5847 908513
180000 5651 890963 5854 909037
180100 5652 891464 5859 909536
180200 5657 891938 5863 910062
180300 5658 892528 5867 910472
180400 5661 892924 5868 911076
180500 5662 893405 5870 911595
180600 5663 893946 5874 912054
180700 5664 894255 5875 912745
180800 5664 894687 5876 913313
180900 5667 895180 5877 913820
181000 5670 895578 5880 914422
181100 5671 896137 5881 914863
181200 5674 896626 5883 915374
181300 5677 897122 5888 915878
181400 5689 897610 5899 916390
181500 5691 898136 5902 916864
181600 5696 898710 5905 917290
181700 5696 899129 5905 917871
181800 5699 899701 5905 918299
181900 5701 900194 5908 918806
182000 5702 900696 5912 919304
182100 5704 901232 5916 919768
182200 5708 901788 5921 920212
182300 5712 902301 5922 920699
182400 5715 902846 5922 921154
182500 5718 903379 5924 921621
182600 5722 903824 5924 922176
182700 5728 904400 5930 922600
182800 5729 904942 5932 923058
182900 5730 905446 5932 923554
183000 5734 906078 5934 923922
183100 5738 906594 5936 924406
183200 5738 906981 5938 925019
183300 5741 907397 5945 925603
183400 5746 907879 5946 926121
183500 5751 908441 5949 926559
183600 5757 908898 5951 927102
183700 5759 909323 5956 927677
183800 5760 909769 5958 928231
183900 5763 910295 5963 928705
184000 5765 910671 5967 929329
184100 5767 911109 5968 929891
184200 5767 911577 5971 930423
184300 5768 912041 5976 930959
184400 5774 912497 5981 931503
184500 5776 913046 5988 931954
184600 5781 913505 5990 932495
184700 5782 913977 5995 933023
184800 5784 914489 5996 933511
184900 5785 915063 5998 933937
185000 5787 915668 6000 934332
185100 5790 916102 6002 934898
185200 5794 916611 6004 935389
185300 5797 917233 6005 935767
185400 5800 917869 6007 936131
185500 5804 918377 6007 936623
185600 5804 918882 6008 937118
185700 5807 919283 6010 937717
185800 5809 919677 6013 938323
185900 5813 920110 6016 938890
186000 5814 920831 6020 939169
186100 5820 921369 6024 939631
186200 5826 921997 6032 940003
186300 5830 922389 6036 940611
186400 5830 922924 6037 941076
186500 5831 923457 6043 941543
186600 5831 923996 6047 942004
186700 5833 924417 6047 942583
186800 5835 924960 6049 943040
186900 5837 925485 6050 943515
187000 5840 926095 6055 943905
187100 5844 926674 6058 944326
187200 5850 927072 6061 944928
187300 5855 927509 6062 945491
187400 5857 927960 6064 946040
187500 5857 928423 6067 946577
187600 5865 928979 6073 947021
187700 5869 929519 6074 947481
187800 5872 930071 6076 947929
187900 5873 930511 6080 948489
188000 5874 931047 6080 948953
188100 5874 931523 6082 949477
188200 5877 932101 6085 949899
188300 5879 932575 6089 950425
188400 5880 933117 6090 950883
188500 5887 933572 6090 951428
188600 5888 934032 6094 951968
188700 5896 934455 6097 952545
188800 5897 934883 6100 953117
188900 5901 935376 6101 953624
189000 5904 935797 6103 954203
189100 5906 936305 6106 954695
189200 5908 936699 6107 955301
189300 5910 937188 6110 955812
189400 5912 937713 6114 956287
189500 5919 938205 6117 956795
189600 5922 938705 6121 957295
189700 5924 939210 6124 957790
189800 5926 939737 6126 958263
189900 5927 940168 6127 958832
190000 5931 940616 6132 959384
190100 5934 941188 6136 959812
190200 5936 941645 6138 960355
190300 5941 942173 6142 960827
190400 5944 942775 6143 961225
190500 5950 943305 6146 961695
190600 5952 943742 6152 962258
190700 5957 944226 6157 962774
190800 5959 944810 6159 963190
190900 5962 945286 6162 963714
191000 5965 945550 6163 964450
191100 5968 945947 6163 965053
191200 5971 946366 6164 965634
191300 5973 946904 6165 966096
191400 5976 947421 6166 966579
191500 5979 947781 6167 967219
191600 5981 948314 6170 967686
191700 5982 948889 6174 968111
191800 5982 949419 6175 968581
191900 5988 949919 6175 969081
192000 5991 950466 6177 969534
192100 5995 950870 6180 970130
192200 5997 951464 6181 970536
192300 6000 952015 6183 970985
192400 6000 952450 6189 971550
192500 6003 953037 6193 971963
192600 6004 953545 6193 972455
192700 6004 954029 6194 972971
192800 6010 954578 6198 973422
192900 6012 955020 6199 973980
193000 6017 955586 6201 974414
193100 6020 956160 6207 974840
193200 6024 956590 6209 975410
193300 6025 957191 6215 975809
193400 6027 957619 6219 976381
193500 6030 958066 6223 976934
193600 6034 958581 6227 977419
193700 6035 959031 6229 977969
193800 6040 959502 6232 978498
193900 6043 959946 6240 979054
194000 6043 960434 6244 979566
194100 6044 961008 6249 979992
194200 6044 961517 6251 980483
194300 6044 962025 6256 980975
194400 6045 962550 6259 981450
194500 6048 963012 6262 981988
194600 6052 963607 6266 982393
194700 6054 964048 6270 982952
194800 6058 964561 6271 983439
194900 6061 964970 6273 984030
195000 6064 965624 6278 984376
195100 6064 966072 6283 984928
195200 6066 966468 6287 985532
195300 6068 967101 6289 985899
195400 6070 967598 6293 986402
195500 6075 968066 6295 986934
195600 6078 968609 6299 987391
195700 6080 969122 6300 987878
195800 6082 969654 6303 988346
195900 6084 970162 6305 988838
196000 6086 970656 6307 989344
196100 6089 971204 6308 989796
196200 6092 971705 6310 990295
196300 6095 972205 6312 990795
196400 6100 972649 6316 991351
196500 6103 973217 6317 991783
196600 6105 973659 6318 992341
196700 6108 974187 6323 992813
196800 6109 974627 6326 993373
196900 6113 975024 6326 993976
197000 6114 975478 6331 994522
197100 6118 976084 6333 994916
197200 6122 976553 6337 995447
197300 6126 976953 6337 996047
197400 6127 977394 6338 996606
197500 6129 977898 6340 997102
197600 6132 978344 6343 997656
197700 6132 978958 6345 998042
197800 6138 979548 6346 998452
197900 6141 980094 6351 998906
198000 6145 980625 6356 999375
198100 6152 981108 6359 999892
198200 6156 981619 6362 1000381
198300 6159 982149 6368 1000851
198400 6160 982531 6371 1001469
198500 6162 983045 6372 1001955
198600 6166 983509 6375 1002491
198700 6167 984000 6376 1003000
198800 6171 984452 6378 1003548
198900 6175 984845 6379 1004155
199000 6176 985357 6379 1004643
199100 6182 985890 6381 1005110
199200 6184 986581 6382 1005419
199300 6186 987027 6385 1005973
199400 6190 987445 6393 1006555
199500 6191 988091 6396 1006909
199600 6192 988541 6397 1007459
199700 6194 989074 6400 1007926
199800 6196 989484 6407 1008516
199900 6200 989952 6414 1009048
200000 6201 990434 6417 1009566
