#! FIELDS timestep dup_succ dup_attempts kill_succ kill_attempts
#! SET timestep 0.5
#! SET kernel_bandwidth [0.15 0.15]
#! SET kt 1.0
100 134 417 143 583
200 227 829 268 1171
300 332 1119 401 1881
400 429 1512 504 2488
500 509 1894 607 3106
600 563 2235 670 3765
700 619 2659 711 4341
800 665 3113 733 4887
900 694 3574 764 5426
1000 724 4101 793 5899
1100 751 4630 822 6370
1200 774 5123 851 6877
1300 790 5608 874 7392
1400 820 6108 905 7892
1500 847 6635 929 8365
1600 867 7177 947 8823
1700 888 7700 972 9300
1800 909 8186 987 9814
1900 931 8703 1010 10297
2000 961 9232 1032 10768
2100 985 9753 1056 11247
2200 1026 10318 1082 11682
2300 1044 10755 1116 12245
2400 1070 11223 1151 12777
2500 1103 11725 1177 13275
2600 1120 12213 1192 13787
2700 1152 12780 1224 14220
2800 1179 13316 1253 14684
2900 1204 13850 1277 15150
3000 1230 14343 1308 15657
3100 1255 14872 1346 16128
3200 1279 15361 1365 16639
3300 1306 15829 1386 17171
3400 1322 16315 1407 17685
3500 1349 16801 1430 18199
3600 1376 17331 1448 18669
3700 1402 17844 1478 19156
3800 1439 18375 1511 19625
3900 1468 18988 1531 20012
4000 1493 19516 1557 20484
4100 1516 19974 1578 21026
4200 1547 20506 1606 21494
4300 1577 20996 1624 22004
4400 1602 21470 1643 22530
4500 1625 21965 1662 23035
4600 1652 22456 1694 23544
4700 1680 22944 1721 24056
4800 1711 23479 1754 24521
4900 1732 23981 1781 25019
5000 1755 24553 1819 25447
5100 1780 25035 1844 25965
5200 1816 25564 1867 26436
5300 1846 26053 1892 26947
5400 1870 26550 1918 27450
5500 1893 27075 1943 27925
5600 1923 27541 1969 28459
5700 1940 28077 2001 28923
5800 1973 28600 2033 29400
5900 2005 29105 2064 29895
6000 2036 29562 2086 30438
6100 2059 30136 2106 30864
6200 2077 30681 2129 31319
6300 2109 31216 2153 31784
6400 2141 31722 2182 32278
6500 2174 32277 2210 32723
6600 2203 32777 2233 33223
6700 2230 33287 2255 33713
6800 2249 33846 2271 34154
6900 2270 34354 2289 34646
7000 2295 34859 2318 35141
7100 2324 35347 2338 35653
7200 2344 35819 2358 36181
7300 2366 36343 2387 36657
7400 2397 36880 2405 37120
7500 2430 37393 2423 37607
7600 2455 37891 2453 38109
7700 2481 38398 2482 38602
7800 2498 38947 2500 39053
7900 2526 39514 2523 39486
8000 2547 40019 2546 39981
8100 2576 40508 2565 40492
8200 2607 41034 2586 40966
8300 2625 41562 2615 41438
8400 2660 42092 2638 41908
8500 2689 42574 2661 42426
8600 2722 43120 2683 42880
8700 2756 43634 2704 43366
8800 2780 44150 2723 43850
8900 2812 44690 2742 44310
9000 2840 45224 2770 44776
9100 2863 45704 2818 45296
9200 2882 46190 2845 45810
9300 2912 46683 2873 46317
9400 2938 47168 2906 46832
9500 2956 47629 2938 47371
9600 2972 48142 2967 47858
9700 2996 48698 2987 48302
9800 3026 49198 3011 48802
9900 3046 49707 3035 49293
10000 3076 50192 3061 49808
10100 3104 50690 3085 50310
10200 3129 51183 3114 50817
10300 3160 51663 3147 51337
10400 3184 52214 3162 51786
10500 3212 52754 3189 52246
10600 3237 53268 3210 52732
10700 3248 53769 3225 53231
10800 3271 54239 3257 53761
10900 3296 54708 3283 54292
11000 3327 55219 3314 54781
11100 3355 55726 3338 55274
11200 3381 56243 3365 55757
11300 3397 56753 3387 56247
11400 3416 57292 3411 56708
11500 3441 57830 3441 57170
11600 3469 58305 3463 57695
11700 3515 58771 3493 58229
11800 3541 59259 3525 58741
11900 3565 59826 3547 59174
12000 3587 60396 3572 59604
12100 3621 60973 3606 60027
12200 3635 61489 3630 60511
12300 3660 61945 3653 61055
12400 3680 62393 3679 61607
12500 3707 62859 3707 62141
12600 3737 63394 3736 62606
12700 3771 63919 3772 63081
12800 3796 64500 3796 63500
12900 3824 64998 3820 64002
13000 3853 65501 3848 64499
13100 3878 65978 3877 65022
13200 3900 66501 3895 65499
13300 3927 67001 3929 65999
13400 3961 67435 3963 66565
13500 3986 67930 3998 67070
13600 4016 68475 4029 67525
13700 4046 69007 4049 67993
13800 4077 69503 4086 68497
13900 4100 69990 4103 69010
14000 4138 70523 4125 69477
14100 4171 71077 4148 69923
14200 4199 71606 4173 70394
14300 4236 72073 4205 70927
14400 4266 72573 4234 71427
14500 4292 73102 4258 71898
14600 4317 73628 4271 72372
14700 4347 74146 4295 72854
14800 4382 74700 4322 73300
14900 4409 75214 4343 73786
15000 4440 75701 4372 74299
15100 4465 76178 4396 74822
15200 4492 76728 4420 75272
15300 4529 77261 4444 75739
15400 4548 77798 4466 76202
15500 4575 78308 4495 76692
15600 4590 78830 4523 77170
15700 4623 79351 4550 77649
15800 4657 79864 4580 78136
15900 4690 80424 4607 78576
16000 4712 80990 4631 79010
16100 4750 81513 4662 79487
16200 4776 81993 4685 80007
16300 4801 82493 4714 80507
16400 4841 82995 4743 81005
16500 4872 83524 4768 81476
16600 4895 84045 4792 81955
16700 4923 84588 4816 82412
16800 4948 85064 4843 82936
16900 4973 85556 4867 83444
17000 5013 86060 4893 83940
17100 5037 86543 4919 84457
17200 5076 87106 4943 84894
17300 5102 87638 4967 85362
17400 5133 88083 4987 85917
17500 5159 88605 5015 86395
17600 5190 89131 5036 86869
17700 5221 89639 5059 87361
17800 5248 90133 5079 87867
17900 5270 90660 5106 88340
18000 5286 91210 5128 88790
18100 5307 91751 5154 89249
18200 5330 92274 5175 89726
18300 5355 92749 5198 90251
18400 5381 93253 5226 90747
18500 5412 93706 5260 91294
18600 5437 94246 5288 91754
18700 5451 94751 5305 92249
18800 5483 95212 5329 92788
18900 5518 95673 5357 93327
19000 5551 96178 5381 93822
19100 5569 96684 5407 94316
19200 5589 97121 5429 94879
19300 5615 97662 5459 95338
19400 5645 98184 5489 95816
19500 5676 98652 5518 96348
19600 5703 99179 5548 96821
19700 5726 99726 5566 97274
19800 5744 100243 5589 97757
19900 5763 100734 5615 98266
20000 5791 101260 5655 98740
20100 5821 101847 5684 99153
20200 5854 102432 5727 99568
20300 5884 102926 5752 100074
20400 5908 103404 5786 100596
20500 5941 103971 5817 101029
20600 5965 104520 5844 101480
20700 5985 105047 5871 101953
20800 6020 105579 5900 102421
20900 6041 106098 5927 102902
21000 6067 106605 5954 103395
21100 6090 107074 5979 103926
21200 6125 107576 6002 104424
21300 6151 108128 6017 104872
21400 6186 108640 6043 105360
21500 6211 109123 6068 105877
21600 6239 109606 6092 106394
21700 6268 110116 6114 106884
21800 6291 110586 6140 107414
21900 6309 111055 6159 107945
22000 6332 111556 6193 108444
22100 6355 112061 6222 108939
22200 6379 112588 6243 109412
22300 6404 113129 6265 109871
22400 6424 113669 6287 110331
22500 6448 114157 6320 110843
22600 6478 114632 6351 111368
22700 6494 115128 6369 111872
22800 6528 115534 6391 112466
22900 6548 116045 6417 112955
23000 6569 116545 6441 113455
23100 6599 117033 6471 113967
23200 6626 117560 6503 114440
23300 6656 118100 6524 114900
23400 6681 118559 6552 115441
23500 6710 119047 6573 115953
23600 6735 119551 6600 116449
23700 6761 120031 6623 116969
23800 6788 120549 6648 117451
23900 6823 121068 6681 117932
24000 6846 121552 6710 118448
24100 6882 122089 6737 118911
24200 6900 122612 6760 119388
24300 6935 123184 6789 119816
24400 6965 123680 6808 120320
24500 6998 124212 6838 120788
24600 7026 124789 6857 121211
24700 7060 125273 6890 121727
24800 7078 125770 6920 122230
24900 7115 126230 6944 122770
25000 7151 126707 6974 123293
25100 7180 127219 6999 123781
25200 7215 127706 7030 124294
25300 7238 128243 7060 124757
25400 7264 128709 7080 125291
25500 7283 129251 7104 125749
25600 7304 129736 7127 126264
25700 7335 130236 7155 126764
25800 7358 130731 7174 127269
25900 7375 131232 7199 127768
26000 7387 131775 7228 128225
26100 7413 132291 7260 128709
26200 7437 132813 7282 129187
26300 7472 133307 7314 129693
26400 7498 133847 7341 130153
26500 7525 134369 7372 130631
26600 7545 134931 7390 131069
26700 7565 135430 7414 131570
26800 7587 135970 7437 132030
26900 7612 136470 7462 132530
27000 7639 137014 7489 132986
27100 7674 137558 7514 133442
27200 7691 138075 7535 133925
27300 7718 138600 7555 134400
27400 7735 139056 7572 134944
27500 7762 139592 7597 135408
27600 7788 140132 7620 135868
27700 7819 140687 7641 136313
27800 7844 141202 7666 136798
27900 7873 141746 7687 137254
28000 7898 142245 7719 137755
28100 7924 142729 7749 138271
28200 7945 143223 7764 138777
28300 7970 143693 7795 139307
28400 7995 144188 7822 139812
28500 8020 144644 7843 140356
28600 8048 145136 7869 140864
28700 8073 145637 7890 141363
28800 8117 146172 7917 141828
28900 8147 146738 7942 142262
29000 8183 147249 7969 142751
29100 8212 147726 7998 143274
29200 8235 148195 8020 143805
29300 8256 148641 8051 144359
29400 8285 149112 8076 144888
29500 8312 149607 8098 145393
29600 8342 150126 8113 145874
29700 8354 150656 8131 146344
29800 8382 151199 8154 146801
29900 8404 151676 8180 147324
30000 8426 152149 8198 147851
30100 8459 152639 8224 148361
30200 8485 153115 8249 148885
30300 8504 153637 8268 149363
30400 8531 154146 8296 149854
30500 8550 154655 8317 150345
30600 8575 155192 8348 150808
30700 8607 155725 8377 151275
30800 8634 156225 8395 151775
30900 8659 156756 8413 152244
31000 8691 157272 8434 152728
31100 8712 157811 8457 153189
31200 8730 158329 8489 153671
31300 8750 158789 8504 154211
31400 8773 159313 8523 154687
31500 8802 159796 8556 155204
31600 8833 160275 8582 155725
31700 8854 160772 8599 156228
31800 8877 161273 8631 156727
31900 8900 161785 8653 157215
32000 8932 162244 8681 157756
32100 8952 162731 8705 158269
32200 8981 163267 8729 158733
32300 9007 163766 8754 159234
32400 9037 164250 8774 159750
32500 9062 164729 8795 160271
32600 9089 165261 8822 160739
32700 9121 165765 8836 161235
32800 9144 166285 8859 161715
32900 9167 166828 8885 162172
33000 9184 167333 8914 162667
33100 9219 167850 8946 163150
33200 9247 168308 8976 163692
33300 9269 168762 8997 164238
33400 9293 169218 9026 164782
33500 9312 169708 9053 165292
33600 9333 170226 9079 165774
33700 9358 170844 9105 166156
33800 9386 171334 9135 166666
33900 9412 171876 9164 167124
34000 9437 172402 9188 167598
34100 9463 172917 9210 168083
34200 9484 173514 9235 168486
34300 9507 174014 9253 168986
34400 9535 174493 9276 169507
34500 9556 175024 9301 169976
34600 9586 175507 9336 170493
34700 9608 176008 9363 170992
34800 9640 176503 9386 171497
34900 9665 177002 9405 171998
35000 9684 177506 9429 172494
35100 9699 178013 9450 172987
35200 9720 178513 9478 173487
35300 9747 179021 9505 173979
35400 9775 179551 9525 174449
35500 9794 180052 9545 174948
35600 9824 180495 9567 175505
35700 9845 181031 9594 175969
35800 9874 181518 9611 176482
35900 9901 182042 9634 176958
36000 9931 182504 9656 177496
36100 9957 183060 9684 177940
36200 9971 183534 9707 178466
36300 9995 184029 9738 178971
36400 10022 184544 9767 179456
36500 10040 185019 9788 179981
36600 10066 185512 9809 180488
36700 10098 186054 9840 180946
36800 10134 186534 9875 181466
36900 10153 186982 9908 182018
37000 10183 187428 9939 182572
37100 10204 187886 9961 183114
37200 10228 188448 9986 183552
37300 10249 188988 10003 184012
37400 10274 189526 10033 184474
37500 10306 190027 10050 184973
37600 10325 190581 10080 185419
37700 10342 191074 10115 185926
37800 10365 191582 10138 186418
37900 10384 192106 10163 186894
38000 10411 192669 10185 187331
38100 10440 193154 10204 187846
38200 10470 193668 10225 188332
38300 10490 194135 10251 188865
38400 10515 194677 10276 189323
38500 10535 195243 10296 189757
38600 10560 195786 10316 190214
38700 10581 196318 10350 190682
38800 10606 196822 10377 191178
38900 10634 197327 10406 191673
39000 10650 197829 10426 192171
39100 10671 198358 10453 192642
39200 10692 198854 10466 193146
39300 10719 199388 10491 193612
39400 10756 199962 10523 194038
39500 10780 200435 10544 194565
39600 10812 200966 10572 195034
39700 10848 201489 10603 195511
39800 10868 202035 10621 195965
39900 10898 202552 10649 196448
40000 10925 203070 10674 196930
40100 10950 203579 10696 197421
40200 10976 204112 10719 197888
40300 11010 204664 10751 198336
40400 11037 205232 10782 198768
40500 11064 205749 10812 199251
40600 11083 206208 10838 199792
40700 11096 206727 10861 200273
40800 11120 207215 10884 200785
40900 11144 207660 10917 201340
41000 11170 208181 10944 201819
41100 11195 208738 10969 202262
41200 11231 209320 10996 202680
41300 11261 209835 11027 203165
41400 11279 210380 11046 203620
41500 11310 210860 11071 204140
41600 11327 211391 11090 204609
41700 11349 211888 11111 205112
41800 11371 212354 11136 205646
41900 11400 212848 11177 206152
42000 11427 213416 11205 206584
42100 11457 213923 11233 207077
42200 11482 214406 11256 207594
42300 11506 214932 11277 208068
42400 11524 215410 11296 208590
42500 11544 215927 11312 209073
42600 11572 216481 11332 209519
42700 11600 216963 11357 210037
42800 11631 217459 11384 210541
42900 11656 217945 11414 211055
43000 11676 218455 11442 211545
43100 11713 218950 11467 212050
43200 11731 219426 11489 212574
43300 11758 219944 11517 213056
43400 11783 220435 11550 213565
43500 11797 221001 11569 213999
43600 11818 221497 11596 214503
43700 11843 222001 11618 214999
43800 11858 222463 11633 215537
43900 11887 222996 11660 216004
44000 11917 223553 11686 216447
44100 11944 224049 11715 216951
44200 11970 224532 11738 217468
44300 11998 225025 11762 217975
44400 12025 225546 11788 218454
44500 12049 226058 11806 218942
44600 12076 226574 11829 219426
44700 12106 227083 11857 219917
44800 12135 227544 11883 220456
44900 12161 228094 11909 220906
45000 12190 228603 11943 221397
45100 12218 229127 11981 221873
45200 12251 229626 12016 222374
45300 12269 230126 12039 222874
45400 12297 230626 12071 223374
45500 12328 231077 12101 223923
45600 12355 231644 12127 224356
45700 12376 232117 12150 224883
45800 12388 232639 12175 225361
45900 12419 233127 12210 225873
46000 12447 233610 12232 226390
46100 12479 234122 12259 226878
46200 12499 234609 12292 227391
46300 12536 235084 12318 227916
46400 12564 235597 12348 228403
46500 12583 236107 12371 228893
46600 12609 236616 12402 229384
46700 12640 237081 12424 229919
46800 12673 237563 12448 230437
46900 12693 238119 12474 230881
47000 12722 238653 12496 231347
47100 12748 239107 12525 231893
47200 12787 239619 12548 232381
47300 12817 240137 12576 232863
47400 12833 240640 12591 233360
47500 12864 241185 12622 233815
47600 12894 241681 12643 234319
47700 12921 242200 12663 234800
47800 12947 242747 12698 235253
47900 12978 243280 12727 235720
48000 13010 243844 12751 236156
48100 13038 244339 12775 236661
48200 13054 244830 12801 237170
48300 13082 245293 12831 237707
48400 13103 245769 12861 238231
48500 13121 246284 12885 238716
48600 13145 246804 12906 239196
48700 13166 247369 12934 239631
48800 13194 247933 12962 240067
48900 13228 248477 12983 240523
49000 13247 249010 13003 240990
49100 13271 249517 13032 241483
49200 13293 250035 13059 241965
49300 13310 250536 13088 242464
49400 13333 251068 13119 242932
49500 13369 251628 13154 243372
49600 13390 252146 13181 243854
49700 13412 252681 13199 244319
49800 13446 253249 13231 244751
49900 13466 253767 13259 245233
50000 13497 254277 13286 245723
50100 13523 254722 13304 246278
50200 13544 255226 13325 246774
50300 13570 255742 13355 247258
50400 13600 256236 13376 247764
50500 13630 256736 13400 248264
50600 13658 257293 13424 248707
50700 13690 257879 13444 249121
50800 13719 258398 13465 249602
50900 13757 258975 13504 250025
51000 13769 259486 13529 250514
51100 13802 260040 13557 250960
51200 13833 260499 13586 251501
51300 13865 260996 13623 252004
51400 13891 261491 13648 252509
51500 13916 262031 13668 252969
51600 13940 262548 13697 253452
51700 13959 263039 13729 253961
51800 13987 263547 13756 254453
51900 14013 264078 13776 254922
52000 14033 264620 13795 255380
52100 14053 265152 13825 255848
52200 14079 265659 13855 256341
52300 14106 266161 13872 256839
52400 14138 266693 13905 257307
52500 14159 267267 13936 257733
52600 14187 267794 13958 258206
52700 14205 268332 13990 258668
52800 14232 268810 14016 259190
52900 14255 269332 14047 259668
53000 14275 269848 14076 260152
53100 14301 270346 14091 260654
53200 14324 270819 14119 261181
53300 14341 271374 14145 261626
53400 14367 271848 14171 262152
53500 14390 272386 14196 262614
53600 14412 272857 14225 263143
53700 14441 273323 14248 263677
53800 14469 273894 14272 264106
53900 14503 274428 14303 264572
54000 14525 274946 14327 265054
54100 14545 275452 14353 265548
54200 14569 275998 14370 266002
54300 14589 276537 14394 266463
54400 14619 277034 14415 266966
54500 14640 277487 14429 267513
54600 14669 278019 14453 267981
54700 14691 278534 14475 268466
54800 14714 278984 14503 269016
54900 14737 279458 14522 269542
55000 14760 279979 14542 270021
55100 14789 280479 14571 270521
55200 14818 281051 14597 270949
55300 14848 281542 14623 271458
55400 14868 282061 14646 271939
55500 14890 282639 14674 272361
55600 14917 283177 14705 272823
55700 14943 283654 14736 273346
55800 14981 284219 14768 273781
55900 15009 284774 14782 274226
56000 15036 285275 14804 274725
56100 15063 285781 14830 275219
56200 15087 286244 14851 275756
56300 15114 286807 14876 276193
56400 15131 287266 14893 276734
56500 15166 287750 14924 277250
56600 15198 288217 14957 277783
56700 15229 288699 14990 278301
56800 15251 289241 15016 278759
56900 15275 289732 15043 279268
57000 15300 290262 15067 279738
57100 15329 290775 15086 280225
57200 15354 291320 15115 280680
57300 15382 291818 15141 281182
57400 15411 292270 15165 281730
57500 15436 292817 15190 282183
57600 15463 293348 15220 282652
57700 15491 293862 15246 283138
57800 15523 294332 15272 283668
57900 15547 294823 15308 284177
58000 15575 295375 15325 284625
58100 15609 295929 15348 285071
58200 15630 296553 15369 285447
58300 15654 297064 15400 285936
58400 15679 297567 15418 286433
58500 15710 298078 15441 286922
58600 15724 298577 15464 287423
58700 15750 299131 15485 287869
58800 15782 299645 15509 288355
58900 15808 300145 15543 288855
59000 15833 300595 15573 289405
59100 15859 301046 15604 289954
59200 15878 301566 15630 290434
59300 15904 302078 15655 290922
59400 15917 302591 15680 291409
59500 15941 303107 15709 291893
59600 15969 303699 15734 292301
59700 15995 304188 15756 292812
59800 16031 304726 15788 293274
59900 16051 305176 15807 293824
60000 16079 305688 15837 294312
60100 16110 306235 15865 294765
60200 16139 306776 15895 295224
60300 16166 307349 15923 295651
60400 16190 307889 15947 296111
60500 16214 308392 15969 296608
60600 16248 308898 15991 297102
60700 16259 309362 16011 297638
60800 16289 309940 16040 298060
60900 16316 310459 16069 298541
61000 16346 311017 16100 298983
61100 16372 311492 16130 299508
61200 16400 311975 16151 300025
61300 16419 312541 16174 300459
61400 16450 313083 16205 300917
61500 16470 313591 16228 301409
61600 16510 314060 16247 301940
61700 16529 314597 16268 302403
61800 16555 315124 16296 302876
61900 16576 315711 16327 303289
62000 16600 316282 16351 303718
62100 16631 316803 16376 304197
62200 16662 317328 16400 304672
62300 16688 317799 16424 305201
62400 16714 318379 16443 305621
62500 16738 318961 16459 306039
62600 16782 319491 16487 306509
62700 16811 320042 16511 306958
62800 16846 320563 16538 307437
62900 16871 321076 16569 307924
63000 16903 321597 16594 308403
63100 16923 322085 16621 308915
63200 16947 322617 16643 309383
63300 16974 323148 16662 309852
63400 16996 323675 16692 310325
63500 17018 324234 16727 310766
63600 17044 324750 16760 311250
63700 17064 325280 16786 311720
63800 17082 325868 16818 312132
63900 17101 326362 16841 312638
64000 17127 326885 16881 313115
64100 17149 327394 16914 313606
64200 17168 327901 16946 314099
64300 17187 328428 16962 314572
64400 17208 328923 16986 315077
64500 17246 329430 17014 315570
64600 17275 329954 17054 316046
64700 17300 330474 17075 316526
64800 17327 330960 17106 317040
64900 17367 331487 17131 317513
65000 17389 331945 17153 318055
65100 17419 332412 17176 318588
65200 17450 332911 17197 319089
65300 17475 333375 17225 319625
65400 17500 333859 17247 320141
65500 17529 334345 17271 320655
65600 17552 334795 17302 321205
65700 17579 335345 17342 321655
65800 17611 335883 17380 322117
65900 17637 336377 17408 322623
66000 17668 336922 17437 323078
66100 17693 337472 17460 323528
66200 17719 337999 17488 324001
66300 17745 338517 17519 324483
66400 17772 339093 17541 324907
66500 17797 339678 17560 325322
66600 17821 340152 17583 325848
66700 17846 340582 17616 326418
66800 17869 341044 17636 326956
66900 17903 341514 17669 327486
67000 17929 342020 17710 327980
67100 17964 342549 17739 328451
67200 17998 343020 17759 328980
67300 18030 343500 17779 329500
67400 18047 343970 17798 330030
67500 18067 344526 17829 330474
67600 18082 345028 17846 330972
67700 18112 345541 17870 331459
67800 18134 346032 17894 331968
67900 18165 346613 17925 332387
68000 18191 347148 17949 332852
68100 18220 347650 17973 333350
68200 18239 348193 18011 333807
68300 18258 348670 18035 334330
68400 18280 349164 18066 334836
68500 18302 349658 18095 335342
68600 18334 350163 18119 335837
68700 18362 350694 18148 336306
68800 18380 351135 18171 336865
68900 18403 351576 18198 337424
69000 18427 352128 18219 337872
69100 18449 352587 18236 338413
69200 18473 353097 18259 338903
69300 18503 353641 18284 339359
69400 18532 354169 18312 339831
69500 18554 354726 18333 340274
69600 18570 355260 18355 340740
69700 18599 355804 18375 341196
69800 18622 356294 18395 341706
69900 18645 356807 18411 342193
70000 18673 357390 18440 342610
70100 18693 357849 18472 343151
70200 18722 358315 18490 343685
70300 18756 358853 18526 344147
70400 18772 359364 18545 344636
70500 18798 359868 18571 345132
70600 18826 360372 18593 345628
70700 18850 360852 18616 346148
70800 18875 361292 18634 346708
70900 18905 361771 18655 347229
71000 18933 362324 18684 347676
71100 18955 362850 18711 348150
71200 18983 363335 18735 348665
71300 19004 363821 18756 349179
71400 19023 364293 18775 349707
71500 19050 364760 18795 350240
71600 19074 365221 18817 350779
71700 19099 365699 18843 351301
71800 19134 366247 18874 351753
71900 19159 366819 18896 352181
72000 19178 367350 18917 352650
72100 19195 367861 18940 353139
72200 19218 368419 18971 353581
72300 19244 368951 18997 354049
72400 19273 369507 19031 354493
72500 19303 369988 19050 355012
72600 19336 370472 19070 355528
72700 19355 370984 19091 356016
72800 19381 371513 19117 356487
72900 19403 372061 19136 356939
73000 19431 372581 19163 357419
73100 19452 373168 19185 357832
73200 19475 373702 19206 358298
73300 19504 374202 19232 358798
73400 19531 374620 19262 359380
73500 19551 375155 19290 359845
73600 19575 375660 19326 360340
73700 19605 376145 19357 360855
73800 19629 376641 19383 361359
73900 19652 377122 19399 361878
74000 19674 377652 19426 362348
74100 19708 378220 19452 362780
74200 19729 378696 19473 363304
74300 19755 379205 19504 363795
74400 19789 379723 19538 364277
74500 19816 380199 19558 364801
74600 19837 380636 19579 365364
74700 19871 381128 19602 365872
74800 19896 381687 19634 366313
74900 19923 382259 19659 366741
75000 19960 382774 19687 367226
75100 19985 383266 19729 367734
75200 20020 383793 19771 368207
75300 20058 384322 19808 368678
75400 20089 384855 19833 369145
75500 20111 385339 19851 369661
75600 20139 385846 19879 370154
75700 20168 386356 19911 370644
75800 20192 386925 19941 371075
75900 20210 387442 19967 371558
76000 20243 387940 20001 372060
76100 20271 388429 20037 372571
76200 20296 388939 20059 373061
76300 20316 389493 20096 373507
76400 20347 390006 20119 373994
76500 20374 390484 20145 374516
76600 20402 390938 20173 375062
76700 20437 391448 20205 375552
76800 20455 391959 20231 376041
76900 20469 392467 20265 376533
77000 20488 392961 20281 377039
77100 20523 393453 20305 377547
77200 20537 393936 20318 378064
77300 20563 394445 20343 378555
77400 20593 394941 20367 379059
77500 20624 395434 20389 379566
77600 20658 395942 20409 380058
77700 20683 396437 20429 380563
77800 20723 396906 20457 381094
77900 20753 397407 20486 381593
78000 20773 397873 20506 382127
78100 20799 398354 20527 382646
78200 20817 398860 20552 383140
78300 20837 399372 20576 383628
78400 20862 399845 20594 384155
78500 20884 400362 20623 384638
78600 20899 400839 20643 385161
78700 20918 401343 20676 385657
78800 20948 401872 20703 386128
78900 20980 402346 20735 386654
79000 21001 402894 20770 387106
79100 21039 403369 20794 387631
79200 21074 403884 20826 388116
79300 21099 404401 20847 388599
79400 21128 404906 20870 389094
79500 21153 405381 20897 389619
79600 21176 405887 20922 390113
79700 21199 406395 20944 390605
79800 21227 406920 20964 391080
79900 21253 407423 20987 391577
80000 21274 407895 21017 392105
80100 21295 408457 21055 392543
80200 21317 408971 21075 393029
80300 21340 409524 21103 393476
80400 21359 410038 21128 393962
80500 21384 410541 21145 394459
80600 21413 411076 21175 394924
80700 21429 411574 21195 395426
80800 21444 412089 21214 395911
80900 21462 412588 21241 396412
81000 21490 413085 21274 396915
81100 21519 413543 21312 397457
81200 21543 414077 21342 397923
81300 21569 414588 21380 398412
81400 21596 415071 21400 398929
81500 21625 415583 21435 399417
81600 21651 416057 21458 399943
81700 21684 416506 21491 400494
81800 21717 417026 21527 400974
81900 21731 417464 21558 401536
82000 21759 417959 21589 402041
82100 21789 418510 21606 402490
82200 21812 419084 21631 402916
82300 21841 419566 21643 403434
82400 21867 420087 21667 403913
82500 21895 420570 21694 404430
82600 21916 421059 21717 404941
82700 21946 421542 21746 405458
82800 21961 422077 21774 405923
82900 21984 422593 21799 406407
83000 22016 423112 21835 406888
83100 22049 423597 21858 407403
83200 22072 424109 21879 407891
83300 22107 424635 21907 408365
83400 22130 425171 21927 408829
83500 22164 425680 21955 409320
83600 22193 426193 21992 409807
83700 22222 426732 22011 410268
83800 22250 427245 22031 410755
83900 22273 427736 22048 411264
84000 22299 428247 22065 411753
84100 22318 428765 22094 412235
84200 22340 429324 22114 412676
84300 22376 429849 22143 413151
84400 22399 430349 22177 413651
84500 22424 430871 22200 414129
84600 22451 431387 22232 414613
84700 22472 431895 22260 415105
84800 22498 432397 22292 415603
84900 22531 432917 22313 416083
85000 22555 433504 22334 416496
85100 22591 434076 22365 416924
85200 22617 434615 22388 417385
85300 22648 435152 22416 417848
85400 22672 435676 22440 418324
85500 22697 436223 22467 418777
85600 22724 436746 22498 419254
85700 22747 437231 22523 419769
85800 22769 437718 22541 420282
85900 22788 438250 22561 420750
86000 22813 438758 22589 421242
86100 22835 439249 22617 421751
86200 22858 439739 22636 422261
86300 22889 440257 22658 422743
86400 22916 440710 22679 423290
86500 22952 441249 22712 423751
86600 22978 441827 22732 424173
86700 23012 442384 22762 424616
86800 23027 442901 22789 425099
86900 23054 443371 22822 425629
87000 23090 443889 22851 426111
87100 23122 444402 22890 426598
87200 23143 444927 22902 427073
87300 23173 445470 22938 427530
87400 23207 445952 22955 428048
87500 23236 446424 22970 428576
87600 23258 446927 22995 429073
87700 23283 447431 23030 429569
87800 23307 447926 23057 430074
87900 23329 448452 23086 430548
88000 23348 448943 23100 431057
88100 23371 449445 23124 431555
88200 23395 449994 23143 432006
88300 23415 450523 23163 432477
88400 23443 451124 23195 432876
88500 23461 451624 23214 433376
88600 23484 452150 23237 433850
88700 23521 452629 23260 434371
88800 23541 453148 23277 434852
88900 23564 453617 23301 435383
89000 23587 454102 23329 435898
89100 23611 454589 23353 436411
89200 23633 455078 23383 436922
89300 23656 455621 23414 437379
89400 23685 456125 23440 437875
89500 23706 456661 23464 438339
89600 23731 457162 23488 438838
89700 23750 457636 23510 439364
89800 23770 458169 23540 439831
89900 23804 458656 23563 440344
90000 23830 459166 23586 440834
90100 23849 459709 23609 441291
90200 23867 460252 23620 441748
90300 23897 460709 23642 442291
90400 23934 461201 23669 442799
90500 23962 461700 23692 443300
90600 23993 462200 23726 443800
90700 24009 462724 23747 444276
90800 24036 463213 23777 444787
90900 24054 463725 23809 445275
91000 24086 464208 23844 445792
91100 24105 464746 23865 446254
91200 24130 465256 23896 446744
91300 24165 465809 23925 447191
91400 24202 466349 23959 447651
91500 24228 466853 23989 448147
91600 24256 467346 24006 448654
91700 24288 467843 24030 449157
91800 24310 468325 24045 449675
91900 24334 468843 24069 450157
92000 24353 469377 24094 450623
92100 24385 469976 24117 451024
92200 24403 470483 24142 451517
92300 24424 470975 24168 452025
92400 24451 471505 24211 452495
92500 24477 472025 24224 452975
92600 24499 472515 24255 453485
92700 24529 473016 24282 453984
92800 24550 473512 24315 454488
92900 24574 473990 24338 455010
93000 24599 474575 24367 455425
93100 24624 475108 24389 455892
93200 24648 475657 24424 456343
93300 24672 476148 24451 456852
93400 24702 476637 24476 457363
93500 24727 477119 24505 457881
93600 24749 477584 24537 458416
93700 24774 478111 24570 458889
93800 24809 478619 24599 459381
93900 24835 479134 24623 459866
94000 24881 479625 24659 460375
94100 24905 480118 24684 460882
94200 24930 480689 24706 461311
94300 24955 481204 24722 461796
94400 24984 481701 24740 462299
94500 25022 482213 24777 462787
94600 25043 482743 24804 463257
94700 25073 483271 24842 463729
94800 25098 483762 24869 464238
94900 25127 484279 24891 464721
95000 25154 484739 24921 465261
95100 25179 485216 24948 465784
95200 25204 485743 24971 466257
95300 25234 486299 24993 466701
95400 25258 486813 25016 467187
95500 25292 487299 25034 467701
95600 25322 487822 25076 468178
95700 25344 488279 25095 468721
95800 25373 488763 25120 469237
95900 25405 489232 25153 469768
96000 25428 489691 25180 470309
96100 25458 490223 25213 470777
96200 25473 490700 25245 471300
96300 25500 491250 25271 471750
96400 25531 491813 25294 472187
96500 25560 492332 25313 472668
96600 25582 492772 25339 473228
96700 25606 493270 25368 473730
96800 25634 493754 25388 474246
96900 25657 494254 25409 474746
97000 25683 494763 25439 475237
97100 25708 495283 25463 475717
97200 25736 495775 25484 476225
97300 25763 496266 25508 476734
97400 25776 496765 25536 477235
97500 25802 497316 25562 477684
97600 25833 497836 25591 478164
97700 25857 498350 25619 478650
97800 25886 498895 25640 479105
97900 25917 499469 25663 479531
98000 25938 499929 25692 480071
98100 25961 500424 25715 480576
98200 25990 500958 25735 481042
98300 26012 501464 25761 481536
98400 26023 501929 25780 482071
98500 26055 502475 25801 482525
98600 26082 502981 25824 483019
98700 26109 503480 25840 483520
98800 26142 503964 25870 484036
98900 26169 504454 25887 484546
99000 26187 504984 25911 485016
99100 26219 505548 25944 485452
99200 26250 506098 25970 485902
99300 26269 506604 25988 486396
99400 26296 507124 26016 486876
99500 26325 507642 26055 487358
99600 26341 508113 26070 487887
99700 26372 508649 26090 488351
99800 26401 509194 26122 488806
99900 26437 509701 26154 489299
100000 26470 510246 26177 489754
100100 26486 510743 26200 490257
100200 26507 511208 26225 490792
100300 26535 511715 26247 491285
100400 26554 512249 26264 491751
100500 26577 512805 26287 492195
100600 26619 513363 26322 492637
100700 26642 513881 26354 493119
100800 26667 514337 26386 493663
100900 26700 514819 26413 494181
101000 26738 515336 26445 494664
101100 26762 515861 26479 495139
101200 26792 516352 26504 495648
101300 26818 516813 26531 496187
101400 26842 517293 26556 496707
101500 26874 517790 26583 497210
101600 26894 518283 26603 497717
101700 26917 518831 26632 498169
101800 26941 519305 26663 498695
101900 26971 519797 26693 499203
102000 27007 520367 26716 499633
102100 27031 520922 26744 500078
102200 27049 521396 26761 500604
102300 27077 521867 26786 501133
102400 27095 522328 26804 501672
102500 27124 522783 26825 502217
102600 27154 523279 26852 502721
102700 27181 523774 26877 503226
102800 27206 524313 26905 503687
102900 27235 524868 26934 504132
103000 27262 525367 26962 504633
103100 27278 525874 26984 505126
103200 27293 526335 27007 505665
103300 27318 526796 27043 506204
103400 27343 527311 27063 506689
103500 27376 527831 27092 507169
103600 27412 528357 27123 507643
103700 27448 528901 27155 508099
103800 27478 529434 27178 508566
103900 27499 529998 27207 509002
104000 27522 530478 27222 509522
104100 27541 530993 27242 510007
104200 27576 531510 27279 510490
104300 27597 532012 27301 510988
104400 27627 532525 27338 511475
104500 27645 533023 27373 511977
104600 27677 533518 27403 512482
104700 27700 534017 27429 512983
104800 27729 534556 27460 513444
104900 27758 535055 27483 513945
105000 27785 535564 27510 514436
105100 27815 536097 27538 514903
105200 27850 536602 27567 515398
105300 27879 537096 27599 515904
105400 27904 537623 27629 516377
105500 27931 538167 27653 516833
105600 27952 538681 27675 517319
105700 27976 539198 27698 517802
105800 28010 539648 27727 518352
105900 28032 540165 27752 518835
106000 28062 540663 27780 519337
106100 28084 541159 27811 519841
106200 28108 541681 27835 520319
106300 28138 542204 27872 520796
106400 28170 542674 27910 521326
106500 28200 543129 27930 521871
106600 28238 543656 27950 522344
106700 28270 544161 27975 522839
106800 28310 544615 28012 523385
106900 28342 545176 28045 523824
107000 28376 545714 28065 524286
107100 28402 546197 28086 524803
107200 28420 546740 28109 525260
107300 28444 547296 28136 525704
107400 28465 547808 28162 526192
107500 28484 548310 28173 526690
107600 28505 548792 28199 527208
107700 28523 549312 28229 527688
107800 28543 549775 28257 528225
107900 28571 550318 28290 528682
108000 28590 550847 28316 529153
108100 28611 551328 28337 529672
108200 28632 551816 28366 530184
108300 28665 552294 28393 530706
108400 28689 552780 28413 531220
108500 28716 553271 28445 531729
108600 28740 553786 28474 532214
108700 28766 554322 28504 532678
108800 28789 554885 28534 533115
108900 28802 555371 28564 533629
109000 28823 555892 28584 534108
109100 28839 556430 28604 534570
109200 28868 556920 28632 535080
109300 28895 557418 28665 535582
109400 28909 557965 28686 536035
109500 28940 558532 28718 536468
109600 28966 559012 28751 536988
109700 28986 559511 28785 537489
109800 29006 560036 28812 537964
109900 29035 560575 28832 538425
110000 29060 561066 28867 538934
110100 29095 561546 28894 539454
110200 29114 562058 28919 539942
110300 29141 562550 28950 540450
110400 29177 563084 28982 540916
110500 29199 563587 28997 541413
110600 29226 564101 29027 541899
110700 29243 564557 29058 542443
110800 29257 565062 29084 542938
110900 29279 565609 29107 543391
111000 29302 566034 29141 543966
111100 29325 566534 29166 544466
111200 29354 567039 29210 544961
111300 29380 567546 29238 545454
111400 29398 568077 29261 545923
111500 29439 568615 29291 546385
111600 29468 569101 29322 546899
111700 29494 569576 29351 547424
111800 29525 570036 29369 547964
111900 29561 570541 29397 548459
112000 29577 571080 29432 548920
112100 29607 571647 29455 549353
112200 29637 572168 29488 549832
112300 29666 572661 29518 550339
112400 29688 573151 29541 550849
112500 29714 573646 29577 551354
112600 29733 574192 29600 551808
112700 29770 574677 29627 552323
112800 29794 575148 29664 552852
112900 29821 575708 29691 553292
113000 29845 576201 29714 553799
113100 29869 576662 29743 554338
113200 29893 577113 29773 554887
113300 29923 577602 29798 555398
113400 29944 578077 29822 555923
113500 29976 578601 29849 556399
113600 30002 579102 29870 556898
113700 30020 579563 29899 557437
113800 30046 580105 29926 557895
113900 30067 580550 29939 558450
114000 30077 581065 29967 558935
114100 30104 581604 29997 559396
114200 30132 582161 30017 559839
114300 30149 582675 30035 560325
114400 30185 583233 30066 560767
114500 30207 583771 30088 561229
114600 30231 584289 30111 561711
114700 30258 584853 30128 562147
114800 30275 585373 30150 562627
114900 30291 585834 30176 563166
115000 30316 586376 30201 563624
115100 30351 586844 30234 564156
115200 30378 587333 30267 564667
115300 30399 587838 30297 565162
115400 30428 588327 30321 565673
115500 30453 588852 30345 566148
115600 30487 589362 30375 566638
115700 30512 589892 30406 567108
115800 30557 590428 30441 567572
115900 30581 591003 30461 567997
116000 30610 591594 30488 568406
116100 30643 592108 30507 568892
116200 30669 592640 30542 569360
116300 30698 593102 30582 569898
116400 30717 593602 30609 570398
116500 30745 594093 30637 570907
116600 30768 594562 30659 571438
116700 30796 595067 30684 571933
116800 30821 595565 30710 572435
116900 30844 596045 30724 572955
117000 30876 596556 30749 573444
117100 30906 597051 30782 573949
117200 30934 597531 30805 574469
117300 30964 598047 30843 574953
117400 30998 598634 30865 575366
117500 31023 599131 30898 575869
117600 31051 599680 30928 576320
117700 31083 600221 30957 576779
117800 31117 600780 30981 577220
117900 31148 601298 31004 577702
118000 31177 601811 31024 578189
118100 31200 602334 31045 578666
118200 31222 602777 31064 579223
118300 31248 603281 31089 579719
118400 31268 603740 31113 580260
118500 31288 604210 31141 580790
118600 31316 604738 31158 581262
118700 31338 605301 31172 581699
118800 31363 605787 31194 582213
118900 31389 606277 31230 582723
119000 31415 606774 31254 583226
119100 31430 607273 31280 583727
119200 31470 607838 31303 584162
119300 31501 608398 31325 584602
119400 31523 608865 31349 585135
119500 31552 609412 31375 585588
119600 31590 609930 31408 586070
119700 31621 610460 31429 586540
119800 31645 610984 31457 587016
119900 31665 611522 31483 587478
120000 31688 612058 31514 587942
120100 31714 612579 31538 588421
120200 31741 613075 31566 588925
120300 31772 613595 31587 589405
120400 31794 614166 31605 589834
120500 31819 614675 31630 590325
120600 31843 615156 31651 590844
120700 31873 615641 31673 591359
120800 31905 616184 31699 591816
120900 31937 616715 31718 592285
121000 31959 617181 31747 592819
121100 31986 617753 31772 593247
121200 32020 618251 31791 593749
121300 32048 618779 31828 594221
121400 32085 619334 31861 594666
121500 32109 619942 31891 595058
121600 32140 620483 31918 595517
121700 32166 621010 31942 595990
121800 32185 621536 31971 596464
121900 32211 622063 32002 596937
122000 32236 622588 32037 597412
122100 32272 623112 32065 597888
122200 32294 623585 32091 598415
122300 32330 624094 32120 598906
122400 32351 624589 32154 599411
122500 32380 625048 32179 599952
122600 32400 625611 32203 600389
122700 32420 626115 32221 600885
122800 32437 626654 32241 601346
122900 32479 627186 32273 601814
123000 32519 627743 32303 602257
123100 32534 628284 32319 602716
123200 32564 628684 32355 603316
123300 32594 629203 32386 603797
123400 32623 629713 32407 604287
123500 32655 630261 32432 604739
123600 32676 630789 32465 605211
123700 32695 631343 32489 605657
123800 32724 631828 32514 606172
123900 32753 632351 32539 606649
124000 32773 632859 32559 607141
124100 32800 633367 32589 607633
124200 32814 633826 32609 608174
124300 32840 634263 32637 608737
124400 32862 634801 32660 609199
124500 32894 635282 32689 609718
124600 32921 635801 32716 610199
124700 32948 636351 32734 610649
124800 32980 636856 32759 611144
124900 33008 637337 32786 611663
125000 33035 637797 32812 612203
125100 33069 638315 32837 612685
125200 33099 638852 32864 613148
125300 33120 639322 32884 613678
125400 33142 639834 32904 614166
125500 33168 640323 32931 614677
125600 33195 640781 32966 615219
125700 33231 641261 32984 615739
125800 33252 641771 33016 616229
125900 33281 642288 33035 616712
126000 33302 642792 33055 617208
126100 33324 643250 33081 617750
126200 33347 643711 33109 618289
126300 33381 644209 33135 618791
126400 33400 644689 33161 619311
126500 33428 645204 33194 619796
126600 33450 645727 33216 620273
126700 33478 646309 33243 620691
126800 33513 646822 33268 621178
126900 33541 647365 33297 621635
127000 33571 647827 33325 622173
127100 33600 648270 33344 622730
127200 33623 648847 33380 623153
127300 33654 649368 33399 623632
127400 33681 649883 33422 624117
127500 33702 650411 33452 624589
127600 33725 650916 33477 625084
127700 33748 651376 33506 625624
127800 33769 651897 33531 626103
127900 33793 652381 33550 626619
128000 33823 652899 33577 627101
128100 33853 653448 33604 627552
128200 33887 654003 33626 627997
128300 33904 654526 33655 628474
128400 33937 655108 33686 628892
128500 33954 655592 33719 629408
128600 33981 656146 33738 629854
128700 34006 656636 33767 630364
128800 34035 657162 33791 630838
128900 34061 657679 33826 631321
129000 34090 658155 33858 631845
129100 34128 658698 33882 632302
129200 34156 659180 33908 632820
129300 34181 659688 33945 633312
129400 34208 660184 33986 633816
129500 34247 660705 34016 634295
129600 34276 661186 34050 634814
129700 34299 661704 34073 635296
129800 34328 662201 34093 635799
129900 34353 662738 34119 636262
130000 34379 663225 34139 636775
130100 34402 663743 34156 637257
130200 34423 664254 34180 637746
130300 34453 664773 34202 638227
130400 34474 665328 34224 638672
130500 34499 665845 34250 639155
130600 34519 666329 34276 639671
130700 34548 666808 34309 640192
130800 34574 667323 34329 640677
130900 34607 667828 34357 641172
131000 34634 668321 34392 641679
131100 34661 668759 34405 642241
131200 34694 669268 34432 642732
131300 34717 669806 34455 643194
131400 34742 670315 34480 643685
131500 34769 670789 34507 644211
131600 34814 671289 34542 644711
131700 34841 671825 34573 645175
131800 34865 672371 34598 645629
131900 34899 672864 34630 646136
132000 34923 673386 34653 646614
132100 34939 673899 34676 647101
132200 34960 674395 34700 647605
132300 34985 674918 34716 648082
132400 35008 675419 34731 648581
132500 35028 675891 34757 649109
132600 35054 676373 34777 649627
132700 35086 676905 34803 650095
132800 35111 677392 34826 650608
132900 35130 677913 34841 651087
133000 35155 678441 34858 651559
133100 35185 678992 34886 652008
133200 35205 679513 34911 652487
133300 35241 680011 34937 652989
133400 35268 680571 34961 653429
133500 35288 681093 34980 653907
133600 35321 681606 35003 654394
133700 35353 682069 35026 654931
133800 35377 682600 35047 655400
133900 35409 683097 35082 655903
134000 35434 683648 35106 656352
134100 35457 684158 35125 656842
134200 35475 684670 35145 657330
134300 35500 685159 35173 657841
134400 35533 685705 35201 658295
134500 35570 686313 35232 658687
134600 35606 686816 35259 659184
134700 35628 687352 35286 659648
134800 35659 687839 35307 660161
134900 35687 688371 35332 660629
135000 35712 688876 35349 661124
135100 35726 689358 35366 661642
135200 35757 689887 35391 662113
135300 35779 690363 35410 662637
135400 35806 690872 35433 663128
135500 35827 691377 35466 663623
135600 35850 691829 35493 664171
135700 35870 692346 35518 664654
135800 35901 692879 35544 665121
135900 35922 693389 35568 665611
136000 35942 693861 35592 666139
136100 35977 694337 35619 666663
136200 35996 694880 35643 667120
136300 36029 695335 35666 667665
136400 36065 695854 35699 668146
136500 36095 696347 35722 668653
136600 36118 696841 35738 669159
136700 36148 697395 35774 669605
136800 36180 697920 35801 670080
136900 36201 698480 35818 670520
137000 36229 699002 35845 670998
137100 36256 699461 35857 671539
137200 36278 699982 35891 672018
137300 36303 700487 35910 672513
137400 36327 701022 35931 672978
137500 36355 701526 35965 673474
137600 36396 701976 35997 674024
137700 36426 702515 36011 674485
137800 36450 703012 36036 674988
137900 36468 703552 36065 675448
138000 36492 704054 36089 675946
138100 36520 704560 36119 676440
138200 36540 705088 36132 676912
138300 36559 705569 36150 677431
138400 36580 706074 36176 677926
138500 36606 706539 36201 678461
138600 36628 707080 36234 678920
138700 36650 707527 36255 679473
138800 36676 707988 36278 680012
138900 36702 708473 36298 680527
139000 36727 708965 36319 681035
139100 36755 709459 36349 681541
139200 36791 709957 36383 682043
139300 36812 710447 36402 682553
139400 36830 710951 36426 683049
139500 36850 711425 36450 683575
139600 36885 711961 36469 684039
139700 36911 712480 36500 684520
139800 36932 712957 36528 685043
139900 36975 713490 36555 685510
140000 36993 713977 36567 686023
140100 37024 714466 36586 686534
140200 37043 714951 36610 687049
140300 37061 715421 36636 687579
140400 37087 715921 36653 688079
140500 37114 716397 36679 688603
140600 37138 716910 36704 689090
140700 37162 717463 36726 689537
140800 37186 717944 36753 690056
140900 37199 718416 36777 690584
141000 37222 718931 36801 691069
141100 37240 719409 36818 691591
141200 37258 719938 36840 692062
141300 37283 720388 36862 692612
141400 37304 720937 36893 693063
141500 37335 721394 36914 693606
141600 37359 721926 36949 694074
141700 37386 722451 36976 694549
141800 37421 722991 37001 695009
141900 37446 723502 37028 695498
142000 37474 724062 37057 695938
142100 37499 724540 37076 696460
142200 37525 725060 37098 696940
142300 37541 725562 37127 697438
142400 37561 726062 37138 697938
142500 37587 726619 37164 698381
142600 37605 727087 37197 698913
142700 37630 727540 37221 699460
142800 37664 728019 37246 699981
142900 37695 728570 37281 700430
143000 37721 729079 37305 700921
143100 37745 729614 37323 701386
143200 37769 730146 37345 701854
143300 37810 730692 37370 702308
143400 37836 731173 37396 702827
143500 37865 731694 37421 703306
143600 37903 732197 37443 703803
143700 37925 732648 37477 704352
143800 37956 733134 37514 704866
143900 37988 733601 37538 705399
144000 38017 734084 37564 705916
144100 38039 734616 37593 706384
144200 38061 735130 37609 706870
144300 38081 735621 37637 707379
144400 38120 736184 37666 707816
144500 38138 736653 37690 708347
144600 38161 737068 37719 708932
144700 38192 737547 37746 709453
144800 38210 738098 37773 709902
144900 38241 738637 37791 710363
145000 38270 739140 37815 710860
145100 38301 739645 37839 711355
145200 38336 740141 37872 711859
145300 38362 740582 37897 712418
145400 38382 741046 37918 712954
145500 38408 741530 37940 713470
145600 38429 742018 37960 713982
145700 38444 742547 37979 714453
145800 38469 743023 38005 714977
145900 38495 743528 38035 715472
146000 38514 744028 38059 715972
146100 38536 744512 38084 716488
146200 38567 745065 38106 716935
146300 38598 745591 38132 717409
146400 38620 746073 38153 717927
146500 38641 746580 38174 718420
146600 38661 747113 38205 718887
146700 38683 747640 38224 719360
146800 38715 748210 38256 719790
146900 38745 748715 38283 720285
147000 38768 749188 38300 720812
147100 38790 749708 38321 721292
147200 38813 750229 38350 721771
147300 38833 750681 38381 722319
147400 38863 751173 38400 722827
147500 38886 751655 38425 723345
147600 38911 752186 38448 723814
147700 38937 752672 38473 724328
147800 38960 753122 38494 724878
147900 38983 753632 38517 725368
148000 39010 754141 38548 725859
148100 39051 754691 38574 726309
148200 39078 755204 38603 726796
148300 39099 755667 38631 727333
148400 39119 756178 38659 727822
148500 39144 756709 38681 728291
148600 39174 757190 38707 728810
148700 39204 757685 38737 729315
148800 39228 758197 38765 729803
148900 39259 758698 38785 730302
149000 39277 759192 38802 730808
149100 39296 759721 38818 731279
149200 39323 760208 38841 731792
149300 39353 760745 38867 732255
149400 39376 761316 38896 732684
149500 39399 761867 38925 733133
149600 39426 762442 38952 733558
149700 39443 762948 38979 734052
149800 39465 763465 39010 734535
149900 39491 763999 39032 735001
150000 39530 764566 39060 735434
150100 39556 765049 39091 735951
150200 39579 765566 39119 736434
150300 39598 766022 39134 736978
150400 39624 766554 39161 737446
150500 39648 767047 39187 737953
150600 39667 767551 39215 738449
150700 39690 768085 39245 738915
150800 39723 768625 39271 739375
150900 39758 769092 39299 739908
151000 39780 769576 39324 740424
151100 39813 770127 39347 740873
151200 39840 770718 39379 741282
151300 39864 771229 39403 741771
151400 39883 771742 39436 742258
151500 39908 772274 39462 742726
151600 39943 772801 39484 743199
151700 39966 773333 39505 743667
151800 39987 773780 39531 744220
151900 40014 774335 39554 744665
152000 40038 774833 39583 745167
152100 40058 775343 39607 745657
152200 40076 775885 39631 746115
152300 40108 776374 39652 746626
152400 40137 776870 39680 747130
152500 40163 777341 39713 747659
152600 40189 777852 39737 748148
152700 40224 778362 39767 748638
152800 40243 778873 39798 749127
152900 40267 779378 39831 749622
153000 40297 779914 39866 750086
153100 40323 780416 39892 750584
153200 40344 780956 39914 751044
153300 40374 781481 39952 751519
153400 40396 781989 39972 752011
153500 40425 782484 39993 752516
153600 40447 782921 40018 753079
153700 40472 783498 40048 753502
153800 40503 784031 40070 753969
153900 40525 784580 40097 754420
154000 40550 785059 40126 754941
154100 40580 785605 40153 755395
154200 40597 786101 40172 755899
154300 40616 786576 40202 756424
154400 40644 787032 40234 756968
154500 40668 787570 40265 757430
154600 40691 788071 40286 757929
154700 40714 788549 40304 758451
154800 40742 789068 40342 758932
154900 40776 789570 40379 759430
155000 40792 790091 40397 759909
155100 40820 790657 40425 760343
155200 40839 791185 40440 760815
155300 40862 791728 40468 761272
155400 40883 792234 40502 761766
155500 40917 792740 40528 762260
155600 40949 793306 40553 762694
155700 40970 793801 40580 763199
155800 40987 794272 40607 763728
155900 41019 794750 40631 764250
156000 41036 795237 40660 764763
156100 41064 795720 40689 765280
156200 41100 796218 40711 765782
156300 41117 796691 40731 766309
156400 41133 797181 40755 766819
156500 41155 797714 40782 767286
156600 41178 798184 40804 767816
156700 41199 798730 40825 768270
156800 41230 799335 40851 768665
156900 41253 799832 40879 769168
157000 41277 800346 40904 769654
157100 41304 800800 40940 770200
157200 41329 801302 40977 770698
157300 41350 801792 41004 771208
157400 41372 802284 41034 771716
157500 41395 802801 41052 772199
157600 41420 803307 41075 772693
157700 41449 803865 41102 773135
157800 41476 804344 41129 773656
157900 41501 804857 41154 774143
158000 41522 805374 41176 774626
158100 41546 805888 41204 775112
158200 41563 806409 41224 775591
158300 41589 806884 41246 776116
158400 41615 807413 41265 776587
158500 41644 807913 41293 777087
158600 41671 808367 41325 777633
158700 41691 808868 41352 778132
158800 41715 809429 41395 778571
158900 41735 809940 41432 779060
159000 41761 810435 41460 779565
159100 41783 810885 41478 780115
159200 41821 811359 41502 780641
159300 41860 811921 41529 781079
159400 41888 812396 41556 781604
159500 41915 812933 41578 782067
159600 41943 813418 41603 782582
159700 41966 813987 41624 783013
159800 41988 814465 41648 783535
159900 42015 814982 41683 784018
160000 42036 815465 41716 784535
160100 42062 815952 41745 785048
160200 42087 816438 41769 785562
160300 42116 816922 41796 786078
160400 42142 817415 41835 786585
160500 42162 817879 41865 787121
160600 42187 818395 41884 787605
160700 42215 818980 41907 788020
160800 42240 819504 41930 788496
160900 42269 820011 41954 788989
161000 42293 820574 41976 789426
161100 42311 821093 42001 789907
161200 42335 821615 42022 790385
161300 42353 822145 42044 790855
161400 42367 822620 42072 791380
161500 42385 823152 42100 791848
161600 42415 823601 42137 792399
161700 42440 824093 42162 792907
161800 42465 824625 42187 793375
161900 42513 825183 42213 793817
162000 42548 825708 42249 794292
162100 42576 826187 42279 794813
162200 42606 826618 42306 795382
162300 42632 827131 42322 795869
162400 42662 827663 42356 796337
162500 42678 828188 42376 796812
162600 42699 828726 42400 797274
162700 42718 829280 42418 797720
162800 42739 829759 42444 798241
162900 42766 830333 42472 798667
163000 42798 830855 42499 799145
163100 42826 831407 42524 799593
163200 42849 831926 42557 800074
163300 42872 832361 42578 800639
163400 42890 832810 42607 801190
163500 42920 833318 42635 801682
163600 42943 833859 42655 802141
163700 42971 834314 42684 802686
163800 43007 834773 42717 803227
163900 43032 835269 42739 803731
164000 43060 835774 42768 804226
164100 43079 836243 42795 804757
164200 43098 836707 42820 805293
164300 43127 837197 42849 805803
164400 43154 837714 42876 806286
164500 43184 838277 42907 806723
164600 43212 838789 42932 807211
164700 43241 839317 42952 807683
164800 43265 839829 42978 808171
164900 43295 840382 43004 808618
165000 43314 840853 43030 809147
165100 43347 841356 43052 809644
165200 43373 841865 43077 810135
165300 43393 842343 43110 810657
165400 43428 842912 43136 811088
165500 43457 843487 43160 811513
165600 43471 843993 43183 812007
165700 43500 844533 43217 812467
165800 43532 844969 43246 813031
165900 43557 845420 43275 813580
166000 43580 845936 43295 814064
166100 43597 846473 43314 814527
166200 43619 847023 43343 814977
166300 43640 847494 43365 815506
166400 43659 847962 43386 816038
166500 43680 848463 43407 816537
166600 43725 849051 43437 816949
166700 43747 849562 43462 817438
166800 43775 850125 43486 817875
166900 43812 850649 43516 818351
167000 43823 851168 43539 818832
167100 43842 851754 43560 819246
167200 43870 852293 43588 819707
167300 43886 852862 43611 820138
167400 43917 853427 43646 820573
167500 43949 853959 43675 821041
167600 43978 854451 43705 821549
167700 44006 855036 43730 821964
167800 44022 855576 43752 822424
167900 44046 856101 43787 822899
168000 44064 856579 43819 823421
168100 44094 857089 43849 823911
168200 44123 857605 43877 824395
168300 44155 858142 43900 824858
168400 44176 858638 43924 825362
168500 44199 859191 43958 825809
168600 44225 859682 43983 826318
168700 44249 860197 44010 826803
168800 44275 860768 44027 827232
168900 44304 861275 44060 827725
169000 44330 861813 44090 828187
169100 44369 862293 44119 828707
169200 44397 862819 44144 829181
169300 44425 863380 44167 829620
169400 44453 863898 44187 830102
169500 44479 864474 44214 830526
169600 44497 865026 44239 830974
169700 44534 865556 44270 831444
169800 44560 866081 44299 831919
169900 44580 866598 44328 832402
170000 44613 867102 44354 832898
170100 44638 867633 44385 833367
170200 44667 868142 44411 833858
170300 44701 868658 44442 834342
170400 44726 869212 44475 834788
170500 44759 869712 44505 835288
170600 44785 870239 44532 835761
170700 44810 870711 44551 836289
170800 44835 871190 44572 836810
170900 44855 871723 44598 837277
171000 44881 872254 44622 837746
171100 44905 872800 44668 838200
171200 44931 873288 44697 838712
171300 44957 873793 44732 839207
171400 44979 874254 44761 839746
171500 45003 874830 44785 840170
171600 45031 875352 44812 840648
171700 45050 875848 44829 841152
171800 45075 876407 44855 841593
171900 45108 876882 44890 842118
172000 45129 877351 44913 842649
172100 45157 877928 44936 843072
172200 45200 878433 44963 843567
172300 45238 878967 44992 844033
172400 45264 879499 45018 844501
172500 45293 880102 45041 844898
172600 45331 880569 45075 845431
172700 45347 881026 45093 845974
172800 45368 881507 45122 846493
172900 45397 882021 45155 846979
173000 45434 882520 45176 847480
173100 45457 883043 45199 847957
173200 45476 883623 45216 848377
173300 45500 884125 45238 848875
173400 45520 884599 45263 849401
173500 45546 885095 45291 849905
173600 45573 885629 45314 850371
173700 45599 886151 45337 850849
173800 45626 886675 45355 851325
173900 45658 887146 45382 851854
174000 45687 887646 45403 852354
174100 45717 888185 45442 852815
174200 45741 888673 45466 853327
174300 45757 889212 45498 853788
174400 45792 889686 45521 854314
174500 45818 890196 45552 854804
174600 45854 890677 45580 855323
174700 45874 891241 45609 855759
174800 45893 891718 45641 856282
174900 45919 892218 45667 856782
175000 45946 892711 45698 857289
175100 45966 893199 45719 857801
175200 45993 893762 45748 858238
175300 46020 894232 45775 858768
175400 46047 894680 45803 859320
175500 46073 895272 45822 859728
175600 46095 895770 45843 860230
175700 46126 896311 45871 860689
175800 46137 896761 45890 861239
175900 46164 897310 45930 861690
176000 46187 897803 45953 862197
176100 46212 898317 45978 862683
176200 46249 898826 46002 863174
176300 46271 899377 46026 863623
176400 46296 899881 46050 864119
176500 46321 900378 46077 864622
176600 46342 900861 46109 865139
176700 46378 901370 46140 865630
176800 46407 901846 46177 866154
176900 46435 902372 46196 866628
177000 46462 902903 46225 867097
177100 46478 903425 46250 867575
177200 46498 903957 46269 868043
177300 46525 904415 46297 868585
177400 46555 904911 46321 869089
177500 46580 905483 46343 869517
177600 46597 905962 46358 870038
177700 46610 906424 46385 870576
177800 46641 906971 46403 871029
177900 46669 907535 46426 871465
178000 46691 908060 46446 871940
178100 46711 908561 46466 872439
178200 46738 909079 46493 872921
178300 46768 909591 46507 873409
178400 46791 910073 46538 873927
178500 46810 910559 46562 874441
178600 46833 911080 46585 874920
178700 46857 911562 46615 875438
178800 46896 912057 46643 875943
178900 46917 912574 46678 876426
179000 46947 913131 46707 876869
179100 46974 913701 46742 877299
179200 46998 914251 46770 877749
179300 47024 914784 46783 878216
179400 47042 915272 46806 878728
179500 47067 915743 46845 879257
179600 47094 916214 46875 879786
179700 47125 916732 46895 880268
179800 47147 917246 46915 880754
179900 47170 917805 46937 881195
180000 47196 918330 46962 881670
180100 47225 918817 46989 882183
180200 47251 919333 47022 882667
180300 47275 919810 47043 883190
180400 47304 920307 47070 883693
180500 47332 920837 47098 884163
180600 47365 921324 47125 884676
180700 47397 921844 47154 885156
180800 47411 922370 47178 885630
180900 47440 922895 47203 886105
181000 47452 923442 47213 886558
181100 47489 923891 47237 887109
181200 47525 924343 47266 887657
181300 47543 924841 47289 888159
181400 47567 925332 47308 888668
181500 47597 925847 47350 889153
181600 47631 926399 47374 889601
181700 47657 926874 47391 890126
181800 47684 927366 47410 890634
181900 47710 927846 47430 891154
182000 47730 928325 47464 891675
182100 47753 928836 47496 892164
182200 47776 929304 47518 892696
182300 47805 929811 47552 893189
182400 47829 930363 47579 893637
182500 47854 930874 47596 894126
182600 47882 931423 47628 894577
182700 47898 931956 47668 895044
182800 47925 932476 47697 895524
182900 47957 932964 47727 896036
183000 47978 933454 47749 896546
183100 47999 933936 47777 897064
183200 48021 934432 47807 897568
183300 48053 935018 47835 897982
183400 48080 935522 47864 898478
183500 48097 936041 47892 898959
183600 48122 936523 47919 899477
183700 48149 937070 47945 899930
183800 48176 937643 47970 900357
183900 48202 938165 47986 900835
184000 48228 938712 48010 901288
184100 48248 939231 48030 901769
184200 48273 939798 48058 902202
184300 48292 940331 48084 902669
184400 48316 940866 48120 903134
184500 48351 941424 48139 903576
184600 48375 941934 48173 904066
184700 48395 942393 48199 904607
184800 48430 942864 48220 905136
184900 48454 943365 48251 905635
185000 48488 943936 48272 906064
185100 48506 944483 48298 906517
185200 48530 945039 48324 906961
185300 48561 945526 48358 907474
185400 48595 946028 48383 907972
185500 48625 946615 48406 908385
185600 48647 947119 48428 908881
185700 48665 947640 48451 909360
185800 48692 948159 48465 909841
185900 48711 948705 48488 910295
186000 48735 949178 48519 910822
186100 48771 949665 48548 911335
186200 48804 950171 48572 911829
186300 48829 950672 48585 912328
186400 48858 951182 48607 912818
186500 48883 951729 48629 913271
186600 48920 952253 48654 913747
186700 48943 952741 48673 914259
186800 48968 953218 48695 914782
186900 48983 953735 48719 915265
187000 49006 954262 48746 915738
187100 49023 954746 48775 916254
187200 49054 955265 48802 916735
187300 49079 955759 48820 917241
187400 49108 956244 48846 917756
187500 49144 956730 48871 918270
187600 49172 957252 48896 918748
187700 49201 957757 48926 919243
187800 49227 958311 48953 919689
187900 49259 958838 48986 920162
188000 49285 959387 49012 920613
188100 49311 959896 49030 921104
188200 49339 960380 49062 921620
188300 49370 960932 49094 922068
188400 49387 961423 49121 922577
188500 49411 961939 49147 923061
188600 49439 962449 49177 923551
188700 49464 962857 49199 924143
188800 49481 963390 49221 924610
188900 49512 963877 49257 925123
189000 49540 964365 49287 925635
189100 49567 964850 49307 926150
189200 49600 965354 49325 926646
189300 49627 965837 49362 927163
189400 49655 966306 49384 927694
189500 49675 966807 49402 928193
189600 49700 967271 49432 928729
189700 49724 967685 49457 929315
189800 49741 968171 49485 929829
189900 49766 968641 49511 930359
190000 49789 969108 49532 930892
190100 49812 969646 49561 931354
190200 49834 970155 49592 931845
190300 49863 970669 49612 932331
190400 49895 971175 49630 932825
190500 49924 971618 49664 933382
190600 49956 972164 49689 933836
190700 49988 972680 49713 934320
190800 50011 973178 49735 934822
190900 50038 973659 49756 935341
191000 50072 974163 49774 935837
191100 50105 974680 49809 936320
191200 50127 975150 49840 936850
191300 50161 975680 49861 937320
191400 50194 976194 49884 937806
191500 50217 976711 49908 938289
191600 50247 977207 49927 938793
191700 50274 977719 49952 939281
191800 50308 978253 49979 939747
191900 50335 978776 50004 940224
192000 50355 979254 50041 940746
192100 50382 979743 50058 941257
192200 50409 980257 50079 941743
192300 50430 980748 50102 942252
192400 50449 981262 50117 942738
192500 50471 981795 50143 943205
192600 50500 982322 50177 943678
192700 50531 982862 50203 944138
192800 50556 983366 50229 944634
192900 50578 983837 50256 945163
193000 50598 984328 50284 945672
193100 50619 984874 50313 946126
193200 50649 985428 50340 946572
193300 50680 985976 50370 947024
193400 50702 986427 50399 947573
193500 50728 986906 50424 948094
193600 50755 987478 50453 948522
193700 50780 987971 50481 949029
193800 50800 988404 50512 949596
193900 50830 988967 50533 950033
194000 50864 989538 50557 950462
194100 50880 990061 50579 950939
194200 50907 990616 50598 951384
194300 50939 991132 50629 951868
194400 50971 991631 50661 952369
194500 50996 992115 50691 952885
194600 51023 992562 50723 953438
194700 51053 993027 50752 953973
194800 51083 993566 50779 954434
194900 51114 994083 50807 954917
195000 51140 994645 50837 955355
195100 51169 995125 50871 955875
195200 51191 995715 50899 956285
195300 51228 996302 50929 956698
195400 51254 996842 50957 957158
195500 51282 997281 50990 957719
195600 51308 997852 51011 958148
195700 51328 998376 51023 958624
195800 51346 998898 51051 959102
195900 51375 999362 51073 959638
196000 51402 999861 51098 960139
196100 51433 1000335 51132 960665
196200 51456 1000843 51162 961157
196300 51487 1001360 51194 961640
196400 51522 1001834 51221 962166
196500 51547 1002368 51244 962632
196600 51579 1002877 51272 963123
196700 51605 1003360 51288 963640
196800 51626 1003833 51317 964167
196900 51655 1004356 51343 964644
197000 51680 1004894 51364 965106
197100 51716 1005402 51394 965598
197200 51743 1005887 51416 966113
197300 51771 1006377 51439 966623
197400 51796 1006897 51456 967103
197500 51821 1007408 51482 967592
197600 51851 1007944 51510 968056
197700 51881 1008489 51534 968511
197800 51912 1008975 51562 969025
197900 51950 1009522 51588 969478
198000 51979 1010053 51618 969947
198100 52006 1010549 51641 970451
198200 52025 1011047 51656 970953
198300 52057 1011583 51685 971417
198400 52077 1012128 51718 971872
198500 52098 1012628 51746 972372
198600 52124 1013102 51771 972898
198700 52169 1013571 51796 973429
198800 52198 1014056 51824 973944
198900 52226 1014539 51855 974461
199000 52246 1015100 51879 974900
199100 52275 1015623 51908 975377
199200 52305 1016165 51931 975835
199300 52330 1016695 51953 976305
199400 52357 1017216 51983 976784
199500 52377 1017745 52003 977255
199600 52409 1018257 52045 977743
199700 52448 1018724 52084 978276
199800 52476 1019219 52113 978781
199900 52493 1019746 52143 979254
200000 52523 1020265 52162 979735
