#! FIELDS timestep dup_succ dup_attempts kill_succ kill_attempts
#! SET timestep 0.5
#! SET kernel_bandwidth [0.85 0.85]
#! SET kt 1.0
100 52 168 72 832
200 120 416 153 1584
300 203 739 240 2261
400 269 1145 320 2855
500 326 1635 381 3365
600 357 2199 427 3801
700 376 2668 442 4332
800 398 3103 464 4897
900 424 3560 480 5440
1000 435 4004 490 5996
1100 447 4477 501 6523
1200 458 4987 510 7013
1300 461 5465 516 7535
1400 468 5906 521 8094
1500 469 6545 525 8455
1600 469 7059 529 8941
1700 472 7636 531 9364
1800 475 8080 534 9920
1900 479 8550 534 10450
2000 487 9063 537 10937
2100 492 9606 538 11394
2200 495 10101 540 11899
2300 499 10653 545 12347
2400 499 11192 547 12808
2500 501 11577 551 13423
2600 504 11870 556 14130
2700 507 12148 561 14852
2800 511 12544 561 15456
2900 512 13115 567 15885
3000 516 13600 570 16400
3100 520 14147 572 16853
3200 525 14736 573 17264
3300 528 15254 575 17746
3400 532 15715 579 18285
3500 533 16174 581 18826
3600 538 16637 582 19363
3700 545 17045 589 19955
3800 549 17562 590 20438
3900 554 18049 594 20951
4000 556 18554 594 21446
4100 559 18968 598 22032
4200 561 19397 600 22603
4300 564 20017 605 22983
4400 573 20533 606 23467
4500 578 21063 610 23937
4600 579 21581 613 24419
4700 580 22188 616 24812
4800 582 22744 625 25256
4900 586 23320 628 25680
5000 587 23926 629 26074
5100 588 24534 635 26466
5200 592 25066 638 26934
5300 593 25602 639 27398
5400 594 26137 643 27863
5500 596 26569 644 28431
5600 599 26989 647 29011
5700 602 27403 648 29597
5800 609 27915 653 30085
5900 610 28534 656 30466
6000 615 28985 658 31015
6100 618 29462 665 31538
6200 623 29903 668 32097
6300 630 30363 673 32637
6400 631 30793 677 33207
6500 634 31340 682 33660
6600 637 31877 688 34123
6700 644 32477 692 34523
6800 647 33008 696 34992
6900 648 33341 700 35659
7000 650 33778 705 36222
7100 655 34331 706 36669
7200 658 34908 706 37092
7300 659 35478 707 37522
7400 661 35918 710 38082
7500 663 36406 712 38594
7600 666 36896 713 39104
7700 669 37262 716 39738
7800 670 37683 720 40317
7900 675 38201 723 40799
8000 678 38604 727 41396
8100 686 38922 734 42078
8200 691 39390 736 42610
8300 693 39831 739 43169
8400 696 40225 745 43775
8500 701 40724 749 44276
8600 703 41303 754 44697
8700 705 41809 759 45191
8800 706 42314 763 45686
8900 707 42687 766 46313
9000 708 43098 769 46902
9100 712 43586 774 47414
9200 716 44206 777 47794
9300 720 44719 782 48281
9400 723 45232 786 48768
9500 727 45777 786 49223
9600 729 46233 789 49767
9700 731 46645 792 50355
9800 732 47180 795 50820
9900 733 47694 803 51306
10000 737 48187 804 51813
10100 744 48703 816 52297
10200 749 49265 820 52735
10300 752 49746 825 53254
10400 759 50246 829 53754
10500 764 50824 833 54176
10600 764 51297 835 54703
10700 766 51767 837 55233
10800 766 52228 838 55772
10900 771 52785 841 56215
11000 776 53168 849 56832
11100 779 53594 850 57406
11200 782 54084 859 57916
11300 785 54649 861 58351
11400 785 55245 864 58755
11500 785 55748 867 59252
11600 787 56267 871 59733
11700 790 56778 873 60222
11800 791 57319 878 60681
11900 793 57858 879 61142
12000 794 58465 881 61535
12100 797 59012 892 61988
12200 800 59496 894 62504
12300 803 60019 904 62981
12400 807 60734 909 63266
12500 811 61298 912 63702
12600 813 61848 916 64152
12700 820 62337 920 64663
12800 821 62902 924 65098
12900 823 63270 924 65730
13000 828 63671 929 66329
13100 829 64151 939 66849
13200 831 64611 941 67389
13300 838 65046 942 67954
13400 842 65541 943 68459
13500 846 66022 948 68978
13600 848 66498 948 69502
13700 852 66977 953 70023
13800 856 67566 956 70434
13900 858 68095 957 70905
14000 858 68592 959 71408
14100 861 69170 962 71830
14200 862 69735 968 72265
14300 865 70248 972 72752
14400 866 70856 974 73144
14500 868 71445 978 73555
14600 871 72023 987 73977
14700 873 72579 992 74421
14800 875 73190 994 74810
14900 881 73643 996 75357
15000 887 74029 999 75971
15100 888 74463 1004 76537
15200 892 74873 1009 77127
15300 897 75382 1015 77618
15400 900 75856 1019 78144
15500 901 76305 1022 78695
15600 903 76827 1024 79173
15700 910 77229 1028 79771
15800 913 77590 1032 80410
15900 916 78177 1037 80823
16000 919 78641 1040 81359
16100 923 79101 1042 81899
16200 927 79673 1044 82327
16300 933 80106 1048 82894
16400 936 80589 1049 83411
16500 937 81121 1051 83879
16600 939 81561 1053 84439
16700 943 82002 1061 84998
16800 946 82506 1065 85494
16900 949 82947 1067 86053
17000 952 83461 1074 86539
17100 955 83925 1076 87075
17200 958 84388 1077 87612
17300 963 84817 1079 88183
17400 965 85237 1080 88763
17500 968 85739 1084 89261
17600 973 86242 1089 89758
17700 976 86725 1091 90275
17800 979 87309 1092 90691
17900 982 87725 1094 91275
18000 982 88196 1096 91804
18100 986 88707 1100 92293
18200 989 89151 1102 92849
18300 990 89696 1102 93304
18400 990 90139 1103 93861
18500 991 90579 1107 94421
18600 995 91070 1113 94930
18700 999 91596 1117 95404
18800 999 92011 1123 95989
18900 1008 92410 1128 96590
19000 1008 92913 1131 97087
19100 1011 93346 1133 97654
19200 1017 93767 1135 98233
19300 1019 94260 1139 98740
19400 1019 94808 1146 99192
19500 1023 95242 1156 99758
19600 1025 95703 1160 100297
19700 1027 96169 1161 100831
19800 1035 96679 1164 101321
19900 1040 97158 1168 101842
20000 1044 97711 1172 102289
20100 1049 98275 1177 102725
20200 1055 98783 1183 103217
20300 1063 99273 1184 103727
20400 1066 99774 1188 104226
20500 1067 100265 1190 104735
20600 1071 100875 1193 105125
20700 1074 101541 1198 105459
20800 1077 102000 1200 106000
20900 1084 102386 1207 106614
21000 1086 102870 1208 107130
21100 1090 103290 1215 107710
21200 1097 103775 1219 108225
21300 1099 104149 1220 108851
21400 1105 104751 1223 109249
21500 1114 105209 1229 109791
21600 1119 105686 1232 110314
21700 1119 106069 1235 110931
21800 1123 106647 1235 111353
21900 1126 107081 1240 111919
22000 1130 107530 1242 112470
22100 1139 107946 1249 113054
22200 1143 108425 1253 113575
22300 1147 108964 1260 114036
22400 1148 109418 1263 114582
22500 1154 109888 1263 115112
22600 1157 110325 1263 115675
22700 1161 110755 1266 116245
22800 1162 111078 1267 116922
22900 1163 111545 1268 117455
23000 1163 112038 1273 117962
23100 1165 112463 1277 118537
23200 1168 112936 1278 119064
23300 1170 113439 1279 119561
23400 1173 113837 1279 120163
23500 1175 114268 1282 120732
23600 1176 114704 1286 121296
23700 1182 115129 1288 121871
23800 1183 115584 1288 122416
23900 1187 116149 1289 122851
24000 1190 116631 1292 123369
24100 1193 117215 1296 123785
24200 1197 117717 1303 124283
24300 1200 118271 1304 124729
24400 1203 118815 1308 125185
24500 1203 119493 1315 125507
24600 1205 119935 1316 126065
24700 1209 120459 1316 126541
24800 1213 121041 1319 126959
24900 1215 121516 1321 127484
25000 1218 121924 1325 128076
25100 1220 122364 1330 128636
25200 1225 122832 1334 129168
25300 1226 123305 1338 129695
25400 1230 123771 1341 130229
25500 1234 124196 1346 130804
25600 1238 124647 1349 131353
25700 1240 125171 1351 131829
25800 1243 125652 1355 132348
25900 1248 126158 1358 132842
26000 1250 126755 1360 133245
26100 1253 127365 1362 133635
26200 1255 127902 1365 134098
26300 1258 128391 1368 134609
26400 1258 128924 1371 135076
26500 1263 129443 1373 135557
26600 1266 129940 1376 136060
26700 1268 130447 1378 136553
26800 1268 131007 1380 136993
26900 1274 131554 1381 137446
27000 1276 132114 1383 137886
27100 1284 132669 1390 138331
27200 1290 133207 1396 138793
27300 1292 133778 1402 139222
27400 1296 134254 1405 139746
27500 1300 134703 1406 140297
27600 1305 135105 1411 140895
27700 1311 135550 1419 141450
27800 1314 136013 1425 141987
27900 1323 136455 1430 142545
28000 1326 136840 1430 143160
28100 1327 137383 1430 143617
28200 1331 137874 1435 144126
28300 1333 138481 1437 144519
28400 1338 139011 1444 144989
28500 1341 139550 1449 145450
28600 1344 140095 1453 145905
28700 1347 140590 1455 146410
28800 1350 141040 1458 146960
28900 1350 141529 1462 147471
29000 1353 141916 1466 148084
29100 1361 142263 1470 148737
29200 1367 142689 1473 149311
29300 1368 143112 1475 149888
29400 1369 143635 1477 150365
29500 1371 144115 1482 150885
29600 1373 144671 1485 151329
29700 1374 145147 1486 151853
29800 1378 145746 1488 152254
29900 1380 146314 1492 152686
30000 1384 146644 1496 153356
30100 1391 146962 1501 154038
30200 1392 147433 1501 154567
30300 1395 147840 1509 155160
30400 1397 148254 1512 155746
30500 1401 148652 1519 156348
30600 1404 149039 1521 156961
30700 1405 149570 1524 157430
30800 1407 150130 1528 157870
30900 1408 150663 1530 158337
31000 1409 151116 1533 158884
31100 1412 151563 1538 159437
31200 1414 151985 1542 160015
31300 1418 152610 1546 160390
31400 1422 153153 1547 160847
31500 1424 153602 1547 161398
31600 1425 154185 1548 161815
31700 1429 154644 1549 162356
31800 1431 155084 1550 162916
31900 1432 155581 1552 163419
32000 1433 156056 1554 163944
32100 1434 156531 1555 164469
32200 1436 156967 1556 165033
32300 1438 157530 1560 165470
32400 1440 158100 1563 165900
32500 1448 158658 1564 166342
32600 1453 159159 1569 166841
32700 1453 159625 1571 167375
32800 1453 160168 1574 167832
32900 1453 160647 1574 168353
33000 1456 161080 1577 168920
33100 1460 161580 1579 169420
33200 1465 162014 1585 169986
33300 1468 162435 1589 170565
33400 1473 162989 1597 171011
33500 1476 163577 1598 171423
33600 1481 164234 1602 171766
33700 1485 164691 1604 172309
33800 1488 165196 1607 172804
33900 1492 165690 1615 173310
34000 1497 166316 1618 173684
34100 1499 166865 1620 174135
34200 1501 167414 1623 174586
34300 1506 167913 1626 175087
34400 1511 168449 1626 175551
34500 1512 168989 1628 176011
34600 1513 169468 1630 176532
34700 1514 169767 1633 177233
34800 1517 170445 1637 177555
34900 1521 170844 1643 178156
35000 1524 171213 1651 178787
35100 1537 171672 1657 179328
35200 1539 172126 1662 179874
35300 1540 172439 1664 180561
35400 1546 172916 1669 181084
35500 1546 173372 1674 181628
35600 1548 173722 1675 182278
35700 1551 174355 1675 182645
35800 1554 174778 1679 183222
35900 1557 175281 1681 183719
36000 1559 175733 1684 184267
36100 1562 176218 1689 184782
36200 1567 176668 1692 185332
36300 1567 177149 1695 185851
36400 1569 177603 1696 186397
36500 1572 178038 1701 186962
36600 1577 178602 1703 187398
36700 1580 179274 1705 187726
36800 1589 179859 1707 188141
36900 1593 180379 1710 188621
37000 1595 180933 1715 189067
37100 1601 181430 1717 189570
37200 1605 181885 1722 190115
37300 1607 182439 1724 190561
37400 1613 182987 1728 191013
37500 1613 183532 1731 191468
37600 1613 184067 1735 191933
37700 1615 184618 1735 192382
37800 1618 185209 1739 192791
37900 1618 185677 1743 193323
38000 1624 186089 1745 193911
38100 1627 186549 1753 194451
38200 1636 187012 1760 194988
38300 1638 187398 1767 195602
38400 1640 187886 1771 196114
38500 1644 188302 1774 196698
38600 1647 188656 1776 197344
38700 1655 189149 1779 197851
38800 1660 189700 1780 198300
38900 1666 190251 1788 198749
39000 1669 190788 1790 199212
39100 1670 191366 1793 199634
39200 1673 191948 1796 200052
39300 1676 192436 1803 200564
39400 1679 192901 1805 201099
39500 1683 193390 1806 201610
39600 1684 193803 1807 202197
39700 1690 194216 1809 202784
39800 1696 194675 1812 203325
39900 1703 195234 1816 203766
40000 1707 195725 1823 204275
40100 1712 196083 1825 204917
40200 1713 196585 1825 205415
40300 1718 197006 1829 205994
40400 1718 197437 1832 206563
40500 1725 197869 1840 207131
40600 1730 198426 1847 207574
40700 1733 199002 1850 207998
40800 1737 199465 1851 208535
40900 1740 199893 1853 209107
41000 1741 200386 1853 209614
41100 1743 201003 1856 209997
41200 1747 201638 1859 210362
41300 1750 202282 1866 210718
41400 1752 202634 1867 211366
41500 1755 203091 1870 211909
41600 1756 203594 1872 212406
41700 1758 204011 1874 212989
41800 1759 204405 1878 213595
41900 1765 204928 1881 214072
42000 1771 205323 1886 214677
42100 1776 205791 1889 215209
42200 1778 206244 1893 215756
42300 1782 206710 1899 216290
42400 1784 207226 1901 216774
42500 1787 207677 1906 217323
42600 1792 208250 1910 217750
42700 1793 208831 1914 218169
42800 1794 209318 1916 218682
42900 1798 209826 1920 219174
43000 1801 210212 1926 219788
43100 1805 210769 1929 220231
43200 1806 211134 1931 220866
43300 1806 211608 1937 221392
43400 1814 212080 1941 221920
43500 1816 212457 1942 222543
43600 1817 212889 1943 223111
43700 1820 213514 1948 223486
43800 1824 214053 1952 223947
43900 1829 214574 1955 224426
44000 1834 215213 1959 224787
44100 1837 215780 1963 225220
44200 1842 216344 1970 225656
44300 1848 216868 1974 226132
44400 1851 217257 1976 226743
44500 1857 217712 1978 227288
44600 1862 218244 1981 227756
44700 1865 218704 1983 228296
44800 1867 219224 1985 228776
44900 1871 219625 1986 229375
45000 1874 220150 1987 229850
45100 1874 220658 1988 230342
45200 1877 221103 1991 230897
45300 1879 221748 1997 231252
45400 1879 222309 1999 231691
45500 1880 222874 2007 232126
45600 1882 223542 2010 232458
45700 1884 224035 2013 232965
45800 1888 224501 2018 233499
45900 1891 225087 2021 233913
46000 1893 225467 2022 234533
46100 1895 225839 2023 235161
46200 1899 226322 2028 235678
46300 1902 226772 2032 236228
46400 1905 227152 2036 236848
46500 1909 227483 2039 237517
46600 1911 227876 2041 238124
46700 1916 228292 2044 238708
46800 1916 228669 2046 239331
46900 1919 229100 2050 239900
47000 1926 229451 2050 240549
47100 1928 230038 2052 240962
47200 1931 230629 2060 241371
47300 1934 231131 2065 241869
47400 1940 231713 2074 242287
47500 1946 232146 2077 242854
47600 1953 232522 2079 243478
47700 1956 232977 2084 244023
47800 1959 233445 2087 244555
47900 1963 233965 2092 245035
48000 1968 234515 2100 245485
48100 1968 234930 2107 246070
48200 1968 235510 2108 246490
48300 1969 235967 2110 247033
48400 1977 236451 2115 247549
48500 1978 236926 2118 248074
48600 1983 237495 2122 248505
48700 1991 238073 2125 248927
48800 1996 238605 2127 249395
48900 1999 239085 2129 249915
49000 2001 239669 2131 250331
49100 2003 240225 2134 250775
49200 2008 240758 2138 251242
49300 2010 241221 2142 251779
49400 2015 241648 2145 252352
49500 2017 242272 2152 252728
49600 2026 242790 2155 253210
49700 2028 243310 2157 253690
49800 2030 243896 2158 254104
49900 2035 244342 2161 254658
50000 2037 244858 2165 255142
50100 2041 245376 2167 255624
50200 2043 245892 2170 256108
50300 2046 246475 2175 256525
50400 2053 247003 2179 256997
50500 2057 247517 2186 257483
50600 2062 248047 2187 257953
50700 2065 248489 2196 258511
50800 2066 249002 2201 258998
50900 2066 249556 2203 259444
51000 2068 250108 2206 259892
51100 2068 250602 2210 260398
51200 2071 251121 2213 260879
51300 2073 251710 2214 261290
51400 2076 252243 2216 261757
51500 2077 252858 2217 262142
51600 2079 253314 2218 262686
51700 2084 253803 2223 263197
51800 2085 254309 2227 263691
51900 2089 254953 2229 264047
52000 2092 255440 2230 264560
52100 2092 255901 2232 265099
52200 2094 256311 2234 265689
52300 2097 256747 2238 266253
52400 2102 257208 2241 266792
52500 2107 257687 2243 267313
52600 2109 258285 2247 267715
52700 2113 258864 2251 268136
52800 2116 259416 2255 268584
52900 2125 259853 2261 269147
53000 2128 260239 2263 269761
53100 2133 260775 2263 270225
53200 2134 261324 2265 270676
53300 2136 261916 2269 271084
53400 2140 262417 2272 271583
53500 2143 262905 2275 272095
53600 2150 263542 2282 272458
53700 2155 264070 2288 272930
53800 2159 264516 2292 273484
53900 2160 264920 2295 274080
54000 2164 265386 2299 274614
54100 2168 265871 2304 275129
54200 2169 266328 2308 275672
54300 2169 266806 2309 276194
54400 2169 267261 2309 276739
54500 2173 267796 2311 277204
54600 2176 268349 2313 277651
54700 2180 268956 2316 278044
54800 2181 269509 2318 278491
54900 2182 270049 2319 278951
55000 2185 270551 2319 279449
55100 2186 271045 2321 279955
55200 2188 271560 2325 280440
55300 2189 271996 2328 281004
55400 2190 272366 2331 281634
55500 2196 272942 2333 282058
55600 2207 273361 2336 282639
55700 2211 273873 2342 283127
55800 2214 274355 2343 283645
55900 2217 274836 2348 284164
56000 2223 275340 2349 284660
56100 2228 275838 2353 285162
56200 2234 276274 2354 285726
56300 2240 276715 2358 286285
56400 2242 277229 2362 286771
56500 2248 277769 2363 287231
56600 2252 278317 2364 287683
56700 2258 278875 2369 288125
56800 2260 279406 2370 288594
56900 2265 279997 2371 289003
57000 2268 280536 2374 289464
57100 2274 281011 2376 289989
57200 2282 281453 2381 290547
57300 2284 281924 2385 291076
57400 2289 282389 2392 291611
57500 2293 282904 2398 292096
57600 2300 283415 2400 292585
57700 2305 283823 2405 293177
57800 2309 284211 2408 293789
57900 2309 284657 2408 294343
58000 2313 285240 2410 294760
58100 2313 285810 2411 295190
58200 2316 286245 2411 295755
58300 2322 286818 2414 296182
58400 2327 287469 2422 296531
58500 2329 287939 2425 297061
58600 2332 288512 2427 297488
58700 2333 289080 2430 297920
58800 2338 289612 2434 298388
58900 2342 290148 2434 298852
59000 2343 290677 2435 299323
59100 2346 291121 2436 299879
59200 2348 291588 2437 300412
59300 2350 292000 2438 301000
59400 2353 292477 2444 301523
59500 2355 292957 2447 302043
59600 2360 293491 2451 302509
59700 2369 294051 2454 302949
59800 2374 294493 2458 303507
59900 2381 295035 2461 303965
60000 2383 295548 2471 304452
60100 2387 295970 2479 305030
60200 2396 296483 2480 305517
60300 2404 296936 2483 306064
60400 2406 297340 2485 306660
60500 2410 297809 2487 307191
60600 2413 298356 2490 307644
60700 2420 298827 2495 308173
60800 2424 299289 2503 308711
60900 2430 299754 2505 309246
61000 2434 300287 2510 309713
61100 2439 300867 2514 310133
61200 2447 301393 2516 310607
61300 2454 301892 2518 311108
61400 2459 302370 2522 311630
61500 2461 302898 2528 312102
61600 2465 303328 2531 312672
61700 2469 303676 2532 313324
61800 2470 304096 2535 313904
61900 2474 304572 2536 314428
62000 2477 305055 2542 314945
62100 2481 305382 2544 315618
62200 2485 305805 2544 316195
62300 2494 306181 2546 316819
62400 2498 306716 2550 317284
62500 2510 307139 2552 317861
62600 2512 307656 2559 318344
62700 2516 308197 2560 318803
62800 2517 308748 2565 319252
62900 2520 309291 2568 319709
63000 2522 309748 2569 320252
63100 2528 310247 2571 320753
63200 2536 310751 2573 321249
63300 2540 311327 2574 321673
63400 2543 311743 2579 322257
63500 2547 312240 2583 322760
63600 2549 312635 2586 323365
63700 2553 313114 2589 323886
63800 2558 313573 2593 324427
63900 2559 314047 2593 324953
64000 2561 314553 2595 325447
64100 2564 315061 2598 325939
64200 2568 315573 2599 326427
64300 2572 315942 2601 327058
64400 2577 316437 2605 327563
64500 2578 316899 2607 328101
64600 2581 317429 2611 328571
64700 2586 318039 2614 328961
64800 2590 318601 2615 329399
64900 2593 319102 2616 329898
65000 2596 319578 2623 330422
65100 2608 320100 2627 330900
65200 2612 320665 2632 331335
65300 2612 321202 2636 331798
65400 2612 321756 2640 332244
65500 2617 322255 2641 332745
65600 2624 322651 2645 333349
65700 2624 323120 2647 333880
65800 2627 323531 2651 334469
65900 2628 323942 2655 335058
66000 2632 324414 2656 335586
66100 2634 325010 2658 335990
66200 2639 325544 2662 336456
66300 2643 326040 2664 336960
66400 2647 326512 2668 337488
66500 2652 326981 2674 338019
66600 2655 327437 2676 338563
66700 2659 327813 2679 339187
66800 2660 328265 2680 339735
66900 2664 328647 2682 340353
67000 2672 329106 2687 340894
67100 2677 329634 2693 341366
67200 2684 330211 2697 341789
67300 2691 330803 2703 342197
67400 2695 331394 2705 342606
67500 2699 332046 2710 342954
67600 2703 332539 2712 343461
67700 2705 332983 2714 344017
67800 2706 333397 2717 344603
67900 2717 333813 2721 345187
68000 2720 334330 2728 345670
68100 2723 334821 2732 346179
68200 2726 335351 2734 346649
68300 2727 335834 2737 347166
68400 2730 336296 2740 347704
68500 2732 336931 2744 348069
68600 2734 337479 2747 348521
68700 2737 338024 2750 348976
68800 2739 338440 2754 349560
68900 2742 338950 2756 350050
69000 2744 339419 2762 350581
69100 2746 340046 2766 350954
69200 2749 340509 2773 351491
69300 2753 340902 2775 352098
69400 2756 341306 2780 352694
69500 2762 341744 2784 353256
69600 2762 342175 2786 353825
69700 2762 342617 2787 354383
69800 2763 343180 2788 354820
69900 2771 343650 2793 355350
70000 2773 344102 2795 355898
70100 2776 344646 2796 356354
70200 2781 345197 2801 356803
70300 2785 345612 2806 357388
70400 2787 346044 2810 357956
70500 2791 346554 2812 358446
70600 2794 347108 2814 358892
70700 2796 347572 2814 359428
70800 2802 348004 2820 359996
70900 2803 348411 2822 360589
71000 2809 348839 2823 361161
71100 2812 349236 2824 361764
71200 2814 349701 2828 362299
71300 2816 350193 2828 362807
71400 2819 350625 2829 363375
71500 2819 351069 2832 363931
71600 2823 351464 2837 364536
71700 2827 351948 2839 365052
71800 2831 352410 2846 365590
71900 2835 352879 2851 366121
72000 2837 353383 2856 366617
72100 2845 353967 2861 367033
72200 2846 354463 2866 367537
72300 2853 354967 2867 368033
72400 2856 355416 2870 368584
72500 2858 356100 2873 368900
72600 2861 356631 2879 369369
72700 2863 357153 2885 369847
72800 2866 357738 2888 370262
72900 2867 358322 2890 370678
73000 2872 358831 2892 371169
73100 2873 359384 2901 371616
73200 2878 359942 2903 372058
73300 2878 360541 2908 372459
73400 2881 361063 2908 372937
73500 2882 361531 2913 373469
73600 2887 362003 2916 373997
73700 2889 362516 2917 374484
73800 2892 362960 2918 375040
73900 2893 363373 2920 375627
74000 2894 363814 2923 376186
74100 2895 364299 2924 376701
74200 2895 364736 2930 377264
74300 2896 365174 2933 377826
74400 2900 365715 2936 378285
74500 2904 366224 2940 378776
74600 2907 366681 2942 379319
74700 2912 367078 2945 379922
74800 2913 367573 2947 380427
74900 2919 368079 2947 380921
75000 2922 368495 2949 381505
75100 2930 369027 2951 381973
75200 2934 369520 2952 382480
75300 2936 369994 2955 383006
75400 2944 370486 2957 383514
75500 2947 370995 2958 384005
75600 2951 371472 2960 384528
75700 2952 372056 2966 384944
75800 2955 372604 2970 385396
75900 2956 373093 2973 385907
76000 2959 373681 2975 386319
76100 2960 374150 2978 386850
76200 2965 374696 2980 387304
76300 2969 375163 2983 387837
76400 2972 375687 2985 388313
76500 2977 376215 2990 388785
76600 2980 376787 2991 389213
76700 2984 377299 2993 389701
76800 2988 377785 2993 390215
76900 2990 378305 2995 390695
77000 2993 378790 3000 391210
77100 2997 379191 3000 391809
77200 3002 379651 3004 392349
77300 3004 379960 3008 393040
77400 3009 380406 3010 393594
77500 3015 381071 3012 393929
77600 3023 381586 3015 394414
77700 3028 382316 3017 394684
77800 3033 382894 3022 395106
77900 3034 383382 3026 395618
78000 3038 383855 3028 396145
78100 3042 384174 3028 396826
78200 3045 384667 3030 397333
78300 3050 385174 3034 397826
78400 3053 385674 3038 398326
78500 3056 386199 3044 398801
78600 3059 386565 3049 399435
78700 3062 386972 3056 400028
78800 3070 387508 3066 400492
78900 3072 388088 3068 400912
79000 3074 388594 3068 401406
79100 3075 389124 3071 401876
79200 3077 389644 3073 402356
79300 3081 390089 3074 402911
79400 3084 390543 3077 403457
79500 3088 391096 3079 403904
79600 3092 391644 3084 404356
79700 3098 392217 3088 404783
79800 3103 392684 3094 405316
79900 3106 393323 3098 405677
80000 3113 393881 3100 406119
80100 3120 394437 3106 406563
80200 3123 394924 3110 407076
80300 3125 395411 3111 407589
80400 3130 395922 3112 408078
80500 3133 396392 3117 408608
80600 3137 396780 3117 409220
80700 3142 397269 3121 409731
80800 3146 397628 3122 410372
80900 3152 398168 3122 410832
81000 3156 398741 3126 411259
81100 3159 399270 3129 411730
81200 3163 399754 3132 412246
81300 3168 400278 3138 412722
81400 3170 400795 3140 413205
81500 3172 401380 3144 413620
81600 3176 401867 3148 414133
81700 3181 402470 3152 414530
81800 3183 402980 3158 415020
81900 3185 403407 3164 415593
82000 3186 403794 3166 416206
82100 3189 404291 3173 416709
82200 3191 404770 3175 417230
82300 3191 405167 3177 417833
82400 3194 405468 3180 418532
82500 3198 405792 3185 419208
82600 3202 406376 3186 419624
82700 3204 406958 3188 420042
82800 3210 407474 3192 420526
82900 3211 408013 3194 420987
83000 3214 408505 3199 421495
83100 3217 408961 3203 422039
83200 3219 409455 3207 422545
83300 3221 410019 3209 422981
83400 3226 410568 3209 423432
83500 3228 411067 3210 423933
83600 3231 411448 3214 424552
83700 3232 411923 3216 425077
83800 3234 412438 3220 425562
83900 3239 413014 3224 425986
84000 3244 413446 3230 426554
84100 3249 413900 3240 427100
84200 3254 414396 3250 427604
84300 3259 414899 3256 428101
84400 3264 415327 3261 428673
84500 3268 415786 3263 429214
84600 3274 416364 3267 429636
84700 3275 416967 3270 430033
84800 3278 417404 3275 430596
84900 3279 417925 3280 431075
85000 3280 418460 3281 431540
85100 3283 419104 3281 431896
85200 3285 419528 3283 432472
85300 3286 420113 3284 432887
85400 3286 420699 3286 433301
85500 3291 421192 3287 433808
85600 3293 421815 3289 434185
85700 3294 422412 3295 434588
85800 3294 422895 3296 435105
85900 3301 423339 3302 435661
86000 3308 423851 3302 436149
86100 3309 424343 3305 436657
86200 3309 424882 3305 437118
86300 3313 425312 3306 437688
86400 3314 425877 3308 438123
86500 3316 426396 3310 438604
86600 3318 426888 3315 439112
86700 3320 427262 3316 439738
86800 3321 427802 3317 440198
86900 3323 428300 3322 440700
87000 3328 428779 3331 441221
87100 3334 429249 3335 441751
87200 3339 429752 3337 442248
87300 3345 430210 3339 442790
87400 3350 430742 3341 443258
87500 3353 431252 3344 443748
87600 3354 431779 3345 444221
87700 3357 432360 3351 444640
87800 3360 432853 3356 445147
87900 3361 433285 3358 445715
88000 3361 433822 3361 446178
88100 3364 434479 3364 446521
88200 3371 435034 3371 446966
88300 3373 435411 3377 447589
88400 3376 435909 3379 448091
88500 3377 436402 3381 448598
88600 3378 436823 3382 449177
88700 3378 437421 3383 449579
88800 3383 437898 3385 450102
88900 3386 438323 3388 450677
89000 3387 438892 3391 451108
89100 3392 439472 3393 451528
89200 3398 439900 3396 452100
89300 3400 440318 3400 452682
89400 3402 440915 3401 453085
89500 3402 441383 3402 453617
89600 3404 441943 3402 454057
89700 3406 442402 3404 454598
89800 3412 442824 3409 455176
89900 3416 443293 3414 455707
90000 3416 443848 3416 456152
90100 3418 444389 3423 456611
90200 3425 445014 3424 456986
90300 3426 445495 3426 457505
90400 3435 445981 3428 458019
90500 3437 446498 3429 458502
90600 3441 446993 3435 459007
90700 3442 447411 3437 459589
90800 3444 447976 3439 460024
90900 3450 448563 3445 460437
91000 3454 449050 3450 460950
91100 3457 449640 3452 461360
91200 3464 450195 3457 461805
91300 3468 450723 3461 462277
91400 3473 451246 3465 462754
91500 3475 451792 3468 463208
91600 3477 452313 3471 463687
91700 3484 452813 3476 464187
91800 3487 453366 3477 464634
91900 3490 453926 3478 465074
92000 3494 454420 3483 465580
92100 3498 454943 3488 466057
92200 3502 455397 3490 466603
92300 3504 456013 3495 466987
92400 3507 456502 3500 467498
92500 3509 456935 3501 468065
92600 3510 457404 3504 468596
92700 3516 457923 3510 469077
92800 3518 458390 3512 469610
92900 3522 458827 3515 470173
93000 3525 459211 3515 470789
93100 3526 459760 3516 471240
93200 3527 460268 3519 471732
93300 3529 460768 3523 472232
93400 3532 461278 3526 472722
93500 3534 461747 3531 473253
93600 3535 462287 3533 473713
93700 3535 462793 3534 474207
93800 3538 463337 3539 474663
93900 3542 463877 3545 475123
94000 3543 464268 3548 475732
94100 3544 464797 3551 476203
94200 3547 465274 3554 476726
94300 3552 465789 3561 477211
94400 3554 466341 3562 477659
94500 3559 466877 3568 478123
94600 3563 467221 3569 478779
94700 3568 467667 3572 479333
94800 3574 468128 3572 479872
94900 3583 468580 3574 480420
95000 3583 469082 3578 480918
95100 3583 469493 3578 481507
95200 3585 470039 3578 481961
95300 3585 470479 3583 482521
95400 3587 471017 3587 482983
95500 3590 471671 3587 483329
95600 3593 472227 3590 483773
95700 3595 472604 3590 484396
95800 3602 473038 3594 484962
95900 3604 473496 3597 485504
96000 3607 473996 3602 486004
96100 3610 474469 3605 486531
96200 3617 474990 3609 487010
96300 3619 475525 3615 487475
96400 3622 476019 3619 487981
96500 3624 476557 3623 488443
96600 3628 477134 3627 488866
96700 3632 477674 3631 489326
96800 3635 478177 3638 489823
96900 3643 478700 3642 490300
97000 3646 479239 3644 490761
97100 3646 479822 3645 491178
97200 3649 480332 3646 491668
97300 3655 480929 3652 492071
97400 3660 481465 3654 492535
97500 3665 482043 3659 492957
97600 3667 482562 3663 493438
97700 3674 483105 3665 493895
97800 3680 483717 3670 494283
97900 3682 484282 3675 494718
98000 3684 484842 3678 495158
98100 3687 485289 3681 495711
98200 3690 485935 3685 496065
98300 3693 486416 3690 496584
98400 3698 486878 3698 497122
98500 3702 487316 3701 497684
98600 3710 487762 3703 498238
98700 3714 488255 3707 498745
98800 3715 488721 3712 499279
98900 3719 489197 3718 499803
99000 3721 489685 3721 500315
99100 3725 490111 3725 500889
99200 3727 490500 3728 501500
99300 3729 490969 3731 502031
99400 3731 491382 3732 502618
99500 3736 491984 3738 503016
99600 3742 492597 3746 503403
99700 3745 493101 3751 503899
99800 3749 493532 3753 504468
99900 3754 494022 3755 504978
100000 3759 494538 3758 505462
100100 3762 495009 3760 505991
100200 3767 495521 3761 506479
100300 3769 495959 3763 507041
100400 3772 496582 3764 507418
100500 3780 497144 3767 507856
100600 3790 497637 3773 508363
100700 3793 498175 3775 508825
100800 3794 498750 3779 509250
100900 3798 499327 3780 509673
101000 3803 499859 3783 510141
101100 3805 500441 3786 510559
101200 3809 501016 3793 510984
101300 3814 501530 3797 511470
101400 3818 502040 3804 511960
101500 3822 502483 3806 512517
101600 3823 503033 3814 512967
101700 3826 503604 3816 513396
101800 3830 504131 3821 513869
101900 3834 504587 3826 514413
102000 3836 505060 3833 514940
102100 3837 505576 3839 515424
102200 3840 506095 3842 515905
102300 3842 506565 3845 516435
102400 3849 507078 3847 516922
102500 3852 507585 3851 517415
102600 3858 508146 3855 517854
102700 3861 508659 3859 518341
102800 3866 509116 3861 518884
102900 3869 509662 3866 519338
103000 3869 510218 3870 519782
103100 3873 510790 3873 520210
103200 3874 511352 3874 520648
103300 3875 511803 3878 521197
103400 3878 512314 3881 521686
103500 3883 512899 3891 522101
103600 3883 513434 3892 522566
103700 3887 513986 3895 523014
103800 3889 514442 3896 523558
103900 3893 514941 3899 524059
104000 3898 515426 3904 524574
104100 3902 515879 3906 525121
104200 3906 516409 3912 525591
104300 3909 516959 3919 526041
104400 3914 517517 3926 526483
104500 3914 518050 3931 526950
104600 3917 518552 3931 527448
104700 3920 519075 3933 527925
104800 3921 519543 3934 528457
104900 3924 520068 3936 528932
105000 3926 520535 3939 529465
105100 3930 520983 3939 530017
105200 3933 521519 3944 530481
105300 3935 521944 3951 531056
105400 3939 522448 3956 531552
105500 3941 522970 3959 532030
105600 3945 523463 3963 532537
105700 3947 523962 3968 533038
105800 3949 524434 3971 533566
105900 3954 524873 3975 534127
106000 3955 525335 3981 534665
106100 3956 525788 3986 535212
106200 3960 526285 3990 535715
106300 3962 526780 3998 536220
106400 3965 527349 4003 536651
106500 3966 527867 4004 537133
106600 3970 528342 4009 537658
106700 3976 528933 4015 538067
106800 3977 529516 4017 538484
106900 3985 530062 4021 538938
107000 3986 530611 4024 539389
107100 3988 531213 4029 539787
107200 3997 531696 4035 540304
107300 4011 532194 4044 540806
107400 4014 532762 4050 541238
107500 4015 533150 4053 541850
107600 4018 533597 4056 542403
107700 4026 534121 4063 542879
107800 4030 534571 4063 543429
107900 4033 535107 4065 543893
108000 4034 535660 4070 544340
108100 4038 536130 4073 544870
108200 4038 536623 4077 545377
108300 4042 537138 4079 545862
108400 4045 537639 4081 546361
108500 4045 538087 4086 546913
108600 4051 538617 4088 547383
108700 4053 539107 4094 547893
108800 4057 539592 4094 548408
108900 4059 540142 4097 548858
109000 4065 540797 4105 549203
109100 4068 541271 4109 549729
109200 4075 541777 4114 550223
109300 4083 542309 4118 550691
109400 4087 542818 4122 551182
109500 4094 543251 4126 551749
109600 4097 543703 4131 552297
109700 4102 544317 4133 552683
109800 4103 544855 4136 553145
109900 4108 545351 4140 553649
110000 4109 545793 4145 554207
110100 4114 546298 4147 554702
110200 4121 546777 4153 555223
110300 4127 547123 4156 555877
110400 4134 547630 4158 556370
110500 4138 548165 4162 556835
110600 4144 548782 4168 557218
110700 4149 549298 4176 557702
110800 4154 549844 4180 558156
110900 4157 550282 4184 558718
111000 4161 550787 4192 559213
111100 4170 551419 4193 559581
111200 4172 551888 4193 560112
111300 4174 552288 4194 560712
111400 4179 552759 4197 561241
111500 4184 553247 4204 561753
111600 4187 553774 4210 562226
111700 4193 554399 4214 562601
111800 4198 554959 4220 563041
111900 4204 555597 4227 563403
112000 4206 556047 4229 563953
112100 4210 556522 4232 564478
112200 4215 556976 4237 565024
112300 4220 557463 4241 565537
112400 4223 558006 4244 565994
112500 4225 558464 4246 566536
112600 4226 559005 4250 566995
112700 4227 559561 4251 567439
112800 4229 560022 4255 567978
112900 4231 560521 4257 568479
113000 4232 560978 4261 569022
113100 4235 561455 4262 569545
113200 4236 562075 4268 569925
113300 4240 562571 4270 570429
113400 4244 563140 4279 570860
113500 4253 563558 4288 571442
113600 4258 564052 4293 571948
113700 4261 564609 4299 572391
113800 4264 565134 4304 572866
113900 4268 565731 4308 573269
114000 4272 566164 4313 573836
114100 4275 566654 4316 574346
114200 4276 567187 4321 574813
114300 4279 567742 4322 575258
114400 4286 568279 4325 575721
114500 4289 568720 4327 576280
114600 4290 569299 4329 576701
114700 4292 569793 4333 577207
114800 4293 570387 4334 577613
114900 4299 570896 4337 578104
115000 4303 571326 4339 578674
115100 4304 571775 4341 579225
115200 4306 572225 4345 579775
115300 4307 572755 4346 580245
115400 4309 573357 4347 580643
115500 4310 573806 4348 581194
115600 4311 574370 4348 581630
115700 4314 574782 4351 582218
115800 4314 575269 4354 582731
115900 4320 575747 4356 583253
116000 4324 576265 4358 583735
116100 4325 576757 4363 584243
116200 4331 577199 4368 584801
116300 4335 577602 4371 585398
116400 4342 577996 4377 586004
116500 4349 578401 4377 586599
116600 4349 578781 4381 587219
116700 4351 579140 4384 587860
116800 4352 579594 4388 588406
116900 4353 580114 4392 588886
117000 4355 580548 4394 589452
117100 4358 581063 4400 589937
117200 4361 581571 4401 590429
117300 4368 582165 4406 590835
117400 4372 582690 4408 591310
117500 4373 583096 4409 591904
117600 4377 583622 4410 592378
117700 4379 584105 4415 592895
117800 4380 584679 4417 593321
117900 4384 585133 4420 593867
118000 4385 585677 4425 594323
118100 4392 586193 4427 594807
118200 4397 586718 4428 595282
118300 4398 587216 4430 595784
118400 4400 587758 4431 596242
118500 4402 588126 4431 596874
118600 4407 588479 4435 597521
118700 4407 588877 4439 598123
118800 4411 589413 4442 598587
118900 4412 589880 4442 599120
119000 4416 590383 4444 599617
119100 4419 590970 4446 600030
119200 4419 591483 4446 600517
119300 4423 591956 4447 601044
119400 4426 592465 4447 601535
119500 4429 593082 4452 601918
119600 4439 593667 4457 602333
119700 4444 594247 4461 602753
119800 4444 594732 4462 603268
119900 4447 595253 4463 603747
120000 4452 595783 4467 604217
120100 4456 596380 4468 604620
120200 4457 596841 4471 605159
120300 4463 597500 4473 605500
120400 4467 598122 4478 605878
120500 4468 598716 4481 606284
120600 4471 599282 4485 606718
120700 4475 599815 4487 607185
120800 4481 600289 4491 607711
120900 4490 600805 4492 608195
121000 4490 601354 4494 608646
121100 4491 601814 4499 609186
121200 4494 602433 4502 609567
121300 4497 602823 4507 610177
121400 4500 603198 4509 610802
121500 4503 603761 4513 611239
121600 4505 604250 4516 611750
121700 4512 604705 4519 612295
121800 4516 605164 4520 612836
121900 4518 605647 4523 613353
122000 4522 606108 4530 613892
122100 4524 606578 4531 614422
122200 4524 607153 4534 614847
122300 4526 607611 4537 615389
122400 4532 608091 4539 615909
122500 4536 608564 4541 616436
122600 4539 609047 4545 616953
122700 4543 609538 4549 617462
122800 4545 610150 4554 617850
122900 4545 610705 4556 618295
123000 4548 611222 4558 618778
123100 4553 611712 4561 619288
123200 4557 612309 4561 619691
123300 4559 612740 4564 620260
123400 4564 613157 4564 620843
123500 4566 613592 4567 621408
123600 4568 614031 4571 621969
123700 4573 614512 4572 622488
123800 4579 615096 4573 622904
123900 4586 615704 4580 623296
124000 4591 616259 4582 623741
124100 4593 616796 4587 624204
124200 4598 617260 4591 624740
124300 4599 617786 4598 625214
124400 4601 618309 4601 625691
124500 4603 618923 4602 626077
124600 4605 619487 4602 626513
124700 4608 620056 4609 626944
124800 4609 620638 4610 627362
124900 4610 621250 4615 627750
125000 4615 621828 4619 628172
125100 4620 622239 4622 628761
125200 4621 622629 4627 629371
125300 4623 623065 4630 629935
125400 4628 623487 4632 630513
125500 4631 623930 4633 631070
125600 4633 624383 4637 631617
125700 4634 624802 4637 632198
125800 4636 625252 4640 632748
125900 4642 625642 4643 633358
126000 4646 626103 4645 633897
126100 4648 626594 4647 634406
126200 4653 627122 4649 634878
126300 4655 627656 4655 635344
126400 4657 628131 4655 635869
126500 4662 628578 4659 636422
126600 4665 629026 4661 636974
126700 4668 629515 4661 637485
126800 4669 630069 4664 637931
126900 4670 630518 4666 638482
127000 4675 630972 4669 639028
127100 4680 631355 4670 639645
127200 4683 631871 4675 640129
127300 4687 632262 4680 640738
127400 4689 632687 4683 641313
127500 4694 633135 4690 641865
127600 4700 633559 4692 642441
127700 4702 633975 4692 643025
127800 4706 634406 4693 643594
127900 4711 634868 4694 644132
128000 4716 635407 4698 644593
128100 4718 636054 4701 644946
128200 4722 636505 4703 645495
128300 4727 636953 4704 646047
128400 4730 637493 4707 646507
128500 4733 638014 4708 646986
128600 4734 638573 4715 647427
128700 4740 639073 4717 647927
128800 4743 639528 4724 648472
128900 4746 639948 4729 649052
129000 4749 640361 4735 649639
129100 4751 640878 4739 650122
129200 4756 641333 4744 650667
129300 4759 641820 4747 651180
129400 4761 642299 4754 651701
129500 4764 642811 4757 652189
129600 4765 643286 4759 652714
129700 4768 643776 4764 653224
129800 4769 644200 4769 653800
129900 4775 644615 4769 654385
130000 4778 645035 4772 654965
130100 4782 645593 4775 655407
130200 4786 646050 4779 655950
130300 4795 646556 4783 656444
130400 4798 646959 4786 657041
130500 4802 647403 4787 657597
130600 4804 647918 4788 658082
130700 4808 648424 4788 658576
130800 4812 649016 4792 658984
130900 4812 649518 4793 659482
131000 4818 650037 4795 659963
131100 4821 650572 4797 660428
131200 4822 651025 4804 660975
131300 4826 651445 4806 661555
131400 4830 651949 4814 662051
131500 4834 652416 4816 662584
131600 4835 652905 4821 663095
131700 4840 653395 4825 663605
131800 4842 653891 4830 664109
131900 4848 654348 4834 664652
132000 4852 654897 4837 665103
132100 4855 655499 4839 665501
132200 4856 656110 4840 665890
132300 4862 656555 4845 666445
132400 4862 657088 4848 666912
132500 4868 657652 4851 667348
132600 4875 658087 4854 667913
132700 4883 658540 4859 668460
132800 4883 658988 4861 669012
132900 4886 659575 4864 669425
133000 4893 660179 4869 669821
133100 4894 660606 4872 670394
133200 4897 661177 4875 670823
133300 4903 661697 4880 671303
133400 4905 662225 4886 671775
133500 4907 662642 4889 672358
133600 4911 663135 4894 672865
133700 4919 663554 4896 673446
133800 4921 664012 4901 673988
133900 4926 664497 4905 674503
134000 4928 664981 4905 675019
134100 4930 665493 4906 675507
134200 4932 665978 4907 676022
134300 4933 666401 4909 676599
134400 4935 666813 4911 677187
134500 4943 667396 4914 677604
134600 4949 667942 4916 678058
134700 4953 668471 4920 678529
134800 4957 668904 4922 679096
134900 4958 669313 4924 679687
135000 4962 669797 4931 680203
135100 4967 670254 4936 680746
135200 4969 670710 4936 681290
135300 4974 671205 4939 681795
135400 4976 671610 4942 682390
135500 4981 672003 4944 682997
135600 4984 672379 4946 683621
135700 4985 672691 4948 684309
135800 4994 673123 4955 684877
135900 4996 673558 4956 685442
136000 5000 674045 4962 685955
136100 5009 674542 4968 686458
136200 5013 674996 4970 687004
136300 5016 675430 4971 687570
136400 5017 675814 4972 688186
136500 5018 676233 4976 688767
136600 5020 676788 4980 689212
136700 5023 677365 4982 689635
136800 5026 677825 4987 690175
136900 5031 678153 4991 690847
137000 5034 678559 4997 691441
137100 5036 678957 4999 692043
137200 5036 679485 5003 692515
137300 5037 680014 5007 692986
137400 5041 680465 5011 693535
137500 5045 680966 5014 694034
137600 5047 681482 5018 694518
137700 5048 681908 5022 695092
137800 5052 682373 5026 695627
137900 5058 682799 5034 696201
138000 5058 683259 5035 696741
138100 5059 683703 5036 697297
138200 5065 684253 5036 697747
138300 5069 684617 5037 698383
138400 5072 684995 5039 699005
138500 5076 685413 5041 699587
138600 5080 685979 5043 700021
138700 5085 686493 5050 700507
138800 5087 686972 5052 701028
138900 5088 687519 5055 701481
139000 5090 688008 5056 701992
139100 5091 688543 5057 702457
139200 5095 689070 5057 702930
139300 5097 689598 5060 703402
139400 5103 690086 5061 703914
139500 5106 690661 5063 704339
139600 5110 691226 5063 704774
139700 5113 691828 5066 705172
139800 5118 692401 5069 705599
139900 5121 692961 5074 706039
140000 5125 693462 5075 706538
140100 5126 694012 5075 706988
140200 5129 694494 5077 707506
140300 5129 694837 5080 708163
140400 5132 695251 5082 708749
140500 5134 695688 5085 709312
140600 5142 696141 5089 709859
140700 5145 696604 5090 710396
140800 5149 696988 5095 711012
140900 5151 697458 5099 711542
141000 5155 697928 5103 712072
141100 5159 698447 5109 712553
141200 5161 698817 5109 713183
141300 5167 699226 5109 713774
141400 5169 699751 5110 714249
141500 5173 700185 5116 714815
141600 5175 700724 5117 715276
141700 5175 701275 5119 715725
141800 5177 701780 5120 716220
141900 5177 702398 5125 716602
142000 5182 703016 5127 716984
142100 5186 703455 5129 717545
142200 5189 703992 5134 718008
142300 5192 704444 5138 718556
142400 5193 704978 5140 719022
142500 5197 705442 5143 719558
142600 5199 706022 5148 719978
142700 5205 706513 5152 720487
142800 5207 707139 5155 720861
142900 5209 707743 5160 721257
143000 5210 708242 5161 721758
143100 5213 708826 5166 722174
143200 5217 709269 5171 722731
143300 5221 709756 5172 723244
143400 5226 710239 5175 723761
143500 5227 710731 5185 724269
143600 5229 711196 5186 724804
143700 5231 711590 5189 725410
143800 5234 712185 5191 725815
143900 5237 712717 5192 726283
144000 5239 713261 5198 726739
144100 5243 713782 5201 727218
144200 5246 714269 5204 727731
144300 5250 714814 5206 728186
144400 5254 715335 5211 728665
144500 5260 715865 5215 729135
144600 5262 716318 5219 729682
144700 5264 716726 5219 730274
144800 5266 717288 5220 730712
144900 5268 717834 5221 731166
145000 5271 718375 5224 731625
145100 5273 718808 5225 732192
145200 5274 719445 5230 732555
145300 5274 720012 5231 732988
145400 5280 720560 5234 733440
145500 5280 721028 5237 733972
145600 5282 721548 5239 734452
145700 5285 722177 5245 734823
145800 5288 722737 5247 735263
145900 5291 723271 5254 735729
146000 5294 723751 5254 736249
146100 5298 724232 5260 736768
146200 5302 724701 5265 737299
146300 5304 725277 5270 737723
146400 5306 725798 5270 738202
146500 5307 726226 5273 738774
146600 5311 726619 5273 739381
146700 5316 727229 5275 739771
146800 5319 727849 5278 740151
146900 5323 728359 5285 740641
147000 5328 728954 5289 741046
147100 5333 729471 5295 741529
147200 5338 729948 5301 742052
147300 5341 730526 5304 742474
147400 5345 731023 5305 742977
147500 5352 731508 5307 743492
147600 5356 731967 5311 744033
147700 5360 732381 5315 744619
147800 5366 732853 5320 745147
147900 5370 733338 5328 745662
148000 5374 733785 5334 746215
148100 5383 734217 5341 746783
148200 5387 734728 5344 747272
148300 5391 735167 5346 747833
148400 5393 735661 5351 748339
148500 5394 736154 5354 748846
148600 5396 736624 5356 749376
148700 5397 736969 5360 750031
148800 5398 737383 5361 750617
148900 5401 737893 5374 751107
149000 5405 738508 5377 751492
149100 5407 739069 5379 751931
149200 5410 739614 5383 752386
149300 5410 740215 5385 752785
149400 5411 740685 5388 753315
149500 5415 741210 5390 753790
149600 5419 741632 5395 754368
149700 5424 742105 5400 754895
149800 5425 742557 5401 755443
149900 5427 742987 5405 756013
150000 5431 743593 5408 756407
150100 5434 744085 5411 756915
150200 5436 744568 5414 757432
150300 5437 745069 5415 757931
150400 5443 745548 5416 758452
150500 5445 745996 5423 759004
150600 5447 746515 5433 759485
150700 5453 747054 5439 759946
150800 5458 747542 5444 760458
150900 5460 748007 5446 760993
151000 5462 748454 5448 761546
151100 5463 748943 5450 762057
151200 5470 749425 5458 762575
151300 5470 749897 5462 763103
151400 5472 750419 5465 763581
151500 5473 751030 5467 763970
151600 5477 751545 5473 764455
151700 5478 752025 5476 764975
151800 5484 752518 5482 765482
151900 5486 753067 5485 765933
152000 5491 753537 5494 766463
152100 5494 754095 5497 766905
152200 5502 754601 5500 767399
152300 5508 755137 5506 767863
152400 5511 755632 5511 768368
152500 5515 756127 5514 768873
152600 5518 756655 5517 769345
152700 5520 757202 5522 769798
152800 5522 757774 5524 770226
152900 5525 758316 5525 770684
153000 5526 758750 5529 771250
153100 5527 759318 5533 771682
153200 5536 759799 5538 772201
153300 5539 760297 5540 772703
153400 5541 760824 5543 773176
153500 5542 761325 5547 773675
153600 5545 761841 5549 774159
153700 5549 762223 5554 774777
153800 5551 762707 5559 775293
153900 5556 763199 5561 775801
154000 5563 763681 5564 776319
154100 5566 764201 5566 776799
154200 5570 764679 5566 777321
154300 5570 765264 5568 777736
154400 5572 765722 5572 778278
154500 5573 766185 5575 778815
154600 5576 766688 5579 779312
154700 5579 767119 5585 779881
154800 5583 767584 5585 780416
154900 5592 768100 5588 780900
155000 5597 768694 5593 781306
155100 5602 769187 5598 781813
155200 5606 769655 5602 782345
155300 5612 770130 5607 782870
155400 5619 770625 5610 783375
155500 5619 771185 5611 783815
155600 5624 771731 5613 784269
155700 5627 772202 5614 784798
155800 5630 772772 5618 785228
155900 5633 773374 5623 785626
156000 5638 773954 5628 786046
156100 5643 774508 5629 786492
156200 5647 775051 5633 786949
156300 5647 775580 5633 787420
156400 5652 776148 5636 787852
156500 5652 776661 5639 788339
156600 5654 777052 5645 788948
156700 5655 777466 5647 789534
156800 5656 777980 5648 790020
156900 5658 778470 5650 790530
157000 5663 779004 5653 790996
157100 5665 779574 5656 791426
157200 5669 780136 5658 791864
157300 5674 780585 5662 792415
157400 5679 781104 5668 792896
157500 5683 781722 5668 793278
157600 5684 782209 5670 793791
157700 5689 782739 5671 794261
157800 5695 783144 5677 794856
157900 5698 783643 5680 795357
158000 5700 784295 5688 795705
158100 5702 784859 5691 796141
158200 5706 785434 5695 796566
158300 5707 786099 5704 796901
158400 5708 786478 5710 797522
158500 5713 787008 5713 797992
158600 5715 787483 5714 798517
158700 5717 787985 5719 799015
158800 5721 788483 5723 799517
158900 5725 788984 5730 800016
159000 5729 789444 5736 800556
159100 5733 789948 5741 801052
159200 5738 790398 5741 801602
159300 5741 790831 5746 802169
159400 5742 791342 5747 802658
159500 5747 791749 5750 803251
159600 5748 792119 5754 803881
159700 5751 792623 5756 804377
159800 5759 793230 5759 804770
159900 5759 793725 5761 805275
160000 5761 794250 5766 805750
160100 5764 794739 5771 806261
160200 5769 795320 5774 806680
160300 5771 795879 5776 807121
160400 5772 796260 5777 807740
160500 5774 796809 5780 808191
160600 5782 797331 5782 808669
160700 5789 797839 5787 809161
160800 5793 798395 5792 809605
160900 5797 798895 5797 810105
161000 5797 799450 5801 810550
161100 5800 800045 5803 810955
161200 5803 800538 5809 811462
161300 5807 800938 5818 812062
161400 5811 801427 5821 812573
161500 5815 801814 5822 813186
161600 5815 802201 5825 813799
161700 5817 802618 5828 814382
161800 5819 802990 5831 815010
161900 5820 803458 5833 815542
162000 5821 804077 5837 815923
162100 5822 804593 5839 816407
162200 5825 805026 5840 816974
162300 5830 805454 5845 817546
162400 5833 806010 5852 817990
162500 5835 806537 5853 818463
162600 5839 807074 5857 818926
162700 5847 807614 5861 819386
162800 5848 808172 5861 819828
162900 5848 808688 5864 820312
163000 5854 809113 5870 820887
163100 5856 809686 5872 821314
163200 5861 810207 5873 821793
163300 5866 810752 5873 822248
163400 5869 811312 5882 822688
163500 5872 811813 5885 823187
163600 5876 812254 5889 823746
163700 5877 812694 5891 824306
163800 5880 813182 5893 824818
163900 5883 813707 5896 825293
164000 5884 814239 5898 825761
164100 5885 814712 5900 826288
164200 5886 815160 5902 826840
164300 5890 815612 5903 827388
164400 5892 816155 5905 827845
164500 5894 816723 5910 828277
164600 5898 817289 5916 828711
164700 5904 817705 5918 829295
164800 5908 818242 5924 829758
164900 5911 818722 5926 830278
165000 5913 819090 5929 830910
165100 5917 819641 5933 831359
165200 5918 820212 5938 831788
165300 5922 820770 5939 832230
165400 5927 821332 5941 832668
165500 5930 821837 5948 833163
165600 5932 822364 5949 833636
165700 5932 822878 5954 834122
165800 5937 823261 5963 834739
165900 5941 823880 5968 835120
166000 5945 824436 5971 835564
166100 5948 825009 5971 835991
166200 5954 825527 5974 836473
166300 5955 826066 5976 836934
166400 5957 826491 5981 837509
166500 5960 826816 5984 838184
166600 5963 827225 5989 838775
166700 5963 827776 5991 839224
166800 5965 828253 5991 839747
166900 5965 828795 5992 840205
167000 5969 829244 5995 840756
167100 5972 829851 5998 841149
167200 5975 830377 5999 841623
167300 5978 830843 6002 842157
167400 5982 831441 6004 842559
167500 5988 831994 6005 843006
167600 5991 832483 6008 843517
167700 5996 832835 6011 844165
167800 5998 833131 6015 844869
167900 6000 833557 6017 845443
168000 6006 834110 6019 845890
168100 6007 834616 6023 846384
168200 6007 835099 6028 846901
168300 6013 835414 6033 847586
168400 6015 835857 6035 848143
168500 6018 836439 6039 848561
168600 6021 836997 6041 849003
168700 6024 837529 6044 849471
168800 6028 838128 6047 849872
168900 6031 838659 6049 850341
169000 6032 839099 6050 850901
169100 6042 839488 6054 851512
169200 6046 839808 6059 852192
169300 6053 840129 6062 852871
169400 6058 840454 6068 853546
169500 6065 840749 6073 854251
169600 6067 841295 6075 854705
169700 6069 841863 6079 855137
169800 6072 842452 6080 855548
169900 6074 842913 6081 856087
170000 6079 843346 6083 856654
170100 6083 843837 6084 857163
170200 6086 844306 6085 857694
170300 6091 844854 6086 858146
170400 6091 845332 6088 858668
170500 6094 845961 6091 859039
170600 6095 846480 6094 859520
170700 6095 846964 6096 860036
170800 6098 847569 6099 860431
170900 6101 848061 6099 860939
171000 6105 848583 6102 861417
171100 6110 849169 6105 861831
171200 6114 849681 6108 862319
171300 6118 850205 6109 862795
171400 6122 850675 6114 863325
171500 6124 851199 6117 863801
171600 6126 851688 6117 864312
171700 6127 852175 6121 864825
171800 6128 852652 6123 865348
171900 6131 853132 6128 865868
172000 6133 853585 6133 866415
172100 6135 854143 6135 866857
172200 6137 854675 6139 867325
172300 6142 855196 6142 867804
172400 6145 855619 6150 868381
172500 6150 856004 6150 868996
172600 6152 856483 6153 869517
172700 6154 856990 6158 870010
172800 6156 857586 6159 870414
172900 6157 858034 6161 870966
173000 6160 858525 6163 871475
173100 6164 858940 6167 872060
173200 6167 859304 6170 872696
173300 6171 859716 6173 873284
173400 6175 860160 6182 873840
173500 6180 860532 6185 874468
173600 6186 860989 6194 875011
173700 6187 861518 6197 875482
173800 6189 862094 6199 875906
173900 6190 862671 6200 876329
174000 6192 863146 6202 876854
174100 6195 863554 6206 877446
174200 6197 864007 6212 877993
174300 6201 864569 6214 878431
174400 6208 864976 6219 879024
174500 6209 865593 6220 879407
174600 6212 866036 6220 879964
174700 6215 866698 6224 880302
174800 6218 867175 6228 880825
174900 6221 867559 6229 881441
175000 6224 867923 6230 882077
175100 6227 868367 6235 882633
175200 6229 868918 6238 883082
175300 6231 869477 6238 883523
175400 6234 869829 6244 884171
175500 6236 870319 6244 884681
175600 6238 870778 6244 885222
175700 6243 871229 6245 885771
175800 6246 871701 6248 886299
175900 6249 872209 6251 886791
176000 6250 872758 6253 887242
176100 6258 873272 6255 887728
176200 6259 873764 6257 888236
176300 6260 874255 6259 888745
176400 6265 874727 6260 889273
176500 6269 875225 6265 889775
176600 6277 875695 6269 890305
176700 6280 876275 6275 890725
176800 6281 876746 6277 891254
176900 6286 877312 6278 891688
177000 6289 877756 6280 892244
177100 6293 878253 6281 892747
177200 6296 878752 6287 893248
177300 6303 879248 6291 893752
177400 6308 879730 6297 894270
177500 6310 880181 6298 894819
177600 6311 880653 6303 895347
177700 6315 881129 6306 895871
177800 6319 881597 6310 896403
177900 6320 882166 6311 896834
178000 6321 882748 6317 897252
178100 6325 883315 6324 897685
178200 6330 883742 6325 898258
178300 6331 884098 6327 898902
178400 6336 884700 6331 899300
178500 6344 885175 6336 899825
178600 6346 885663 6340 900337
178700 6352 886241 6342 900759
178800 6353 886734 6343 901266
178900 6356 887186 6345 901814
179000 6358 887670 6350 902330
179100 6361 888233 6356 902767
179200 6362 888855 6356 903145
179300 6364 889374 6358 903626
179400 6367 889894 6362 904106
179500 6370 890332 6365 904668
179600 6372 890723 6367 905277
179700 6374 891197 6367 905803
179800 6378 891746 6370 906254
179900 6386 892299 6372 906701
180000 6392 892827 6374 907173
180100 6395 893277 6378 907723
180200 6397 893797 6379 908203
180300 6404 894305 6384 908695
180400 6407 894780 6390 909220
180500 6413 895332 6395 909668
180600 6416 895851 6400 910149
180700 6417 896340 6403 910660
180800 6422 896805 6410 911195
180900 6424 897253 6414 911747
181000 6435 897657 6420 912343
181100 6437 898139 6427 912861
181200 6438 898599 6428 913401
181300 6438 899140 6428 913860
181400 6440 899629 6430 914371
181500 6442 900144 6432 914856
181600 6442 900679 6435 915321
181700 6442 901223 6438 915777
181800 6443 901744 6441 916256
181900 6445 902275 6442 916725
182000 6450 902762 6442 917238
182100 6453 903242 6446 917758
182200 6454 903703 6448 918297
182300 6460 904261 6452 918739
182400 6461 904742 6457 919258
182500 6465 905283 6459 919717
182600 6468 905807 6460 920193
182700 6472 906208 6462 920792
182800 6477 906579 6465 921421
182900 6482 906948 6468 922052
183000 6485 907430 6468 922570
183100 6486 907928 6469 923072
183200 6490 908432 6474 923568
183300 6493 909020 6479 923980
183400 6496 909617 6479 924383
183500 6497 910204 6482 924796
183600 6498 910755 6485 925245
183700 6500 911203 6486 925797
183800 6504 911629 6493 926371
183900 6506 912082 6497 926918
184000 6509 912591 6500 927409
184100 6509 912987 6501 928013
184200 6511 913407 6502 928593
184300 6518 913793 6506 929207
184400 6518 914173 6508 929827
184500 6522 914702 6510 930298
184600 6525 915219 6513 930781
184700 6527 915746 6514 931254
184800 6529 916344 6516 931656
184900 6531 916882 6521 932118
185000 6534 917405 6525 932595
185100 6535 917843 6527 933157
185200 6537 918289 6530 933711
185300 6538 918795 6533 934205
185400 6542 919207 6535 934793
185500 6542 919704 6536 935296
185600 6545 920339 6542 935661
185700 6550 920834 6549 936166
185800 6551 921363 6551 936637
185900 6559 921688 6551 937312
186000 6561 922160 6555 937840
186100 6564 922506 6558 938494
186200 6568 923015 6563 938985
186300 6573 923601 6563 939399
186400 6574 924279 6570 939721
186500 6576 924860 6574 940140
186600 6577 925345 6579 940655
186700 6583 925751 6581 941249
186800 6591 926173 6583 941827
186900 6593 926590 6585 942410
187000 6597 927059 6587 942941
187100 6598 927441 6591 943559
187200 6602 927876 6594 944124
187300 6604 928433 6595 944567
187400 6611 928894 6599 945106
187500 6614 929362 6605 945638
187600 6615 929841 6606 946159
187700 6617 930297 6608 946703
187800 6626 930722 6613 947278
187900 6634 931237 6617 947763
188000 6639 931674 6619 948326
188100 6640 932011 6620 948989
188200 6644 932509 6621 949491
188300 6644 932887 6627 950113
188400 6646 933430 6628 950570
188500 6647 933944 6628 951056
188600 6649 934559 6631 951441
188700 6653 935046 6631 951954
188800 6658 935602 6635 952398
188900 6666 936151 6639 952849
189000 6670 936558 6641 953442
189100 6670 937088 6642 953912
189200 6672 937564 6646 954436
189300 6677 938009 6650 954991
189400 6680 938537 6653 955463
189500 6681 938987 6655 956013
189600 6683 939382 6660 956618
189700 6683 939898 6664 957102
189800 6685 940510 6669 957490
189900 6686 941027 6674 957973
190000 6690 941516 6676 958484
190100 6693 942073 6678 958927
190200 6697 942566 6681 959434
190300 6701 943147 6686 959853
190400 6701 943658 6693 960342
190500 6706 944128 6701 960872
190600 6709 944665 6707 961335
190700 6712 945244 6712 961756
190800 6715 945727 6713 962273
190900 6719 946256 6714 962744
191000 6725 946730 6716 963270
191100 6726 947193 6720 963807
191200 6730 947780 6722 964220
191300 6733 948216 6724 964784
191400 6738 948732 6728 965268
191500 6741 949275 6728 965725
191600 6741 949776 6732 966224
191700 6747 950332 6736 966668
191800 6749 950778 6740 967222
191900 6752 951341 6745 967659
192000 6754 951809 6747 968191
192100 6758 952241 6753 968759
192200 6760 952655 6756 969345
192300 6766 953131 6759 969869
192400 6770 953590 6760 970410
192500 6771 954033 6761 970967
192600 6774 954473 6763 971527
192700 6780 954875 6772 972125
192800 6781 955346 6774 972654
192900 6783 956013 6775 972987
193000 6788 956584 6785 973416
193100 6793 957145 6789 973855
193200 6801 957580 6791 974420
193300 6808 958098 6796 974902
193400 6811 958658 6796 975342
193500 6811 959078 6796 975922
193600 6813 959565 6797 976435
193700 6814 960056 6801 976944
193800 6815 960572 6806 977428
193900 6817 960828 6809 978172
194000 6823 961320 6812 978680
194100 6825 961673 6815 979327
194200 6829 962235 6815 979765
194300 6835 962810 6818 980190
194400 6841 963420 6819 980580
194500 6846 963947 6821 981053
194600 6850 964397 6823 981603
194700 6855 964837 6826 982163
194800 6860 965317 6830 982683
194900 6864 965822 6839 983178
195000 6870 966357 6840 983643
195100 6873 966786 6848 984214
195200 6877 967305 6853 984695
195300 6879 967852 6857 985148
195400 6879 968318 6863 985682
195500 6883 968813 6868 986187
195600 6888 969262 6872 986738
195700 6888 969646 6877 987354
195800 6893 970094 6878 987906
195900 6898 970537 6880 988463
196000 6900 971079 6884 988921
196100 6901 971552 6887 989448
196200 6905 972093 6894 989907
196300 6906 972495 6897 990505
196400 6909 972917 6902 991083
196500 6910 973325 6905 991675
196600 6913 973760 6912 992240
196700 6914 974300 6915 992700
196800 6918 974787 6917 993213
196900 6921 975177 6922 993823
197000 6925 975616 6925 994384
197100 6928 976135 6929 994865
197200 6931 976611 6931 995389
197300 6932 977136 6934 995864
197400 6932 977729 6936 996271
197500 6933 978273 6937 996727
197600 6935 978689 6940 997311
197700 6939 979280 6946 997720
197800 6942 979759 6949 998241
197900 6953 980144 6952 998856
198000 6958 980598 6957 999402
198100 6963 981139 6967 999861
198200 6967 981689 6972 1000311
198300 6973 982141 6976 1000859
198400 6977 982701 6978 1001299
198500 6978 983136 6978 1001864
198600 6980 983574 6983 1002426
198700 6980 984078 6985 1002922
198800 6983 984606 6986 1003394
198900 6987 985086 6991 1003914
199000 6988 985549 6995 1004451
199100 6993 985948 6998 1005052
199200 6996 986435 7000 1005565
199300 7005 986916 7007 1006084
199400 7010 987507 7010 1006493
199500 7014 988021 7013 1006979
199600 7021 988517 7015 1007483
199700 7023 989081 7023 1007919
199800 7026 989535 7028 1008465
199900 7030 990073 7035 1008927
200000 7036 990547 7040 1009453
