#! FIELDS timestep dup_succ dup_attempts kill_succ kill_attempts
#! SET timestep 0.5
#! SET kernel_bandwidth [0.95 0.95]
#! SET kt 1.0
100 70 116 73 884
200 144 296 158 1704
300 227 542 252 2458
400 296 882 316 3118
500 338 1290 364 3710
600 368 1753 397 4247
700 382 2205 414 4795
800 397 2483 435 5517
900 418 2658 456 6342
1000 441 2801 480 7199
1100 475 2937 514 8063
1200 515 3076 559 8924
1300 562 3251 607 9749
1400 598 3479 662 10521
1500 641 3749 717 11251
1600 703 4058 760 11942
1700 726 4415 792 12585
1800 757 4793 817 13207
1900 781 5209 837 13791
2000 801 5650 851 14350
2100 809 6109 864 14891
2200 813 6578 879 15422
2300 818 7055 887 15945
2400 821 7763 890 16237
2500 822 8021 891 16979
2600 824 8375 892 17625
2700 826 8817 892 18183
2800 828 9322 895 18678
2900 828 9769 897 19231
3000 831 10247 898 19753
3100 832 10678 899 20322
3200 833 11129 901 20871
3300 833 11622 901 21378
3400 835 12119 906 21881
3500 835 12604 906 22396
3600 835 13092 908 22908
3700 836 13547 908 23453
3800 837 14121 908 23879
3900 837 14562 908 24438
4000 839 15013 909 24987
4100 840 15471 910 25529
4200 840 15967 910 26033
4300 840 16434 910 26566
4400 840 16755 912 27245
4500 841 17283 913 27717
4600 844 18027 913 27973
4700 844 18584 913 28416
4800 845 19122 914 28878
4900 845 19711 914 29289
5000 845 20294 916 29706
5100 846 20713 917 30287
5200 846 21208 918 30792
5300 848 21737 923 31263
5400 848 22435 924 31565
5500 848 22987 926 32013
5600 849 23463 927 32537
5700 851 23889 929 33111
5800 853 24563 930 33437
5900 853 25072 931 33928
6000 856 25619 932 34381
6100 856 26228 932 34772
6200 858 26657 932 35343
6300 859 27154 934 35846
6400 859 27572 936 36428
6500 859 28205 937 36795
6600 859 28681 937 37319
6700 860 29264 939 37736
6800 860 29668 939 38332
6900 860 30206 939 38794
7000 861 30697 939 39303
7100 861 31241 939 39759
7200 861 31895 939 40105
7300 862 32538 940 40462
7400 862 33236 941 40764
7500 864 33834 943 41166
7600 865 34365 943 41635
7700 869 35018 943 41982
7800 876 35514 943 42486
7900 877 36012 944 42988
8000 880 36606 944 43394
8100 880 36983 945 44017
8200 881 37437 945 44563
8300 885 37969 948 45031
8400 887 38450 948 45550
8500 888 38954 950 46046
8600 891 39335 951 46665
8700 892 39799 951 47201
8800 892 40193 953 47807
8900 893 40609 955 48391
9000 894 41008 955 48992
9100 896 41628 955 49372
9200 896 42024 956 49976
9300 896 42772 958 50228
9400 897 43371 960 50629
9500 898 43797 960 51203
9600 900 44184 961 51816
9700 903 44531 961 52469
9800 904 45122 962 52878
9900 904 45688 962 53312
10000 904 46146 962 53854
10100 905 46605 962 54395
10200 906 47000 963 55000
10300 907 47524 965 55476
10400 909 47804 966 56196
10500 910 48365 966 56635
10600 910 48888 966 57112
10700 910 49375 967 57625
10800 910 49851 968 58149
10900 910 50452 970 58548
11000 910 51068 970 58932
11100 910 51674 972 59326
11200 911 52147 972 59853
11300 911 52597 972 60403
11400 912 53092 973 60908
11500 912 53580 973 61420
11600 914 54047 975 61953
11700 917 54514 977 62486
11800 917 54894 978 63106
11900 917 55345 979 63655
12000 918 55946 979 64054
12100 918 56453 981 64547
12200 919 56942 981 65058
12300 920 57575 981 65425
12400 922 58108 985 65892
12500 923 58605 986 66395
12600 923 59032 987 66968
12700 923 59669 987 67331
12800 924 60035 987 67965
12900 924 60536 987 68464
13000 925 60922 991 69078
13100 926 61471 992 69529
13200 926 61962 992 70038
13300 927 62437 992 70563
13400 930 62979 994 71021
13500 931 63468 996 71532
13600 933 63971 997 72029
13700 935 64525 998 72475
13800 935 65065 998 72935
13900 935 65515 998 73485
14000 936 66010 998 73990
14100 938 66613 998 74387
14200 940 67045 998 74955
14300 940 67482 998 75518
14400 942 67863 999 76137
14500 942 68610 1000 76390
14600 943 69018 1000 76982
14700 943 69618 1001 77382
14800 944 70129 1001 77871
14900 944 70626 1003 78374
15000 945 71161 1004 78839
15100 945 71464 1004 79536
15200 946 71859 1004 80141
15300 947 72330 1004 80670
15400 947 72833 1005 81167
15500 948 73435 1005 81565
15600 949 73938 1005 82062
15700 949 74575 1007 82425
15800 950 75057 1011 82943
15900 951 75390 1012 83610
16000 951 76040 1015 83960
16100 951 76468 1016 84532
16200 951 76911 1017 85089
16300 953 77403 1017 85597
16400 953 77788 1020 86212
16500 953 78285 1021 86715
16600 958 78728 1022 87272
16700 958 79137 1023 87863
16800 959 79575 1024 88425
16900 961 80014 1024 88986
17000 961 80564 1026 89436
17100 962 80982 1030 90018
17200 963 81452 1032 90548
17300 964 81941 1032 91059
17400 964 82438 1032 91562
17500 964 83007 1033 91993
17600 966 83559 1033 92441
17700 967 84035 1033 92965
17800 969 84618 1033 93382
17900 970 85305 1033 93695
18000 973 86042 1038 93958
18100 973 86398 1038 94602
18200 974 86908 1040 95092
18300 976 87397 1040 95603
18400 977 87906 1040 96094
18500 979 88375 1042 96625
18600 979 88865 1043 97135
18700 979 89386 1046 97614
18800 980 89803 1047 98197
18900 983 90314 1051 98686
19000 984 90830 1052 99170
19100 985 91309 1052 99691
19200 987 91822 1052 100178
19300 987 92304 1053 100696
19400 987 92834 1054 101166
19500 988 93242 1056 101758
19600 989 93653 1056 102347
19700 989 94231 1056 102769
19800 989 94584 1057 103416
19900 990 95233 1058 103767
20000 992 95602 1059 104398
20100 992 96175 1059 104825
20200 993 96847 1059 105153
20300 994 97354 1063 105646
20400 994 97924 1065 106076
20500 996 98499 1067 106501
20600 999 98862 1069 107138
20700 999 99329 1071 107671
20800 1001 99743 1072 108257
20900 1002 100120 1073 108880
21000 1003 100713 1073 109287
21100 1005 101142 1073 109858
21200 1007 101669 1074 110331
21300 1007 102016 1074 110984
21400 1009 102505 1074 111495
21500 1009 103016 1075 111984
21600 1010 103687 1077 112313
21700 1010 104245 1077 112755
21800 1011 104626 1078 113374
21900 1011 105126 1079 113874
22000 1013 105508 1079 114492
22100 1014 105816 1079 115184
22200 1015 106299 1080 115701
22300 1016 106618 1080 116382
22400 1017 107116 1082 116884
22500 1018 107615 1082 117385
22600 1019 108023 1086 117977
22700 1020 108511 1086 118489
22800 1023 108886 1087 119114
22900 1025 109176 1089 119824
23000 1026 109557 1089 120443
23100 1028 110181 1090 120819
23200 1029 110617 1090 121383
23300 1030 111074 1090 121926
23400 1031 111648 1092 122352
23500 1033 112146 1093 122854
23600 1033 112731 1093 123269
23700 1034 113273 1094 123727
23800 1034 113782 1094 124218
23900 1035 114256 1094 124744
24000 1035 114876 1094 125124
24100 1036 115296 1097 125704
24200 1036 115569 1097 126431
24300 1036 116174 1097 126826
24400 1036 116669 1097 127331
24500 1038 117174 1100 127826
24600 1040 117691 1102 128309
24700 1041 117978 1102 129022
24800 1044 118250 1106 129750
24900 1044 118747 1108 130253
25000 1044 119355 1108 130645
25100 1044 119855 1108 131145
25200 1044 120299 1108 131701
25300 1046 120815 1108 132185
25400 1046 121320 1111 132680
25500 1048 121816 1112 133184
25600 1048 122303 1112 133697
25700 1049 122845 1113 134155
25800 1050 123101 1114 134899
25900 1052 123625 1115 135375
26000 1055 124229 1115 135771
26100 1055 124755 1115 136245
26200 1056 125069 1117 136931
26300 1058 125533 1119 137467
26400 1059 126035 1119 137965
26500 1060 126514 1120 138486
26600 1063 127000 1121 139000
26700 1064 127496 1121 139504
26800 1064 128129 1121 139871
26900 1066 128674 1121 140326
27000 1066 129149 1123 140851
27100 1068 129523 1125 141477
27200 1069 130041 1126 141959
27300 1069 130476 1126 142524
27400 1069 130773 1127 143227
27500 1069 131245 1128 143755
27600 1070 131740 1129 144260
27700 1071 132236 1131 144764
27800 1071 132493 1131 145507
27900 1071 132881 1133 146119
28000 1072 133283 1137 146717
28100 1074 133775 1139 147225
28200 1075 134342 1140 147658
28300 1077 134754 1141 148246
28400 1077 135381 1141 148619
28500 1078 135991 1142 149009
28600 1078 136447 1142 149553
28700 1078 136873 1142 150127
28800 1079 137381 1143 150619
28900 1079 137898 1143 151102
29000 1079 138400 1144 151600
29100 1079 138995 1145 152005
29200 1079 139516 1147 152484
29300 1080 140099 1147 152901
29400 1083 140597 1147 153403
29500 1084 140926 1148 154074
29600 1084 141364 1149 154636
29700 1085 141859 1150 155141
29800 1086 142415 1152 155585
29900 1088 142891 1152 156109
30000 1089 143395 1152 156605
30100 1092 143923 1153 157077
30200 1094 144287 1153 157713
30300 1095 144699 1155 158301
30400 1096 145216 1156 158784
30500 1097 145843 1157 159157
30600 1098 146335 1158 159665
30700 1099 146809 1159 160191
30800 1099 147179 1160 160821
30900 1102 147646 1161 161354
31000 1104 148337 1164 161663
31100 1105 148751 1167 162249
31200 1105 149288 1171 162712
31300 1105 149805 1171 163195
31400 1105 150208 1173 163792
31500 1106 150896 1173 164104
31600 1106 151402 1174 164598
31700 1107 151856 1176 165144
31800 1107 152224 1179 165776
31900 1107 152747 1180 166253
32000 1108 153399 1184 166601
32100 1109 153898 1184 167102
32200 1109 154198 1184 167802
32300 1110 154812 1184 168188
32400 1111 155310 1184 168690
32500 1113 155880 1184 169120
32600 1114 156288 1185 169712
32700 1114 156818 1189 170182
32800 1114 157321 1190 170679
32900 1116 157946 1190 171054
33000 1116 158250 1190 171750
33100 1118 158603 1190 172397
33200 1119 158852 1190 173148
33300 1119 159387 1191 173613
33400 1120 159888 1191 174112
33500 1121 160539 1193 174461
33600 1123 161051 1195 174949
33700 1123 161491 1196 175509
33800 1126 161995 1199 176005
33900 1126 162454 1200 176546
34000 1128 162747 1200 177253
34100 1129 163213 1205 177787
34200 1131 163552 1206 178448
34300 1132 164027 1206 178973
34400 1132 164657 1207 179343
34500 1133 165337 1208 179663
34600 1135 165725 1213 180275
34700 1136 166198 1214 180802
34800 1137 166914 1214 181086
34900 1140 167465 1215 181535
35000 1140 167733 1215 182267
35100 1142 168302 1216 182698
35200 1143 168696 1216 183304
35300 1146 169192 1216 183808
35400 1147 169697 1217 184303
35500 1148 170142 1217 184858
35600 1150 170643 1218 185357
35700 1150 171074 1220 185926
35800 1150 171664 1223 186336
35900 1153 172155 1227 186845
36000 1155 172876 1228 187124
36100 1158 173425 1230 187575
36200 1159 173876 1230 188124
36300 1159 174455 1230 188545
36400 1160 174933 1231 189067
36500 1160 175538 1231 189462
36600 1160 176040 1231 189960
36700 1160 176370 1234 190630
36800 1160 176837 1234 191163
36900 1160 177332 1234 191668
37000 1160 177851 1234 192149
37100 1160 178299 1235 192701
37200 1161 178777 1236 193223
37300 1162 179187 1236 193813
37400 1162 179703 1236 194297
37500 1164 180277 1238 194723
37600 1165 180538 1241 195462
37700 1172 181051 1241 195949
37800 1174 181545 1242 196455
37900 1174 181934 1242 197066
38000 1175 182590 1243 197410
38100 1176 183248 1245 197752
38200 1176 183745 1246 198255
38300 1178 184191 1247 198809
38400 1178 184620 1247 199380
38500 1180 185242 1249 199758
38600 1182 185799 1250 200201
38700 1182 186342 1251 200658
38800 1183 186867 1251 201133
38900 1183 187421 1251 201579
39000 1184 187821 1251 202179
39100 1185 188333 1252 202667
39200 1188 188698 1252 203302
39300 1188 189267 1253 203733
39400 1189 189831 1253 204169
39500 1189 190372 1253 204628
39600 1189 190817 1253 205183
39700 1190 191315 1256 205685
39800 1190 191885 1259 206115
39900 1191 192368 1259 206632
40000 1192 192871 1260 207129
40100 1193 193507 1262 207493
40200 1193 194208 1265 207792
40300 1193 194787 1266 208213
40400 1195 195302 1266 208698
40500 1199 195935 1266 209065
40600 1200 196544 1267 209456
40700 1200 196828 1268 210172
40800 1201 197297 1268 210703
40900 1201 197801 1271 211199
41000 1203 198301 1277 211699
41100 1203 198768 1277 212232
41200 1205 199335 1277 212665
41300 1205 199917 1277 213083
41400 1205 200518 1277 213482
41500 1206 201124 1277 213876
41600 1207 201540 1281 214460
41700 1207 202213 1282 214787
41800 1209 202839 1283 215161
41900 1209 203365 1283 215635
42000 1209 203861 1287 216139
42100 1210 204411 1287 216589
42200 1210 204904 1287 217096
42300 1211 205519 1288 217481
42400 1211 206018 1288 217982
42500 1211 206557 1291 218443
42600 1211 207117 1291 218883
42700 1212 207607 1292 219393
42800 1214 208097 1292 219903
42900 1217 208602 1294 220398
43000 1217 209125 1294 220875
43100 1218 209740 1295 221260
43200 1218 210160 1295 221840
43300 1218 210459 1295 222541
43400 1219 211047 1296 222953
43500 1221 211585 1298 223415
43600 1222 212164 1299 223836
43700 1223 212660 1301 224340
43800 1224 213309 1301 224691
43900 1227 213737 1301 225263
44000 1228 214006 1302 225994
44100 1228 214518 1302 226482
44200 1228 215263 1302 226737
44300 1230 216006 1303 226994
44400 1233 216551 1303 227449
44500 1234 217103 1304 227897
44600 1234 217566 1307 228434
44700 1234 218070 1307 228930
44800 1234 218500 1307 229500
44900 1234 219048 1307 229952
45000 1235 219532 1308 230468
45100 1237 219927 1310 231073
45200 1237 220197 1310 231803
45300 1238 220696 1312 232304
45400 1238 221188 1316 232812
45500 1238 221659 1318 233341
45600 1239 221966 1321 234034
45700 1240 222483 1321 234517
45800 1241 222934 1322 235066
45900 1241 223452 1323 235548
46000 1241 224044 1324 235956
46100 1241 224620 1327 236380
46200 1244 225249 1329 236751
46300 1245 225756 1329 237244
46400 1246 226050 1330 237950
46500 1246 226339 1330 238661
46600 1247 226800 1331 239200
46700 1248 227309 1332 239691
46800 1249 227790 1333 240210
46900 1250 228294 1335 240706
47000 1251 228649 1336 241351
47100 1252 229149 1336 241851
47200 1252 229682 1338 242318
47300 1252 230237 1338 242763
47400 1253 230742 1338 243258
47500 1254 231234 1342 243766
47600 1255 231796 1343 244204
47700 1256 232294 1344 244706
47800 1260 232805 1348 245195
47900 1260 233332 1349 245668
48000 1262 233982 1350 246018
48100 1265 234405 1350 246595
48200 1267 234770 1352 247230
48300 1268 235278 1356 247722
48400 1269 235812 1358 248188
48500 1269 236395 1358 248605
48600 1269 236959 1358 249041
48700 1273 237314 1358 249686
48800 1273 237844 1360 250156
48900 1274 238486 1362 250514
49000 1274 238890 1364 251110
49100 1275 239231 1365 251769
49200 1275 239611 1365 252389
49300 1276 240123 1367 252877
49400 1280 240631 1368 253369
49500 1281 241295 1373 253705
49600 1283 241778 1374 254222
49700 1284 242162 1377 254838
49800 1284 242625 1380 255375
49900 1285 243195 1382 255805
50000 1286 243671 1382 256329
50100 1288 243981 1382 257019
50200 1288 244426 1382 257574
50300 1289 244911 1382 258089
50400 1290 245513 1383 258487
50500 1291 245978 1384 259022
50600 1291 246476 1385 259524
50700 1293 246983 1386 260017
50800 1293 247458 1386 260542
50900 1293 248033 1386 260967
51000 1294 248374 1386 261626
51100 1296 248702 1387 262298
51200 1296 249210 1388 262790
51300 1297 249820 1391 263180
51400 1298 250312 1392 263688
51500 1299 250888 1392 264112
51600 1300 251489 1393 264511
51700 1302 251978 1395 265022
51800 1302 252492 1395 265508
51900 1303 252985 1396 266015
52000 1303 253313 1397 266687
52100 1303 253855 1397 267145
52200 1305 254326 1397 267674
52300 1305 254793 1400 268207
52400 1305 255336 1401 268664
52500 1306 255851 1402 269149
52600 1308 256433 1403 269567
52700 1311 256926 1403 270074
52800 1314 257417 1404 270583
52900 1315 257688 1406 271312
53000 1315 258245 1409 271755
53100 1315 258786 1410 272214
53200 1316 259176 1411 272824
53300 1317 259597 1411 273403
53400 1317 259889 1412 274111
53500 1318 260435 1412 274565
53600 1318 260913 1413 275087
53700 1318 261621 1413 275379
53800 1318 262241 1415 275759
53900 1318 262871 1415 276129
54000 1319 263408 1416 276592
54100 1321 263832 1417 277168
54200 1321 264366 1417 277634
54300 1324 264836 1420 278164
54400 1325 265240 1423 278760
54500 1325 265757 1423 279243
54600 1326 266388 1425 279612
54700 1326 266710 1426 280290
54800 1328 267235 1426 280765
54900 1329 267697 1427 281303
55000 1330 268230 1428 281770
55100 1331 268861 1429 282139
55200 1331 269372 1429 282628
55300 1332 269969 1429 283031
55400 1332 270348 1430 283652
55500 1335 270826 1430 284174
55600 1337 271334 1431 284666
55700 1337 271812 1432 285188
55800 1339 272313 1432 285687
55900 1342 272764 1433 286236
56000 1343 273188 1433 286812
56100 1343 273633 1434 287367
56200 1343 274160 1435 287840
56300 1344 274607 1435 288393
56400 1344 275138 1435 288862
56500 1345 275636 1435 289364
56600 1347 276121 1435 289879
56700 1347 276644 1435 290356
56800 1349 277207 1436 290793
56900 1349 277671 1437 291329
57000 1349 278203 1437 291797
57100 1350 278738 1438 292262
57200 1350 279412 1438 292588
57300 1351 279910 1441 293090
57400 1355 280398 1443 293602
57500 1355 280693 1444 294307
57600 1358 281237 1448 294763
57700 1358 281635 1449 295365
57800 1358 281894 1451 296106
57900 1362 282332 1453 296668
58000 1362 282824 1455 297176
58100 1365 283148 1455 297852
58200 1365 283704 1455 298296
58300 1366 284308 1458 298692
58400 1366 284891 1458 299109
58500 1366 285303 1459 299697
58600 1368 285898 1459 300102
58700 1370 286470 1459 300530
58800 1370 286911 1459 301089
58900 1371 287484 1461 301516
59000 1373 288162 1461 301838
59100 1374 288539 1461 302461
59200 1374 288975 1461 303025
59300 1375 289412 1461 303588
59400 1375 289914 1464 304086
59500 1375 290230 1466 304770
59600 1375 290867 1466 305133
59700 1375 291337 1466 305663
59800 1375 291852 1466 306148
59900 1377 292486 1469 306514
60000 1380 292991 1469 307009
60100 1381 293480 1469 307520
60200 1381 294231 1470 307769
60300 1381 294781 1472 308219
60400 1381 295348 1477 308652
60500 1382 295808 1478 309192
60600 1382 296313 1478 309687
60700 1385 296561 1480 310439
60800 1386 297060 1481 310940
60900 1387 297635 1482 311365
61000 1389 298065 1485 311935
61100 1390 298551 1489 312449
61200 1393 299059 1491 312941
61300 1393 299547 1492 313453
61400 1393 300068 1492 313932
61500 1393 300692 1494 314308
61600 1393 301270 1494 314730
61700 1394 301623 1494 315377
61800 1396 302137 1497 315863
61900 1396 302765 1499 316235
62000 1398 303016 1500 316984
62100 1399 303631 1500 317369
62200 1400 304070 1501 317930
62300 1401 304571 1503 318429
62400 1402 305045 1505 318955
62500 1405 305782 1507 319218
62600 1405 306350 1509 319650
62700 1405 306732 1510 320268
62800 1406 307274 1511 320726
62900 1406 307805 1511 321195
63000 1408 308318 1512 321682
63100 1409 308737 1513 322263
63200 1410 309195 1513 322805
63300 1411 309766 1514 323234
63400 1411 310344 1517 323656
63500 1413 310745 1518 324255
63600 1414 311321 1519 324679
63700 1414 311745 1520 325255
63800 1416 312258 1521 325742
63900 1416 312756 1522 326244
64000 1416 313118 1522 326882
64100 1417 313712 1523 327288
64200 1417 314211 1524 327789
64300 1418 314695 1524 328305
64400 1418 315279 1524 328721
64500 1419 315965 1528 329035
64600 1420 316544 1528 329456
64700 1421 317118 1529 329882
64800 1423 317542 1531 330458
64900 1424 318050 1531 330950
65000 1426 318380 1532 331620
65100 1427 318944 1534 332056
65200 1430 319547 1535 332453
65300 1433 320065 1537 332935
65400 1433 320551 1537 333449
65500 1433 321099 1537 333901
65600 1433 321713 1537 334287
65700 1435 322224 1539 334776
65800 1435 322598 1540 335402
65900 1437 323234 1541 335766
66000 1440 323777 1543 336223
66100 1440 324295 1543 336705
66200 1440 324796 1544 337204
66300 1440 325185 1546 337815
66400 1440 325751 1546 338249
66500 1442 326138 1548 338862
66600 1444 326751 1554 339249
66700 1446 327250 1558 339750
66800 1446 327637 1559 340363
66900 1447 328184 1561 340816
67000 1449 328675 1563 341325
67100 1450 329184 1563 341816
67200 1450 329605 1563 342395
67300 1452 330072 1563 342928
67400 1452 330658 1563 343342
67500 1453 331078 1563 343922
67600 1453 331586 1563 344414
67700 1453 332018 1564 344982
67800 1453 332449 1565 345551
67900 1453 332973 1565 346027
68000 1453 333459 1565 346541
68100 1453 333941 1565 347059
68200 1454 334434 1567 347566
68300 1457 334842 1567 348158
68400 1458 335376 1568 348624
68500 1460 335972 1568 349028
68600 1461 336494 1570 349506
68700 1461 337151 1570 349849
68800 1463 337760 1571 350240
68900 1464 338342 1573 350658
69000 1465 338829 1576 351171
69100 1465 339300 1578 351700
69200 1465 339768 1578 352232
69300 1469 340157 1579 352843
69400 1469 340776 1580 353224
69500 1470 341207 1580 353793
69600 1470 341797 1584 354203
69700 1471 342336 1585 354664
69800 1471 342817 1587 355183
69900 1472 343341 1589 355659
70000 1473 343640 1590 356360
70100 1473 344025 1592 356975
70200 1474 344522 1593 357478
70300 1474 345108 1593 357892
70400 1475 345809 1593 358191
70500 1476 346528 1594 358472
70600 1477 346848 1595 359152
70700 1478 347205 1597 359795
70800 1481 347807 1597 360193
70900 1483 348364 1599 360636
71000 1486 348915 1601 361085
71100 1486 349455 1602 361545
71200 1488 350067 1604 361933
71300 1488 350323 1606 362677
71400 1488 350800 1606 363200
71500 1489 351289 1608 363711
71600 1494 351807 1609 364193
71700 1494 352349 1610 364651
71800 1494 352810 1610 365190
71900 1495 353309 1611 365691
72000 1496 353816 1611 366184
72100 1497 354205 1611 366795
72200 1497 354687 1611 367313
72300 1498 355113 1612 367887
72400 1498 355444 1614 368556
72500 1499 356182 1616 368818
72600 1501 356876 1617 369124
72700 1502 357349 1618 369651
72800 1503 357822 1622 370178
72900 1505 358192 1624 370808
73000 1506 358672 1625 371328
73100 1508 359113 1626 371887
73200 1508 359632 1626 372368
73300 1508 360244 1627 372756
73400 1508 360660 1627 373340
73500 1509 361303 1629 373697
73600 1509 361917 1629 374083
73700 1509 362325 1629 374675
73800 1510 362835 1631 375165
73900 1510 363354 1632 375646
74000 1511 363712 1633 376288
74100 1513 364248 1633 376752
74200 1514 364716 1634 377284
74300 1515 365185 1634 377815
74400 1517 365656 1635 378344
74500 1518 366196 1635 378804
74600 1518 366691 1639 379309
74700 1519 367427 1640 379573
74800 1520 367911 1640 380089
74900 1521 368559 1641 380441
75000 1522 369126 1642 380874
75100 1523 369612 1642 381388
75200 1526 370098 1643 381902
75300 1526 370607 1644 382393
75400 1526 371133 1644 382867
75500 1528 371678 1644 383322
75600 1528 371955 1647 384045
75700 1530 372440 1649 384560
75800 1533 372927 1651 385073
75900 1535 373422 1652 385578
76000 1536 373767 1656 386233
76100 1538 374294 1661 386706
76200 1538 374681 1661 387319
76300 1540 375053 1662 387947
76400 1540 375488 1662 388512
76500 1543 375895 1662 389105
76600 1543 376306 1664 389694
76700 1543 376680 1665 390320
76800 1543 377169 1666 390831
76900 1544 377570 1666 391430
77000 1545 378248 1666 391752
77100 1550 378794 1667 392206
77200 1550 379320 1667 392680
77300 1550 379872 1668 393128
77400 1551 380338 1671 393662
77500 1551 380971 1672 394029
77600 1552 381462 1672 394538
77700 1552 381908 1672 395092
77800 1553 382516 1673 395484
77900 1555 382974 1674 396026
78000 1555 383694 1675 396306
78100 1555 384103 1676 396897
78200 1557 384551 1677 397449
78300 1558 385099 1679 397901
78400 1560 385623 1679 398377
78500 1561 386112 1679 398888
78600 1562 386681 1679 399319
78700 1562 386979 1681 400021
78800 1563 387259 1682 400741
78900 1563 387868 1683 401132
79000 1564 388364 1684 401636
79100 1564 388831 1687 402169
79200 1565 389336 1687 402664
79300 1566 389813 1688 403187
79400 1567 390309 1691 403691
79500 1569 390990 1693 404010
79600 1572 391260 1693 404740
79700 1573 391678 1694 405322
79800 1574 392188 1695 405812
79900 1575 392806 1698 406194
80000 1576 393329 1698 406671
80100 1576 393837 1698 407163
80200 1577 394320 1704 407680
80300 1578 394818 1704 408182
80400 1579 395333 1705 408667
80500 1580 395828 1709 409172
80600 1583 396415 1711 409585
80700 1583 396984 1711 410016
80800 1583 397482 1711 410518
80900 1583 398098 1711 410902
81000 1586 398577 1713 411423
81100 1588 399081 1716 411919
81200 1592 399577 1720 412423
81300 1593 400104 1723 412896
81400 1595 400557 1725 413443
81500 1595 400986 1725 414014
81600 1595 401523 1726 414477
81700 1599 402090 1728 414910
81800 1600 402647 1728 415353
81900 1602 403379 1730 415621
82000 1603 403822 1730 416178
82100 1604 404367 1730 416633
82200 1604 404630 1731 417370
82300 1606 405298 1732 417702
82400 1608 405781 1732 418219
82500 1609 406239 1733 418761
82600 1610 406747 1733 419253
82700 1610 407242 1734 419758
82800 1610 407657 1736 420343
82900 1611 408049 1736 420951
83000 1612 408392 1736 421608
83100 1616 409098 1737 421902
83200 1618 409596 1738 422404
83300 1618 410329 1738 422671
83400 1620 411002 1739 422998
83500 1620 411677 1740 423323
83600 1622 412357 1743 423643
83700 1624 412831 1744 424169
83800 1624 413199 1744 424801
83900 1625 413713 1744 425287
84000 1628 414129 1747 425871
84100 1628 414444 1748 426556
84200 1633 414947 1748 427053
84300 1635 415298 1749 427702
84400 1637 415706 1750 428294
84500 1638 416317 1751 428683
84600 1638 416766 1752 429234
84700 1639 417268 1752 429732
84800 1642 417784 1752 430216
84900 1642 418206 1752 430794
85000 1642 418601 1753 431399
85100 1642 419241 1754 431759
85200 1642 419813 1755 432187
85300 1644 420375 1755 432625
85400 1644 420845 1755 433155
85500 1644 421325 1757 433675
85600 1644 421698 1757 434302
85700 1644 422154 1757 434846
85800 1645 422650 1760 435350
85900 1646 423395 1761 435605
86000 1648 423903 1761 436097
86100 1649 424426 1763 436574
86200 1651 424753 1768 437247
86300 1652 425083 1770 437917
86400 1653 425514 1772 438486
86500 1655 426031 1773 438969
86600 1658 426672 1773 439328
86700 1659 427204 1775 439796
86800 1659 427862 1777 440138
86900 1660 428201 1777 440799
87000 1661 428698 1780 441302
87100 1661 429158 1781 441842
87200 1663 429618 1782 442382
87300 1663 430144 1782 442856
87400 1664 430629 1782 443371
87500 1665 431008 1782 443992
87600 1665 431335 1784 444665
87700 1668 431784 1784 445216
87800 1669 432286 1785 445714
87900 1669 432837 1785 446163
88000 1670 433304 1787 446696
88100 1671 433864 1788 447136
88200 1671 434373 1789 447627
88300 1672 435099 1791 447901
88400 1672 435566 1792 448434
88500 1676 435980 1792 449020
88600 1676 436363 1792 449637
88700 1678 436645 1792 450355
88800 1680 437336 1793 450664
88900 1680 437919 1793 451081
89000 1680 438428 1794 451572
89100 1680 438834 1794 452166
89200 1681 439375 1795 452625
89300 1684 439784 1797 453216
89400 1685 440134 1797 453866
89500 1685 440639 1797 454361
89600 1689 441072 1797 454928
89700 1692 441599 1798 455401
89800 1692 442130 1801 455870
89900 1692 442642 1802 456358
90000 1692 443159 1803 456841
90100 1692 443714 1804 457286
90200 1694 444230 1805 457770
90300 1695 444669 1808 458331
90400 1695 445396 1809 458604
90500 1696 446119 1809 458881
90600 1698 446616 1810 459384
90700 1699 447246 1812 459754
90800 1699 447738 1814 460262
90900 1699 448326 1815 460674
91000 1701 448845 1818 461155
91100 1701 449338 1819 461662
91200 1702 449848 1821 462152
91300 1705 450354 1822 462646
91400 1706 450893 1822 463107
91500 1707 451407 1823 463593
91600 1707 451788 1823 464212
91700 1708 452147 1824 464853
91800 1708 452632 1824 465368
91900 1709 453112 1824 465888
92000 1710 453601 1827 466399
92100 1712 454098 1828 466902
92200 1714 454643 1829 467357
92300 1714 455288 1829 467712
92400 1714 455819 1829 468181
92500 1717 456542 1833 468458
92600 1717 457123 1834 468877
92700 1719 457697 1837 469303
92800 1724 457954 1840 470046
92900 1724 458447 1840 470553
93000 1727 458727 1840 471273
93100 1728 459187 1842 471813
93200 1728 459691 1844 472309
93300 1729 460180 1844 472820
93400 1729 460661 1844 473339
93500 1729 461117 1844 473883
93600 1729 461585 1846 474415
93700 1730 462309 1847 474691
93800 1731 462903 1848 475097
93900 1732 463214 1849 475786
94000 1735 463700 1850 476300
94100 1738 464199 1852 476801
94200 1740 464716 1853 477284
94300 1741 465260 1853 477740
94400 1744 465744 1855 478256
94500 1746 466160 1856 478840
94600 1746 466604 1856 479396
94700 1747 466995 1857 480005
94800 1747 467497 1858 480503
94900 1749 468071 1858 480929
95000 1750 468526 1861 481474
95100 1751 468990 1861 482010
95200 1751 469409 1861 482591
95300 1751 469974 1862 483026
95400 1751 470430 1863 483570
95500 1752 470979 1863 484021
95600 1752 471723 1866 484277
95700 1752 472111 1868 484889
95800 1753 472557 1868 485443
95900 1753 473015 1868 485985
96000 1755 473411 1868 486589
96100 1756 473677 1868 487323
96200 1757 474145 1868 487855
96300 1758 474737 1868 488263
96400 1758 475234 1869 488766
96500 1759 475753 1869 489247
96600 1762 476215 1870 489785
96700 1762 476750 1871 490250
96800 1762 477303 1875 490697
96900 1762 477703 1877 491297
97000 1763 478349 1879 491651
97100 1764 479008 1879 491992
97200 1764 479683 1879 492317
97300 1765 480293 1882 492707
97400 1765 480790 1884 493210
97500 1769 481288 1884 493712
97600 1769 481857 1884 494143
97700 1770 482287 1885 494713
97800 1771 482685 1887 495315
97900 1771 483290 1889 495710
98000 1772 483801 1889 496199
98100 1773 484305 1889 496695
98200 1774 484799 1892 497201
98300 1774 485466 1893 497534
98400 1775 486143 1894 497857
98500 1776 486642 1896 498358
98600 1778 487253 1898 498747
98700 1780 487941 1901 499059
98800 1781 488382 1901 499618
98900 1782 488968 1901 500032
99000 1782 489506 1902 500494
99100 1783 489900 1904 501100
99200 1784 490442 1905 501558
99300 1787 491176 1908 501824
99400 1787 491527 1908 502473
99500 1792 491957 1909 503043
99600 1792 492656 1911 503344
99700 1792 493285 1911 503715
99800 1793 493801 1913 504199
99900 1793 494309 1913 504691
100000 1793 494769 1913 505231
100100 1793 495232 1913 505768
100200 1796 495757 1913 506243
100300 1797 496202 1914 506798
100400 1799 496720 1914 507280
100500 1801 497240 1915 507760
100600 1802 497517 1915 508483
100700 1804 498108 1915 508892
100800 1805 498623 1917 509377
100900 1805 499206 1917 509794
101000 1808 499931 1917 510069
101100 1808 500519 1917 510481
101200 1808 500947 1918 511053
101300 1809 501505 1919 511495
101400 1811 502121 1919 511879
101500 1813 502615 1920 512385
101600 1816 503046 1923 512954
101700 1816 503536 1925 513464
101800 1816 504119 1926 513881
101900 1819 504636 1926 514364
102000 1820 504985 1927 515015
102100 1822 505512 1929 515488
102200 1824 505945 1929 516055
102300 1825 506570 1929 516430
102400 1827 507114 1929 516886
102500 1829 507841 1929 517159
102600 1830 508466 1929 517534
102700 1831 509076 1929 517924
102800 1832 509342 1930 518658
102900 1832 509792 1930 519208
103000 1832 510424 1931 519576
103100 1834 510958 1931 520042
103200 1835 511309 1932 520691
103300 1836 511948 1933 521052
103400 1837 512463 1934 521537
103500 1837 512987 1939 522013
103600 1838 513394 1940 522606
103700 1838 513881 1940 523119
103800 1839 514283 1940 523717
103900 1839 514583 1942 524417
104000 1840 515110 1942 524890
104100 1842 515571 1943 525429
104200 1842 516078 1944 525922
104300 1842 516724 1944 526276
104400 1842 517105 1945 526895
104500 1843 517648 1947 527352
104600 1845 518153 1949 527847
104700 1845 518611 1950 528389
104800 1845 519030 1951 528970
104900 1845 519564 1951 529436
105000 1845 520132 1953 529868
105100 1845 520742 1954 530258
105200 1845 521226 1954 530774
105300 1847 521852 1955 531148
105400 1847 522398 1956 531602
105500 1848 522890 1956 532110
105600 1848 523526 1957 532474
105700 1849 524130 1958 532870
105800 1849 524688 1958 533312
105900 1849 525262 1959 533738
106000 1850 525715 1959 534285
106100 1850 526212 1959 534788
106200 1851 526820 1959 535180
106300 1851 527439 1959 535561
106400 1851 527954 1960 536046
106500 1851 528570 1961 536430
106600 1851 529284 1962 536716
106700 1852 529785 1964 537215
106800 1853 530328 1967 537672
106900 1854 530790 1967 538210
107000 1855 531326 1967 538674
107100 1856 531797 1967 539203
107200 1856 532244 1970 539756
107300 1859 532691 1972 540309
107400 1860 533345 1972 540655
107500 1863 533727 1972 541273
107600 1864 534291 1976 541709
107700 1865 534704 1977 542296
107800 1866 535199 1978 542801
107900 1868 535902 1979 543098
108000 1869 536453 1980 543547
108100 1872 536958 1982 544042
108200 1872 537465 1982 544535
108300 1872 537984 1983 545016
108400 1872 538513 1984 545487
108500 1873 538988 1986 546012
108600 1876 539479 1986 546521
108700 1876 540002 1986 546998
108800 1876 540546 1987 547454
108900 1876 541071 1988 547929
109000 1876 541779 1991 548221
109100 1876 542072 1991 548928
109200 1877 542649 1991 549351
109300 1878 543110 1992 549890
109400 1881 543463 1993 550537
109500 1882 543951 1993 551049
109600 1883 544462 1994 551538
109700 1884 544981 1995 552019
109800 1885 545405 1995 552595
109900 1885 545785 1996 553215
110000 1888 546160 1997 553840
110100 1888 546531 1998 554469
110200 1890 547030 1998 554970
110300 1890 547596 1999 555404
110400 1891 548053 2002 555947
110500 1892 548564 2003 556436
110600 1892 549061 2003 556939
110700 1894 549421 2003 557579
110800 1894 550023 2004 557977
110900 1895 550575 2006 558425
111000 1896 551057 2006 558943
111100 1896 551594 2006 559406
111200 1896 552095 2008 559905
111300 1897 552572 2009 560428
111400 1900 553243 2013 560757
111500 1902 553704 2014 561296
111600 1903 554232 2015 561768
111700 1907 554736 2017 562264
111800 1908 555229 2018 562771
111900 1909 555849 2020 563151
112000 1912 556102 2022 563898
112100 1914 556755 2023 564245
112200 1914 557243 2023 564757
112300 1914 557715 2023 565285
112400 1914 558217 2024 565783
112500 1914 558779 2025 566221
112600 1914 559278 2031 566722
112700 1914 559800 2031 567200
112800 1914 560301 2031 567699
112900 1915 560779 2032 568221
113000 1916 561039 2033 568961
113100 1917 561382 2035 569618
113200 1918 562106 2035 569894
113300 1918 562682 2035 570318
113400 1918 563267 2035 570733
113500 1919 563772 2038 571228
113600 1919 564244 2042 571756
113700 1920 564523 2044 572477
113800 1923 565194 2046 572806
113900 1925 565612 2052 573388
114000 1926 566146 2053 573854
114100 1928 566893 2054 574107
114200 1930 567526 2055 574474
114300 1930 567902 2056 575098
114400 1931 568502 2058 575498
114500 1931 568982 2058 576018
114600 1931 569369 2059 576631
114700 1932 569807 2061 577193
114800 1932 570080 2062 577920
114900 1934 570505 2062 578495
115000 1934 571065 2062 578935
115100 1934 571513 2063 579487
115200 1935 572002 2063 579998
115300 1935 572455 2063 580545
115400 1937 572936 2065 581064
115500 1938 573577 2067 581423
115600 1939 574197 2068 581803
115700 1939 574623 2068 582377
115800 1939 575292 2071 582708
115900 1939 575811 2071 583189
116000 1939 576291 2071 583709
116100 1939 577028 2074 583972
116200 1940 577359 2076 584641
116300 1940 577691 2076 585309
116400 1940 578222 2077 585778
116500 1942 578698 2081 586302
116600 1942 579276 2083 586724
116700 1943 579909 2085 587091
116800 1943 580411 2085 587589
116900 1946 580810 2085 588190
117000 1946 581359 2086 588641
117100 1946 581849 2087 589151
117200 1948 582372 2088 589628
117300 1948 582943 2088 590057
117400 1948 583636 2088 590364
117500 1949 583918 2088 591082
117600 1950 584539 2089 591461
117700 1951 585068 2089 591932
117800 1952 585579 2090 592421
117900 1954 586153 2090 592847
118000 1955 586650 2092 593350
118100 1957 587177 2094 593823
118200 1959 587634 2094 594366
118300 1959 587984 2095 595016
118400 1959 588533 2095 595467
118500 1960 589034 2098 595966
118600 1960 589517 2098 596483
118700 1961 589858 2098 597142
118800 1964 590371 2099 597629
118900 1966 590830 2101 598170
119000 1966 591280 2103 598720
119100 1966 591664 2105 599336
119200 1967 592223 2106 599777
119300 1967 592701 2106 600299
119400 1968 593166 2108 600834
119500 1968 593523 2109 601477
119600 1968 594033 2110 601967
119700 1968 594379 2110 602621
119800 1971 594847 2111 603153
119900 1973 595303 2112 603697
120000 1973 595837 2112 604163
120100 1974 596351 2112 604649
120200 1975 596800 2115 605200
120300 1975 597322 2115 605678
120400 1975 597788 2116 606212
120500 1977 598250 2117 606750
120600 1978 598679 2119 607321
120700 1978 599246 2119 607754
120800 1979 599743 2120 608257
120900 1981 600443 2121 608557
121000 1983 600923 2123 609077
121100 1984 601494 2124 609506
121200 1986 601989 2124 610011
121300 1987 602469 2124 610531
121400 1987 602928 2125 611072
121500 1987 603560 2127 611440
121600 1987 604105 2127 611895
121700 1987 604504 2128 612496
121800 1989 605055 2129 612945
121900 1989 605592 2129 613408
122000 1989 606100 2129 613900
122100 1991 606495 2129 614505
122200 1993 606840 2130 615160
122300 1993 607343 2132 615657
122400 1993 607923 2134 616077
122500 1994 608502 2135 616498
122600 1995 609072 2135 616928
122700 1996 609633 2136 617367
122800 1996 610150 2137 617850
122900 2001 610577 2138 618423
123000 2003 611213 2138 618787
123100 2006 611787 2138 619213
123200 2008 612163 2139 619837
123300 2010 612669 2140 620331
123400 2011 613091 2142 620909
123500 2013 613614 2144 621386
123600 2014 613890 2144 622110
123700 2015 614180 2145 622820
123800 2016 614621 2146 623379
123900 2018 614876 2149 624124
124000 2019 615397 2150 624603
124100 2021 616081 2152 624919
124200 2021 616582 2153 625418
124300 2021 616934 2155 626066
124400 2022 617429 2155 626571
124500 2023 617949 2156 627051
124600 2024 618492 2156 627508
124700 2024 619031 2158 627969
124800 2024 619563 2160 628437
124900 2024 619871 2160 629129
125000 2024 620356 2161 629644
125100 2024 620908 2162 630092
125200 2025 621374 2164 630626
125300 2028 621875 2164 631125
125400 2032 622382 2164 631618
125500 2033 622880 2164 632120
125600 2035 623457 2164 632543
125700 2035 623951 2166 633049
125800 2035 624455 2167 633545
125900 2035 624992 2168 634008
126000 2035 625245 2169 634755
126100 2036 625758 2169 635242
126200 2037 626263 2169 635737
126300 2038 626873 2169 636127
126400 2038 627340 2170 636660
126500 2041 627953 2170 637047
126600 2041 628408 2170 637592
126700 2041 628909 2171 638091
126800 2044 629539 2172 638461
126900 2047 630010 2173 638990
127000 2047 630515 2173 639485
127100 2048 630993 2174 640007
127200 2048 631469 2175 640531
127300 2051 631986 2177 641014
127400 2051 632567 2179 641433
127500 2055 633060 2180 641940
127600 2059 633559 2181 642441
127700 2059 634075 2181 642925
127800 2059 634678 2181 643322
127900 2062 635188 2183 643812
128000 2064 635661 2183 644339
128100 2065 636354 2184 644646
128200 2065 636866 2184 645134
128300 2066 637456 2184 645544
128400 2071 637919 2187 646081
128500 2071 638459 2187 646541
128600 2072 638964 2187 647036
128700 2073 639637 2188 647363
128800 2074 640134 2188 647866
128900 2075 640632 2189 648368
129000 2076 641048 2189 648952
129100 2076 641514 2191 649486
129200 2077 641959 2192 650041
129300 2079 642549 2193 650451
129400 2081 642936 2194 651064
129500 2082 643458 2195 651542
129600 2083 643883 2199 652117
129700 2084 644420 2199 652580
129800 2085 644932 2199 653068
129900 2087 645335 2200 653665
130000 2087 645659 2200 654341
130100 2087 646014 2202 654986
130200 2087 646461 2205 655539
130300 2088 646905 2206 656095
130400 2088 647333 2206 656667
130500 2091 647763 2208 657237
130600 2092 648023 2211 657977
130700 2092 648451 2214 658549
130800 2092 648992 2214 659008
130900 2093 649553 2215 659447
131000 2094 649870 2216 660130
131100 2094 650602 2216 660398
131200 2098 651198 2216 660802
131300 2098 651850 2216 661150
131400 2098 652198 2216 661802
131500 2099 652472 2219 662528
131600 2099 652971 2221 663029
131700 2099 653391 2221 663609
131800 2099 653676 2222 664324
131900 2100 654242 2222 664758
132000 2102 654802 2226 665198
132100 2102 655295 2227 665705
132200 2103 655796 2227 666204
132300 2106 656278 2232 666722
132400 2106 656663 2232 667337
132500 2107 657136 2234 667864
132600 2107 657496 2234 668504
132700 2108 657852 2234 669148
132800 2108 658529 2234 669471
132900 2109 658930 2234 670070
133000 2110 659444 2235 670556
133100 2110 659940 2235 671060
133200 2110 660383 2237 671617
133300 2110 660960 2238 672040
133400 2111 661538 2238 672462
133500 2111 661973 2241 673027
133600 2113 662455 2243 673545
133700 2113 663057 2243 673943
133800 2113 663665 2243 674335
133900 2114 664187 2243 674813
134000 2114 664576 2243 675424
134100 2114 664921 2244 676079
134200 2116 665396 2246 676604
134300 2116 665906 2253 677094
134400 2118 666377 2254 677623
134500 2118 666769 2255 678231
134600 2118 667266 2259 678734
134700 2123 667900 2260 679100
134800 2123 668395 2262 679605
134900 2125 668902 2265 680098
135000 2128 669362 2265 680638
135100 2130 669828 2267 681172
135200 2130 670247 2269 681753
135300 2133 670684 2269 682316
135400 2133 671115 2269 682885
135500 2133 671681 2269 683319
135600 2133 672299 2269 683701
135700 2134 672807 2270 684193
135800 2136 673425 2271 684575
135900 2136 673685 2272 685315
136000 2136 674314 2272 685686
136100 2136 674814 2273 686186
136200 2139 675165 2273 686835
136300 2141 675672 2273 687328
136400 2143 676247 2274 687753
136500 2144 676739 2274 688261
136600 2144 677232 2274 688768
136700 2146 677744 2275 689256
136800 2146 678243 2277 689757
136900 2147 678629 2278 690371
137000 2147 679010 2278 690990
137100 2148 679542 2280 691458
137200 2150 679975 2282 692025
137300 2151 680316 2282 692684
137400 2153 680712 2283 693288
137500 2155 681197 2285 693803
137600 2156 681689 2286 694311
137700 2158 682171 2289 694829
137800 2159 682643 2290 695357
137900 2160 683103 2292 695897
138000 2160 683586 2295 696414
138100 2164 684240 2295 696760
138200 2166 684919 2296 697081
138300 2166 685419 2296 697581
138400 2166 685791 2296 698209
138500 2168 686277 2297 698723
138600 2169 686774 2297 699226
138700 2170 687044 2299 699956
138800 2171 687517 2302 700483
138900 2173 687988 2302 701012
139000 2173 688534 2302 701466
139100 2174 688879 2303 702121
139200 2178 689361 2303 702639
139300 2184 689804 2304 703196
139400 2184 690272 2304 703728
139500 2184 690648 2304 704352
139600 2184 691158 2304 704842
139700 2185 691773 2307 705227
139800 2187 692216 2309 705784
139900 2187 692953 2309 706047
140000 2188 693580 2312 706420
140100 2189 694034 2314 706966
140200 2189 694515 2314 707485
140300 2190 695224 2315 707776
140400 2192 695743 2315 708257
140500 2194 696038 2316 708962
140600 2194 696471 2316 709529
140700 2195 696955 2317 710045
140800 2195 697457 2318 710543
140900 2196 698139 2319 710861
141000 2198 698636 2319 711364
141100 2202 699208 2319 711792
141200 2202 699709 2319 712291
141300 2202 700251 2322 712749
141400 2204 700805 2322 713195
141500 2206 701550 2325 713450
141600 2207 701960 2326 714040
141700 2208 702526 2326 714474
141800 2208 702916 2329 715084
141900 2209 703435 2329 715565
142000 2209 703892 2330 716108
142100 2210 704516 2330 716484
142200 2210 704985 2331 717015
142300 2210 705733 2332 717267
142400 2210 706139 2334 717861
142500 2210 706646 2334 718354
142600 2210 707012 2335 718988
142700 2210 707429 2335 719571
142800 2211 707785 2335 720215
142900 2214 708259 2337 720741
143000 2216 708811 2338 721189
143100 2216 709313 2340 721687
143200 2218 709914 2340 722086
143300 2219 710363 2342 722637
143400 2220 710863 2343 723137
143500 2220 711493 2344 723507
143600 2221 711921 2345 724079
143700 2222 712391 2346 724609
143800 2222 712794 2346 725206
143900 2222 713281 2348 725719
144000 2222 713849 2349 726151
144100 2224 714346 2351 726654
144200 2224 714836 2352 727164
144300 2225 715289 2352 727711
144400 2225 715654 2354 728346
144500 2226 716147 2355 728853
144600 2226 716620 2355 729380
144700 2226 717047 2355 729953
144800 2227 717609 2355 730391
144900 2228 718139 2355 730861
145000 2228 718651 2355 731349
145100 2229 719150 2357 731850
145200 2229 719542 2357 732458
145300 2231 719955 2359 733045
145400 2232 720613 2361 733387
145500 2232 721278 2364 733722
145600 2232 721651 2364 734349
145700 2232 722144 2365 734856
145800 2234 722475 2367 735525
145900 2235 722973 2368 736027
146000 2237 723435 2370 736565
146100 2241 723803 2371 737197
146200 2242 724499 2372 737501
146300 2245 725096 2373 737904
146400 2245 725634 2373 738366
146500 2247 726135 2373 738865
146600 2247 726726 2373 739274
146700 2248 727062 2374 739938
146800 2248 727558 2375 740442
146900 2249 727972 2375 741028
147000 2249 728539 2375 741461
147100 2254 729037 2379 741963
147200 2254 729289 2380 742711
147300 2255 729544 2383 743456
147400 2255 730078 2386 743922
147500 2257 730430 2386 744570
147600 2258 731034 2386 744966
147700 2258 731471 2386 745529
147800 2258 731987 2386 746013
147900 2258 732583 2386 746417
148000 2259 733076 2386 746924
148100 2260 733626 2386 747374
148200 2262 734141 2389 747859
148300 2262 734640 2389 748360
148400 2262 735160 2389 748840
148500 2264 735409 2390 749591
148600 2265 735816 2390 750184
148700 2265 736292 2390 750708
148800 2266 736802 2392 751198
148900 2266 737303 2392 751697
149000 2267 737696 2392 752304
149100 2268 738204 2392 752796
149200 2270 738742 2393 753258
149300 2270 739207 2394 753793
149400 2271 739684 2394 754316
149500 2272 740211 2395 754789
149600 2274 740716 2395 755284
149700 2275 741207 2398 755793
149800 2276 741702 2398 756298
149900 2276 741978 2399 757022
150000 2277 742566 2400 757434
150100 2278 743008 2400 757992
150200 2278 743265 2400 758735
150300 2278 743811 2401 759189
150400 2280 744338 2405 759662
150500 2282 745015 2405 759985
150600 2284 745388 2410 760612
150700 2285 745894 2412 761106
150800 2285 746443 2412 761557
150900 2285 746944 2412 762056
151000 2285 747468 2413 762532
151100 2288 747962 2415 763038
151200 2290 748599 2417 763401
151300 2291 749095 2417 763905
151400 2291 749752 2419 764248
151500 2291 750243 2420 764757
151600 2292 750602 2421 765398
151700 2294 751133 2421 765867
151800 2295 751465 2421 766535
151900 2295 752049 2423 766951
152000 2295 752436 2425 767564
152100 2297 752941 2427 768059
152200 2298 753468 2427 768532
152300 2299 754103 2427 768897
152400 2299 754624 2430 769376
152500 2302 755273 2430 769727
152600 2303 755549 2431 770451
152700 2305 756046 2432 770954
152800 2305 756552 2433 771448
152900 2306 757051 2433 771949
153000 2307 757490 2434 772510
153100 2308 757969 2434 773031
153200 2308 758508 2434 773492
153300 2308 759056 2434 773944
153400 2309 759552 2435 774448
153500 2310 760063 2435 774937
153600 2311 760617 2435 775383
153700 2311 761132 2436 775868
153800 2314 761707 2436 776293
153900 2317 762162 2436 776838
154000 2318 762898 2438 777102
154100 2318 763641 2439 777359
154200 2318 764046 2441 777954
154300 2318 764508 2441 778492
154400 2319 765012 2442 778988
154500 2320 765540 2444 779460
154600 2321 766032 2444 779968
154700 2321 766557 2447 780443
154800 2321 766798 2447 781202
154900 2324 767185 2447 781815
155000 2324 767723 2447 782277
155100 2325 768288 2447 782712
155200 2325 768875 2447 783125
155300 2327 769410 2449 783590
155400 2327 770063 2449 783937
155500 2327 770786 2452 784214
155600 2327 771286 2453 784714
155700 2327 771824 2454 785176
155800 2327 772283 2454 785717
155900 2327 772762 2454 786238
156000 2327 773245 2456 786755
156100 2330 773927 2460 787073
156200 2331 774373 2460 787627
156300 2331 775021 2460 787979
156400 2331 775477 2460 788523
156500 2331 776009 2461 788991
156600 2333 776657 2463 789343
156700 2334 777146 2464 789854
156800 2334 777517 2464 790483
156900 2335 778223 2464 790777
157000 2336 778509 2465 791491
157100 2338 778920 2465 792080
157200 2341 779639 2466 792361
157300 2342 780108 2466 792892
157400 2343 780598 2467 793402
157500 2343 781076 2467 793924
157600 2343 781513 2468 794487
157700 2343 781929 2468 795071
157800 2345 782624 2469 795376
157900 2347 783116 2469 795884
158000 2347 783593 2469 796407
158100 2347 784244 2472 796756
158200 2347 784806 2473 797194
158300 2347 785309 2476 797691
158400 2347 785785 2476 798215
158500 2347 786279 2476 798721
158600 2347 786788 2476 799212
158700 2350 787270 2480 799730
158800 2351 787538 2480 800462
158900 2351 788125 2480 800875
159000 2353 788618 2483 801382
159100 2353 789116 2483 801884
159200 2353 789714 2483 802286
159300 2354 790219 2483 802781
159400 2355 790710 2483 803290
159500 2355 791280 2483 803720
159600 2355 791881 2485 804119
159700 2357 792374 2486 804626
159800 2358 792949 2486 805051
159900 2358 793652 2487 805348
160000 2359 794273 2487 805727
160100 2359 794724 2488 806276
160200 2359 795213 2488 806787
160300 2359 795793 2488 807207
160400 2359 796313 2489 807687
160500 2359 796806 2490 808194
160600 2360 797329 2492 808671
160700 2360 797627 2492 809373
160800 2361 798079 2493 809921
160900 2361 798552 2495 810448
161000 2361 799178 2496 810822
161100 2361 799828 2497 811172
161200 2364 800325 2498 811675
161300 2365 800764 2500 812236
161400 2366 801218 2500 812782
161500 2368 801754 2501 813246
161600 2369 802259 2504 813741
161700 2369 802623 2504 814377
161800 2370 803135 2504 814865
161900 2371 803565 2505 815435
162000 2371 803974 2506 816026
162100 2372 804486 2507 816514
162200 2372 804971 2508 817029
162300 2373 805474 2511 817526
162400 2373 805961 2511 818039
162500 2375 806501 2512 818499
162600 2375 807038 2513 818962
162700 2375 807708 2515 819292
162800 2376 808332 2517 819668
162900 2376 808809 2518 820191
163000 2377 809154 2519 820846
163100 2377 809662 2519 821338
163200 2377 810040 2519 821960
163300 2378 810528 2519 822472
163400 2378 811043 2520 822957
163500 2379 811646 2520 823354
163600 2380 812156 2520 823844
163700 2382 812474 2520 824526
163800 2382 812916 2521 825084
163900 2383 813470 2521 825530
164000 2384 814005 2522 825995
164100 2385 814518 2523 826482
164200 2385 815001 2524 826999
164300 2386 815505 2525 827495
164400 2386 816004 2526 827996
164500 2388 816281 2527 828719
164600 2388 816766 2527 829234
164700 2388 817257 2527 829743
164800 2391 817751 2529 830249
164900 2392 818080 2529 830920
165000 2392 818700 2531 831300
165100 2392 819160 2535 831840
165200 2392 819624 2536 832376
165300 2393 820043 2537 832957
165400 2394 820540 2538 833460
165500 2395 820906 2539 834094
165600 2396 821613 2539 834387
165700 2399 822079 2540 834921
165800 2400 822410 2540 835590
165900 2402 822784 2540 836216
166000 2403 823284 2540 836716
166100 2404 823661 2541 837339
166200 2405 824216 2544 837784
166300 2405 824642 2544 838358
166400 2405 825167 2544 838833
166500 2406 825731 2544 839269
166600 2407 826381 2545 839619
166700 2408 826749 2545 840251
166800 2409 827088 2545 840912
166900 2410 827621 2545 841379
167000 2410 828102 2545 841898
167100 2410 828550 2545 842450
167200 2412 828917 2548 843083
167300 2413 829454 2548 843546
167400 2414 829930 2549 844070
167500 2415 830211 2549 844789
167600 2415 830762 2551 845238
167700 2416 831256 2551 845744
167800 2418 831876 2551 846124
167900 2418 832281 2551 846719
168000 2421 832696 2551 847304
168100 2422 833263 2552 847737
168200 2423 833792 2554 848208
168300 2424 834281 2555 848719
168400 2425 834786 2555 849214
168500 2426 835291 2555 849709
168600 2429 835756 2557 850244
168700 2434 836364 2558 850636
168800 2435 836856 2560 851144
168900 2439 837329 2564 851671
169000 2439 837888 2564 852112
169100 2439 838483 2565 852517
169200 2441 839092 2569 852908
169300 2443 839517 2572 853483
169400 2443 840162 2573 853838
169500 2445 840706 2573 854294
169600 2445 841071 2575 854929
169700 2445 841581 2575 855419
169800 2445 841992 2576 856008
169900 2446 842469 2577 856531
170000 2447 842953 2577 857047
170100 2449 843397 2580 857603
170200 2450 843955 2582 858045
170300 2450 844285 2582 858715
170400 2450 844739 2582 859261
170500 2451 845229 2582 859771
170600 2451 845626 2583 860374
170700 2451 846103 2584 860897
170800 2452 846636 2584 861364
170900 2455 847098 2584 861902
171000 2456 847538 2584 862462
171100 2456 847997 2584 863003
171200 2458 848523 2587 863477
171300 2459 848973 2587 864027
171400 2460 849558 2588 864442
171500 2461 850053 2589 864947
171600 2463 850548 2594 865452
171700 2465 851028 2596 865972
171800 2466 851504 2600 866496
171900 2467 852217 2600 866783
172000 2469 852880 2603 867120
172100 2469 853389 2604 867611
172200 2469 853867 2607 868133
172300 2470 854146 2607 868854
172400 2471 854758 2607 869242
172500 2475 855317 2609 869683
172600 2475 855831 2609 870169
172700 2475 856324 2610 870676
172800 2476 856803 2611 871197
172900 2476 857289 2611 871711
173000 2476 857795 2612 872205
173100 2477 858349 2614 872651
173200 2479 858845 2617 873155
173300 2479 859342 2618 873658
173400 2479 860039 2620 873961
173500 2480 860522 2620 874478
173600 2482 861024 2621 874976
173700 2483 861514 2621 875486
173800 2483 862098 2622 875902
173900 2485 862547 2623 876453
174000 2488 862949 2624 877051
174100 2488 863404 2624 877596
174200 2490 864055 2625 877945
174300 2490 864618 2627 878382
174400 2493 865131 2629 878869
174500 2498 865441 2630 879559
174600 2498 865753 2632 880247
174700 2498 866298 2635 880702
174800 2499 866878 2635 881122
174900 2499 867494 2637 881506
175000 2500 867837 2637 882163
175100 2501 868261 2639 882739
175200 2502 868754 2640 883246
175300 2503 869109 2642 883891
175400 2504 869613 2644 884387
175500 2505 870066 2644 884934
175600 2508 870569 2646 885431
175700 2509 871166 2646 885834
175800 2511 871507 2646 886493
175900 2511 872005 2647 886995
176000 2512 872525 2647 887475
176100 2512 873002 2648 887998
176200 2512 873391 2649 888609
176300 2513 874076 2651 888924
176400 2515 874529 2653 889471
176500 2516 874965 2653 890035
176600 2517 875638 2654 890362
176700 2517 876133 2655 890867
176800 2517 876623 2657 891377
176900 2518 877175 2659 891825
177000 2518 877745 2661 892255
177100 2521 878293 2662 892707
177200 2521 878970 2663 893030
177300 2521 879452 2664 893548
177400 2522 880129 2666 893871
177500 2526 880673 2667 894327
177600 2526 881258 2667 894742
177700 2527 881797 2668 895203
177800 2527 882327 2670 895673
177900 2528 882836 2670 896164
178000 2528 883333 2671 896667
178100 2532 883849 2671 897151
178200 2535 884113 2672 897887
178300 2537 884586 2672 898414
178400 2537 885067 2672 898933
178500 2537 885558 2672 899442
178600 2537 886048 2672 899952
178700 2538 886535 2672 900465
178800 2539 887028 2672 900972
178900 2545 887513 2678 901487
179000 2545 887858 2678 902142
179100 2546 888355 2679 902645
179200 2548 888869 2682 903131
179300 2548 889480 2683 903520
179400 2548 890025 2685 903975
179500 2548 890561 2686 904439
179600 2548 891062 2687 904938
179700 2548 891570 2689 905430
179800 2551 892055 2691 905945
179900 2551 892621 2692 906379
180000 2552 893044 2693 906956
180100 2554 893532 2696 907468
180200 2556 893884 2697 908116
180300 2557 894389 2701 908611
180400 2557 894893 2701 909107
180500 2558 895350 2702 909650
180600 2560 895700 2702 910300
180700 2563 896220 2702 910780
180800 2564 896722 2702 911278
180900 2565 897179 2702 911821
181000 2567 897697 2702 912303
181100 2567 898263 2702 912737
181200 2570 898769 2703 913231
181300 2571 899316 2706 913684
181400 2574 899730 2706 914270
181500 2574 900217 2707 914783
181600 2574 900546 2708 915454
181700 2574 900795 2709 916205
181800 2574 901276 2712 916724
181900 2574 901919 2713 917081
182000 2576 902632 2714 917368
182100 2577 903121 2715 917879
182200 2578 903611 2715 918389
182300 2580 904061 2715 918939
182400 2580 904556 2715 919444
182500 2581 905110 2716 919890
182600 2583 905637 2716 920363
182700 2584 905971 2717 921029
182800 2584 906464 2719 921536
182900 2587 906864 2719 922136
183000 2587 907386 2720 922614
183100 2589 907870 2720 923130
183200 2590 908363 2723 923637
183300 2590 908857 2724 924143
183400 2590 909416 2724 924584
183500 2590 910042 2726 924958
183600 2590 910608 2726 925392
183700 2590 911037 2728 925963
183800 2591 911570 2729 926430
183900 2593 912080 2731 926920
184000 2593 912625 2732 927375
184100 2595 913110 2732 927890
184200 2596 913702 2733 928298
184300 2598 914205 2737 928795
184400 2598 914902 2740 929098
184500 2602 915650 2741 929350
184600 2602 916360 2741 929640
184700 2604 916926 2742 930074
184800 2604 917467 2743 930533
184900 2607 917966 2743 931034
185000 2607 918652 2747 931348
185100 2607 919270 2748 931730
185200 2609 919809 2748 932191
185300 2610 920185 2750 932815
185400 2611 920648 2752 933352
185500 2611 921093 2752 933907
185600 2611 921622 2753 934378
185700 2611 922057 2755 934943
185800 2612 922476 2755 935524
185900 2612 923012 2755 935988
186000 2612 923450 2756 936550
186100 2613 923934 2756 937066
186200 2613 924370 2756 937630
186300 2613 924746 2757 938254
186400 2617 925233 2759 938767
186500 2617 925564 2760 939436
186600 2618 926055 2760 939945
186700 2618 926516 2760 940484
186800 2619 927091 2762 940909
186900 2620 927787 2763 941213
187000 2622 928290 2763 941710
187100 2622 928760 2763 942240
187200 2623 929309 2763 942691
187300 2624 929891 2765 943109
187400 2625 930162 2765 943838
187500 2627 930671 2766 944329
187600 2629 931199 2766 944801
187700 2631 931765 2768 945235
187800 2631 932478 2770 945522
187900 2632 933068 2772 945932
188000 2635 933506 2772 946494
188100 2635 934043 2772 946957
188200 2635 934649 2773 947351
188300 2636 935117 2775 947883
188400 2636 935628 2776 948372
188500 2636 936321 2776 948679
188600 2637 936799 2777 949201
188700 2638 937270 2777 949730
188800 2639 937828 2777 950172
188900 2640 938309 2777 950691
189000 2641 938651 2777 951349
189100 2642 939170 2777 951830
189200 2643 939769 2777 952231
189300 2644 940517 2777 952483
189400 2644 941017 2778 952983
189500 2645 941518 2778 953482
189600 2646 941841 2779 954159
189700 2646 942403 2779 954597
189800 2648 942857 2780 955143
189900 2649 943439 2780 955561
190000 2649 943825 2780 956175
190100 2651 944335 2781 956665
190200 2654 944783 2781 957217
190300 2654 945270 2783 957730
190400 2657 945536 2783 958464
190500 2658 946063 2783 958937
190600 2658 946601 2783 959399
190700 2659 947050 2785 959950
190800 2661 947533 2787 960467
190900 2662 948012 2789 960988
191000 2662 948497 2789 961503
191100 2662 948999 2789 962001
191200 2662 949523 2789 962477
191300 2662 949792 2791 963208
191400 2665 950229 2793 963771
191500 2667 950607 2794 964393
191600 2669 950985 2794 965015
191700 2671 951521 2794 965479
191800 2671 952171 2794 965829
191900 2671 952692 2796 966308
192000 2671 953217 2796 966783
192100 2672 953736 2797 967264
192200 2673 954259 2797 967741
192300 2677 954735 2797 968265
192400 2678 955238 2798 968762
192500 2682 955742 2798 969258
192600 2683 956264 2800 969736
192700 2684 956916 2801 970084
192800 2686 957662 2802 970338
192900 2688 958159 2804 970841
193000 2688 958615 2806 971385
193100 2690 958983 2808 972017
193200 2691 959391 2811 972609
193300 2692 960111 2811 972889
193400 2692 960690 2812 973310
193500 2692 961287 2812 973713
193600 2692 961872 2814 974128
193700 2693 962166 2816 974834
193800 2694 962617 2817 975383
193900 2695 963152 2820 975848
194000 2695 963719 2822 976281
194100 2696 964244 2822 976756
194200 2699 964767 2822 977233
194300 2699 965140 2824 977860
194400 2700 965740 2824 978260
194500 2700 966286 2824 978714
194600 2700 966893 2824 979107
194700 2701 967349 2827 979651
194800 2703 967752 2828 980248
194900 2703 968273 2828 980727
195000 2703 968749 2828 981251
195100 2704 969453 2828 981547
195200 2704 969885 2828 982115
195300 2706 970327 2833 982673
195400 2707 970816 2835 983184
195500 2708 971308 2836 983692
195600 2708 971775 2836 984225
195700 2708 972334 2837 984666
195800 2709 972738 2838 985262
195900 2711 973451 2839 985549
196000 2711 973850 2840 986150
196100 2712 974182 2840 986818
196200 2712 974673 2841 987327
196300 2714 975157 2841 987843
196400 2716 975555 2842 988445
196500 2716 975816 2844 989184
196600 2718 976344 2845 989656
196700 2719 976835 2847 990165
196800 2719 977332 2848 990668
196900 2719 977864 2848 991136
197000 2719 978355 2848 991645
197100 2721 979007 2850 991993
197200 2721 979382 2853 992618
197300 2722 979875 2853 993125
197400 2724 980585 2854 993415
197500 2725 980932 2854 994068
197600 2726 981529 2855 994471
197700 2726 981996 2856 995004
197800 2729 982492 2858 995508
197900 2729 983070 2860 995930
198000 2729 983558 2860 996442
198100 2729 984011 2860 996989
198200 2730 984518 2860 997482
198300 2733 985015 2863 997985
198400 2733 985522 2864 998478
198500 2734 985826 2865 999174
198600 2736 986204 2866 999796
198700 2736 986820 2867 1000180
198800 2737 987339 2867 1000661
198900 2738 987849 2867 1001151
199000 2739 988346 2868 1001654
199100 2741 988752 2868 1002248
199200 2742 989205 2868 1002795
199300 2742 989702 2869 1003298
199400 2742 990199 2871 1003801
199500 2743 990801 2871 1004199
199600 2744 991195 2874 1004805
199700 2746 991698 2874 1005302
199800 2746 992143 2874 1005857
199900 2747 992701 2874 1006299
200000 2748 993140 2875 1006860
