#! FIELDS timestep dup_succ dup_attempts kill_succ kill_attempts
#! SET timestep 0.5
#! SET kernel_bandwidth [0.15 0.15]
#! SET kt 1.0
100 103 344 123 656
200 200 729 256 1271
300 301 1046 375 1954
400 386 1437 489 2563
500 470 1863 589 3137
600 524 2347 655 3653
700 570 2841 691 4159
800 610 3318 731 4682
900 647 3836 779 5164
1000 671 4374 820 5626
1100 694 4940 853 6060
1200 716 5454 874 6546
1300 744 5949 906 7051
1400 766 6450 928 7550
1500 797 6946 965 8054
1600 826 7435 990 8565
1700 848 7938 1026 9062
1800 880 8425 1059 9575
1900 913 8912 1091 10088
2000 948 9413 1127 10587
2100 975 9937 1148 11063
2200 1005 10428 1181 11572
2300 1026 10905 1202 12095
2400 1059 11429 1223 12571
2500 1090 11959 1259 13041
2600 1120 12434 1299 13566
2700 1148 12965 1327 14035
2800 1165 13440 1348 14560
2900 1213 13934 1386 15066
3000 1237 14394 1416 15606
3100 1270 14892 1466 16108
3200 1289 15402 1489 16598
3300 1317 15887 1514 17113
3400 1347 16373 1543 17627
3500 1375 16867 1576 18133
3600 1403 17368 1595 18632
3700 1430 17868 1630 19132
3800 1460 18374 1661 19626
3900 1487 18876 1692 20124
4000 1516 19403 1719 20597
4100 1563 19916 1759 21084
4200 1585 20434 1800 21566
4300 1614 20962 1848 22038
4400 1637 21471 1875 22529
4500 1666 21967 1909 23033
4600 1696 22467 1934 23533
4700 1735 22920 1967 24080
4800 1766 23412 1997 24588
4900 1792 23952 2023 25048
5000 1815 24473 2054 25527
5100 1842 24957 2091 26043
5200 1862 25425 2120 26575
5300 1893 25906 2151 27094
5400 1926 26406 2193 27594
5500 1952 26875 2228 28125
5600 1997 27376 2257 28624
5700 2026 27902 2286 29098
5800 2058 28344 2321 29656
5900 2084 28827 2356 30173
6000 2110 29336 2386 30664
6100 2143 29886 2414 31114
6200 2163 30368 2444 31632
6300 2185 30870 2473 32130
6400 2212 31429 2501 32571
6500 2245 31993 2529 33007
6600 2285 32478 2552 33522
6700 2314 33010 2588 33990
6800 2345 33518 2609 34482
6900 2366 33980 2637 35020
7000 2403 34454 2674 35546
7100 2435 34962 2702 36038
7200 2471 35487 2729 36513
7300 2499 35941 2760 37059
7400 2531 36426 2794 37574
7500 2565 36952 2824 38048
7600 2593 37468 2856 38532
7700 2624 38010 2894 38990
7800 2657 38534 2916 39466
7900 2691 39067 2948 39933
8000 2721 39604 2975 40396
8100 2753 40115 2996 40885
8200 2785 40627 3034 41373
8300 2813 41112 3049 41888
8400 2859 41642 3080 42358
8500 2882 42114 3108 42886
8600 2915 42642 3143 43358
8700 2956 43133 3179 43867
8800 2980 43644 3215 44356
8900 3017 44179 3249 44821
9000 3048 44653 3268 45347
9100 3075 45141 3295 45859
9200 3106 45633 3330 46367
9300 3141 46101 3361 46899
9400 3178 46610 3389 47390
9500 3210 47085 3431 47915
9600 3241 47562 3460 48438
9700 3277 48075 3492 48925
9800 3310 48576 3519 49424
9900 3350 49072 3554 49928
10000 3376 49567 3581 50433
10100 3401 50089 3603 50911
10200 3435 50614 3628 51386
10300 3465 51109 3662 51891
10400 3494 51618 3696 52382
10500 3531 52137 3723 52863
10600 3566 52661 3763 53339
10700 3595 53134 3782 53866
10800 3629 53655 3804 54345
10900 3658 54188 3844 54812
11000 3690 54696 3881 55304
11100 3718 55209 3908 55791
11200 3746 55698 3930 56302
11300 3769 56179 3959 56821
11400 3796 56667 3986 57333
11500 3827 57187 4021 57813
11600 3863 57648 4059 58352
11700 3892 58108 4096 58892
11800 3919 58577 4136 59423
11900 3957 59062 4174 59938
12000 3989 59527 4200 60473
12100 4015 60032 4218 60968
12200 4049 60500 4240 61500
12300 4088 60947 4274 62053
12400 4119 61475 4307 62525
12500 4148 62000 4347 63000
12600 4180 62547 4372 63453
12700 4211 63029 4410 63971
12800 4243 63512 4441 64488
12900 4268 63999 4474 65001
13000 4294 64523 4503 65477
13100 4320 64984 4528 66016
13200 4348 65479 4561 66521
13300 4373 65994 4590 67006
13400 4406 66495 4617 67505
13500 4437 66969 4652 68031
13600 4475 67479 4681 68521
13700 4507 67957 4712 69043
13800 4542 68457 4745 69543
13900 4573 68953 4774 70047
14000 4601 69441 4803 70559
14100 4635 69894 4828 71106
14200 4672 70392 4869 71608
14300 4708 70878 4908 72122
14400 4731 71349 4936 72651
14500 4755 71830 4971 73170
14600 4791 72376 5007 73624
14700 4832 72889 5039 74111
14800 4852 73405 5060 74595
14900 4881 73876 5099 75124
15000 4912 74359 5112 75641
15100 4947 74870 5140 76130
15200 4984 75331 5173 76669
15300 5011 75834 5205 77166
15400 5042 76374 5227 77626
15500 5071 76883 5251 78117
15600 5098 77428 5281 78572
15700 5130 77934 5304 79066
15800 5176 78477 5336 79523
15900 5199 78991 5358 80009
16000 5228 79467 5382 80533
16100 5249 79930 5405 81070
16200 5277 80386 5437 81614
16300 5311 80918 5478 82082
16400 5349 81439 5515 82561
16500 5381 81936 5545 83064
16600 5407 82419 5580 83581
16700 5438 82918 5611 84082
16800 5454 83405 5647 84595
16900 5489 83889 5676 85111
17000 5514 84355 5713 85645
17100 5541 84854 5744 86146
17200 5577 85347 5766 86653
17300 5602 85879 5798 87121
17400 5629 86346 5831 87654
17500 5660 86835 5852 88165
17600 5688 87303 5883 88697
17700 5720 87790 5920 89210
17800 5756 88294 5955 89706
17900 5790 88771 5990 90229
18000 5821 89267 6012 90733
18100 5847 89779 6042 91221
18200 5882 90286 6070 91714
18300 5921 90813 6102 92187
18400 5954 91298 6138 92702
18500 5983 91798 6164 93202
18600 6015 92289 6195 93711
18700 6046 92854 6230 94146
18800 6081 93391 6266 94609
18900 6106 93893 6292 95107
19000 6139 94417 6319 95583
19100 6180 94893 6346 96107
19200 6220 95420 6371 96580
19300 6250 95939 6411 97061
19400 6274 96407 6444 97593
19500 6304 96874 6476 98126
19600 6340 97386 6504 98614
19700 6381 97916 6547 99084
19800 6411 98382 6574 99618
19900 6449 98942 6601 100058
20000 6475 99462 6627 100538
20100 6505 100010 6653 100990
20200 6532 100486 6681 101514
20300 6562 100996 6709 102004
20400 6602 101476 6751 102524
20500 6641 101979 6789 103021
20600 6669 102525 6820 103475
20700 6704 103034 6867 103966
20800 6737 103541 6887 104459
20900 6774 104033 6917 104967
21000 6803 104526 6945 105474
21100 6826 105035 6968 105965
21200 6853 105548 7000 106452
21300 6889 106058 7023 106942
21400 6914 106569 7060 107431
21500 6948 107076 7099 107924
21600 6984 107596 7115 108404
21700 7013 108101 7141 108899
21800 7049 108609 7181 109391
21900 7088 109104 7214 109896
22000 7121 109626 7239 110374
22100 7147 110107 7259 110893
22200 7177 110544 7296 111456
22300 7211 111063 7328 111937
22400 7247 111606 7366 112394
22500 7277 112083 7394 112917
22600 7307 112606 7424 113394
22700 7332 113125 7448 113875
22800 7364 113634 7482 114366
22900 7401 114188 7513 114812
23000 7431 114735 7537 115265
23100 7474 115246 7568 115754
23200 7505 115751 7597 116249
23300 7555 116304 7629 116696
23400 7583 116760 7665 117240
23500 7616 117248 7690 117752
23600 7643 117750 7714 118250
23700 7677 118279 7740 118721
23800 7717 118827 7765 119173
23900 7752 119313 7793 119687
24000 7783 119809 7822 120191
24100 7817 120273 7849 120727
24200 7844 120769 7879 121231
24300 7877 121220 7914 121780
24400 7906 121732 7946 122268
24500 7939 122223 7975 122777
24600 7970 122708 8019 123292
24700 7997 123212 8045 123788
24800 8022 123697 8077 124303
24900 8056 124194 8113 124806
25000 8088 124700 8141 125300
25100 8112 125185 8170 125815
25200 8148 125742 8198 126258
25300 8179 126248 8235 126752
25400 8201 126697 8261 127303
25500 8233 127149 8292 127851
25600 8262 127668 8323 128332
25700 8292 128143 8352 128857
25800 8326 128659 8381 129341
25900 8365 129176 8409 129824
26000 8404 129739 8439 130261
26100 8432 130212 8467 130788
26200 8470 130717 8503 131283
26300 8500 131233 8525 131767
26400 8535 131752 8546 132248
26500 8565 132214 8569 132786
26600 8600 132715 8598 133285
26700 8627 133208 8626 133792
26800 8651 133729 8655 134271
26900 8671 134271 8690 134729
27000 8704 134743 8721 135257
27100 8743 135191 8754 135809
27200 8773 135680 8783 136320
27300 8810 136216 8811 136784
27400 8849 136699 8842 137301
27500 8870 137221 8868 137779
27600 8909 137711 8893 138289
27700 8940 138232 8926 138768
27800 8962 138729 8958 139271
27900 8989 139232 8991 139768
28000 9019 139752 9033 140248
28100 9047 140227 9063 140773
28200 9088 140717 9091 141283
28300 9110 141232 9123 141768
28400 9147 141755 9153 142245
28500 9175 142264 9173 142736
28600 9215 142775 9206 143225
28700 9250 143246 9232 143754
28800 9274 143733 9260 144267
28900 9307 144274 9286 144726
29000 9339 144745 9313 145255
29100 9372 145242 9339 145758
29200 9399 145774 9369 146226
29300 9427 146270 9392 146730
29400 9454 146804 9422 147196
29500 9487 147322 9449 147678
29600 9518 147798 9478 148202
29700 9548 148288 9509 148712
29800 9581 148836 9536 149164
29900 9605 149330 9562 149670
30000 9637 149814 9589 150186
30100 9674 150330 9622 150670
30200 9701 150903 9647 151097
30300 9738 151403 9689 151597
30400 9773 151902 9719 152098
30500 9803 152372 9745 152628
30600 9838 152906 9783 153094
30700 9856 153411 9815 153589
30800 9893 153953 9846 154047
30900 9921 154454 9869 154546
31000 9956 154951 9891 155049
31100 9990 155461 9924 155539
31200 10020 155951 9950 156049
31300 10047 156414 9974 156586
31400 10073 156884 10003 157116
31500 10108 157395 10035 157605
31600 10130 157916 10065 158084
31700 10164 158442 10098 158558
31800 10187 158906 10129 159094
31900 10220 159450 10168 159550
32000 10249 159939 10203 160061
32100 10280 160451 10232 160549
32200 10312 160964 10261 161036
32300 10343 161442 10288 161558
32400 10375 161992 10320 162008
32500 10410 162517 10344 162483
32600 10445 163032 10380 162968
32700 10473 163495 10405 163505
32800 10500 163987 10432 164013
32900 10521 164478 10462 164522
33000 10555 164965 10500 165035
33100 10571 165496 10523 165504
33200 10603 165979 10550 166021
33300 10629 166475 10577 166525
33400 10661 166933 10606 167067
33500 10696 167452 10636 167548
33600 10728 167983 10670 168017
33700 10758 168475 10705 168525
33800 10792 168985 10739 169015
33900 10823 169487 10773 169513
34000 10858 169996 10813 170004
34100 10886 170488 10833 170512
34200 10914 170972 10858 171028
34300 10946 171486 10888 171514
34400 10983 172004 10925 171996
34500 11011 172526 10953 172474
34600 11038 173098 10978 172902
34700 11067 173590 11001 173410
34800 11102 174088 11032 173912
34900 11126 174571 11061 174429
35000 11149 175056 11093 174944
35100 11175 175599 11123 175401
35200 11212 176105 11153 175895
35300 11237 176621 11183 176379
35400 11265 177122 11210 176878
35500 11302 177644 11241 177356
35600 11339 178150 11275 177850
35700 11366 178670 11297 178330
35800 11395 179179 11326 178821
35900 11423 179631 11358 179369
36000 11451 180132 11388 179868
36100 11483 180660 11414 180340
36200 11515 181128 11441 180872
36300 11549 181631 11473 181369
36400 11571 182151 11496 181849
36500 11607 182619 11530 182381
36600 11642 183085 11565 182915
36700 11660 183596 11593 183404
36800 11688 184087 11618 183913
36900 11720 184594 11638 184406
37000 11753 185066 11674 184934
37100 11791 185569 11701 185431
37200 11825 186099 11737 185901
37300 11858 186579 11763 186421
37400 11895 187102 11795 186898
37500 11932 187636 11832 187364
37600 11956 188151 11860 187849
37700 11986 188660 11891 188340
37800 12011 189174 11915 188826
37900 12041 189704 11947 189296
38000 12064 190180 11992 189820
38100 12100 190660 12026 190340
38200 12129 191147 12062 190853
38300 12160 191649 12098 191351
38400 12200 192136 12125 191864
38500 12230 192639 12153 192361
38600 12264 193110 12182 192890
38700 12293 193615 12217 193385
38800 12320 194124 12256 193876
38900 12351 194655 12289 194345
39000 12378 195189 12314 194811
39100 12408 195711 12339 195289
39200 12444 196219 12377 195781
39300 12480 196716 12409 196284
39400 12527 197236 12443 196764
39500 12556 197740 12472 197260
39600 12591 198251 12507 197749
39700 12621 198764 12537 198236
39800 12650 199257 12556 198743
39900 12679 199801 12586 199199
40000 12712 200301 12625 199699
40100 12727 200808 12660 200192
40200 12755 201325 12696 200675
40300 12788 201863 12736 201137
40400 12821 202366 12779 201634
40500 12864 202806 12815 202194
40600 12907 203276 12850 202724
40700 12936 203765 12879 203235
40800 12962 204315 12916 203685
40900 12990 204815 12939 204185
41000 13021 205324 12970 204676
41100 13055 205845 12995 205155
41200 13086 206379 13020 205621
41300 13110 206919 13050 206081
41400 13138 207449 13084 206551
41500 13171 208000 13121 207000
41600 13198 208478 13149 207522
41700 13224 208937 13174 208063
41800 13247 209384 13195 208616
41900 13279 209929 13232 209071
42000 13304 210437 13266 209563
42100 13340 210962 13296 210038
42200 13365 211493 13325 210507
42300 13397 211970 13356 211030
42400 13429 212490 13383 211510
42500 13464 212994 13425 212006
42600 13499 213499 13446 212501
42700 13536 214027 13484 212973
42800 13569 214529 13512 213471
42900 13598 215067 13542 213933
43000 13637 215566 13574 214434
43100 13664 216100 13610 214900
43200 13693 216598 13629 215402
43300 13727 217098 13661 215902
43400 13758 217591 13691 216409
43500 13796 218091 13719 216909
43600 13824 218576 13745 217424
43700 13848 219109 13767 217891
43800 13885 219635 13799 218365
43900 13916 220113 13830 218887
44000 13940 220610 13861 219390
44100 13971 221122 13890 219878
44200 14004 221582 13914 220418
44300 14030 222070 13943 220930
44400 14058 222550 13964 221450
44500 14103 223027 13998 221973
44600 14136 223538 14025 222462
44700 14165 224046 14052 222954
44800 14190 224562 14074 223438
44900 14219 225048 14099 223952
45000 14253 225546 14123 224454
45100 14282 226041 14151 224959
45200 14316 226521 14185 225479
45300 14339 226972 14219 226028
45400 14369 227456 14249 226544
45500 14404 227944 14278 227056
45600 14441 228411 14314 227589
45700 14474 228894 14335 228106
45800 14500 229399 14358 228601
45900 14529 229900 14386 229100
46000 14563 230397 14415 229603
46100 14587 230855 14454 230145
46200 14620 231395 14485 230605
46300 14650 231917 14518 231083
46400 14691 232420 14546 231580
46500 14717 232995 14579 232005
46600 14742 233453 14611 232547
46700 14774 233979 14648 233021
46800 14809 234524 14671 233476
46900 14842 235073 14711 233927
47000 14870 235608 14740 234392
47100 14893 236065 14773 234935
47200 14926 236565 14795 235435
47300 14954 237039 14824 235961
47400 14986 237533 14843 236467
47500 15027 238024 14875 236976
47600 15057 238566 14901 237434
47700 15081 239050 14941 237950
47800 15113 239599 14968 238401
47900 15137 240158 14992 238842
48000 15166 240637 15026 239363
48100 15200 241124 15058 239876
48200 15225 241620 15087 240380
48300 15258 242106 15107 240894
48400 15278 242565 15140 241435
48500 15308 243004 15180 241996
48600 15340 243550 15203 242450
48700 15377 244088 15242 242912
48800 15412 244632 15280 243368
48900 15448 245153 15317 243847
49000 15478 245643 15337 244357
49100 15500 246111 15368 244889
49200 15532 246599 15405 245401
49300 15567 247104 15431 245896
49400 15598 247610 15458 246390
49500 15616 248119 15487 246881
49600 15651 248603 15512 247397
49700 15667 249150 15540 247850
49800 15691 249669 15572 248331
49900 15724 250175 15603 248825
50000 15747 250670 15628 249330
50100 15769 251152 15653 249848
50200 15797 251647 15677 250353
50300 15829 252144 15706 250856
50400 15857 252588 15746 251412
50500 15895 253125 15786 251875
50600 15926 253631 15824 252369
50700 15959 254118 15858 252882
50800 15988 254637 15896 253363
50900 16022 255182 15923 253818
51000 16055 255662 15941 254338
51100 16082 256125 15967 254875
51200 16118 256614 15990 255386
51300 16148 257114 16021 255886
51400 16173 257582 16055 256418
51500 16207 258093 16086 256907
51600 16235 258617 16114 257383
51700 16256 259104 16135 257896
51800 16297 259607 16159 258393
51900 16333 260107 16186 258893
52000 16368 260569 16209 259431
52100 16383 261025 16238 259975
52200 16426 261498 16283 260502
52300 16456 261978 16320 261022
52400 16486 262470 16343 261530
52500 16516 262916 16375 262084
52600 16543 263432 16407 262568
52700 16573 263932 16442 263068
52800 16607 264411 16487 263589
52900 16637 264919 16518 264081
53000 16675 265483 16553 264517
53100 16708 265979 16582 265021
53200 16737 266469 16607 265531
53300 16756 266978 16643 266022
53400 16796 267514 16681 266486
53500 16833 268057 16709 266943
53600 16868 268616 16738 267384
53700 16902 269147 16773 267853
53800 16934 269654 16796 268346
53900 16964 270159 16822 268841
54000 16989 270643 16853 269357
54100 17026 271120 16884 269880
54200 17061 271616 16923 270384
54300 17097 272072 16961 270928
54400 17125 272598 16987 271402
54500 17153 273089 17025 271911
54600 17181 273601 17064 272399
54700 17219 274098 17086 272902
54800 17249 274604 17121 273396
54900 17285 275044 17146 273956
55000 17314 275541 17170 274459
55100 17339 276054 17197 274946
55200 17372 276564 17240 275436
55300 17402 277096 17263 275904
55400 17430 277638 17293 276362
55500 17458 278160 17313 276840
55600 17486 278684 17342 277316
55700 17525 279223 17379 277777
55800 17558 279725 17403 278275
55900 17583 280227 17441 278773
56000 17621 280705 17473 279295
56100 17658 281246 17510 279754
56200 17687 281722 17545 280278
56300 17726 282212 17579 280788
56400 17755 282745 17608 281255
56500 17784 283288 17645 281712
56600 17821 283792 17671 282208
56700 17852 284303 17697 282697
56800 17883 284820 17730 283180
56900 17917 285290 17763 283710
57000 17949 285799 17788 284201
57100 17974 286320 17821 284680
57200 18008 286783 17855 285217
57300 18031 287290 17880 285710
57400 18050 287781 17907 286219
57500 18076 288321 17944 286679
57600 18113 288853 17983 287147
57700 18145 289380 18014 287620
57800 18178 289928 18049 288072
57900 18207 290393 18081 288607
58000 18231 290875 18108 289125
58100 18257 291326 18139 289674
58200 18288 291871 18178 290129
58300 18324 292334 18207 290666
58400 18349 292859 18226 291141
58500 18381 293408 18264 291592
58600 18417 293892 18290 292108
58700 18453 294376 18337 292624
58800 18483 294863 18362 293137
58900 18508 295360 18399 293640
59000 18538 295869 18429 294131
59100 18565 296366 18458 294634
59200 18599 296802 18483 295198
59300 18624 297317 18517 295683
59400 18657 297815 18544 296185
59500 18689 298327 18568 296673
59600 18724 298831 18591 297169
59700 18752 299337 18614 297663
59800 18780 299840 18635 298160
59900 18823 300349 18672 298651
60000 18851 300818 18696 299182
60100 18876 301342 18732 299658
60200 18911 301876 18762 300124
60300 18939 302411 18795 300589
60400 18965 302906 18822 301094
60500 19001 303399 18857 301601
60600 19026 303917 18888 302083
60700 19051 304415 18919 302585
60800 19087 304946 18943 303054
60900 19117 305447 18985 303553
61000 19147 305917 19014 304083
61100 19184 306428 19053 304572
61200 19206 306898 19086 305102
61300 19243 307391 19114 305609
61400 19270 307874 19147 306126
61500 19302 308371 19170 306629
61600 19334 308850 19203 307150
61700 19354 309328 19228 307672
61800 19383 309845 19256 308155
61900 19410 310355 19288 308645
62000 19438 310832 19322 309168
62100 19465 311326 19354 309674
62200 19502 311838 19394 310162
62300 19536 312353 19414 310647
62400 19564 312870 19451 311130
62500 19594 313374 19474 311626
62600 19632 313898 19506 312102
62700 19669 314403 19538 312597
62800 19690 314883 19568 313117
62900 19729 315377 19598 313623
63000 19753 315895 19639 314105
63100 19792 316424 19666 314576
63200 19822 316925 19698 315075
63300 19854 317489 19738 315511
63400 19879 317972 19771 316028
63500 19904 318481 19805 316519
63600 19927 319000 19827 317000
63700 19957 319486 19857 317514
63800 19990 320009 19891 317991
63900 20018 320486 19919 318514
64000 20056 320992 19955 319008
64100 20093 321506 19980 319494
64200 20120 322017 19998 319983
64300 20154 322543 20026 320457
64400 20187 323067 20060 320933
64500 20227 323525 20099 321475
64600 20267 324029 20136 321971
64700 20298 324538 20165 322462
64800 20319 325056 20200 322944
64900 20355 325588 20229 323412
65000 20381 326107 20254 323893
65100 20418 326598 20282 324402
65200 20450 327109 20312 324891
65300 20478 327605 20348 325395
65400 20501 328105 20372 325895
65500 20538 328563 20404 326437
65600 20576 329064 20428 326936
65700 20612 329559 20465 327441
65800 20639 330047 20495 327953
65900 20666 330514 20526 328486
66000 20696 330985 20564 329015
66100 20739 331480 20607 329520
66200 20769 331979 20647 330021
66300 20797 332475 20679 330525
66400 20834 332982 20705 331018
66500 20862 333469 20734 331531
66600 20892 333942 20766 332058
66700 20915 334447 20798 332553
66800 20939 334980 20831 333020
66900 20958 335468 20863 333532
67000 20989 335920 20898 334080
67100 21017 336426 20923 334574
67200 21045 336938 20957 335062
67300 21072 337468 20985 335532
67400 21110 337977 21013 336023
67500 21138 338462 21046 336538
67600 21174 338929 21076 337071
67700 21192 339390 21118 337610
67800 21223 339857 21146 338143
67900 21249 340335 21174 338665
68000 21280 340833 21199 339167
68100 21308 341363 21229 339637
68200 21340 341851 21261 340149
68300 21375 342343 21287 340657
68400 21407 342861 21307 341139
68500 21434 343431 21333 341569
68600 21465 343999 21365 342001
68700 21489 344496 21396 342504
68800 21524 345030 21423 342970
68900 21556 345595 21455 343405
69000 21592 346124 21477 343876
69100 21628 346618 21516 344382
69200 21661 347147 21543 344853
69300 21695 347680 21582 345320
69400 21716 348170 21619 345830
69500 21744 348675 21637 346325
69600 21771 349201 21665 346799
69700 21796 349727 21695 347273
69800 21824 350212 21726 347788
69900 21852 350724 21760 348276
70000 21881 351198 21793 348802
70100 21916 351693 21827 349307
70200 21949 352197 21858 349803
70300 21987 352715 21889 350285
70400 22019 353200 21920 350800
70500 22046 353712 21965 351288
70600 22069 354240 21988 351760
70700 22104 354708 22020 352292
70800 22130 355250 22043 352750
70900 22166 355731 22070 353269
71000 22198 356202 22110 353798
71100 22229 356714 22141 354286
71200 22254 357200 22171 354800
71300 22275 357703 22194 355297
71400 22304 358173 22224 355827
71500 22334 358689 22255 356311
71600 22356 359212 22285 356788
71700 22391 359749 22317 357251
71800 22416 360241 22339 357759
71900 22441 360744 22367 358256
72000 22469 361228 22397 358772
72100 22498 361718 22434 359282
72200 22530 362216 22454 359784
72300 22565 362673 22491 360327
72400 22588 363176 22520 360824
72500 22617 363718 22548 361282
72600 22648 364221 22578 361779
72700 22676 364680 22604 362320
72800 22707 365205 22633 362795
72900 22746 365745 22668 363255
73000 22779 366263 22698 363737
73100 22801 366789 22720 364211
73200 22824 367291 22751 364709
73300 22852 367797 22776 365203
73400 22890 368315 22803 365685
73500 22917 368795 22839 366205
73600 22949 369301 22874 366699
73700 22981 369811 22900 367189
73800 23005 370313 22925 367687
73900 23040 370839 22961 368161
74000 23072 371369 23000 368631
74100 23094 371896 23026 369104
74200 23123 372401 23050 369599
74300 23168 372888 23083 370112
74400 23203 373427 23108 370573
74500 23231 373928 23137 371072
74600 23255 374442 23161 371558
74700 23283 374975 23191 372025
74800 23314 375493 23217 372507
74900 23353 376013 23248 372987
75000 23376 376533 23281 373467
75100 23414 377058 23312 373942
75200 23446 377570 23339 374430
75300 23495 378024 23375 374976
75400 23525 378514 23401 375486
75500 23563 379008 23446 375992
75600 23587 379468 23468 376532
75700 23626 379944 23505 377056
75800 23655 380444 23529 377556
75900 23690 380937 23557 378063
76000 23725 381401 23585 378599
76100 23749 381899 23606 379101
76200 23782 382401 23624 379599
76300 23816 382931 23657 380069
76400 23848 383439 23682 380561
76500 23884 383925 23723 381075
76600 23912 384430 23762 381570
76700 23944 384986 23794 382014
76800 23973 385476 23824 382524
76900 24001 385940 23854 383060
77000 24025 386470 23890 383530
77100 24061 386977 23928 384023
77200 24096 387482 23962 384518
77300 24131 387999 23988 385001
77400 24155 388521 24016 385479
77500 24188 389070 24062 385930
77600 24215 389539 24100 386461
77700 24240 390017 24126 386983
77800 24274 390523 24160 387477
77900 24300 390989 24193 388011
78000 24324 391540 24229 388460
78100 24364 392018 24263 388982
78200 24387 392537 24289 389463
78300 24417 393001 24313 389999
78400 24447 393499 24345 390501
78500 24478 394023 24380 390977
78600 24507 394557 24410 391443
78700 24545 395085 24438 391915
78800 24573 395605 24472 392395
78900 24612 396165 24503 392835
79000 24642 396647 24532 393353
79100 24670 397117 24564 393883
79200 24696 397638 24592 394362
79300 24724 398114 24633 394886
79400 24755 398597 24671 395403
79500 24788 399121 24701 395879
79600 24815 399634 24729 396366
79700 24842 400198 24764 396802
79800 24868 400682 24791 397318
79900 24906 401183 24821 397817
80000 24931 401696 24852 398304
80100 24964 402169 24895 398831
80200 24993 402658 24924 399342
80300 25017 403166 24949 399834
80400 25044 403639 24977 400361
80500 25067 404146 25009 400854
80600 25091 404673 25032 401327
80700 25114 405164 25064 401836
80800 25137 405665 25091 402335
80900 25167 406164 25121 402836
81000 25197 406643 25143 403357
81100 25227 407132 25173 403868
81200 25253 407628 25205 404372
81300 25294 408146 25239 404854
81400 25316 408699 25263 405301
81500 25340 409196 25299 405804
81600 25366 409689 25331 406311
81700 25399 410190 25364 406810
81800 25431 410692 25397 407308
81900 25460 411206 25420 407794
82000 25493 411712 25450 408288
82100 25517 412245 25480 408755
82200 25546 412747 25507 409253
82300 25587 413269 25538 409731
82400 25615 413765 25568 410235
82500 25651 414258 25599 410742
82600 25679 414810 25628 411190
82700 25705 415288 25658 411712
82800 25738 415822 25687 412178
82900 25771 416368 25716 412632
83000 25809 416876 25750 413124
83100 25851 417452 25786 413548
83200 25884 417947 25811 414053
83300 25920 418450 25840 414550
83400 25956 418903 25875 415097
83500 25985 419375 25901 415625
83600 26014 419929 25927 416071
83700 26042 420473 25965 416527
83800 26076 420976 25992 417024
83900 26106 421465 26018 417535
84000 26130 421966 26042 418034
84100 26158 422469 26070 418531
84200 26189 422965 26100 419035
84300 26222 423490 26135 419510
84400 26253 423973 26161 420027
84500 26279 424484 26193 420516
84600 26316 425010 26226 420990
84700 26345 425488 26251 421512
84800 26382 425944 26285 422056
84900 26410 426436 26315 422564
85000 26437 426930 26333 423070
85100 26479 427370 26360 423630
85200 26504 427900 26392 424100
85300 26531 428357 26422 424643
85400 26571 428877 26454 425123
85500 26604 429423 26480 425577
85600 26647 429925 26513 426075
85700 26679 430411 26540 426589
85800 26713 430898 26569 427102
85900 26733 431378 26596 427622
86000 26758 431848 26628 428152
86100 26790 432379 26655 428621
86200 26823 432944 26683 429056
86300 26871 433466 26718 429534
86400 26891 433963 26756 430037
86500 26930 434474 26787 430526
86600 26970 434924 26817 431076
86700 27006 435458 26854 431542
86800 27036 435959 26884 432041
86900 27067 436468 26904 432532
87000 27107 436942 26932 433058
87100 27137 437448 26957 433552
87200 27171 437965 26982 434035
87300 27193 438468 27021 434532
87400 27219 438952 27049 435048
87500 27249 439472 27080 435528
87600 27284 439940 27103 436060
87700 27306 440404 27139 436596
87800 27351 440927 27185 437073
87900 27376 441443 27210 437557
88000 27407 441924 27244 438076
88100 27439 442360 27279 438640
88200 27465 442876 27310 439124
88300 27493 443361 27332 439639
88400 27516 443880 27362 440120
88500 27544 444399 27392 440601
88600 27576 444914 27417 441086
88700 27615 445368 27455 441632
88800 27644 445853 27492 442147
88900 27676 446377 27522 442623
89000 27717 446878 27563 443122
89100 27742 447362 27591 443638
89200 27765 447871 27614 444129
89300 27793 448418 27646 444582
89400 27827 448935 27675 445065
89500 27856 449490 27706 445510
89600 27872 449972 27739 446028
89700 27908 450450 27769 446550
89800 27932 450971 27784 447029
89900 27966 451482 27823 447518
90000 27988 452003 27846 447997
90100 28014 452520 27880 448480
90200 28038 452993 27918 449007
90300 28067 453539 27950 449461
90400 28101 454027 27982 449973
90500 28132 454530 28010 450470
90600 28159 455027 28040 450973
90700 28190 455530 28064 451470
90800 28225 456079 28099 451921
90900 28255 456554 28136 452446
91000 28285 457090 28159 452910
91100 28311 457570 28187 453430
91200 28352 458059 28220 453941
91300 28378 458542 28240 454458
91400 28402 459015 28266 454985
91500 28435 459549 28292 455451
91600 28468 460104 28330 455896
91700 28497 460627 28356 456373
91800 28528 461125 28383 456875
91900 28559 461641 28416 457359
92000 28591 462180 28441 457820
92100 28622 462689 28470 458311
92200 28644 463181 28508 458819
92300 28681 463711 28533 459289
92400 28714 464248 28570 459752
92500 28750 464759 28598 460241
92600 28783 465239 28623 460761
92700 28813 465766 28652 461234
92800 28851 466295 28691 461705
92900 28872 466768 28713 462232
93000 28901 467249 28744 462751
93100 28934 467779 28773 463221
93200 28953 468251 28798 463749
93300 28985 468766 28824 464234
93400 29012 469303 28851 464697
93500 29039 469797 28879 465203
93600 29069 470325 28913 465675
93700 29103 470809 28935 466191
93800 29142 471309 28978 466691
93900 29159 471855 29000 467145
94000 29198 472371 29041 467629
94100 29235 472882 29068 468118
94200 29259 473328 29098 468672
94300 29289 473813 29130 469187
94400 29326 474286 29163 469714
94500 29355 474774 29197 470226
94600 29385 475277 29240 470723
94700 29421 475783 29280 471217
94800 29453 476317 29312 471683
94900 29487 476797 29335 472203
95000 29524 477297 29364 472703
95100 29548 477783 29395 473217
95200 29578 478274 29429 473726
95300 29610 478755 29460 474245
95400 29633 479272 29488 474728
95500 29658 479772 29510 475228
95600 29692 480249 29539 475751
95700 29725 480723 29571 476277
95800 29751 481231 29609 476769
95900 29779 481696 29636 477304
96000 29805 482174 29659 477826
96100 29842 482713 29694 478287
96200 29875 483215 29722 478785
96300 29902 483696 29754 479304
96400 29925 484214 29788 479786
96500 29961 484788 29818 480212
96600 29991 485301 29848 480699
96700 30024 485821 29874 481179
96800 30055 486343 29902 481657
96900 30085 486869 29929 482131
97000 30117 487347 29959 482653
97100 30153 487838 29990 483162
97200 30181 488363 30017 483637
97300 30224 488868 30046 484132
97400 30247 489377 30076 484623
97500 30283 489883 30105 485117
97600 30316 490428 30141 485572
97700 30359 490949 30192 486051
97800 30385 491409 30223 486591
97900 30414 491911 30250 487089
98000 30447 492432 30285 487568
98100 30479 492909 30320 488091
98200 30509 493426 30344 488574
98300 30537 493936 30368 489064
98400 30565 494400 30401 489600
98500 30594 494854 30431 490146
98600 30626 495316 30452 490684
98700 30666 495832 30487 491168
98800 30698 496282 30514 491718
98900 30726 496774 30546 492226
99000 30763 497307 30582 492693
99100 30800 497814 30613 493186
99200 30826 498307 30637 493693
99300 30854 498812 30666 494188
99400 30878 499286 30703 494714
99500 30911 499794 30748 495206
99600 30952 500318 30779 495682
99700 30983 500802 30816 496198
99800 31014 501293 30856 496707
99900 31033 501793 30894 497207
100000 31063 502281 30922 497719
100100 31095 502761 30968 498239
100200 31142 503287 31008 498713
100300 31169 503765 31037 499235
100400 31200 504319 31066 499681
100500 31228 504828 31099 500172
100600 31260 505340 31121 500660
100700 31283 505772 31154 501228
100800 31320 506271 31189 501729
100900 31347 506705 31204 502295
101000 31380 507218 31237 502782
101100 31420 507734 31263 503266
101200 31451 508183 31290 503817
101300 31483 508673 31326 504327
101400 31512 509137 31354 504863
101500 31552 509633 31390 505367
101600 31582 510164 31420 505836
101700 31612 510711 31450 506289
101800 31653 511256 31479 506744
101900 31686 511780 31506 507220
102000 31723 512272 31549 507728
102100 31749 512749 31580 508251
102200 31777 513267 31608 508733
102300 31804 513793 31641 509207
102400 31837 514276 31672 509724
102500 31856 514786 31708 510214
102600 31889 515316 31736 510684
102700 31915 515824 31772 511176
102800 31933 516311 31796 511689
102900 31958 516837 31825 512163
103000 31991 517323 31859 512677
103100 32012 517772 31889 513228
103200 32047 518275 31911 513725
103300 32080 518771 31952 514229
103400 32108 519264 31981 514736
103500 32142 519748 32019 515252
103600 32167 520269 32045 515731
103700 32198 520743 32074 516257
103800 32239 521276 32100 516724
103900 32276 521801 32132 517199
104000 32304 522282 32180 517718
104100 32334 522800 32205 518200
104200 32365 523295 32235 518705
104300 32389 523812 32275 519188
104400 32423 524361 32296 519639
104500 32455 524860 32327 520140
104600 32479 525318 32354 520682
104700 32516 525824 32384 521176
104800 32541 526321 32411 521679
104900 32571 526793 32443 522207
105000 32596 527267 32476 522733
105100 32618 527766 32503 523234
105200 32648 528263 32528 523737
105300 32675 528768 32556 524232
105400 32703 529289 32583 524711
105500 32749 529803 32617 525197
105600 32783 530298 32636 525702
105700 32821 530798 32665 526202
105800 32850 531303 32687 526697
105900 32871 531801 32717 527199
106000 32908 532312 32741 527688
106100 32933 532793 32779 528207
106200 32951 533269 32800 528731
106300 32971 533810 32839 529190
106400 33007 534282 32865 529718
106500 33045 534787 32903 530213
106600 33079 535255 32930 530745
106700 33121 535765 32964 531235
106800 33156 536291 32992 531709
106900 33192 536763 33026 532237
107000 33228 537288 33059 532712
107100 33259 537800 33098 533200
107200 33304 538329 33135 533671
107300 33335 538807 33165 534193
107400 33365 539284 33194 534716
107500 33396 539775 33211 535225
107600 33422 540302 33242 535698
107700 33452 540821 33273 536179
107800 33484 541349 33305 536651
107900 33509 541862 33337 537138
108000 33541 542373 33355 537627
108100 33574 542903 33379 538097
108200 33604 543382 33413 538618
108300 33634 543887 33455 539113
108400 33668 544370 33484 539630
108500 33693 544893 33513 540107
108600 33720 545361 33556 540639
108700 33757 545849 33593 541151
108800 33785 546359 33625 541641
108900 33813 546881 33656 542119
109000 33846 547389 33695 542611
109100 33882 547912 33731 543088
109200 33913 548440 33760 543560
109300 33950 548904 33792 544096
109400 33983 549411 33819 544589
109500 34008 549933 33852 545067
109600 34039 550473 33881 545527
109700 34082 550984 33921 546016
109800 34108 551491 33955 546509
109900 34140 551975 33987 547025
110000 34165 552476 34014 547524
110100 34212 553019 34038 547981
110200 34249 553557 34068 548443
110300 34270 554061 34094 548939
110400 34295 554600 34121 549400
110500 34327 555122 34148 549878
110600 34361 555615 34174 550385
110700 34393 556122 34204 550878
110800 34424 556587 34231 551413
110900 34461 557113 34262 551887
111000 34502 557609 34292 552391
111100 34533 558118 34320 552882
111200 34570 558616 34346 553384
111300 34606 559123 34371 553877
111400 34637 559606 34394 554394
111500 34658 560113 34426 554887
111600 34688 560693 34463 555307
111700 34718 561224 34487 555776
111800 34739 561767 34514 556233
111900 34774 562249 34540 556751
112000 34818 562776 34570 557224
112100 34848 563273 34605 557727
112200 34880 563800 34640 558200
112300 34921 564301 34676 558699
112400 34950 564815 34715 559185
112500 34979 565329 34744 559671
112600 35009 565822 34780 560178
112700 35042 566313 34809 560687
112800 35072 566838 34833 561162
112900 35112 567307 34861 561693
113000 35144 567813 34900 562187
113100 35171 568325 34925 562675
113200 35200 568844 34954 563156
113300 35232 569338 34981 563662
113400 35267 569862 35020 564138
113500 35299 570362 35065 564638
113600 35332 570879 35090 565121
113700 35353 571405 35116 565595
113800 35379 571914 35147 566086
113900 35409 572404 35186 566596
114000 35446 572902 35214 567098
114100 35483 573397 35255 567603
114200 35514 573914 35294 568086
114300 35543 574435 35327 568565
114400 35563 574927 35351 569073
114500 35587 575399 35384 569601
114600 35612 575930 35412 570070
114700 35644 576476 35439 570524
114800 35681 577013 35471 570987
114900 35710 577543 35500 571457
115000 35742 578071 35526 571929
115100 35774 578566 35558 572434
115200 35804 579072 35581 572928
115300 35838 579572 35616 573428
115400 35868 580043 35649 573957
115500 35903 580595 35681 574405
115600 35943 581044 35710 574956
115700 35974 581539 35742 575461
115800 35995 582038 35770 575962
115900 36027 582546 35800 576454
116000 36065 583049 35836 576951
116100 36086 583514 35863 577486
116200 36118 584005 35893 577995
116300 36150 584519 35923 578481
116400 36183 585001 35956 578999
116500 36213 585504 35980 579496
116600 36228 586022 36006 579978
116700 36259 586509 36039 580491
116800 36291 587018 36077 580982
116900 36322 587508 36106 581492
117000 36357 588041 36150 581959
117100 36391 588517 36175 582483
117200 36416 588988 36203 583012
117300 36437 589461 36230 583539
117400 36473 589972 36265 584028
117500 36516 590425 36308 584575
117600 36536 590903 36336 585097
117700 36570 591385 36371 585615
117800 36605 591863 36408 586137
117900 36644 592407 36442 586593
118000 36686 592914 36477 587086
118100 36717 593438 36519 587562
118200 36752 593978 36549 588022
118300 36783 594467 36579 588533
118400 36813 594980 36608 589020
118500 36854 595487 36641 589513
118600 36882 595978 36662 590022
118700 36907 596436 36699 590564
118800 36928 596874 36733 591126
118900 36960 597338 36764 591662
119000 36986 597826 36797 592174
119100 37011 598312 36834 592688
119200 37042 598801 36856 593199
119300 37081 599344 36901 593656
119400 37105 599848 36930 594152
119500 37147 600374 36969 594626
119600 37178 600882 36989 595118
119700 37210 601353 37004 595647
119800 37255 601890 37037 596110
119900 37273 602364 37064 596636
120000 37309 602903 37096 597097
120100 37347 603440 37125 597560
120200 37383 603984 37162 598016
120300 37411 604502 37190 598498
120400 37446 605027 37224 598973
120500 37471 605526 37258 599474
120600 37501 606004 37300 599996
120700 37537 606496 37323 600504
120800 37568 606987 37357 601013
120900 37599 607469 37395 601531
121000 37620 607996 37421 602004
121100 37646 608501 37449 602499
121200 37678 609040 37478 602960
121300 37707 609557 37502 603443
121400 37729 610051 37540 603949
121500 37764 610579 37584 604421
121600 37803 611100 37612 604900
121700 37846 611605 37639 605395
121800 37870 612086 37670 605914
121900 37906 612572 37702 606428
122000 37939 613093 37721 606907
122100 37980 613591 37768 607409
122200 38017 614097 37794 607903
122300 38057 614580 37827 608420
122400 38084 615092 37861 608908
122500 38119 615602 37893 609398
122600 38141 616117 37920 609883
122700 38180 616631 37963 610369
122800 38210 617107 37990 610893
122900 38246 617636 38020 611364
123000 38277 618100 38052 611900
123100 38308 618590 38095 612410
123200 38339 619113 38133 612887
123300 38376 619664 38163 613336
123400 38421 620204 38192 613796
123500 38451 620731 38225 614269
123600 38484 621221 38258 614779
123700 38513 621705 38277 615295
123800 38537 622191 38303 615809
123900 38574 622655 38331 616345
124000 38597 623170 38365 616830
124100 38624 623715 38399 617285
124200 38657 624179 38440 617821
124300 38690 624714 38476 618286
124400 38731 625184 38508 618816
124500 38764 625689 38537 619311
124600 38793 626186 38566 619814
124700 38820 626675 38592 620325
124800 38847 627190 38630 620810
124900 38879 627672 38656 621328
125000 38906 628190 38686 621810
125100 38936 628686 38719 622314
125200 38965 629182 38748 622818
125300 39002 629690 38777 623310
125400 39027 630214 38797 623786
125500 39054 630725 38829 624275
125600 39078 631223 38870 624777
125700 39113 631674 38913 625326
125800 39147 632180 38941 625820
125900 39180 632679 38973 626321
126000 39220 633229 39006 626771
126100 39244 633745 39040 627255
126200 39262 634258 39074 627742
126300 39293 634813 39109 628187
126400 39324 635356 39147 628644
126500 39357 635850 39179 629150
126600 39389 636332 39205 629668
126700 39428 636843 39229 630157
126800 39460 637366 39260 630634
126900 39484 637857 39286 631143
127000 39520 638335 39318 631665
127100 39553 638813 39355 632187
127200 39587 639318 39397 632682
127300 39625 639825 39429 633175
127400 39664 640376 39472 633624
127500 39680 640866 39494 634134
127600 39711 641341 39520 634659
127700 39746 641819 39552 635181
127800 39780 642317 39578 635683
127900 39806 642785 39607 636215
128000 39831 643290 39634 636710
128100 39866 643797 39664 637203
128200 39893 644258 39697 637742
128300 39922 644770 39721 638230
128400 39947 645291 39751 638709
128500 39981 645821 39785 639179
128600 40013 646323 39820 639677
128700 40038 646828 39844 640172
128800 40074 647324 39872 640676
128900 40098 647877 39908 641123
129000 40123 648343 39944 641657
129100 40159 648841 39983 642159
129200 40192 649330 40017 642670
129300 40209 649815 40052 643185
129400 40242 650290 40084 643710
129500 40267 650813 40113 644187
129600 40298 651261 40143 644739
129700 40319 651741 40168 645259
129800 40347 652254 40192 645746
129900 40376 652750 40228 646250
130000 40413 653275 40252 646725
130100 40445 653764 40285 647236
130200 40476 654244 40311 647756
130300 40499 654741 40345 648259
130400 40532 655217 40379 648783
130500 40552 655727 40406 649273
130600 40587 656298 40433 649702
130700 40628 656829 40464 650171
130800 40659 657314 40485 650686
130900 40692 657827 40506 651173
131000 40708 658324 40543 651676
131100 40738 658873 40583 652127
131200 40762 659403 40605 652597
131300 40788 659903 40633 653097
131400 40815 660391 40654 653609
131500 40842 660873 40676 654127
131600 40870 661333 40698 654667
131700 40910 661849 40728 655151
131800 40940 662340 40765 655660
131900 40966 662854 40792 656146
132000 40993 663363 40818 656637
132100 41018 663896 40852 657104
132200 41050 664406 40890 657594
132300 41086 664920 40926 658080
132400 41117 665446 40948 658554
132500 41143 665951 40971 659049
132600 41172 666494 40993 659506
132700 41201 667046 41019 659954
132800 41233 667579 41054 660421
132900 41263 668107 41081 660893
133000 41288 668608 41113 661392
133100 41315 669140 41141 661860
133200 41352 669684 41177 662316
133300 41383 670182 41203 662818
133400 41411 670686 41224 663314
133500 41433 671142 41259 663858
133600 41452 671617 41288 664383
133700 41481 672158 41318 664842
133800 41513 672652 41343 665348
133900 41542 673160 41383 665840
134000 41581 673650 41415 666350
134100 41613 674143 41453 666857
134200 41648 674628 41489 667372
134300 41670 675143 41519 667857
134400 41701 675659 41551 668341
134500 41733 676187 41587 668813
134600 41766 676679 41614 669321
134700 41794 677219 41649 669781
134800 41829 677731 41685 670269
134900 41861 678198 41714 670802
135000 41886 678704 41740 671296
135100 41917 679186 41769 671814
135200 41951 679677 41801 672323
135300 41983 680216 41836 672784
135400 42008 680723 41866 673277
135500 42048 681260 41905 673740
135600 42093 681788 41941 674212
135700 42125 682280 41972 674720
135800 42147 682764 41998 675236
135900 42173 683241 42026 675759
136000 42200 683740 42046 676260
136100 42221 684287 42067 676713
136200 42251 684815 42097 677185
136300 42277 685259 42129 677741
136400 42302 685820 42160 678180
136500 42333 686339 42192 678661
136600 42368 686841 42217 679159
136700 42394 687374 42248 679626
136800 42420 687835 42276 680165
136900 42444 688346 42299 680654
137000 42482 688879 42322 681121
137100 42514 689375 42355 681625
137200 42545 689910 42384 682090
137300 42580 690390 42418 682610
137400 42618 690916 42450 683084
137500 42647 691409 42474 683591
137600 42676 691950 42506 684050
137700 42706 692489 42528 684511
137800 42735 692972 42556 685028
137900 42767 693469 42582 685531
138000 42798 693901 42610 686099
138100 42823 694397 42643 686603
138200 42848 694906 42668 687094
138300 42877 695426 42697 687574
138400 42907 695920 42724 688080
138500 42940 696458 42757 688542
138600 42980 696938 42783 689062
138700 43011 697474 42815 689526
138800 43045 697982 42845 690018
138900 43080 698479 42873 690521
139000 43108 698958 42906 691042
139100 43142 699490 42934 691510
139200 43169 699985 42970 692015
139300 43208 700497 42993 692503
139400 43235 700982 43009 693018
139500 43277 701478 43046 693522
139600 43312 701945 43075 694055
139700 43351 702427 43106 694573
139800 43379 702946 43126 695054
139900 43403 703469 43150 695531
140000 43436 704005 43173 695995
140100 43468 704548 43200 696452
140200 43496 705036 43236 696964
140300 43536 705554 43271 697446
140400 43571 706052 43307 697948
140500 43611 706538 43342 698462
140600 43631 707069 43369 698931
140700 43666 707516 43395 699484
140800 43699 707983 43423 700017
140900 43734 708504 43451 700496
141000 43761 709006 43482 700994
141100 43798 709543 43519 701457
141200 43826 710084 43543 701916
141300 43862 710561 43566 702439
141400 43901 711019 43607 702981
141500 43939 711516 43633 703484
141600 43962 712019 43656 703981
141700 43996 712501 43703 704499
141800 44030 713029 43727 704971
141900 44066 713534 43762 705466
142000 44102 714058 43798 705942
142100 44135 714559 43821 706441
142200 44168 715040 43838 706960
142300 44198 715638 43881 707362
142400 44238 716217 43915 707783
142500 44269 716733 43949 708267
142600 44299 717229 43984 708771
142700 44328 717732 44020 709268
142800 44346 718239 44051 709761
142900 44369 718767 44071 710233
143000 44387 719306 44104 710694
143100 44419 719780 44131 711220
143200 44447 720240 44165 711760
143300 44474 720694 44188 712306
143400 44503 721254 44214 712746
143500 44531 721790 44247 713210
143600 44559 722268 44278 713732
143700 44580 722785 44309 714215
143800 44604 723301 44345 714699
143900 44634 723814 44370 715186
144000 44662 724318 44391 715682
144100 44685 724801 44414 716199
144200 44712 725325 44432 716675
144300 44739 725833 44459 717167
144400 44781 726364 44497 717636
144500 44806 726867 44524 718133
144600 44844 727382 44556 718618
144700 44880 727859 44594 719141
144800 44901 728357 44618 719643
144900 44941 728860 44641 720140
145000 44973 729353 44677 720647
145100 45005 729837 44707 721163
145200 45036 730320 44738 721680
145300 45064 730821 44767 722179
145400 45091 731285 44793 722715
145500 45122 731762 44819 723238
145600 45158 732248 44852 723752
145700 45192 732788 44879 724212
145800 45207 733291 44904 724709
145900 45231 733795 44931 725205
146000 45268 734293 44961 725707
146100 45314 734793 44987 726207
146200 45347 735288 45021 726712
146300 45377 735777 45055 727223
146400 45409 736271 45088 727729
146500 45438 736843 45128 728157
146600 45476 737326 45161 728674
146700 45517 737817 45186 729183
146800 45554 738373 45217 729627
146900 45588 738890 45247 730110
147000 45618 739420 45281 730580
147100 45655 739939 45317 731061
147200 45681 740390 45344 731610
147300 45716 740946 45375 732054
147400 45743 741474 45407 732526
147500 45779 742012 45432 732988
147600 45807 742514 45468 733486
147700 45837 743032 45504 733968
147800 45885 743537 45555 734463
147900 45906 744040 45591 734960
148000 45938 744568 45626 735432
148100 45961 745086 45648 735914
148200 45982 745589 45680 736411
148300 46009 746098 45705 736902
148400 46034 746597 45733 737403
148500 46052 747097 45758 737903
148600 46068 747609 45783 738391
148700 46102 748073 45812 738927
148800 46126 748571 45841 739429
148900 46154 749050 45860 739950
149000 46178 749594 45890 740406
149100 46205 750112 45918 740888
149200 46235 750595 45938 741405
149300 46271 751117 45966 741883
149400 46299 751569 45997 742431
149500 46328 752079 46019 742921
149600 46354 752546 46049 743454
149700 46383 753073 46084 743927
149800 46403 753572 46111 744428
149900 46439 754092 46142 744908
150000 46478 754609 46182 745391
150100 46512 755153 46204 745847
150200 46540 755656 46238 746344
150300 46575 756222 46270 746778
150400 46600 756699 46301 747301
150500 46631 757211 46330 747789
150600 46656 757667 46360 748333
150700 46688 758167 46390 748833
150800 46725 758664 46421 749336
150900 46753 759153 46446 749847
151000 46782 759678 46479 750322
151100 46810 760198 46508 750802
151200 46842 760655 46546 751345
151300 46867 761131 46586 751869
151400 46906 761648 46631 752352
151500 46936 762143 46661 752857
151600 46965 762631 46691 753369
151700 46994 763136 46708 753864
151800 47016 763613 46733 754387
151900 47044 764089 46762 754911
152000 47080 764564 46796 755436
152100 47118 765064 46827 755936
152200 47160 765560 46861 756440
152300 47199 766096 46895 756904
152400 47233 766641 46941 757359
152500 47269 767116 46982 757884
152600 47305 767652 47012 758348
152700 47337 768124 47041 758876
152800 47374 768648 47076 759352
152900 47407 769139 47102 759861
153000 47441 769644 47131 760356
153100 47467 770100 47158 760900
153200 47507 770583 47188 761417
153300 47535 771086 47217 761914
153400 47557 771591 47252 762409
153500 47597 772083 47290 762917
153600 47626 772565 47315 763435
153700 47646 773079 47336 763921
153800 47677 773569 47377 764431
153900 47703 774050 47402 764950
154000 47730 774552 47435 765448
154100 47752 775095 47465 765905
154200 47777 775544 47498 766456
154300 47807 776069 47525 766931
154400 47836 776618 47551 767382
154500 47860 777099 47589 767901
154600 47886 777555 47614 768445
154700 47915 778060 47645 768940
154800 47944 778548 47674 769452
154900 47976 779065 47704 769935
155000 48013 779564 47737 770436
155100 48049 780094 47768 770906
155200 48082 780574 47798 771426
155300 48118 781061 47831 771939
155400 48145 781564 47861 772436
155500 48178 782102 47890 772898
155600 48210 782595 47932 773405
155700 48234 783065 47964 773935
155800 48260 783568 48005 774432
155900 48296 784052 48036 774948
156000 48321 784523 48067 775477
156100 48352 785011 48096 775989
156200 48379 785506 48127 776494
156300 48410 786037 48157 776963
156400 48433 786535 48186 777465
156500 48458 787017 48214 777983
156600 48484 787498 48234 778502
156700 48522 788005 48269 778995
156800 48556 788500 48297 779500
156900 48588 788994 48335 780006
157000 48613 789543 48360 780457
157100 48650 790089 48398 780911
157200 48675 790586 48426 781414
157300 48699 791108 48456 781892
157400 48722 791604 48490 782396
157500 48743 792105 48516 782895
157600 48767 792600 48545 783400
157700 48798 793092 48577 783908
157800 48830 793597 48605 784403
157900 48858 794098 48637 784902
158000 48893 794619 48658 785381
158100 48917 795176 48685 785824
158200 48952 795692 48706 786308
158300 48972 796189 48737 786811
158400 49008 796651 48763 787349
158500 49037 797158 48788 787842
158600 49063 797649 48815 788351
158700 49091 798153 48843 788847
158800 49124 798670 48874 789330
158900 49149 799168 48903 789832
159000 49179 799631 48927 790369
159100 49219 800134 48959 790866
159200 49246 800643 48993 791357
159300 49281 801145 49029 791855
159400 49309 801619 49060 792381
159500 49342 802097 49091 792903
159600 49372 802560 49126 793440
159700 49394 803075 49165 793925
159800 49431 803609 49197 794391
159900 49479 804076 49238 794924
160000 49509 804547 49268 795453
160100 49543 805047 49293 795953
160200 49578 805510 49321 796490
160300 49610 805980 49358 797020
160400 49637 806501 49389 797499
160500 49673 807034 49422 797966
160600 49697 807506 49450 798494
160700 49732 808016 49485 798984
160800 49763 808463 49513 799537
160900 49796 808953 49549 800047
161000 49822 809454 49585 800546
161100 49842 809964 49616 801036
161200 49867 810460 49647 801540
161300 49900 810964 49688 802036
161400 49924 811490 49714 802510
161500 49946 811978 49739 803022
161600 49988 812498 49769 803502
161700 50019 812980 49790 804020
161800 50050 813464 49822 804536
161900 50090 813960 49852 805040
162000 50119 814455 49879 805545
162100 50142 814975 49907 806025
162200 50164 815523 49932 806477
162300 50188 816069 49966 806931
162400 50224 816565 49994 807435
162500 50258 817077 50021 807923
162600 50275 817593 50047 808407
162700 50306 818061 50081 808939
162800 50327 818541 50113 809459
162900 50351 819050 50149 809950
163000 50384 819539 50180 810461
163100 50417 820065 50202 810935
163200 50442 820585 50240 811415
163300 50471 821089 50262 811911
163400 50493 821610 50289 812390
163500 50518 822081 50323 812919
163600 50553 822632 50354 813368
163700 50578 823157 50400 813843
163800 50610 823675 50427 814325
163900 50648 824220 50460 814780
164000 50682 824746 50494 815254
164100 50714 825269 50523 815731
164200 50757 825762 50556 816238
164300 50785 826258 50589 816742
164400 50811 826778 50621 817222
164500 50840 827334 50661 817666
164600 50874 827843 50697 818157
164700 50900 828393 50732 818607
164800 50925 828863 50767 819137
164900 50953 829385 50792 819615
165000 50982 829963 50823 820037
165100 51002 830451 50848 820549
165200 51031 830931 50877 821069
165300 51059 831418 50903 821582
165400 51090 831944 50929 822056
165500 51115 832490 50955 822510
165600 51140 832969 50983 823031
165700 51171 833459 51022 823541
165800 51205 833975 51050 824025
165900 51230 834512 51087 824488
166000 51262 835079 51115 824921
166100 51295 835614 51145 825386
166200 51327 836119 51173 825881
166300 51363 836661 51195 826339
166400 51383 837193 51222 826807
166500 51424 837729 51259 827271
166600 51445 838254 51297 827746
166700 51474 838773 51320 828227
166800 51505 839269 51357 828731
166900 51544 839675 51383 829325
167000 51565 840128 51406 829872
167100 51593 840599 51431 830401
167200 51636 841123 51461 830877
167300 51665 841642 51499 831358
167400 51698 842150 51530 831850
167500 51746 842680 51560 832320
167600 51773 843208 51591 832792
167700 51812 843757 51627 833243
167800 51851 844251 51655 833749
167900 51887 844768 51685 834232
168000 51916 845294 51717 834706
168100 51944 845812 51742 835188
168200 51976 846332 51766 835668
168300 52002 846843 51794 836157
168400 52037 847315 51820 836685
168500 52067 847812 51845 837188
168600 52102 848335 51881 837665
168700 52138 848861 51918 838139
168800 52170 849327 51951 838673
168900 52205 849856 51991 839144
169000 52242 850374 52014 839626
169100 52271 850889 52041 840111
169200 52299 851450 52068 840550
169300 52334 851953 52106 841047
169400 52368 852498 52136 841502
169500 52395 853067 52166 841933
169600 52427 853587 52204 842413
169700 52457 854087 52231 842913
169800 52483 854595 52256 843405
169900 52517 855115 52293 843885
170000 52545 855605 52338 844395
170100 52585 856114 52364 844886
170200 52616 856608 52390 845392
170300 52652 857114 52425 845886
170400 52689 857583 52449 846417
170500 52719 858082 52474 846918
170600 52752 858605 52501 847395
170700 52776 859097 52523 847903
170800 52799 859633 52553 848367
170900 52826 860134 52575 848866
171000 52865 860599 52604 849401
171100 52896 861107 52639 849893
171200 52931 861598 52673 850402
171300 52959 862081 52707 850919
171400 52990 862623 52737 851377
171500 53021 863140 52762 851860
171600 53046 863624 52791 852376
171700 53072 864102 52818 852898
171800 53093 864645 52849 853355
171900 53126 865152 52874 853848
172000 53163 865683 52904 854317
172100 53178 866134 52933 854866
172200 53210 866630 52963 855370
172300 53234 867179 52988 855821
172400 53258 867693 53014 856307
172500 53292 868196 53043 856804
172600 53319 868739 53070 857261
172700 53354 869252 53112 857748
172800 53384 869759 53144 858241
172900 53411 870231 53167 858769
173000 53443 870748 53193 859252
173100 53472 871259 53232 859741
173200 53500 871772 53264 860228
173300 53528 872255 53299 860745
173400 53559 872738 53325 861262
173500 53595 873280 53363 861720
173600 53624 873810 53387 862190
173700 53658 874303 53418 862697
173800 53689 874853 53445 863147
173900 53715 875329 53478 863671
174000 53745 875826 53503 864174
174100 53778 876332 53531 864668
174200 53809 876825 53562 865175
174300 53844 877305 53591 865695
174400 53868 877815 53629 866185
174500 53908 878353 53665 866647
174600 53946 878843 53704 867157
174700 53981 879364 53730 867636
174800 54023 879866 53763 868134
174900 54051 880384 53804 868616
175000 54077 880909 53833 869091
175100 54113 881433 53868 869567
175200 54132 881904 53894 870096
175300 54159 882391 53929 870609
175400 54187 882909 53958 871091
175500 54220 883393 53991 871607
175600 54248 883863 54019 872137
175700 54277 884338 54043 872662
175800 54304 884851 54070 873149
175900 54332 885341 54095 873659
176000 54365 885842 54127 874158
176100 54400 886340 54158 874660
176200 54431 886831 54188 875169
176300 54462 887306 54216 875694
176400 54495 887783 54246 876217
176500 54531 888282 54275 876718
176600 54553 888796 54309 877204
176700 54573 889298 54340 877702
176800 54609 889811 54375 878189
176900 54639 890351 54413 878649
177000 54680 890860 54445 879140
177100 54712 891347 54478 879653
177200 54744 891833 54507 880167
177300 54782 892345 54541 880655
177400 54807 892829 54567 881171
177500 54842 893298 54601 881702
177600 54879 893790 54624 882210
177700 54906 894271 54646 882729
177800 54947 894726 54683 883274
177900 54981 895231 54717 883769
178000 55009 895708 54750 884292
178100 55036 896200 54782 884800
178200 55060 896697 54809 885303
178300 55098 897184 54842 885816
178400 55121 897713 54862 886287
178500 55146 898208 54886 886792
178600 55179 898730 54919 887270
178700 55204 899195 54939 887805
178800 55231 899720 54961 888280
178900 55262 900239 54987 888761
179000 55290 900740 55024 889260
179100 55318 901268 55051 889732
179200 55351 901793 55079 890207
179300 55377 902270 55104 890730
179400 55407 902763 55129 891237
179500 55445 903248 55161 891752
179600 55487 903702 55186 892298
179700 55520 904229 55216 892771
179800 55544 904708 55249 893292
179900 55580 905203 55285 893797
180000 55604 905685 55317 894315
180100 55636 906212 55343 894788
180200 55668 906757 55378 895243
180300 55699 907273 55413 895727
180400 55740 907787 55454 896213
180500 55768 908337 55476 896663
180600 55807 908820 55519 897180
180700 55839 909313 55544 897687
180800 55880 909829 55585 898171
180900 55914 910346 55612 898654
181000 55938 910854 55633 899146
181100 55973 911351 55666 899649
181200 56004 911835 55695 900165
181300 56034 912379 55729 900621
181400 56063 912847 55760 901153
181500 56092 913342 55790 901658
181600 56126 913858 55818 902142
181700 56158 914425 55852 902575
181800 56184 914892 55879 903108
181900 56213 915390 55907 903610
182000 56244 915894 55943 904106
182100 56282 916450 55979 904550
182200 56321 916955 56017 905045
182300 56354 917475 56058 905525
182400 56386 917996 56089 906004
182500 56413 918443 56112 906557
182600 56438 918950 56147 907050
182700 56469 919471 56182 907529
182800 56492 919968 56216 908032
182900 56527 920504 56243 908496
183000 56549 921012 56282 908988
183100 56585 921556 56308 909444
183200 56612 922093 56332 909907
183300 56637 922583 56370 910417
183400 56667 923097 56396 910903
183500 56697 923637 56422 911363
183600 56724 924136 56461 911864
183700 56752 924619 56492 912381
183800 56775 925140 56524 912860
183900 56796 925659 56551 913341
184000 56818 926150 56575 913850
184100 56846 926659 56613 914341
184200 56878 927202 56644 914798
184300 56906 927718 56681 915282
184400 56937 928217 56708 915783
184500 56968 928717 56747 916283
184600 57008 929278 56788 916722
184700 57039 929739 56816 917261
184800 57071 930320 56845 917680
184900 57107 930850 56874 918150
185000 57140 931378 56903 918622
185100 57169 931865 56948 919135
185200 57201 932370 56993 919630
185300 57227 932874 57025 920126
185400 57258 933368 57060 920632
185500 57282 933932 57087 921068
185600 57308 934470 57113 921530
185700 57333 934988 57143 922012
185800 57381 935520 57174 922480
185900 57425 936052 57216 922948
186000 57455 936501 57235 923499
186100 57490 936996 57270 924004
186200 57519 937431 57295 924569
186300 57546 937884 57318 925116
186400 57578 938404 57351 925596
186500 57607 938905 57377 926095
186600 57633 939423 57422 926577
186700 57678 939928 57448 927072
186800 57699 940479 57467 927521
186900 57725 940914 57487 928086
187000 57753 941435 57514 928565
187100 57785 941921 57542 929079
187200 57816 942417 57589 929583
187300 57849 942923 57611 930077
187400 57886 943402 57641 930598
187500 57909 943921 57674 931079
187600 57941 944352 57706 931648
187700 57980 944869 57749 932131
187800 58004 945349 57773 932651
187900 58031 945917 57809 933083
188000 58067 946459 57836 933541
188100 58096 946971 57867 934029
188200 58123 947470 57897 934530
188300 58146 947969 57925 935031
188400 58180 948497 57951 935503
188500 58209 948976 57977 936024
188600 58227 949460 58010 936540
188700 58257 949940 58034 937060
188800 58279 950477 58070 937523
188900 58311 950946 58109 938054
189000 58342 951447 58137 938553
189100 58370 951917 58171 939083
189200 58407 952418 58202 939582
189300 58439 952949 58233 940051
189400 58474 953495 58266 940505
189500 58512 953973 58293 941027
189600 58542 954472 58326 941528
189700 58563 954956 58348 942044
189800 58594 955449 58388 942551
189900 58634 955950 58413 943050
190000 58681 956426 58449 943574
190100 58718 956907 58482 944093
190200 58738 957354 58522 944646
190300 58776 957881 58553 945119
190400 58800 958379 58589 945621
190500 58830 958866 58614 946134
190600 58858 959387 58631 946613
190700 58888 959895 58677 947105
190800 58908 960371 58701 947629
190900 58950 960845 58734 948155
191000 58977 961332 58766 948668
191100 59001 961833 58797 949167
191200 59033 962334 58823 949666
191300 59063 962819 58856 950181
191400 59096 963306 58876 950694
191500 59125 963855 58914 951145
191600 59155 964341 58939 951659
191700 59184 964852 58961 952148
191800 59215 965302 58992 952698
191900 59262 965814 59031 953186
192000 59289 966328 59060 953672
192100 59315 966851 59084 954149
192200 59350 967331 59113 954669
192300 59378 967865 59141 955135
192400 59406 968344 59169 955656
192500 59436 968812 59199 956188
192600 59469 969324 59219 956676
192700 59501 969800 59256 957200
192800 59532 970338 59281 957662
192900 59565 970832 59311 958168
193000 59596 971339 59332 958661
193100 59630 971832 59363 959168
193200 59659 972313 59386 959687
193300 59676 972810 59426 960190
193400 59708 973294 59459 960706
193500 59743 973786 59496 961214
193600 59770 974257 59519 961743
193700 59789 974803 59545 962197
193800 59809 975283 59574 962717
193900 59846 975796 59613 963204
194000 59881 976296 59641 963704
194100 59906 976845 59682 964155
194200 59939 977361 59710 964639
194300 59968 977903 59737 965097
194400 59995 978435 59764 965565
194500 60041 978981 59808 966019
194600 60066 979479 59839 966521
194700 60091 980005 59870 966995
194800 60127 980535 59892 967465
194900 60159 981069 59922 967931
195000 60200 981580 59952 968420
195100 60234 982073 59979 968927
195200 60266 982574 60010 969426
195300 60299 983077 60051 969923
195400 60328 983610 60082 970390
195500 60355 984150 60116 970850
195600 60378 984651 60144 971349
195700 60418 985159 60179 971841
195800 60443 985670 60206 972330
195900 60468 986203 60239 972797
196000 60495 986703 60268 973297
196100 60519 987192 60296 973808
196200 60553 987727 60328 974273
196300 60578 988210 60366 974790
196400 60600 988746 60388 975254
196500 60625 989205 60416 975795
196600 60652 989705 60447 976295
196700 60684 990210 60470 976790
196800 60723 990704 60498 977296
196900 60753 991231 60521 977769
197000 60792 991702 60556 978298
197100 60829 992212 60583 978788
197200 60855 992712 60614 979288
197300 60883 993209 60637 979791
197400 60921 993746 60673 980254
197500 60946 994202 60700 980798
197600 60973 994719 60729 981281
197700 61002 995236 60769 981764
197800 61038 995749 60805 982251
197900 61078 996270 60839 982730
198000 61105 996773 60872 983227
198100 61144 997317 60899 983683
198200 61179 997802 60932 984198
198300 61216 998323 60966 984677
198400 61245 998829 60995 985171
198500 61278 999350 61024 985650
198600 61309 999855 61058 986145
198700 61343 1000344 61086 986656
198800 61375 1000847 61110 987153
198900 61412 1001363 61141 987637
199000 61437 1001841 61170 988159
199100 61470 1002303 61191 988697
199200 61505 1002790 61231 989210
199300 61533 1003282 61258 989718
199400 61562 1003757 61294 990243
199500 61594 1004222 61326 990778
199600 61623 1004739 61357 991261
199700 61646 1005280 61382 991720
199800 61668 1005790 61405 992210
199900 61696 1006339 61431 992661
200000 61731 1006881 61464 993119
