#! FIELDS timestep dup_succ dup_attempts kill_succ kill_attempts
#! SET timestep 0.5
#! SET kernel_bandwidth [0.3 0.3]
#! SET kt 1.0
100 112 382 110 618
200 204 674 210 1326
300 297 989 341 2011
400 402 1416 448 2584
500 463 1807 533 3193
600 520 2157 602 3843
700 563 2544 646 4456
800 586 2992 675 5008
900 595 3416 689 5584
1000 603 3936 705 6064
1100 613 4422 720 6578
1200 627 4932 733 7068
1300 639 5532 746 7468
1400 651 6092 759 7908
1500 662 6583 768 8417
1600 675 7077 776 8923
1700 684 7605 783 9395
1800 690 8144 795 9856
1900 702 8658 802 10342
2000 718 9148 808 10852
2100 724 9725 822 11275
2200 734 10168 832 11832
2300 744 10567 849 12433
2400 754 11108 864 12892
2500 762 11615 873 13385
2600 769 12101 888 13899
2700 777 12611 898 14389
2800 807 13176 917 14824
2900 815 13662 929 15338
3000 827 14217 945 15783
3100 834 14691 953 16309
3200 848 15130 961 16870
3300 856 15619 967 17381
3400 863 16098 977 17902
3500 873 16463 984 18537
3600 879 16905 994 19095
3700 884 17425 1002 19575
3800 892 17898 1019 20102
3900 902 18406 1031 20594
4000 913 18884 1039 21116
4100 920 19381 1046 21619
4200 924 19778 1056 22222
4300 935 20322 1063 22678
4400 943 20774 1069 23226
4500 949 21262 1076 23738
4600 961 21711 1088 24289
4700 971 22173 1094 24827
4800 981 22645 1112 25355
4900 992 23064 1127 25936
5000 1013 23588 1149 26412
5100 1023 24014 1159 26986
5200 1035 24462 1172 27538
5300 1043 24902 1182 28098
5400 1050 25391 1190 28609
5500 1062 25893 1202 29107
5600 1070 26353 1213 29647
5700 1083 26902 1226 30098
5800 1090 27362 1241 30638
5900 1102 27884 1259 31116
6000 1114 28432 1269 31568
6100 1130 28948 1282 32052
6200 1136 29384 1286 32616
6300 1144 29960 1296 33040
6400 1156 30443 1311 33557
6500 1168 30967 1322 34033
6600 1188 31456 1336 34544
6700 1198 31976 1347 35024
6800 1205 32453 1354 35547
6900 1222 32909 1372 36091
7000 1233 33446 1379 36554
7100 1242 34023 1385 36977
7200 1259 34573 1396 37427
7300 1271 35143 1406 37857
7400 1277 35646 1414 38354
7500 1302 36134 1425 38866
7600 1314 36667 1441 39333
7700 1328 37159 1454 39841
7800 1338 37639 1463 40361
7900 1353 38125 1478 40875
8000 1358 38630 1486 41370
8100 1370 39119 1500 41881
8200 1380 39582 1513 42418
8300 1384 40078 1522 42922
8400 1402 40575 1534 43425
8500 1407 41058 1554 43942
8600 1419 41460 1564 44540
8700 1432 41975 1577 45025
8800 1444 42405 1588 45595
8900 1455 42812 1601 46188
9000 1469 43356 1621 46644
9100 1476 43901 1631 47099
9200 1486 44355 1641 47645
9300 1500 44861 1651 48139
9400 1523 45359 1659 48641
9500 1534 45856 1676 49144
9600 1547 46342 1689 49658
9700 1557 46772 1699 50228
9800 1571 47285 1708 50715
9900 1581 47801 1719 51199
10000 1590 48263 1728 51737
10100 1602 48761 1747 52239
10200 1613 49263 1756 52737
10300 1621 49710 1764 53290
10400 1633 50137 1769 53863
10500 1641 50604 1780 54396
10600 1651 51121 1789 54879
10700 1659 51603 1793 55397
10800 1665 52110 1802 55890
10900 1682 52634 1817 56366
11000 1687 53175 1826 56825
11100 1693 53677 1830 57323
11200 1705 54218 1839 57782
11300 1717 54638 1851 58362
11400 1732 55139 1856 58861
11500 1746 55706 1868 59294
11600 1759 56262 1885 59738
11700 1765 56829 1903 60171
11800 1780 57405 1912 60595
11900 1795 57930 1933 61070
12000 1811 58387 1954 61613
12100 1832 58910 1970 62090
12200 1840 59368 1984 62632
12300 1849 59885 1997 63115
12400 1861 60365 2005 63635
12500 1880 60914 2022 64086
12600 1890 61343 2037 64657
12700 1907 61847 2055 65153
12800 1923 62405 2064 65595
12900 1938 62910 2080 66090
13000 1953 63352 2098 66648
13100 1963 63817 2108 67183
13200 1975 64289 2128 67711
13300 1987 64771 2139 68229
13400 1997 65306 2151 68694
13500 2013 65811 2162 69189
13600 2018 66338 2174 69662
13700 2028 66870 2187 70130
13800 2035 67394 2200 70606
13900 2045 67920 2206 71080
14000 2057 68464 2222 71536
14100 2069 68947 2236 72053
14200 2082 69449 2252 72551
14300 2089 69938 2266 73062
14400 2096 70485 2274 73515
14500 2105 71022 2284 73978
14600 2125 71581 2301 74419
14700 2138 72118 2312 74882
14800 2146 72642 2324 75358
14900 2163 73179 2337 75821
15000 2173 73668 2351 76332
15100 2183 74217 2359 76783
15200 2194 74750 2377 77250
15300 2207 75338 2386 77662
15400 2218 75833 2394 78167
15500 2237 76355 2408 78645
15600 2259 76886 2422 79114
15700 2269 77319 2431 79681
15800 2290 77785 2454 80215
15900 2303 78255 2464 80745
16000 2322 78779 2477 81221
16100 2331 79255 2492 81745
16200 2339 79750 2502 82250
16300 2349 80190 2524 82810
16400 2359 80665 2539 83335
16500 2371 81163 2555 83837
16600 2382 81668 2569 84332
16700 2396 82144 2588 84856
16800 2410 82635 2610 85365
16900 2428 83170 2625 85830
17000 2435 83735 2633 86265
17100 2442 84261 2647 86739
17200 2456 84727 2660 87273
17300 2467 85232 2674 87768
17400 2479 85703 2690 88297
17500 2491 86197 2703 88803
17600 2499 86706 2720 89294
17700 2504 87221 2734 89779
17800 2511 87759 2746 90241
17900 2519 88256 2760 90744
18000 2533 88728 2777 91272
18100 2549 89269 2788 91731
18200 2561 89727 2802 92273
18300 2571 90216 2809 92784
18400 2583 90740 2819 93260
18500 2600 91256 2827 93744
18600 2612 91680 2838 94320
18700 2620 92209 2850 94791
18800 2635 92671 2858 95329
18900 2639 93252 2872 95748
19000 2653 93688 2888 96312
19100 2676 94199 2901 96801
19200 2687 94715 2910 97285
19300 2692 95258 2916 97742
19400 2706 95760 2927 98240
19500 2717 96188 2937 98812
19600 2732 96675 2951 99325
19700 2740 97193 2962 99807
19800 2751 97716 2978 100284
19900 2763 98196 2989 100804
20000 2772 98706 3002 101294
20100 2787 99222 3015 101778
20200 2801 99741 3028 102259
20300 2809 100253 3043 102747
20400 2822 100677 3047 103323
20500 2833 101115 3059 103885
20600 2839 101628 3075 104372
20700 2858 102055 3093 104945
20800 2869 102563 3111 105437
20900 2884 102997 3128 106003
21000 2894 103531 3143 106469
21100 2906 103991 3152 107009
21200 2920 104477 3164 107523
21300 2931 104937 3177 108063
21400 2943 105464 3189 108536
21500 2957 105966 3205 109034
21600 2964 106399 3213 109601
21700 2973 106825 3229 110175
21800 2980 107276 3235 110724
21900 2990 107812 3245 111188
22000 2998 108286 3258 111714
22100 3006 108781 3271 112219
22200 3016 109280 3279 112720
22300 3028 109757 3292 113243
22400 3036 110280 3298 113720
22500 3042 110739 3306 114261
22600 3051 111194 3317 114806
22700 3058 111727 3328 115273
22800 3075 112208 3347 115792
22900 3083 112782 3355 116218
23000 3098 113222 3369 116778
23100 3112 113655 3382 117345
23200 3121 114158 3391 117842
23300 3138 114696 3405 118304
23400 3150 115260 3419 118740
23500 3159 115773 3431 119227
23600 3174 116317 3442 119683
23700 3182 116836 3454 120164
23800 3196 117285 3467 120715
23900 3207 117824 3479 121176
24000 3222 118247 3497 121753
24100 3232 118705 3511 122295
24200 3242 119231 3528 122769
24300 3247 119614 3533 123386
24400 3256 120052 3537 123948
24500 3264 120482 3546 124518
24600 3278 121018 3557 124982
24700 3285 121536 3566 125464
24800 3299 122042 3579 125958
24900 3308 122501 3596 126499
25000 3316 122981 3607 127019
25100 3330 123449 3614 127551
25200 3341 123957 3623 128043
25300 3354 124477 3638 128523
25400 3362 124955 3649 129045
25500 3376 125394 3663 129606
25600 3385 125916 3679 130084
25700 3400 126395 3695 130605
25800 3411 126952 3705 131048
25900 3416 127443 3714 131557
26000 3424 127932 3722 132068
26100 3437 128408 3736 132592
26200 3449 128869 3745 133131
26300 3459 129366 3753 133634
26400 3474 129838 3765 134162
26500 3487 130323 3776 134677
26600 3498 130821 3788 135179
26700 3509 131256 3795 135744
26800 3517 131731 3804 136269
26900 3523 132256 3813 136744
27000 3540 132742 3830 137258
27100 3554 133249 3839 137751
27200 3564 133766 3852 138234
27300 3573 134278 3857 138722
27400 3583 134800 3875 139200
27500 3600 135374 3882 139626
27600 3614 135908 3896 140092
27700 3624 136388 3910 140612
27800 3631 136982 3917 141018
27900 3639 137461 3930 141539
28000 3656 137955 3936 142045
28100 3668 138441 3946 142559
28200 3677 139000 3969 143000
28300 3689 139504 3981 143496
28400 3698 139949 3987 144051
28500 3708 140372 4001 144628
28600 3717 140871 4024 145129
28700 3723 141404 4037 145596
28800 3733 141880 4046 146120
28900 3743 142358 4056 146642
29000 3754 142827 4066 147173
29100 3764 143280 4080 147720
29200 3770 143781 4091 148219
29300 3788 144246 4094 148754
29400 3803 144714 4112 149286
29500 3813 145165 4125 149835
29600 3823 145597 4140 150403
29700 3836 146052 4159 150948
29800 3850 146495 4174 151505
29900 3863 146971 4189 152029
30000 3873 147403 4192 152597
30100 3885 147900 4206 153100
30200 3892 148423 4213 153577
30300 3901 148924 4226 154076
30400 3914 149498 4234 154502
30500 3924 150107 4240 154893
30600 3937 150587 4255 155413
30700 3947 151042 4266 155958
30800 3955 151610 4278 156390
30900 3969 152072 4291 156928
31000 3981 152625 4310 157375
31100 3988 153091 4325 157909
31200 3995 153553 4331 158447
31300 4001 153924 4340 159076
31400 4011 154382 4354 159618
31500 4036 154892 4365 160108
31600 4055 155384 4378 160616
31700 4072 155967 4390 161033
31800 4083 156553 4406 161447
31900 4091 156990 4412 162010
32000 4102 157469 4417 162531
32100 4115 157878 4424 163122
32200 4126 158422 4438 163578
32300 4136 158926 4447 164074
32400 4143 159394 4457 164606
32500 4151 159885 4466 165115
32600 4160 160304 4480 165696
32700 4172 160828 4494 166172
32800 4183 161315 4503 166685
32900 4196 161905 4519 167095
33000 4212 162475 4527 167525
33100 4224 162941 4542 168059
33200 4231 163552 4549 168448
33300 4243 164054 4567 168946
33400 4262 164560 4580 169440
33500 4279 165118 4588 169882
33600 4294 165596 4595 170404
33700 4308 166106 4608 170894
33800 4314 166614 4617 171386
33900 4324 167165 4632 171835
34000 4331 167702 4636 172298
34100 4347 168147 4655 172853
34200 4361 168743 4667 173257
34300 4373 169215 4681 173785
34400 4384 169709 4688 174291
34500 4396 170196 4706 174804
34600 4414 170660 4716 175340
34700 4423 171132 4730 175868
34800 4434 171647 4743 176353
34900 4449 172114 4757 176886
35000 4458 172570 4768 177430
35100 4476 173096 4783 177904
35200 4487 173595 4790 178405
35300 4493 174057 4799 178943
35400 4500 174576 4813 179424
35500 4514 175104 4821 179896
35600 4524 175608 4835 180392
35700 4535 176096 4845 180904
35800 4545 176610 4865 181390
35900 4557 177103 4873 181897
36000 4570 177608 4891 182392
36100 4582 178119 4901 182881
36200 4592 178624 4910 183376
36300 4611 179150 4925 183850
36400 4620 179690 4941 184310
36500 4627 180276 4953 184724
36600 4633 180816 4965 185184
36700 4649 181343 4972 185657
36800 4665 181896 4984 186104
36900 4673 182424 4999 186576
37000 4678 182931 5011 187069
37100 4688 183350 5017 187650
37200 4699 183842 5028 188158
37300 4716 184290 5037 188710
37400 4727 184786 5049 189214
37500 4741 185243 5054 189757
37600 4749 185791 5071 190209
37700 4764 186230 5082 190770
37800 4775 186751 5095 191249
37900 4784 187256 5098 191744
38000 4795 187765 5113 192235
38100 4808 188254 5120 192746
38200 4821 188761 5130 193239
38300 4831 189226 5143 193774
38400 4835 189785 5151 194215
38500 4845 190240 5162 194760
38600 4854 190781 5172 195219
38700 4861 191204 5177 195796
38800 4869 191740 5189 196260
38900 4878 192300 5202 196700
39000 4891 192862 5212 197138
39100 4905 193319 5229 197681
39200 4915 193792 5238 198208
39300 4926 194246 5249 198754
39400 4936 194783 5257 199217
39500 4949 195342 5267 199658
39600 4961 195843 5279 200157
39700 4976 196302 5286 200698
39800 4990 196790 5296 201210
39900 4995 197286 5304 201714
40000 5012 197722 5318 202278
40100 5028 198235 5334 202765
40200 5038 198784 5345 203216
40300 5058 199262 5359 203738
40400 5070 199806 5373 204194
40500 5079 200347 5378 204653
40600 5090 200807 5386 205193
40700 5107 201278 5402 205722
40800 5121 201772 5411 206228
40900 5130 202282 5418 206718
41000 5141 202800 5432 207200
41100 5157 203257 5443 207743
41200 5164 203801 5449 208199
41300 5170 204323 5459 208677
41400 5179 204807 5467 209193
41500 5189 205339 5477 209661
41600 5194 205837 5486 210163
41700 5197 206343 5500 210657
41800 5209 206903 5511 211097
41900 5217 207417 5528 211583
42000 5231 207956 5534 212044
42100 5241 208545 5544 212455
42200 5247 209075 5549 212925
42300 5267 209649 5559 213351
42400 5280 210159 5573 213841
42500 5294 210711 5584 214289
42600 5312 211211 5596 214789
42700 5324 211638 5604 215362
42800 5336 212147 5620 215853
42900 5349 212616 5637 216384
43000 5355 213119 5649 216881
43100 5363 213534 5660 217466
43200 5372 213971 5666 218029
43300 5383 214440 5679 218560
43400 5393 214931 5690 219069
43500 5404 215416 5698 219584
43600 5417 215970 5710 220030
43700 5429 216477 5722 220523
43800 5436 216954 5727 221046
43900 5447 217490 5736 221510
44000 5459 218007 5750 221993
44100 5470 218512 5763 222488
44200 5481 218995 5772 223005
44300 5492 219434 5781 223566
44400 5499 219847 5793 224153
44500 5507 220375 5804 224625
44600 5513 220883 5811 225117
44700 5526 221330 5826 225670
44800 5538 221839 5835 226161
44900 5552 222428 5840 226572
45000 5567 222943 5851 227057
45100 5584 223427 5865 227573
45200 5591 223903 5877 228097
45300 5604 224320 5884 228680
45400 5612 224813 5887 229187
45500 5625 225292 5899 229708
45600 5636 225772 5908 230228
45700 5647 226385 5916 230615
45800 5655 226851 5924 231149
45900 5674 227305 5939 231695
46000 5684 227703 5952 232297
46100 5693 228214 5968 232786
46200 5707 228767 5981 233233
46300 5723 229276 5995 233724
46400 5734 229773 6011 234227
46500 5747 230303 6028 234697
46600 5759 230819 6046 235181
46700 5775 231407 6058 235593
46800 5787 231937 6066 236063
46900 5801 232429 6089 236571
47000 5808 232958 6095 237042
47100 5814 233379 6105 237621
47200 5824 233938 6120 238062
47300 5832 234394 6129 238606
47400 5837 234863 6142 239137
47500 5844 235332 6154 239668
47600 5863 235800 6166 240200
47700 5876 236341 6177 240659
47800 5888 236912 6191 241088
47900 5895 237312 6205 241688
48000 5904 237895 6219 242105
48100 5916 238399 6234 242601
48200 5929 238922 6241 243078
48300 5943 239397 6251 243603
48400 5956 239934 6274 244066
48500 5967 240405 6295 244595
48600 5978 240828 6304 245172
48700 5988 241225 6316 245775
48800 6003 241786 6328 246214
48900 6015 242278 6346 246722
49000 6021 242835 6361 247165
49100 6033 243306 6368 247694
49200 6044 243770 6381 248230
49300 6059 244225 6399 248775
49400 6072 244726 6414 249274
49500 6083 245255 6426 249745
49600 6099 245793 6435 250207
49700 6115 246307 6449 250693
49800 6126 246794 6454 251206
49900 6137 247297 6465 251703
50000 6153 247816 6481 252184
50100 6165 248259 6496 252741
50200 6178 248731 6508 253269
50300 6188 249223 6516 253777
50400 6205 249718 6522 254282
50500 6216 250212 6529 254788
50600 6230 250685 6545 255315
50700 6243 251243 6554 255757
50800 6249 251753 6556 256247
50900 6254 252360 6565 256640
51000 6258 252811 6576 257189
51100 6267 253327 6584 257673
51200 6278 253826 6596 258174
51300 6286 254319 6606 258681
51400 6304 254874 6622 259126
51500 6318 255393 6632 259607
51600 6334 255922 6640 260078
51700 6348 256419 6651 260581
51800 6357 257021 6661 260979
51900 6369 257553 6672 261447
52000 6379 258069 6686 261931
52100 6389 258601 6694 262399
52200 6402 259174 6704 262826
52300 6419 259648 6717 263352
52400 6430 260082 6729 263918
52500 6443 260649 6740 264351
52600 6459 261204 6754 264796
52700 6466 261733 6766 265267
52800 6480 262192 6783 265808
52900 6490 262734 6794 266266
53000 6499 263278 6806 266722
53100 6513 263718 6815 267282
53200 6523 264259 6828 267741
53300 6537 264783 6845 268217
53400 6555 265266 6862 268734
53500 6561 265745 6878 269255
53600 6571 266284 6886 269716
53700 6577 266774 6894 270226
53800 6588 267295 6909 270705
53900 6601 267810 6923 271190
54000 6613 268281 6937 271719
54100 6623 268733 6946 272267
54200 6632 269227 6961 272773
54300 6646 269767 6977 273233
54400 6664 270331 6992 273669
54500 6681 270838 7003 274162
54600 6688 271400 7015 274600
54700 6693 271884 7027 275116
54800 6703 272391 7037 275609
54900 6714 272830 7041 276170
55000 6724 273271 7047 276729
55100 6733 273721 7052 277279
55200 6743 274257 7056 277743
55300 6758 274738 7067 278262
55400 6763 275297 7075 278703
55500 6780 275882 7080 279118
55600 6794 276390 7090 279610
55700 6809 276909 7102 280091
55800 6818 277418 7115 280582
55900 6828 277868 7123 281132
56000 6841 278401 7133 281599
56100 6849 278872 7142 282128
56200 6853 279426 7148 282574
56300 6864 279900 7158 283100
56400 6872 280437 7166 283563
56500 6883 280925 7176 284075
56600 6897 281495 7188 284505
56700 6908 282060 7196 284940
56800 6917 282531 7207 285469
56900 6931 283067 7215 285933
57000 6939 283596 7220 286404
57100 6949 284099 7230 286901
57200 6960 284559 7242 287441
57300 6975 285080 7256 287920
57400 6997 285566 7270 288434
57500 7009 286137 7282 288863
57600 7016 286568 7296 289432
57700 7032 287066 7304 289934
57800 7041 287649 7312 290351
57900 7052 288135 7323 290865
58000 7064 288640 7338 291360
58100 7068 289185 7352 291815
58200 7083 289671 7370 292329
58300 7100 290186 7381 292814
58400 7118 290678 7392 293322
58500 7131 291132 7404 293868
58600 7148 291550 7418 294450
58700 7157 292078 7427 294922
58800 7172 292492 7436 295508
58900 7192 293018 7452 295982
59000 7205 293449 7464 296551
59100 7214 293961 7471 297039
59200 7221 294440 7476 297560
59300 7233 294948 7480 298052
59400 7243 295462 7485 298538
59500 7259 295971 7497 299029
59600 7273 296398 7504 299602
59700 7287 296882 7520 300118
59800 7302 297322 7535 300678
59900 7309 297802 7541 301198
60000 7318 298370 7551 301630
60100 7330 298898 7561 302102
60200 7340 299357 7572 302643
60300 7350 299913 7584 303087
60400 7372 300396 7596 303604
60500 7376 300942 7603 304058
60600 7390 301533 7614 304467
60700 7407 301962 7631 305038
60800 7423 302419 7641 305581
60900 7435 302947 7653 306053
61000 7446 303407 7664 306593
61100 7464 303975 7673 307025
61200 7474 304500 7679 307500
61300 7482 305021 7691 307979
61400 7496 305547 7699 308453
61500 7505 306056 7709 308944
61600 7519 306459 7722 309541
61700 7530 306922 7730 310078
61800 7543 307480 7740 310520
61900 7555 307912 7757 311088
62000 7570 308392 7766 311608
62100 7588 308896 7774 312104
62200 7604 309439 7789 312561
62300 7620 309955 7801 313045
62400 7630 310419 7808 313581
62500 7634 310946 7821 314054
62600 7650 311398 7830 314602
62700 7662 311960 7841 315040
62800 7670 312528 7848 315472
62900 7681 313009 7855 315991
63000 7693 313545 7863 316455
63100 7703 314121 7874 316879
63200 7710 314692 7884 317308
63300 7721 315218 7899 317782
63400 7729 315739 7913 318261
63500 7740 316283 7926 318717
63600 7746 316774 7938 319226
63700 7758 317319 7950 319681
63800 7769 317756 7963 320244
63900 7785 318204 7971 320796
64000 7798 318676 7974 321324
64100 7811 319156 7983 321844
64200 7819 319547 7991 322453
64300 7831 320061 7999 322939
64400 7844 320519 8014 323481
64500 7861 320974 8028 324026
64600 7878 321531 8043 324469
64700 7898 322092 8053 324908
64800 7909 322591 8066 325409
64900 7923 323210 8075 325790
65000 7930 323703 8085 326297
65100 7942 324187 8104 326813
65200 7951 324678 8120 327322
65300 7965 325178 8130 327822
65400 7971 325695 8148 328305
65500 7979 326203 8161 328797
65600 7984 326732 8170 329268
65700 7985 327292 8177 329708
65800 8005 327752 8190 330248
65900 8011 328274 8196 330726
66000 8024 328771 8205 331229
66100 8035 329290 8212 331710
66200 8051 329820 8225 332180
66300 8057 330400 8242 332600
66400 8072 331012 8258 332988
66500 8092 331587 8274 333413
66600 8111 332144 8295 333856
66700 8123 332662 8311 334338
66800 8132 333128 8325 334872
66900 8143 333618 8332 335382
67000 8160 334096 8343 335904
67100 8171 334534 8358 336466
67200 8176 334987 8365 337013
67300 8188 335527 8382 337473
67400 8201 336017 8392 337983
67500 8211 336478 8400 338522
67600 8217 336920 8411 339080
67700 8234 337586 8427 339414
67800 8241 338098 8435 339902
67900 8249 338682 8448 340318
68000 8267 339238 8463 340762
68100 8276 339726 8473 341274
68200 8296 340261 8486 341739
68300 8313 340718 8495 342282
68400 8330 341167 8511 342833
68500 8339 341611 8519 343389
68600 8350 342126 8528 343874
68700 8361 342650 8542 344350
68800 8375 343132 8548 344868
68900 8389 343626 8560 345374
69000 8396 344138 8567 345862
69100 8408 344577 8577 346423
69200 8418 345063 8590 346937
69300 8431 345559 8595 347441
69400 8442 346114 8605 347886
69500 8454 346642 8622 348358
69600 8471 347190 8637 348810
69700 8485 347731 8645 349269
69800 8497 348282 8655 349718
69900 8507 348839 8662 350161
70000 8527 349352 8681 350648
70100 8537 349854 8693 351146
70200 8553 350343 8706 351657
70300 8566 350847 8719 352153
70400 8585 351432 8730 352568
70500 8595 351889 8739 353111
70600 8607 352259 8750 353741
70700 8620 352692 8760 354308
70800 8634 353127 8774 354873
70900 8650 353651 8787 355349
71000 8668 354164 8799 355836
71100 8678 354619 8814 356381
71200 8688 355087 8827 356913
71300 8690 355586 8841 357414
71400 8703 356067 8852 357933
71500 8710 356452 8859 358548
71600 8720 356921 8877 359079
71700 8731 357404 8889 359596
71800 8739 357900 8895 360100
71900 8749 358403 8903 360597
72000 8753 358903 8911 361097
72100 8762 359473 8919 361527
72200 8777 359977 8932 362023
72300 8791 360479 8943 362521
72400 8805 360877 8955 363123
72500 8822 361412 8962 363588
72600 8829 361980 8974 364020
72700 8842 362421 8998 364579
72800 8847 362894 9011 365106
72900 8863 363393 9028 365607
73000 8880 363931 9039 366069
73100 8891 364535 9049 366465
73200 8900 365052 9062 366948
73300 8913 365544 9073 367456
73400 8925 366000 9076 368000
73500 8937 366500 9085 368500
73600 8943 367006 9096 368994
73700 8955 367541 9108 369459
73800 8964 368017 9118 369983
73900 8975 368500 9129 370500
74000 8988 369018 9145 370982
74100 9002 369457 9150 371543
74200 9015 369980 9159 372020
74300 9024 370525 9173 372475
74400 9035 371023 9184 372977
74500 9048 371482 9194 373518
74600 9063 371951 9205 374049
74700 9068 372485 9213 374515
74800 9077 372989 9223 375011
74900 9090 373525 9236 375475
75000 9101 374099 9244 375901
75100 9111 374639 9251 376361
75200 9124 375214 9266 376786
75300 9144 375694 9281 377306
75400 9154 376198 9291 377802
75500 9163 376735 9301 378265
75600 9175 377240 9311 378760
75700 9188 377815 9320 379185
75800 9206 378270 9333 379730
75900 9219 378744 9344 380256
76000 9230 379274 9351 380726
76100 9246 379855 9377 381145
76200 9258 380405 9386 381595
76300 9275 380929 9396 382071
76400 9286 381406 9410 382594
76500 9294 381903 9423 383097
76600 9302 382422 9432 383578
76700 9312 382838 9442 384162
76800 9326 383328 9452 384672
76900 9340 383820 9468 385180
77000 9349 384286 9478 385714
77100 9360 384684 9489 386316
77200 9368 385174 9498 386826
77300 9382 385662 9503 387338
77400 9397 386187 9519 387813
77500 9406 386667 9530 388333
77600 9414 387237 9533 388763
77700 9430 387729 9545 389271
77800 9443 388311 9563 389689
77900 9452 388828 9579 390172
78000 9467 389390 9594 390610
78100 9474 389831 9604 391169
78200 9490 390336 9622 391664
78300 9511 390790 9632 392210
78400 9518 391336 9639 392664
78500 9527 391818 9648 393182
78600 9544 392304 9660 393696
78700 9555 392786 9671 394214
78800 9564 393250 9678 394750
78900 9580 393740 9691 395260
79000 9590 394206 9699 395794
79100 9605 394697 9710 396303
79200 9615 395261 9727 396739
79300 9633 395765 9743 397235
79400 9651 396171 9752 397829
79500 9664 396695 9760 398305
79600 9675 397137 9767 398863
79700 9683 397579 9777 399421
79800 9697 398081 9789 399919
79900 9707 398532 9795 400468
80000 9716 398997 9805 401003
80100 9730 399510 9818 401490
80200 9739 399936 9826 402064
80300 9748 400382 9841 402618
80400 9756 400866 9851 403134
80500 9776 401335 9863 403665
80600 9784 401921 9872 404079
80700 9795 402360 9879 404640
80800 9805 402790 9896 405210
80900 9811 403296 9904 405704
81000 9826 403831 9922 406169
81100 9837 404333 9925 406667
81200 9854 404800 9933 407200
81300 9867 405327 9945 407673
81400 9874 405805 9955 408195
81500 9886 406227 9966 408773
81600 9899 406639 9972 409361
81700 9919 407170 9980 409830
81800 9930 407663 9999 410337
81900 9937 408117 10008 410883
82000 9952 408626 10023 411374
82100 9960 409170 10031 411830
82200 9977 409666 10048 412334
82300 9984 410157 10054 412843
82400 9990 410681 10060 413319
82500 10001 411151 10069 413849
82600 10008 411639 10072 414361
82700 10017 412115 10081 414885
82800 10029 412602 10099 415398
82900 10046 413116 10115 415884
83000 10060 413611 10121 416389
83100 10068 414088 10124 416912
83200 10077 414560 10138 417440
83300 10093 414960 10151 418040
83400 10106 415444 10162 418556
83500 10118 415891 10168 419109
83600 10125 416441 10181 419559
83700 10140 416958 10189 420042
83800 10147 417524 10198 420476
83900 10165 417962 10208 421038
84000 10174 418423 10222 421577
84100 10180 418817 10235 422183
84200 10201 419343 10251 422657
84300 10210 419872 10262 423128
84400 10235 420428 10273 423572
84500 10249 420866 10291 424134
84600 10259 421351 10307 424649
84700 10266 421873 10320 425127
84800 10279 422430 10337 425570
84900 10293 422970 10348 426030
85000 10304 423448 10359 426552
85100 10322 424032 10372 426968
85200 10330 424566 10379 427434
85300 10336 425028 10392 427972
85400 10346 425548 10402 428452
85500 10357 426097 10415 428903
85600 10374 426630 10423 429370
85700 10381 427039 10439 429961
85800 10401 427594 10450 430406
85900 10406 428136 10455 430864
86000 10415 428606 10470 431394
86100 10423 429108 10483 431892
86200 10430 429655 10490 432345
86300 10441 430147 10497 432853
86400 10454 430620 10506 433380
86500 10468 431164 10520 433836
86600 10476 431689 10534 434311
86700 10482 432202 10545 434798
86800 10496 432703 10554 435297
86900 10501 433200 10566 435800
87000 10508 433727 10574 436273
87100 10519 434237 10582 436763
87200 10528 434743 10593 437257
87300 10542 435258 10609 437742
87400 10547 435793 10620 438207
87500 10556 436330 10634 438670
87600 10569 436824 10646 439176
87700 10585 437309 10659 439691
87800 10592 437778 10671 440222
87900 10603 438295 10683 440705
88000 10617 438765 10697 441235
88100 10633 439285 10708 441715
88200 10639 439690 10727 442310
88300 10643 440143 10733 442857
88400 10651 440606 10739 443394
88500 10660 441042 10746 443958
88600 10672 441509 10756 444491
88700 10680 442015 10765 444985
88800 10689 442517 10778 445483
88900 10703 442998 10793 446002
89000 10715 443479 10801 446521
89100 10726 443935 10814 447065
89200 10741 444349 10824 447651
89300 10750 444812 10831 448188
89400 10762 445382 10839 448618
89500 10771 445944 10848 449056
89600 10778 446442 10854 449558
89700 10786 446895 10864 450105
89800 10792 447403 10879 450597
89900 10809 447989 10891 451011
90000 10818 448474 10901 451526
90100 10829 448952 10913 452048
90200 10835 449507 10920 452493
90300 10850 449975 10932 453025
90400 10865 450536 10947 453464
90500 10883 451072 10958 453928
90600 10904 451591 10973 454409
90700 10915 452091 10984 454909
90800 10922 452601 10989 455399
90900 10940 453151 10997 455849
91000 10952 453700 11008 456300
91100 10962 454238 11022 456762
91200 10970 454800 11030 457200
91300 10978 455390 11040 457610
91400 10992 455964 11052 458036
91500 11004 456493 11062 458507
91600 11010 457093 11076 458907
91700 11020 457565 11091 459435
91800 11033 458013 11101 459987
91900 11046 458545 11114 460455
92000 11060 458989 11131 461011
92100 11073 459533 11142 461467
92200 11084 460077 11154 461923
92300 11095 460520 11159 462480
92400 11107 461035 11171 462965
92500 11118 461550 11187 463450
92600 11127 461944 11198 464056
92700 11136 462428 11210 464572
92800 11148 462927 11216 465073
92900 11157 463354 11231 465646
93000 11166 463820 11245 466180
93100 11177 464338 11257 466662
93200 11180 464791 11264 467209
93300 11189 465292 11270 467708
93400 11205 465847 11286 468153
93500 11218 466268 11297 468732
93600 11228 466781 11308 469219
93700 11243 467266 11319 469734
93800 11254 467720 11326 470280
93900 11263 468251 11335 470749
94000 11273 468762 11349 471238
94100 11283 469257 11359 471743
94200 11297 469793 11371 472207
94300 11309 470264 11383 472736
94400 11323 470793 11400 473207
94500 11338 471286 11418 473714
94600 11351 471769 11425 474231
94700 11359 472372 11436 474628
94800 11365 472911 11444 475089
94900 11374 473417 11457 475583
95000 11382 473949 11465 476051
95100 11392 474424 11478 476576
95200 11406 474984 11497 477016
95300 11418 475539 11505 477461
95400 11427 476030 11511 477970
95500 11442 476542 11525 478458
95600 11455 477026 11537 478974
95700 11470 477547 11549 479453
95800 11478 478006 11566 479994
95900 11492 478471 11580 480529
96000 11501 479047 11592 480953
96100 11513 479515 11612 481485
96200 11525 480019 11624 481981
96300 11538 480458 11637 482542
96400 11543 480950 11653 483050
96500 11559 481357 11667 483643
96600 11571 481771 11675 484229
96700 11587 482214 11682 484786
96800 11597 482709 11694 485291
96900 11610 483154 11709 485846
97000 11620 483666 11722 486334
97100 11634 484171 11730 486829
97200 11648 484635 11748 487365
97300 11659 485097 11760 487903
97400 11665 485617 11765 488383
97500 11673 486084 11772 488916
97600 11683 486539 11777 489461
97700 11689 486987 11788 490013
97800 11700 487478 11796 490522
97900 11716 487999 11806 491001
98000 11726 488429 11813 491571
98100 11745 488925 11829 492075
98200 11763 489425 11840 492575
98300 11772 489932 11851 493068
98400 11784 490536 11864 493464
98500 11792 491014 11879 493986
98600 11803 491441 11885 494559
98700 11815 491931 11895 495069
98800 11829 492477 11903 495523
98900 11841 492943 11913 496057
99000 11850 493435 11931 496565
99100 11862 493979 11949 497021
99200 11879 494475 11964 497525
99300 11892 494941 11975 498059
99400 11906 495384 11986 498616
99500 11921 495859 11994 499141
99600 11930 496384 12016 499616
99700 11940 496929 12027 500071
99800 11952 497496 12041 500504
99900 11963 498025 12055 500975
100000 11973 498592 12068 501408
100100 11983 499064 12082 501936
100200 11993 499472 12090 502528
100300 12007 499949 12100 503051
100400 12022 500481 12108 503519
100500 12032 501003 12119 503997
100600 12040 501443 12131 504557
100700 12047 501944 12144 505056
100800 12056 502465 12159 505535
100900 12068 502971 12168 506029
101000 12079 503521 12174 506479
101100 12089 504008 12185 506992
101200 12104 504492 12190 507508
101300 12115 504938 12206 508062
101400 12124 505464 12216 508536
101500 12145 506039 12223 508961
101600 12159 506594 12232 509406
101700 12171 507028 12247 509972
101800 12178 507521 12257 510479
101900 12189 507956 12261 511044
102000 12197 508474 12276 511526
102100 12209 509015 12299 511985
102200 12217 509492 12308 512508
102300 12232 509988 12318 513012
102400 12246 510413 12332 513587
102500 12252 510857 12342 514143
102600 12261 511363 12352 514637
102700 12271 511878 12366 515122
102800 12286 512393 12379 515607
102900 12308 512840 12391 516160
103000 12317 513397 12400 516603
103100 12330 513923 12406 517077
103200 12339 514338 12412 517662
103300 12345 514778 12420 518222
103400 12350 515226 12430 518774
103500 12363 515754 12440 519246
103600 12373 516320 12454 519680
103700 12387 516848 12466 520152
103800 12396 517436 12473 520564
103900 12404 517958 12486 521042
104000 12412 518430 12508 521570
104100 12425 518912 12521 522088
104200 12449 519472 12539 522528
104300 12454 519947 12552 523053
104400 12461 520412 12567 523588
104500 12471 520904 12579 524096
104600 12487 521438 12597 524562
104700 12497 521939 12605 525061
104800 12515 522445 12614 525555
104900 12524 522876 12625 526124
105000 12534 523437 12643 526563
105100 12543 523919 12652 527081
105200 12555 524426 12665 527574
105300 12563 524936 12673 528064
105400 12570 525396 12687 528604
105500 12580 525892 12698 529108
105600 12586 526519 12706 529481
105700 12591 527008 12722 529992
105800 12607 527423 12730 530577
105900 12616 527835 12744 531165
106000 12627 528325 12752 531675
106100 12637 528801 12764 532199
106200 12650 529343 12774 532657
106300 12656 529834 12783 533166
106400 12669 530255 12789 533745
106500 12677 530735 12802 534265
106600 12684 531342 12812 534658
106700 12695 531890 12823 535110
106800 12706 532398 12841 535602
106900 12722 532928 12846 536072
107000 12735 533496 12851 536504
107100 12751 534018 12863 536982
107200 12760 534560 12876 537440
107300 12770 535125 12888 537875
107400 12785 535710 12895 538290
107500 12788 536263 12904 538737
107600 12804 536750 12923 539250
107700 12812 537216 12931 539784
107800 12825 537717 12940 540283
107900 12839 538232 12953 540768
108000 12854 538759 12960 541241
108100 12867 539277 12963 541723
108200 12882 539808 12980 542192
108300 12894 540239 12990 542761
108400 12899 540810 13000 543190
108500 12908 541308 13010 543692
108600 12919 541818 13020 544182
108700 12930 542358 13030 544642
108800 12939 542875 13047 545125
108900 12951 543283 13059 545717
109000 12962 543786 13070 546214
109100 12973 544259 13080 546741
109200 12982 544778 13096 547222
109300 12985 545319 13107 547681
109400 12998 545803 13116 548197
109500 13007 546413 13127 548587
109600 13019 546894 13134 549106
109700 13028 547387 13145 549613
109800 13036 547944 13150 550056
109900 13048 548486 13165 550514
110000 13061 548995 13180 551005
110100 13070 549417 13186 551583
110200 13080 549891 13196 552109
110300 13082 550313 13204 552687
110400 13090 550803 13214 553197
110500 13100 551257 13224 553743
110600 13110 551806 13233 554194
110700 13124 552305 13246 554695
110800 13132 552732 13256 555268
110900 13143 553265 13268 555735
111000 13149 553725 13276 556275
111100 13156 554267 13292 556733
111200 13167 554818 13304 557182
111300 13176 555271 13323 557729
111400 13180 555763 13335 558237
111500 13191 556270 13344 558730
111600 13199 556803 13354 559197
111700 13214 557242 13362 559758
111800 13224 557771 13374 560229
111900 13231 558243 13384 560757
112000 13247 558743 13393 561257
112100 13251 559255 13401 561745
112200 13264 559790 13412 562210
112300 13277 560305 13423 562695
112400 13282 560749 13429 563251
112500 13296 561248 13442 563752
112600 13312 561732 13453 564268
112700 13320 562153 13464 564847
112800 13330 562696 13476 565304
112900 13345 563215 13491 565785
113000 13355 563694 13500 566306
113100 13369 564238 13511 566762
113200 13374 564696 13519 567304
113300 13388 565196 13529 567804
113400 13402 565688 13538 568312
113500 13410 566217 13543 568783
113600 13415 566658 13556 569342
113700 13424 567079 13564 569921
113800 13442 567619 13584 570381
113900 13451 568120 13593 570880
114000 13467 568618 13603 571382
114100 13480 569110 13616 571890
114200 13493 569670 13631 572330
114300 13502 570081 13639 572919
114400 13518 570612 13649 573388
114500 13528 571137 13657 573863
114600 13533 571703 13670 574297
114700 13546 572197 13688 574803
114800 13557 572671 13700 575329
114900 13564 573206 13710 575794
115000 13573 573645 13722 576355
115100 13582 574201 13739 576799
115200 13599 574723 13754 577277
115300 13608 575303 13771 577697
115400 13624 575826 13784 578174
115500 13634 576251 13793 578749
115600 13647 576657 13812 579343
115700 13656 577175 13818 579825
115800 13677 577704 13829 580296
115900 13687 578127 13836 580873
116000 13698 578634 13843 581366
116100 13716 579174 13858 581826
116200 13729 579689 13864 582311
116300 13734 580215 13871 582785
116400 13743 580719 13881 583281
116500 13754 581242 13890 583758
116600 13763 581712 13900 584288
116700 13778 582279 13914 584721
116800 13783 582846 13925 585154
116900 13800 583420 13942 585580
117000 13810 583907 13954 586093
117100 13816 584405 13963 586595
117200 13822 584762 13970 587238
117300 13831 585231 13979 587769
117400 13843 585763 13995 588237
117500 13857 586252 14005 588748
117600 13866 586765 14008 589235
117700 13886 587193 14021 589807
117800 13892 587679 14033 590321
117900 13907 588158 14044 590842
118000 13919 588674 14053 591326
118100 13924 589226 14065 591774
118200 13932 589685 14074 592315
118300 13944 590133 14089 592867
118400 13959 590648 14095 593352
118500 13972 591143 14109 593857
118600 13984 591647 14123 594353
118700 13997 592142 14134 594858
118800 14010 592534 14144 595466
118900 14020 592906 14159 596094
119000 14037 593406 14176 596594
119100 14042 593856 14190 597144
119200 14053 594405 14205 597595
119300 14065 594910 14212 598090
119400 14073 595459 14218 598541
119500 14083 595929 14225 599071
119600 14098 596465 14237 599535
119700 14109 597012 14243 599988
119800 14119 597516 14254 600484
119900 14126 597979 14268 601021
120000 14139 598547 14281 601453
120100 14143 598996 14291 602004
120200 14155 599535 14305 602465
120300 14166 600035 14323 602965
120400 14178 600508 14335 603492
120500 14188 600964 14345 604036
120600 14198 601417 14359 604583
120700 14209 601916 14369 605084
120800 14216 602368 14381 605632
120900 14226 602914 14388 606086
121000 14238 603405 14394 606595
121100 14254 603929 14405 607071
121200 14264 604422 14415 607578
121300 14276 604915 14429 608085
121400 14283 605417 14441 608583
121500 14296 605947 14453 609053
121600 14310 606465 14465 609535
121700 14321 606940 14477 610060
121800 14335 607409 14483 610591
121900 14349 607920 14499 611080
122000 14359 608394 14514 611606
122100 14366 608842 14525 612158
122200 14374 609245 14533 612755
122300 14380 609750 14543 613250
122400 14391 610214 14555 613786
122500 14398 610651 14566 614349
122600 14401 611100 14573 614900
122700 14416 611554 14583 615446
122800 14431 612104 14596 615896
122900 14443 612556 14608 616444
123000 14453 613025 14621 616975
123100 14463 613629 14632 617371
123200 14472 614154 14648 617846
123300 14481 614673 14657 618327
123400 14491 615180 14667 618820
123500 14500 615658 14678 619342
123600 14508 616133 14695 619867
123700 14517 616585 14706 620415
123800 14525 617015 14714 620985
123900 14541 617549 14726 621451
124000 14550 617967 14738 622033
124100 14561 618412 14747 622588
124200 14566 618842 14756 623158
124300 14576 619296 14770 623704
124400 14588 619786 14780 624214
124500 14592 620282 14784 624718
124600 14599 620802 14790 625198
124700 14605 621278 14811 625722
124800 14617 621900 14824 626100
124900 14627 622391 14830 626609
125000 14636 622916 14839 627084
125100 14645 623463 14849 627537
125200 14656 624024 14864 627976
125300 14662 624539 14873 628461
125400 14680 625161 14881 628839
125500 14692 625675 14888 629325
125600 14705 626178 14901 629822
125700 14712 626675 14917 630325
125800 14720 627167 14926 630833
125900 14737 627631 14933 631369
126000 14748 628090 14939 631910
126100 14758 628439 14946 632561
126200 14768 629030 14951 632970
126300 14777 629544 14959 633456
126400 14787 630015 14971 633985
126500 14802 630467 14989 634533
126600 14815 630954 14999 635046
126700 14828 631458 15020 635542
126800 14833 632025 15026 635975
126900 14843 632617 15038 636383
127000 14854 633192 15047 636808
127100 14863 633702 15056 637298
127200 14880 634190 15066 637810
127300 14893 634681 15077 638319
127400 14899 635096 15083 638904
127500 14908 635608 15098 639392
127600 14917 636121 15112 639879
127700 14922 636573 15119 640427
127800 14929 637032 15129 640968
127900 14942 637548 15138 641452
128000 14953 638083 15148 641917
128100 14965 638660 15161 642340
128200 14973 639167 15176 642833
128300 14978 639620 15188 643380
128400 14998 640124 15200 643876
128500 15011 640648 15207 644352
128600 15034 641159 15210 644841
128700 15050 641662 15225 645338
128800 15063 642169 15237 645831
128900 15072 642643 15248 646357
129000 15084 643138 15267 646862
129100 15098 643597 15281 647403
129200 15113 644090 15296 647910
129300 15126 644536 15312 648464
129400 15142 645068 15325 648932
129500 15157 645576 15335 649424
129600 15165 646112 15345 649888
129700 15174 646621 15353 650379
129800 15180 647141 15366 650859
129900 15192 647692 15378 651308
130000 15203 648172 15390 651828
130100 15212 648718 15400 652282
130200 15222 649267 15413 652733
130300 15235 649764 15426 653236
130400 15246 650260 15440 653740
130500 15255 650785 15451 654215
130600 15261 651276 15465 654724
130700 15275 651833 15479 655167
130800 15293 652310 15494 655690
130900 15305 652825 15508 656175
131000 15316 653331 15519 656669
131100 15333 653775 15535 657225
131200 15348 654275 15550 657725
131300 15359 654709 15560 658291
131400 15369 655233 15571 658767
131500 15379 655762 15580 659238
131600 15393 656307 15589 659693
131700 15407 656761 15601 660239
131800 15418 657172 15616 660828
131900 15433 657662 15627 661338
132000 15446 658176 15639 661824
132100 15458 658689 15649 662311
132200 15469 659236 15659 662764
132300 15479 659769 15675 663231
132400 15484 660236 15685 663764
132500 15496 660715 15695 664285
132600 15511 661214 15715 664786
132700 15522 661693 15729 665307
132800 15534 662154 15737 665846
132900 15545 662616 15742 666384
133000 15555 663093 15755 666907
133100 15563 663635 15766 667365
133200 15573 664185 15775 667815
133300 15589 664804 15787 668196
133400 15597 665271 15801 668729
133500 15608 665787 15814 669213
133600 15624 666259 15820 669741
133700 15641 666750 15830 670250
133800 15651 667262 15846 670738
133900 15660 667804 15855 671196
134000 15668 668342 15873 671658
134100 15680 668820 15887 672180
134200 15690 669341 15894 672659
134300 15700 669804 15904 673196
134400 15713 670378 15919 673622
134500 15723 670930 15930 674070
134600 15733 671396 15935 674604
134700 15740 671856 15949 675144
134800 15751 672301 15960 675699
134900 15759 672727 15969 676273
135000 15763 673213 15975 676787
135100 15772 673731 15990 677269
135200 15781 674245 16000 677755
135300 15800 674742 16013 678258
135400 15814 675294 16030 678706
135500 15822 675804 16039 679196
135600 15830 676280 16046 679720
135700 15847 676774 16064 680226
135800 15868 677262 16079 680738
135900 15874 677710 16091 681290
136000 15884 678179 16099 681821
136100 15901 678733 16115 682267
136200 15919 679226 16125 682774
136300 15929 679801 16137 683199
136400 15941 680266 16145 683734
136500 15963 680755 16157 684245
136600 15979 681164 16170 684836
136700 15988 681648 16173 685352
136800 16004 682165 16180 685835
136900 16013 682613 16186 686387
137000 16023 683102 16199 686898
137100 16043 683474 16224 687526
137200 16051 683984 16235 688016
137300 16061 684400 16240 688600
137400 16076 684892 16254 689108
137500 16094 685353 16265 689647
137600 16105 685897 16273 690103
137700 16117 686390 16285 690610
137800 16129 686952 16298 691048
137900 16138 687450 16305 691550
138000 16153 687869 16315 692131
138100 16161 688357 16328 692643
138200 16174 688807 16342 693193
138300 16183 689272 16355 693728
138400 16194 689786 16363 694214
138500 16202 690207 16375 694793
138600 16215 690747 16386 695253
138700 16230 691186 16397 695814
138800 16245 691713 16407 696287
138900 16258 692165 16414 696835
139000 16267 692639 16432 697361
139100 16274 693076 16443 697924
139200 16289 693563 16456 698437
139300 16295 694065 16462 698935
139400 16301 694557 16474 699443
139500 16309 694993 16483 700007
139600 16319 695533 16492 700467
139700 16329 695986 16505 701014
139800 16339 696490 16514 701510
139900 16346 697045 16525 701955
140000 16355 697494 16532 702506
140100 16369 697967 16543 703033
140200 16386 698417 16561 703583
140300 16403 698916 16568 704084
140400 16410 699455 16578 704545
140500 16423 699937 16591 705063
140600 16432 700484 16598 705516
140700 16442 700939 16603 706061
140800 16454 701358 16623 706642
140900 16461 701792 16636 707208
141000 16475 702222 16644 707778
141100 16484 702696 16654 708304
141200 16492 703233 16664 708767
141300 16500 703656 16678 709344
141400 16509 704120 16686 709880
141500 16523 704624 16703 710376
141600 16531 705212 16716 710788
141700 16535 705760 16730 711240
141800 16547 706263 16738 711737
141900 16555 706805 16744 712195
142000 16565 707298 16756 712702
142100 16572 707896 16765 713104
142200 16583 708458 16777 713542
142300 16589 708938 16785 714062
142400 16610 709417 16804 714583
142500 16622 709889 16813 715111
142600 16637 710293 16822 715707
142700 16655 710745 16836 716255
142800 16664 711174 16851 716826
142900 16680 711620 16875 717380
143000 16687 712143 16890 717857
143100 16693 712648 16902 718352
143200 16701 713123 16909 718877
143300 16712 713655 16924 719345
143400 16718 714209 16933 719791
143500 16731 714712 16940 720288
143600 16739 715246 16947 720754
143700 16751 715743 16959 721257
143800 16758 716227 16972 721773
143900 16776 716735 16985 722265
144000 16786 717286 16990 722714
144100 16797 717736 16999 723264
144200 16805 718269 17007 723731
144300 16816 718793 17020 724207
144400 16826 719339 17028 724661
144500 16835 719916 17035 725084
144600 16847 720456 17043 725544
144700 16855 720962 17053 726038
144800 16874 721440 17063 726560
144900 16883 721930 17075 727070
145000 16898 722393 17098 727607
145100 16911 722958 17109 728042
145200 16924 723446 17126 728554
145300 16933 723979 17133 729021
145400 16940 724575 17147 729425
145500 16953 725070 17159 729930
145600 16964 725562 17174 730438
145700 16979 726064 17188 730936
145800 16986 726487 17196 731513
145900 16994 727002 17205 731998
146000 17003 727602 17214 732398
146100 17016 728092 17221 732908
146200 17030 728559 17230 733441
146300 17042 729058 17240 733942
146400 17050 729704 17254 734296
146500 17071 730242 17263 734758
146600 17080 730855 17276 735145
146700 17095 731455 17288 735545
146800 17105 732073 17300 735927
146900 17116 732531 17320 736469
147000 17121 732945 17328 737055
147100 17134 733414 17347 737586
147200 17144 733905 17359 738095
147300 17161 734341 17370 738659
147400 17171 734842 17378 739158
147500 17181 735298 17392 739702
147600 17186 735785 17404 740215
147700 17197 736221 17411 740779
147800 17210 736685 17424 741315
147900 17221 737214 17433 741786
148000 17237 737689 17440 742311
148100 17251 738253 17450 742747
148200 17268 738762 17469 743238
148300 17279 739289 17477 743711
148400 17289 739832 17487 744168
148500 17299 740276 17500 744724
148600 17313 740776 17515 745224
148700 17327 741220 17527 745780
148800 17345 741647 17545 746353
148900 17352 742083 17559 746917
149000 17359 742595 17573 747405
149100 17368 743067 17581 747933
149200 17376 743514 17591 748486
149300 17387 744000 17598 749000
149400 17400 744437 17610 749563
149500 17409 744906 17621 750094
149600 17430 745385 17637 750615
149700 17443 745918 17652 751082
149800 17453 746471 17657 751529
149900 17465 747003 17670 751997
150000 17475 747449 17677 752551
150100 17488 747904 17688 753096
150200 17501 748334 17701 753666
150300 17517 748878 17706 754122
150400 17531 749364 17723 754636
150500 17541 749912 17737 755088
150600 17549 750480 17750 755520
150700 17556 750998 17760 756002
150800 17564 751462 17775 756538
150900 17583 751942 17787 757058
151000 17597 752454 17805 757546
151100 17604 752899 17808 758101
151200 17614 753433 17819 758567
151300 17628 753913 17830 759087
151400 17640 754359 17843 759641
151500 17652 754821 17861 760179
151600 17658 755282 17872 760718
151700 17671 755806 17879 761194
151800 17682 756235 17889 761765
151900 17689 756726 17900 762274
152000 17711 757278 17923 762722
152100 17726 757751 17937 763249
152200 17741 758200 17948 763800
152300 17758 758798 17964 764202
152400 17777 759305 17977 764695
152500 17788 759818 17985 765182
152600 17796 760334 17997 765666
152700 17808 760867 18007 766133
152800 17820 761350 18022 766650
152900 17834 761818 18030 767182
153000 17847 762343 18047 767657
153100 17855 762826 18053 768174
153200 17861 763276 18058 768724
153300 17866 763749 18070 769251
153400 17874 764242 18080 769758
153500 17882 764740 18094 770260
153600 17887 765244 18104 770756
153700 17905 765847 18112 771153
153800 17910 766315 18116 771685
153900 17920 766790 18127 772210
154000 17933 767332 18139 772668
154100 17951 767765 18157 773235
154200 17969 768286 18166 773714
154300 17983 768778 18177 774222
154400 17993 769268 18184 774732
154500 18007 769806 18190 775194
154600 18025 770312 18201 775688
154700 18039 770783 18211 776217
154800 18046 771238 18225 776762
154900 18052 771734 18233 777266
155000 18068 772200 18244 777800
155100 18080 772667 18258 778333
155200 18092 773157 18263 778843
155300 18109 773603 18279 779397
155400 18118 774050 18288 779950
155500 18125 774502 18297 780498
155600 18139 775017 18310 780983
155700 18148 775518 18321 781482
155800 18154 776013 18333 781987
155900 18167 776510 18341 782490
156000 18176 777073 18353 782927
156100 18185 777635 18359 783365
156200 18192 778127 18378 783873
156300 18206 778537 18389 784463
156400 18219 779004 18405 784996
156500 18231 779395 18425 785605
156600 18246 779873 18436 786127
156700 18248 780424 18444 786576
156800 18263 780957 18458 787043
156900 18276 781454 18469 787546
157000 18287 781969 18488 788031
157100 18299 782417 18498 788583
157200 18310 782900 18513 789100
157300 18315 783451 18519 789549
157400 18324 783977 18526 790023
157500 18333 784420 18539 790580
157600 18345 784910 18552 791090
157700 18357 785361 18563 791639
157800 18375 785864 18575 792136
157900 18381 786361 18585 792639
158000 18389 786831 18598 793169
158100 18399 787319 18609 793681
158200 18415 787879 18622 794121
158300 18425 788314 18630 794686
158400 18433 788771 18640 795229
158500 18445 789239 18650 795761
158600 18461 789758 18654 796242
158700 18466 790263 18665 796737
158800 18478 790866 18683 797134
158900 18490 791416 18687 797584
159000 18496 791894 18704 798106
159100 18505 792396 18716 798604
159200 18519 792907 18727 799093
159300 18529 793427 18736 799573
159400 18542 793899 18755 800101
159500 18550 794426 18768 800574
159600 18557 794943 18778 801057
159700 18569 795510 18783 801490
159800 18587 796027 18795 801973
159900 18603 796517 18807 802483
160000 18614 797014 18819 802986
160100 18629 797479 18831 803521
160200 18642 797939 18842 804061
160300 18649 798413 18850 804587
160400 18660 798837 18864 805163
160500 18668 799399 18880 805601
160600 18677 799955 18894 806045
160700 18688 800432 18907 806568
160800 18700 800922 18916 807078
160900 18707 801426 18929 807574
161000 18717 801916 18942 808084
161100 18719 802387 18951 808613
161200 18729 802950 18961 809050
161300 18740 803432 18973 809568
161400 18749 803881 18979 810119
161500 18766 804338 18989 810662
161600 18777 804850 19005 811150
161700 18788 805287 19015 811713
161800 18797 805799 19023 812201
161900 18803 806326 19033 812674
162000 18814 806815 19043 813185
162100 18834 807298 19052 813702
162200 18851 807802 19073 814198
162300 18862 808339 19082 814661
162400 18873 808888 19090 815112
162500 18884 809413 19097 815587
162600 18901 809900 19109 816100
162700 18911 810448 19122 816552
162800 18923 811030 19131 816970
162900 18936 811515 19147 817485
163000 18943 812040 19157 817960
163100 18952 812540 19168 818460
163200 18964 813076 19175 818924
163300 18974 813522 19197 819478
163400 18983 813952 19203 820048
163500 18996 814469 19214 820531
163600 19002 815009 19225 820991
163700 19010 815478 19236 821522
163800 19027 815956 19253 822044
163900 19038 816567 19263 822433
164000 19050 817095 19271 822905
164100 19058 817584 19285 823416
164200 19064 818010 19299 823990
164300 19083 818445 19319 824555
164400 19092 818930 19337 825070
164500 19110 819393 19354 825607
164600 19116 819916 19360 826084
164700 19129 820389 19370 826611
164800 19152 820892 19390 827108
164900 19172 821403 19408 827597
165000 19180 821937 19416 828063
165100 19192 822430 19434 828570
165200 19200 822985 19440 829015
165300 19206 823445 19451 829555
165400 19219 823910 19464 830090
165500 19230 824446 19474 830554
165600 19244 825000 19480 831000
165700 19253 825537 19486 831463
165800 19263 826044 19489 831956
165900 19274 826484 19503 832516
166000 19280 826963 19512 833037
166100 19288 827389 19521 833611
166200 19304 827892 19531 834108
166300 19316 828408 19544 834592
166400 19330 828873 19551 835127
166500 19344 829434 19556 835566
166600 19360 829962 19568 836038
166700 19369 830413 19580 836587
166800 19377 830928 19584 837072
166900 19387 831402 19595 837598
167000 19391 831921 19603 838079
167100 19399 832394 19611 838606
167200 19417 832889 19623 839111
167300 19423 833431 19633 839569
167400 19433 833991 19652 840009
167500 19448 834517 19666 840483
167600 19467 835031 19680 840969
167700 19484 835608 19693 841392
167800 19492 836158 19702 841842
167900 19496 836694 19714 842306
168000 19512 837227 19724 842773
168100 19519 837652 19732 843348
168200 19528 838260 19744 843740
168300 19534 838755 19749 844245
168400 19540 839187 19762 844813
168500 19552 839765 19773 845235
168600 19565 840292 19784 845708
168700 19582 840809 19794 846191
168800 19599 841309 19812 846691
168900 19612 841836 19826 847164
169000 19619 842375 19840 847625
169100 19631 842930 19862 848070
169200 19636 843445 19871 848555
169300 19646 843902 19881 849098
169400 19657 844372 19895 849628
169500 19674 844928 19906 850072
169600 19684 845449 19914 850551
169700 19699 845918 19925 851082
169800 19709 846446 19944 851554
169900 19718 846975 19952 852025
170000 19727 847441 19962 852559
170100 19741 847911 19975 853089
170200 19751 848431 19988 853569
170300 19765 849009 20002 853991
170400 19776 849570 20018 854430
170500 19782 850039 20032 854961
170600 19795 850484 20044 855516
170700 19805 850958 20054 856042
170800 19815 851389 20068 856611
170900 19823 851912 20076 857088
171000 19830 852372 20086 857628
171100 19849 852879 20101 858121
171200 19861 853420 20112 858580
171300 19868 853925 20117 859075
171400 19878 854406 20126 859594
171500 19892 854921 20136 860079
171600 19908 855469 20143 860531
171700 19920 855955 20154 861045
171800 19928 856481 20168 861519
171900 19947 856987 20182 862013
172000 19961 857517 20205 862483
172100 19972 858008 20212 862992
172200 19990 858487 20229 863513
172300 20001 858883 20245 864117
172400 20013 859383 20261 864617
172500 20030 859925 20276 865075
172600 20047 860445 20293 865555
172700 20065 860964 20305 866036
172800 20080 861372 20315 866628
172900 20100 861844 20334 867156
173000 20109 862351 20350 867649
173100 20120 862740 20359 868260
173200 20130 863264 20366 868736
173300 20138 863852 20381 869148
173400 20150 864365 20395 869635
173500 20159 864833 20405 870167
173600 20168 865301 20414 870699
173700 20175 865793 20423 871207
173800 20184 866284 20430 871716
173900 20195 866777 20446 872223
174000 20206 867327 20461 872673
174100 20220 867892 20476 873108
174200 20229 868458 20486 873542
174300 20242 868973 20494 874027
174400 20247 869462 20505 874538
174500 20256 869917 20514 875083
174600 20262 870378 20522 875622
174700 20273 870822 20538 876178
174800 20276 871387 20548 876613
174900 20286 871928 20555 877072
175000 20298 872425 20562 877575
175100 20312 873062 20570 877938
175200 20326 873538 20583 878462
175300 20336 874041 20596 878959
175400 20343 874530 20606 879470
175500 20361 874951 20622 880049
175600 20376 875551 20641 880449
175700 20388 876040 20654 880960
175800 20400 876590 20665 881410
175900 20411 877182 20682 881818
176000 20433 877737 20694 882263
176100 20446 878305 20703 882695
176200 20461 878814 20715 883186
176300 20477 879393 20722 883607
176400 20488 879896 20736 884104
176500 20502 880433 20748 884567
176600 20518 880918 20754 885082
176700 20531 881335 20762 885665
176800 20543 881866 20767 886134
176900 20556 882346 20783 886654
177000 20568 882751 20794 887249
177100 20576 883248 20804 887752
177200 20589 883725 20819 888275
177300 20594 884198 20826 888802
177400 20607 884661 20835 889339
177500 20616 885090 20846 889910
177600 20631 885554 20856 890446
177700 20640 885988 20867 891012
177800 20648 886475 20883 891525
177900 20660 886994 20892 892006
178000 20673 887462 20906 892538
178100 20682 887944 20912 893056
178200 20700 888430 20920 893570
178300 20709 888927 20932 894073
178400 20723 889395 20944 894605
178500 20727 889914 20952 895086
178600 20734 890428 20972 895572
178700 20745 890906 20984 896094
178800 20759 891424 20994 896576
178900 20772 891923 21007 897077
179000 20777 892439 21019 897561
179100 20789 892856 21030 898144
179200 20795 893426 21036 898574
179300 20804 893890 21040 899110
179400 20819 894382 21047 899618
179500 20830 894877 21063 900123
179600 20838 895329 21072 900671
179700 20850 895774 21085 901226
179800 20861 896280 21098 901720
179900 20874 896797 21111 902203
180000 20882 897330 21123 902670
180100 20892 897878 21131 903122
180200 20899 898419 21143 903581
180300 20910 898908 21157 904092
180400 20926 899366 21167 904634
180500 20937 899923 21177 905077
180600 20945 900450 21182 905550
180700 20955 900947 21193 906053
180800 20963 901466 21203 906534
180900 20973 902031 21212 906969
181000 20982 902582 21228 907418
181100 20994 902981 21245 908019
181200 21002 903471 21254 908529
181300 21006 903942 21265 909058
181400 21013 904414 21275 909586
181500 21025 905010 21281 909990
181600 21040 905507 21290 910493
181700 21054 905966 21295 911034
181800 21061 906477 21306 911523
181900 21067 906916 21315 912084
182000 21088 907326 21331 912674
182100 21100 907762 21347 913238
182200 21116 908210 21356 913790
182300 21129 908676 21365 914324
182400 21139 909175 21373 914825
182500 21148 909706 21386 915294
182600 21152 910109 21396 915891
182700 21164 910548 21402 916452
182800 21181 911010 21414 916990
182900 21195 911481 21428 917519
183000 21203 912012 21435 917988
183100 21212 912494 21445 918506
183200 21221 913034 21451 918966
183300 21228 913513 21460 919487
183400 21244 914055 21473 919945
183500 21251 914544 21489 920456
183600 21261 915058 21502 920942
183700 21264 915536 21509 921464
183800 21272 916041 21526 921959
183900 21282 916546 21546 922454
184000 21296 917065 21553 922935
184100 21310 917577 21561 923423
184200 21324 918166 21575 923834
184300 21334 918644 21583 924356
184400 21341 919176 21597 924824
184500 21349 919620 21604 925380
184600 21362 920145 21623 925855
184700 21374 920562 21628 926438
184800 21385 921064 21636 926936
184900 21399 921608 21653 927392
185000 21412 922136 21663 927864
185100 21424 922621 21667 928379
185200 21431 923078 21675 928922
185300 21436 923594 21686 929406
185400 21440 924071 21700 929929
185500 21450 924501 21710 930499
185600 21462 925078 21720 930922
185700 21474 925582 21727 931418
185800 21482 925947 21739 932053
185900 21500 926455 21749 932545
186000 21510 926929 21756 933071
186100 21513 927368 21761 933632
186200 21520 927795 21770 934205
186300 21533 928242 21783 934758
186400 21545 928725 21789 935275
186500 21557 929242 21796 935758
186600 21575 929731 21810 936269
186700 21588 930235 21819 936765
186800 21597 930717 21828 937283
186900 21612 931208 21841 937792
187000 21623 931761 21849 938239
187100 21629 932224 21861 938776
187200 21637 932749 21874 939251
187300 21646 933254 21878 939746
187400 21662 933771 21889 940229
187500 21666 934310 21898 940690
187600 21679 934809 21913 941191
187700 21687 935312 21929 941688
187800 21701 935857 21947 942143
187900 21714 936410 21953 942590
188000 21725 936922 21960 943078
188100 21731 937513 21968 943487
188200 21737 938071 21988 943929
188300 21746 938571 22004 944429
188400 21758 939036 22015 944964
188500 21769 939567 22034 945433
188600 21780 940038 22049 945962
188700 21792 940521 22055 946479
188800 21807 940977 22060 947023
188900 21821 941437 22070 947563
189000 21842 941984 22081 948016
189100 21850 942473 22093 948527
189200 21864 942876 22100 949124
189300 21872 943338 22107 949662
189400 21886 943809 22119 950191
189500 21892 944307 22132 950693
189600 21905 944784 22148 951216
189700 21920 945200 22161 951800
189800 21927 945617 22167 952383
189900 21938 946086 22179 952914
190000 21945 946586 22184 953414
190100 21952 947102 22196 953898
190200 21965 947614 22207 954386
190300 21981 948105 22214 954895
190400 21995 948637 22222 955363
190500 22007 949155 22231 955845
190600 22018 949665 22242 956335
190700 22031 950292 22248 956708
190800 22045 950850 22264 957150
190900 22054 951381 22273 957619
191000 22058 951762 22288 958238
191100 22067 952297 22300 958703
191200 22071 952797 22308 959203
191300 22085 953362 22321 959638
191400 22103 953816 22336 960184
191500 22117 954345 22344 960655
191600 22126 954841 22361 961159
191700 22139 955348 22374 961652
191800 22148 955796 22392 962204
191900 22160 956252 22402 962748
192000 22171 956720 22413 963280
192100 22178 957248 22419 963752
192200 22187 957757 22428 964243
192300 22199 958313 22438 964687
192400 22208 958771 22448 965229
192500 22223 959313 22459 965687
192600 22240 959821 22477 966179
192700 22250 960358 22488 966642
192800 22258 960878 22499 967122
192900 22267 961381 22511 967619
193000 22281 961894 22523 968106
193100 22294 962443 22529 968557
193200 22311 963027 22541 968973
193300 22318 963462 22552 969538
193400 22328 963924 22557 970076
193500 22338 964401 22565 970599
193600 22354 964958 22576 971042
193700 22374 965538 22584 971462
193800 22386 966198 22594 971802
193900 22391 966756 22604 972244
194000 22403 967226 22617 972774
194100 22410 967653 22627 973347
194200 22426 968133 22644 973867
194300 22438 968654 22663 974346
194400 22447 969114 22674 974886
194500 22459 969644 22686 975356
194600 22472 970095 22700 975905
194700 22481 970578 22708 976422
194800 22493 971086 22714 976914
194900 22512 971620 22724 977380
195000 22525 972183 22736 977817
195100 22533 972734 22747 978266
195200 22541 973248 22760 978752
195300 22550 973690 22767 979310
195400 22561 974200 22783 979800
195500 22573 974672 22805 980328
195600 22584 975200 22814 980800
195700 22592 975632 22827 981368
195800 22601 976191 22833 981809
195900 22612 976660 22849 982340
196000 22621 977146 22862 982854
196100 22636 977610 22878 983390
196200 22646 978138 22891 983862
196300 22662 978662 22903 984338
196400 22678 979108 22916 984892
196500 22684 979577 22926 985423
196600 22695 980065 22937 985935
196700 22702 980648 22948 986352
196800 22716 981114 22956 986886
196900 22727 981515 22972 987485
197000 22734 982073 22990 987927
197100 22747 982492 23002 988508
197200 22760 983002 23018 988998
197300 22770 983583 23030 989417
197400 22783 984191 23038 989809
197500 22799 984697 23052 990303
197600 22807 985305 23071 990695
197700 22818 985746 23083 991254
197800 22830 986250 23097 991750
197900 22841 986801 23113 992199
198000 22850 987314 23131 992686
198100 22861 987751 23147 993249
198200 22877 988216 23156 993784
198300 22887 988701 23163 994299
198400 22910 989277 23174 994723
198500 22915 989791 23181 995209
198600 22928 990324 23197 995676
198700 22943 990863 23207 996137
198800 22952 991371 23216 996629
198900 22961 991863 23227 997137
199000 22967 992391 23235 997609
199100 22981 992900 23242 998100
199200 22991 993381 23252 998619
199300 23006 993931 23262 999069
199400 23017 994401 23272 999599
199500 23029 994950 23281 1000050
199600 23043 995520 23295 1000480
199700 23056 996002 23301 1000998
199800 23070 996494 23313 1001506
199900 23081 996957 23328 1002043
200000 23096 997472 23338 1002528
