#! FIELDS timestep dup_succ dup_attempts kill_succ kill_attempts
#! SET timestep 0.5
#! SET kernel_bandwidth [0.25 0.25]
#! SET kt 1.0
100 117 494 119 506
200 193 670 220 1330
300 266 922 337 2078
400 341 1264 438 2736
500 386 1687 523 3313
600 452 1810 607 4190
700 533 2004 707 4996
800 612 2290 776 5710
900 657 2652 829 6348
1000 704 3060 868 6940
1100 729 3501 897 7499
1200 735 3937 911 8063
1300 746 4539 922 8461
1400 763 5049 935 8951
1500 774 5598 938 9402
1600 784 6190 943 9810
1700 790 6629 947 10371
1800 798 7152 953 10848
1900 807 7589 957 11411
2000 817 8150 966 11850
2100 829 8823 978 12177
2200 844 9338 991 12662
2300 852 9886 1002 13114
2400 863 10340 1016 13660
2500 864 10900 1022 14100
2600 879 11414 1030 14586
2700 892 11935 1042 15065
2800 906 12430 1052 15570
2900 930 12928 1057 16072
3000 945 13413 1063 16587
3100 950 13971 1073 17029
3200 963 14530 1084 17470
3300 973 14997 1096 18003
3400 981 15476 1109 18524
3500 989 15935 1112 19065
3600 1001 16458 1117 19542
3700 1007 16943 1125 20057
3800 1018 17357 1136 20643
3900 1032 17899 1142 21101
4000 1038 18375 1148 21625
4100 1048 18879 1155 22121
4200 1060 19403 1164 22597
4300 1067 19875 1174 23125
4400 1070 20351 1184 23649
4500 1076 20948 1189 24052
4600 1086 21405 1196 24595
4700 1096 21822 1207 25178
4800 1114 22256 1223 25744
4900 1123 22677 1230 26323
5000 1130 23192 1241 26808
5100 1150 23645 1253 27355
5200 1166 24085 1271 27915
5300 1178 24533 1282 28467
5400 1187 25064 1295 28936
5500 1197 25592 1302 29408
5600 1203 26126 1308 29874
5700 1213 26594 1320 30406
5800 1229 27133 1333 30867
5900 1240 27577 1337 31423
6000 1249 28096 1345 31904
6100 1263 28589 1354 32411
6200 1272 29143 1362 32857
6300 1281 29620 1369 33380
6400 1289 30051 1374 33949
6500 1299 30614 1385 34386
6600 1314 31135 1396 34865
6700 1325 31597 1409 35403
6800 1332 32107 1419 35893
6900 1343 32644 1429 36356
7000 1352 33153 1442 36847
7100 1360 33667 1446 37333
7200 1368 34123 1452 37877
7300 1378 34718 1457 38282
7400 1381 35318 1471 38682
7500 1393 35856 1481 39144
7600 1402 36347 1490 39653
7700 1410 36766 1498 40234
7800 1418 37323 1508 40677
7900 1425 37821 1514 41179
8000 1436 38416 1521 41584
8100 1445 38905 1533 42095
8200 1453 39493 1542 42507
8300 1463 39928 1549 43072
8400 1476 40515 1555 43485
8500 1486 41026 1561 43974
8600 1493 41577 1570 44423
8700 1501 42079 1579 44921
8800 1508 42608 1587 45392
8900 1513 43079 1598 45921
9000 1520 43519 1608 46481
9100 1528 43981 1619 47019
9200 1539 44457 1628 47543
9300 1550 45021 1634 47979
9400 1564 45536 1647 48464
9500 1571 45971 1659 49029
9600 1579 46522 1668 49478
9700 1584 46997 1675 50003
9800 1587 47527 1680 50473
9900 1596 48063 1685 50937
10000 1602 48571 1691 51429
10100 1615 49050 1704 51950
10200 1622 49553 1713 52447
10300 1635 49992 1720 53008
10400 1642 50569 1737 53431
10500 1650 51026 1746 53974
10600 1656 51588 1753 54412
10700 1662 52035 1763 54965
10800 1671 52508 1770 55492
10900 1685 52951 1776 56049
11000 1694 53540 1781 56460
11100 1697 54140 1787 56860
11200 1709 54622 1795 57378
11300 1722 55115 1802 57885
11400 1743 55635 1819 58365
11500 1756 56138 1829 58862
11600 1765 56616 1834 59384
11700 1776 57132 1839 59868
11800 1786 57700 1846 60300
11900 1800 58239 1859 60761
12000 1810 58690 1875 61310
12100 1817 59098 1885 61902
12200 1830 59677 1891 62323
12300 1835 60168 1893 62832
12400 1842 60716 1900 63284
12500 1853 61178 1910 63822
12600 1870 61627 1923 64373
12700 1878 62152 1933 64848
12800 1889 62685 1941 65315
12900 1897 63121 1947 65879
13000 1919 63557 1962 66443
13100 1933 64130 1968 66870
13200 1952 64638 1978 67362
13300 1965 65134 1992 67866
13400 1976 65619 2006 68381
13500 1985 66188 2016 68812
13600 1991 66625 2024 69375
13700 1996 67064 2035 69936
13800 2013 67511 2047 70489
13900 2027 68028 2060 70972
14000 2034 68592 2064 71408
14100 2049 69083 2072 71917
14200 2058 69579 2084 72421
14300 2067 70035 2090 72965
14400 2079 70495 2097 73505
14500 2087 71112 2103 73888
14600 2097 71605 2113 74395
14700 2101 72128 2125 74872
14800 2112 72685 2125 75315
14900 2122 73194 2130 75806
15000 2131 73657 2135 76343
15100 2140 74116 2145 76884
15200 2151 74596 2152 77404
15300 2155 75123 2160 77877
15400 2164 75678 2170 78322
15500 2176 76230 2183 78770
15600 2185 76795 2193 79205
15700 2193 77305 2198 79695
15800 2201 77852 2211 80148
15900 2215 78444 2218 80556
16000 2227 78934 2230 81066
16100 2231 79375 2243 81625
16200 2239 79823 2248 82177
16300 2249 80342 2259 82658
16400 2260 80823 2269 83177
16500 2271 81291 2278 83709
16600 2284 81708 2297 84292
16700 2298 82196 2315 84804
16800 2307 82752 2327 85248
16900 2316 83216 2335 85784
17000 2324 83717 2346 86283
17100 2333 84261 2353 86739
17200 2342 84744 2363 87256
17300 2349 85254 2372 87746
17400 2357 85676 2382 88324
17500 2375 86206 2387 88794
17600 2394 86831 2399 89169
17700 2403 87401 2406 89599
17800 2408 87933 2415 90067
17900 2416 88602 2423 90398
18000 2425 89136 2430 90864
18100 2437 89628 2439 91372
18200 2452 90157 2453 91843
18300 2464 90657 2462 92343
18400 2481 91137 2475 92863
18500 2496 91626 2481 93374
18600 2502 92193 2492 93807
18700 2513 92758 2497 94242
18800 2522 93234 2509 94766
18900 2530 93691 2518 95309
19000 2540 94190 2530 95810
19100 2551 94629 2537 96371
19200 2562 95031 2546 96969
19300 2570 95531 2556 97469
19400 2581 95973 2561 98027
19500 2589 96439 2573 98561
19600 2598 97018 2580 98982
19700 2605 97431 2591 99569
19800 2619 97931 2593 100069
19900 2626 98425 2602 100575
20000 2636 98847 2612 101153
20100 2650 99392 2631 101608
20200 2658 99913 2635 102087
20300 2668 100416 2639 102584
20400 2679 100880 2655 103120
20500 2686 101325 2668 103675
20600 2694 101882 2671 104118
20700 2706 102422 2683 104578
20800 2716 102923 2697 105077
20900 2726 103440 2706 105560
21000 2738 104044 2713 105956
21100 2749 104491 2720 106509
21200 2762 104893 2722 107107
21300 2768 105461 2729 107539
21400 2775 105914 2733 108086
21500 2783 106423 2750 108577
21600 2793 106817 2755 109183
21700 2804 107265 2765 109735
21800 2819 107713 2777 110287
21900 2824 108115 2785 110885
22000 2832 108580 2796 111420
22100 2842 109179 2801 111821
22200 2856 109718 2812 112282
22300 2863 110265 2819 112735
22400 2874 110776 2828 113224
22500 2882 111330 2839 113670
22600 2890 111844 2847 114156
22700 2896 112398 2857 114602
22800 2906 112853 2865 115147
22900 2917 113389 2875 115611
23000 2920 113852 2883 116148
23100 2931 114363 2896 116637
23200 2940 114884 2903 117116
23300 2953 115385 2918 117615
23400 2961 115951 2920 118049
23500 2970 116434 2927 118566
23600 2976 117025 2944 118975
23700 2988 117559 2952 119441
23800 2994 118073 2958 119927
23900 3003 118591 2973 120409
24000 3013 119034 2978 120966
24100 3019 119607 2986 121393
24200 3024 120112 2994 121888
24300 3031 120589 3004 122411
24400 3037 121132 3011 122868
24500 3046 121731 3020 123269
24600 3052 122254 3023 123746
24700 3057 122765 3034 124235
24800 3067 123242 3042 124758
24900 3078 123764 3048 125236
25000 3088 124299 3059 125701
25100 3101 124765 3073 126235
25200 3112 125250 3082 126750
25300 3125 125725 3089 127275
25400 3137 126226 3101 127774
25500 3144 126748 3108 128252
25600 3153 127249 3118 128751
25700 3163 127758 3130 129242
25800 3175 128286 3136 129714
25900 3183 128863 3150 130137
26000 3192 129296 3161 130704
26100 3197 129877 3170 131123
26200 3215 130445 3184 131555
26300 3226 130871 3190 132129
26400 3232 131374 3202 132626
26500 3241 131879 3208 133121
26600 3251 132453 3217 133547
26700 3260 132907 3229 134093
26800 3278 133355 3234 134645
26900 3284 133906 3244 135094
27000 3292 134364 3253 135636
27100 3296 134845 3259 136155
27200 3300 135419 3264 136581
27300 3307 135924 3273 137076
27400 3320 136329 3282 137671
27500 3335 136796 3295 138204
27600 3344 137352 3306 138648
27700 3357 137848 3314 139152
27800 3368 138398 3323 139602
27900 3374 138905 3328 140095
28000 3385 139381 3333 140619
28100 3393 139854 3337 141146
28200 3396 140318 3341 141682
28300 3409 140883 3350 142117
28400 3421 141330 3359 142670
28500 3427 141759 3369 143241
28600 3432 142166 3377 143834
28700 3443 142691 3387 144309
28800 3452 143204 3404 144796
28900 3460 143830 3416 145170
29000 3470 144379 3427 145621
29100 3481 144960 3434 146040
29200 3489 145382 3453 146618
29300 3501 145824 3459 147176
29400 3510 146340 3463 147660
29500 3520 146779 3469 148221
29600 3524 147193 3475 148807
29700 3536 147656 3482 149344
29800 3549 148134 3492 149866
29900 3554 148593 3502 150407
30000 3564 149162 3506 150838
30100 3572 149687 3518 151313
30200 3581 150223 3527 151777
30300 3586 150640 3535 152360
30400 3592 151103 3546 152897
30500 3597 151629 3552 153371
30600 3607 152192 3561 153808
30700 3623 152727 3578 154273
30800 3629 153180 3584 154820
30900 3634 153689 3593 155311
31000 3642 154107 3609 155893
31100 3652 154572 3621 156428
31200 3656 155035 3629 156965
31300 3671 155454 3643 157546
31400 3686 155918 3646 158082
31500 3695 156486 3653 158514
31600 3701 156940 3659 159060
31700 3709 157426 3664 159574
31800 3722 157924 3675 160076
31900 3732 158526 3682 160474
32000 3739 158979 3688 161021
32100 3745 159479 3694 161521
32200 3750 159991 3700 162009
32300 3760 160567 3706 162433
32400 3766 161037 3714 162963
32500 3776 161489 3722 163511
32600 3784 161917 3725 164083
32700 3791 162439 3736 164561
32800 3800 162951 3741 165049
32900 3810 163484 3744 165516
33000 3822 163968 3759 166032
33100 3832 164452 3768 166548
33200 3838 164921 3782 167079
33300 3844 165389 3789 167611
33400 3852 166030 3795 167970
33500 3866 166513 3806 168487
33600 3876 167036 3814 168964
33700 3882 167484 3817 169516
33800 3888 167986 3820 170014
33900 3902 168476 3832 170524
34000 3916 168964 3842 171036
34100 3924 169486 3855 171514
34200 3933 170021 3871 171979
34300 3953 170543 3886 172457
34400 3967 171131 3903 172869
34500 3980 171574 3912 173426
34600 3996 172163 3922 173837
34700 4002 172634 3936 174366
34800 4006 173091 3950 174909
34900 4014 173526 3958 175474
35000 4027 173961 3966 176039
35100 4034 174441 3974 176559
35200 4043 174854 3984 177146
35300 4050 175419 3986 177581
35400 4060 175805 3997 178195
35500 4065 176375 4007 178625
35600 4077 176890 4012 179110
35700 4090 177472 4025 179528
35800 4096 177981 4032 180019
35900 4102 178487 4042 180513
36000 4109 178900 4048 181100
36100 4116 179440 4059 181560
36200 4125 179835 4067 182165
36300 4131 180362 4083 182638
36400 4138 180940 4092 183060
36500 4147 181481 4100 183519
36600 4158 181945 4107 184055
36700 4167 182465 4112 184535
36800 4174 183012 4121 184988
36900 4180 183470 4128 185530
37000 4190 183830 4143 186170
37100 4196 184240 4153 186760
37200 4203 184654 4161 187346
37300 4211 185250 4168 187750
37400 4218 185776 4176 188224
37500 4225 186253 4186 188747
37600 4238 186732 4197 189268
37700 4254 187128 4206 189872
37800 4269 187590 4214 190410
37900 4274 188118 4230 190882
38000 4285 188666 4237 191334
38100 4290 189175 4244 191825
38200 4296 189590 4253 192410
38300 4303 190072 4266 192928
38400 4310 190579 4277 193421
38500 4321 191148 4287 193852
38600 4330 191628 4294 194372
38700 4336 192188 4305 194812
38800 4347 192687 4310 195313
38900 4352 193200 4317 195800
39000 4364 193741 4333 196259
39100 4382 194267 4340 196733
39200 4384 194802 4346 197198
39300 4392 195292 4354 197708
39400 4401 195807 4367 198193
39500 4407 196350 4371 198650
39600 4418 196843 4381 199157
39700 4425 197378 4386 199622
39800 4436 197834 4398 200166
39900 4447 198335 4405 200665
40000 4453 198966 4414 201034
40100 4461 199356 4422 201644
40200 4471 199795 4435 202205
40300 4482 200322 4445 202678
40400 4491 200849 4452 203151
40500 4496 201445 4455 203555
40600 4505 201964 4462 204036
40700 4512 202506 4470 204494
40800 4521 203053 4480 204947
40900 4528 203504 4486 205496
41000 4539 203928 4493 206072
41100 4544 204468 4501 206532
41200 4575 204997 4509 207003
41300 4583 205524 4514 207476
41400 4590 206119 4520 207881
41500 4594 206648 4526 208352
41600 4604 207197 4531 208803
41700 4615 207810 4536 209190
41800 4621 208299 4546 209701
41900 4631 208796 4559 210204
42000 4645 209272 4570 210728
42100 4652 209833 4577 211167
42200 4658 210299 4588 211701
42300 4668 210703 4595 212297
42400 4675 211192 4598 212808
42500 4690 211726 4608 213274
42600 4695 212210 4618 213790
42700 4706 212785 4627 214215
42800 4715 213237 4644 214763
42900 4722 213743 4653 215257
43000 4729 214249 4663 215751
43100 4735 214784 4671 216216
43200 4740 215391 4680 216609
43300 4746 215899 4688 217101
43400 4757 216490 4693 217510
43500 4768 216978 4703 218022
43600 4782 217470 4712 218530
43700 4799 218008 4726 218992
43800 4806 218507 4735 219493
43900 4816 218860 4746 220140
44000 4825 219339 4751 220661
44100 4828 219828 4761 221172
44200 4840 220318 4766 221682
44300 4850 220830 4771 222170
44400 4862 221310 4780 222690
44500 4871 221751 4787 223249
44600 4882 222294 4795 223706
44700 4891 222772 4800 224228
44800 4901 223287 4812 224713
44900 4916 223754 4827 225246
45000 4924 224335 4839 225665
45100 4929 224919 4845 226081
45200 4933 225357 4852 226643
45300 4939 225793 4860 227207
45400 4944 226238 4865 227762
45500 4951 226752 4868 228248
45600 4962 227266 4875 228734
45700 4967 227673 4880 229327
45800 4976 228151 4886 229849
45900 4985 228625 4901 230375
46000 4993 229194 4911 230806
46100 5000 229710 4921 231290
46200 5012 230188 4929 231812
46300 5019 230587 4943 232413
46400 5028 231078 4952 232922
46500 5039 231534 4961 233466
46600 5054 232021 4967 233979
46700 5062 232459 4980 234541
46800 5071 233057 4988 234943
46900 5083 233552 4996 235448
47000 5086 234111 5003 235889
47100 5102 234559 5016 236441
47200 5112 235056 5018 236944
47300 5122 235537 5025 237463
47400 5128 236153 5032 237847
47500 5146 236684 5048 238316
47600 5152 237211 5057 238789
47700 5163 237773 5064 239227
47800 5174 238287 5079 239713
47900 5183 238728 5093 240272
48000 5194 239297 5105 240703
48100 5201 239664 5110 241336
48200 5208 240109 5118 241891
48300 5221 240540 5125 242460
48400 5231 240942 5136 243058
48500 5250 241428 5148 243572
48600 5260 241885 5155 244115
48700 5270 242357 5165 244643
48800 5278 242921 5171 245079
48900 5284 243473 5182 245527
49000 5292 243976 5203 246024
49100 5299 244467 5207 246533
49200 5302 244905 5212 247095
49300 5310 245429 5226 247571
49400 5315 246067 5231 247933
49500 5327 246667 5240 248333
49600 5336 247119 5249 248881
49700 5349 247641 5271 249359
49800 5358 248125 5284 249875
49900 5366 248513 5288 250487
50000 5372 248937 5298 251063
50100 5384 249507 5306 251493
50200 5387 249945 5315 252055
50300 5400 250506 5322 252494
50400 5411 251021 5325 252979
50500 5416 251542 5330 253458
50600 5426 252073 5336 253927
50700 5438 252629 5342 254371
50800 5457 253182 5353 254818
50900 5462 253793 5356 255207
51000 5469 254330 5362 255670
51100 5476 254920 5370 256080
51200 5486 255386 5383 256614
51300 5494 255813 5387 257187
51400 5507 256297 5399 257703
51500 5517 256631 5406 258369
51600 5524 257096 5415 258904
51700 5534 257671 5427 259329
51800 5536 258238 5433 259762
51900 5549 258624 5447 260376
52000 5558 259060 5465 260940
52100 5566 259677 5475 261323
52200 5570 260284 5485 261716
52300 5574 260753 5488 262247
52400 5582 261344 5493 262656
52500 5585 261870 5501 263130
52600 5599 262483 5515 263517
52700 5604 262927 5522 264073
52800 5608 263436 5532 264564
52900 5620 263907 5538 265093
53000 5628 264421 5549 265579
53100 5639 264808 5563 266192
53200 5650 265338 5571 266662
53300 5658 265853 5587 267147
53400 5671 266288 5597 267712
53500 5685 266735 5610 268265
53600 5694 267301 5618 268699
53700 5705 267867 5628 269133
53800 5717 268354 5637 269646
53900 5724 268821 5645 270179
54000 5735 269295 5650 270705
54100 5750 269749 5662 271251
54200 5754 270188 5676 271812
54300 5758 270663 5686 272337
54400 5772 271265 5693 272735
54500 5787 271871 5709 273129
54600 5796 272399 5721 273601
54700 5807 272974 5726 274026
54800 5814 273404 5735 274596
54900 5821 273921 5744 275079
55000 5831 274429 5748 275571
55100 5837 274890 5753 276110
55200 5853 275452 5766 276548
55300 5858 275931 5768 277069
55400 5866 276357 5775 277643
55500 5876 276869 5787 278131
55600 5895 277310 5805 278690
55700 5902 277916 5812 279084
55800 5912 278392 5816 279608
55900 5920 278929 5828 280071
56000 5930 279454 5835 280546
56100 5938 279915 5841 281085
56200 5944 280400 5846 281600
56300 5955 280871 5855 282129
56400 5970 281368 5860 282632
56500 5986 281843 5870 283157
56600 5996 282404 5876 283596
56700 6006 282927 5882 284073
56800 6023 283428 5891 284572
56900 6031 284021 5912 284979
57000 6044 284527 5921 285473
57100 6051 285096 5937 285904
57200 6058 285652 5946 286348
57300 6067 286121 5957 286879
57400 6080 286650 5963 287350
57500 6086 287198 5967 287802
57600 6097 287616 5978 288384
57700 6105 288163 5989 288837
57800 6117 288701 6000 289299
57900 6130 289199 6009 289801
58000 6141 289828 6018 290172
58100 6155 290331 6031 290669
58200 6169 290767 6043 291233
58300 6181 291242 6056 291758
58400 6195 291831 6066 292169
58500 6202 292376 6082 292624
58600 6208 292890 6089 293110
58700 6214 293420 6096 293580
58800 6225 293861 6109 294139
58900 6243 294409 6118 294591
59000 6253 294881 6131 295119
59100 6258 295318 6136 295682
59200 6268 295830 6146 296170
59300 6282 296336 6156 296664
59400 6287 296875 6167 297125
59500 6293 297394 6173 297606
59600 6306 297953 6180 298047
59700 6315 298375 6188 298625
59800 6321 298868 6197 299132
59900 6327 299451 6209 299549
60000 6335 299991 6218 300009
60100 6345 300491 6232 300509
60200 6353 300952 6241 301048
60300 6363 301469 6246 301531
60400 6371 301920 6249 302080
60500 6380 302478 6261 302522
60600 6393 303039 6268 302961
60700 6404 303605 6277 303395
60800 6408 304141 6285 303859
60900 6421 304672 6291 304328
61000 6434 305180 6303 304820
61100 6440 305729 6310 305271
61200 6448 306279 6320 305721
61300 6456 306875 6327 306125
61400 6462 307374 6330 306626
61500 6470 307838 6334 307162
61600 6481 308415 6343 307585
61700 6487 308914 6350 308086
61800 6500 309364 6361 308636
61900 6510 309816 6372 309184
62000 6518 310334 6383 309666
62100 6526 310813 6391 310187
62200 6534 311368 6402 310632
62300 6543 311961 6417 311039
62400 6553 312508 6428 311492
62500 6562 313054 6438 311946
62600 6571 313628 6449 312372
62700 6580 314146 6460 312854
62800 6586 314690 6472 313310
62900 6604 315212 6483 313788
63000 6613 315686 6496 314314
63100 6617 316231 6503 314769
63200 6622 316732 6510 315268
63300 6633 317288 6519 315712
63400 6643 317719 6527 316281
63500 6649 318243 6536 316757
63600 6659 318714 6545 317286
63700 6666 319196 6554 317804
63800 6673 319774 6568 318226
63900 6687 320356 6582 318644
64000 6696 320917 6591 319083
64100 6705 321412 6597 319588
64200 6712 321908 6602 320092
64300 6719 322404 6606 320596
64400 6729 322942 6616 321058
64500 6739 323412 6633 321588
64600 6747 323980 6635 322020
64700 6756 324512 6644 322488
64800 6766 324999 6656 323001
64900 6775 325510 6662 323490
65000 6784 326048 6678 323952
65100 6789 326506 6687 324494
65200 6800 326932 6691 325068
65300 6807 327501 6705 325499
65400 6823 328000 6721 326000
65500 6835 328525 6733 326475
65600 6844 329038 6741 326962
65700 6852 329529 6750 327471
65800 6862 330079 6758 327921
65900 6868 330519 6764 328481
66000 6875 330975 6777 329025
66100 6887 331437 6785 329563
66200 6896 331974 6794 330026
66300 6912 332511 6806 330489
66400 6916 333138 6811 330862
66500 6930 333753 6820 331247
66600 6933 334258 6824 331742
66700 6944 334763 6829 332237
66800 6950 335224 6831 332776
66900 6961 335688 6841 333312
67000 6976 336205 6852 333795
67100 6982 336677 6862 334323
67200 6993 337230 6875 334770
67300 6998 337796 6881 335204
67400 7012 338343 6887 335657
67500 7018 338897 6892 336103
67600 7029 339383 6901 336617
67700 7043 339962 6910 337038
67800 7051 340485 6925 337515
67900 7058 340948 6939 338052
68000 7072 341414 6947 338586
68100 7088 341875 6951 339125
68200 7097 342448 6962 339552
68300 7113 342956 6971 340044
68400 7120 343539 6988 340461
68500 7132 344098 7003 340902
68600 7143 344572 7017 341428
68700 7151 345114 7024 341886
68800 7159 345670 7027 342330
68900 7171 346229 7033 342771
69000 7179 346859 7040 343141
69100 7188 347283 7049 343717
69200 7196 347718 7058 344282
69300 7203 348215 7064 344785
69400 7215 348681 7074 345319
69500 7226 349226 7089 345774
69600 7240 349767 7093 346233
69700 7249 350274 7104 346726
69800 7255 350805 7107 347195
69900 7267 351339 7116 347661
70000 7273 351861 7127 348139
70100 7279 352385 7134 348615
70200 7287 352894 7137 349106
70300 7296 353410 7143 349590
70400 7303 353933 7152 350067
70500 7309 354413 7158 350587
70600 7324 354966 7169 351034
70700 7328 355418 7178 351582
70800 7340 355936 7189 352064
70900 7349 356380 7193 352620
71000 7366 356853 7202 353147
71100 7378 357457 7212 353543
71200 7391 357994 7222 354006
71300 7399 358561 7230 354439
71400 7409 359082 7239 354918
71500 7422 359495 7247 355505
71600 7434 359990 7253 356010
71700 7445 360473 7263 356527
71800 7452 360968 7270 357032
71900 7461 361556 7281 357444
72000 7472 362127 7289 357873
72100 7476 362676 7302 358324
72200 7487 363210 7312 358790
72300 7488 363770 7319 359230
72400 7495 364231 7322 359769
72500 7504 364727 7332 360273
72600 7511 365240 7334 360760
72700 7517 365738 7340 361262
72800 7527 366191 7344 361809
72900 7536 366750 7354 362250
73000 7550 367240 7369 362760
73100 7565 367718 7373 363282
73200 7577 368217 7382 363783
73300 7580 368700 7392 364300
73400 7592 369192 7399 364808
73500 7603 369779 7413 365221
73600 7614 370269 7424 365731
73700 7618 370757 7434 366243
73800 7621 371206 7445 366794
73900 7625 371691 7449 367309
74000 7633 372260 7457 367740
74100 7641 372914 7465 368086
74200 7657 373451 7479 368549
74300 7669 373972 7488 369028
74400 7680 374619 7496 369381
74500 7688 375062 7505 369938
74600 7696 375551 7518 370449
74700 7702 376022 7525 370978
74800 7708 376488 7536 371512
74900 7715 376943 7539 372057
75000 7729 377460 7552 372540
75100 7741 377947 7566 373053
75200 7751 378502 7581 373498
75300 7765 378938 7595 374062
75400 7775 379361 7607 374639
75500 7785 379915 7613 375085
75600 7796 380483 7624 375517
75700 7809 381040 7635 375960
75800 7815 381657 7646 376343
75900 7826 382219 7655 376781
76000 7832 382664 7663 377336
76100 7836 383196 7674 377804
76200 7844 383748 7681 378252
76300 7847 384243 7691 378757
76400 7856 384700 7695 379300
76500 7864 385103 7707 379897
76600 7875 385593 7718 380407
76700 7882 386112 7726 380888
76800 7892 386602 7740 381398
76900 7904 387129 7754 381871
77000 7916 387516 7761 382484
77100 7924 388015 7772 382985
77200 7943 388420 7778 383580
77300 7953 388913 7790 384087
77400 7962 389389 7801 384611
77500 7970 389867 7813 385133
77600 7983 390295 7829 385705
77700 7990 390760 7834 386240
77800 8000 391340 7851 386660
77900 8011 391764 7861 387236
78000 8024 392318 7877 387682
78100 8037 392951 7889 388049
78200 8046 393394 7891 388606
78300 8053 393898 7901 389102
78400 8059 394368 7908 389632
78500 8077 394891 7920 390109
78600 8090 395296 7926 390704
78700 8095 395725 7935 391275
78800 8100 396187 7946 391813
78900 8108 396713 7956 392287
79000 8121 397237 7962 392763
79100 8130 397731 7973 393269
79200 8134 398205 7980 393795
79300 8143 398739 7998 394261
79400 8156 399289 8007 394711
79500 8162 399842 8019 395158
79600 8177 400373 8029 395627
79700 8192 400843 8046 396157
79800 8203 401337 8056 396663
79900 8212 401769 8072 397231
80000 8224 402264 8079 397736
80100 8236 402840 8091 398160
80200 8244 403373 8094 398627
80300 8252 403887 8101 399113
80400 8267 404346 8111 399654
80500 8274 404799 8116 400201
80600 8284 405356 8128 400644
80700 8293 405905 8135 401095
80800 8298 406419 8139 401581
80900 8307 406898 8148 402102
81000 8318 407373 8158 402627
81100 8325 407851 8168 403149
81200 8331 408441 8175 403559
81300 8335 408889 8182 404111
81400 8343 409440 8193 404560
81500 8351 409932 8197 405068
81600 8360 410415 8203 405585
81700 8373 410878 8211 406122
81800 8379 411390 8217 406610
81900 8390 411779 8229 407221
82000 8402 412264 8241 407736
82100 8409 412784 8248 408216
82200 8419 413297 8253 408703
82300 8427 413790 8258 409210
82400 8440 414289 8273 409711
82500 8449 414811 8283 410189
82600 8458 415300 8294 410700
82700 8465 415795 8301 411205
82800 8473 416240 8308 411760
82900 8482 416710 8312 412290
83000 8489 417232 8321 412768
83100 8490 417702 8333 413298
83200 8501 418357 8346 413643
83300 8515 418963 8355 414037
83400 8522 419402 8362 414598
83500 8527 419919 8366 415081
83600 8539 420437 8382 415563
83700 8552 421043 8391 415957
83800 8562 421592 8394 416408
83900 8572 422088 8400 416912
84000 8576 422634 8409 417366
84100 8586 423221 8417 417779
84200 8594 423743 8419 418257
84300 8601 424264 8423 418736
84400 8608 424834 8431 419166
84500 8624 425289 8440 419711
84600 8644 425783 8462 420217
84700 8658 426247 8469 420753
84800 8667 426717 8483 421283
84900 8674 427265 8494 421735
85000 8686 427755 8511 422245
85100 8700 428328 8526 422672
85200 8714 428818 8536 423182
85300 8720 429345 8543 423655
85400 8730 429830 8550 424170
85500 8737 430305 8563 424695
85600 8750 430788 8574 425212
85700 8752 431240 8582 425760
85800 8764 431710 8591 426290
85900 8773 432223 8598 426777
86000 8782 432712 8609 427288
86100 8799 433245 8626 427755
86200 8804 433774 8636 428226
86300 8812 434392 8642 428608
86400 8818 434949 8646 429051
86500 8833 435518 8651 429482
86600 8843 435978 8658 430022
86700 8850 436489 8662 430511
86800 8862 437047 8671 430953
86900 8871 437513 8680 431487
87000 8884 438067 8688 431933
87100 8896 438602 8694 432398
87200 8905 439092 8706 432908
87300 8913 439566 8710 433434
87400 8923 440017 8716 433983
87500 8936 440571 8726 434429
87600 8951 441035 8733 434965
87700 8960 441504 8749 435496
87800 8972 441944 8752 436056
87900 8984 442528 8761 436472
88000 8998 443053 8766 436947
88100 9008 443473 8777 437527
88200 9019 443989 8783 438011
88300 9027 444445 8791 438555
88400 9038 445009 8797 438991
88500 9050 445585 8803 439415
88600 9059 446146 8816 439854
88700 9070 446611 8824 440389
88800 9075 447030 8827 440970
88900 9080 447592 8836 441408
89000 9087 448165 8847 441835
89100 9092 448669 8851 442331
89200 9102 449052 8860 442948
89300 9110 449598 8867 443402
89400 9124 450052 8879 443948
89500 9130 450460 8887 444540
89600 9138 450890 8896 445110
89700 9149 451322 8906 445678
89800 9158 451768 8915 446232
89900 9161 452283 8922 446717
90000 9165 452853 8926 447147
90100 9176 453360 8933 447640
90200 9185 453789 8940 448211
90300 9191 454214 8960 448786
90400 9198 454789 8976 449211
90500 9211 455287 8989 449713
90600 9218 455920 8997 450080
90700 9230 456443 9006 450557
90800 9238 456970 9019 451030
90900 9245 457427 9029 451573
91000 9263 457922 9037 452078
91100 9272 458433 9052 452567
91200 9277 458961 9061 453039
91300 9279 459446 9074 453554
91400 9289 459995 9085 454005
91500 9297 460387 9099 454613
91600 9302 460821 9104 455179
91700 9309 461366 9111 455634
91800 9321 461924 9124 456076
91900 9327 462460 9132 456540
92000 9330 463039 9142 456961
92100 9341 463463 9148 457537
92200 9352 463919 9154 458081
92300 9360 464379 9166 458621
92400 9366 464946 9176 459054
92500 9375 465463 9180 459537
92600 9383 466029 9184 459971
92700 9394 466599 9195 460401
92800 9403 467041 9203 460959
92900 9418 467548 9208 461452
93000 9421 467947 9217 462053
93100 9435 468477 9223 462523
93200 9439 469001 9230 462999
93300 9444 469559 9237 463441
93400 9455 470018 9251 463982
93500 9466 470580 9255 464420
93600 9474 471035 9262 464965
93700 9478 471670 9268 465330
93800 9487 472322 9277 465678
93900 9496 472833 9296 466167
94000 9502 473407 9307 466593
94100 9507 473936 9316 467064
94200 9515 474390 9320 467610
94300 9521 474901 9331 468099
94400 9532 475404 9344 468596
94500 9541 475905 9354 469095
94600 9551 476408 9358 469592
94700 9565 476916 9378 470084
94800 9578 477487 9399 470513
94900 9592 477894 9410 471106
95000 9604 478404 9416 471596
95100 9613 478945 9426 472055
95200 9620 479437 9435 472563
95300 9625 479956 9448 473044
95400 9633 480435 9454 473565
95500 9645 480903 9464 474097
95600 9656 481482 9480 474518
95700 9666 482073 9494 474927
95800 9672 482629 9502 475371
95900 9682 483161 9512 475839
96000 9694 483675 9521 476325
96100 9702 484211 9534 476789
96200 9710 484772 9545 477228
96300 9720 485278 9564 477722
96400 9727 485715 9574 478285
96500 9738 486148 9584 478852
96600 9745 486631 9589 479369
96700 9758 487183 9594 479817
96800 9765 487701 9609 480299
96900 9772 488127 9625 480873
97000 9779 488657 9629 481343
97100 9791 489223 9635 481777
97200 9798 489732 9651 482268
97300 9804 490215 9659 482785
97400 9817 490708 9676 483292
97500 9826 491271 9687 483729
97600 9836 491779 9692 484221
97700 9848 492194 9706 484806
97800 9855 492613 9712 485387
97900 9862 493068 9718 485932
98000 9871 493531 9723 486469
98100 9884 494008 9734 486992
98200 9894 494518 9747 487482
98300 9902 495075 9756 487925
98400 9912 495631 9765 488369
98500 9921 496204 9775 488796
98600 9934 496717 9786 489283
98700 9941 497298 9795 489702
98800 9954 497833 9808 490167
98900 9966 498361 9817 490639
99000 9972 498905 9825 491095
99100 9985 499479 9832 491521
99200 9991 499964 9843 492036
99300 10006 500518 9851 492482
99400 10010 501067 9859 492933
99500 10017 501665 9874 493335
99600 10029 502114 9886 493886
99700 10040 502644 9904 494356
99800 10048 503206 9909 494794
99900 10065 503791 9918 495209
100000 10072 504308 9929 495692
100100 10080 504768 9939 496232
100200 10088 505182 9944 496818
100300 10093 505719 9955 497281
100400 10103 506198 9963 497802
100500 10111 506629 9972 498371
100600 10123 507193 9978 498807
100700 10138 507696 9987 499304
100800 10150 508103 10001 499897
100900 10165 508516 10012 500484
101000 10170 509105 10019 500895
101100 10182 509605 10031 501395
101200 10187 510086 10040 501914
101300 10203 510656 10049 502344
101400 10207 511018 10053 502982
101500 10218 511560 10061 503440
101600 10223 512092 10068 503908
101700 10232 512525 10076 504475
101800 10243 512962 10084 505038
101900 10255 513448 10095 505552
102000 10264 513882 10105 506118
102100 10269 514388 10115 506612
102200 10275 514948 10122 507052
102300 10282 515499 10125 507501
102400 10291 516076 10133 507924
102500 10301 516591 10142 508409
102600 10310 517039 10153 508961
102700 10319 517436 10159 509564
102800 10333 517925 10165 510075
102900 10337 518403 10172 510597
103000 10346 518877 10180 511123
103100 10351 519433 10191 511567
103200 10358 519869 10200 512131
103300 10366 520451 10209 512549
103400 10378 520944 10218 513056
103500 10383 521515 10226 513485
103600 10391 521993 10238 514007
103700 10397 522550 10244 514450
103800 10405 523032 10257 514968
103900 10411 523522 10268 515478
104000 10415 524112 10281 515888
104100 10425 524678 10293 516322
104200 10438 525341 10310 516659
104300 10442 525881 10315 517119
104400 10448 526385 10324 517615
104500 10462 526851 10339 518149
104600 10474 527364 10350 518636
104700 10483 527856 10362 519144
104800 10495 528409 10370 519591
104900 10503 528851 10379 520149
105000 10510 529388 10388 520612
105100 10523 529935 10397 521065
105200 10533 530416 10404 521584
105300 10549 530917 10416 522083
105400 10557 531427 10423 522573
105500 10572 531978 10430 523022
105600 10582 532510 10439 523490
105700 10590 532931 10446 524069
105800 10597 533394 10451 524606
105900 10613 533800 10460 525200
106000 10620 534335 10470 525665
106100 10623 534779 10472 526221
106200 10630 535322 10478 526678
106300 10634 535841 10488 527159
106400 10643 536417 10495 527583
106500 10649 536932 10499 528068
106600 10666 537409 10513 528591
106700 10671 537907 10518 529093
106800 10678 538431 10532 529569
106900 10685 539014 10549 529986
107000 10693 539548 10552 530452
107100 10706 540153 10565 530847
107200 10719 540617 10573 531383
107300 10730 541090 10582 531910
107400 10743 541669 10591 532331
107500 10747 542111 10598 532889
107600 10758 542637 10603 533363
107700 10766 543183 10611 533817
107800 10771 543776 10621 534224
107900 10779 544304 10634 534696
108000 10784 544865 10642 535135
108100 10797 545338 10650 535662
108200 10803 545914 10655 536086
108300 10817 546413 10670 536587
108400 10830 546863 10682 537137
108500 10845 547320 10689 537680
108600 10856 547906 10703 538094
108700 10864 548512 10719 538488
108800 10870 548979 10728 539021
108900 10888 549523 10741 539477
109000 10897 550142 10750 539858
109100 10910 550617 10759 540383
109200 10921 551140 10766 540860
109300 10927 551644 10778 541356
109400 10933 552150 10788 541850
109500 10938 552633 10797 542367
109600 10946 553179 10812 542821
109700 10954 553666 10819 543334
109800 10959 554194 10830 543806
109900 10968 554772 10846 544228
110000 10975 555255 10851 544745
110100 10986 555827 10866 545173
110200 10998 556250 10881 545750
110300 11002 556804 10890 546196
110400 11008 557331 10899 546669
110500 11023 557823 10912 547177
110600 11029 558321 10918 547679
110700 11033 558783 10927 548217
110800 11046 559180 10936 548820
110900 11056 559652 10947 549348
111000 11067 560217 10957 549783
111100 11075 560692 10971 550308
111200 11084 561170 10985 550830
111300 11094 561762 10990 551238
111400 11101 562265 10996 551735
111500 11110 562791 11002 552209
111600 11119 563278 11007 552722
111700 11128 563747 11015 553253
111800 11139 564133 11032 553867
111900 11152 564667 11050 554333
112000 11164 565172 11059 554828
112100 11178 565708 11067 555292
112200 11189 566199 11071 555801
112300 11198 566720 11076 556280
112400 11214 567061 11083 556939
112500 11225 567531 11088 557469
112600 11238 568000 11098 558000
112700 11250 568514 11105 558486
112800 11255 568968 11108 559032
112900 11259 569496 11114 559504
113000 11268 569933 11120 560067
113100 11275 570443 11131 560557
113200 11279 570933 11136 561067
113300 11287 571367 11142 561633
113400 11296 571772 11149 562228
113500 11304 572373 11160 562627
113600 11318 572855 11165 563145
113700 11327 573362 11170 563638
113800 11334 573881 11176 564119
113900 11338 574306 11179 564694
114000 11350 574773 11183 565227
114100 11360 575202 11188 565798
114200 11365 575707 11200 566293
114300 11375 576153 11222 566847
114400 11384 576667 11231 567333
114500 11396 577188 11240 567812
114600 11401 577674 11251 568326
114700 11414 578219 11259 568781
114800 11424 578711 11267 569289
114900 11432 579229 11278 569771
115000 11441 579709 11289 570291
115100 11453 580242 11301 570758
115200 11458 580668 11309 571332
115300 11464 581140 11313 571860
115400 11475 581650 11323 572350
115500 11488 582093 11332 572907
115600 11501 582512 11341 573488
115700 11516 583108 11350 573892
115800 11524 583651 11362 574349
115900 11535 584162 11375 574838
116000 11548 584638 11389 575362
116100 11560 585164 11408 575836
116200 11569 585687 11415 576313
116300 11582 586136 11430 576864
116400 11591 586700 11437 577300
116500 11597 587139 11444 577861
116600 11603 587580 11454 578420
116700 11612 588038 11465 578962
116800 11617 588576 11475 579424
116900 11632 589176 11484 579824
117000 11642 589652 11489 580348
117100 11648 590099 11495 580901
117200 11661 590573 11507 581427
117300 11670 591114 11517 581886
117400 11672 591617 11523 582383
117500 11681 592105 11532 582895
117600 11688 592688 11546 583312
117700 11694 593127 11555 583873
117800 11697 593621 11561 584379
117900 11703 594106 11572 584894
118000 11711 594659 11583 585341
118100 11715 595252 11587 585748
118200 11724 595727 11595 586273
118300 11738 596206 11602 586794
118400 11740 596690 11610 587310
118500 11747 597160 11617 587840
118600 11758 597622 11619 588378
118700 11768 598104 11624 588896
118800 11772 598609 11630 589391
118900 11785 599119 11646 589881
119000 11799 599652 11658 590348
119100 11807 600180 11666 590820
119200 11814 600709 11677 591291
119300 11827 601181 11682 591819
119400 11841 601732 11689 592268
119500 11847 602183 11696 592817
119600 11855 602686 11703 593314
119700 11863 603256 11713 593744
119800 11868 603750 11721 594250
119900 11875 604197 11731 594803
120000 11879 604703 11743 595297
120100 11885 605237 11749 595763
120200 11894 605763 11759 596237
120300 11907 606302 11771 596698
120400 11914 606820 11777 597180
120500 11922 607211 11783 597789
120600 11934 607719 11792 598281
120700 11942 608225 11798 598775
120800 11955 608693 11810 599307
120900 11966 609267 11827 599733
121000 11980 609764 11833 600236
121100 12000 610300 11846 600700
121200 12008 610826 11858 601174
121300 12015 611412 11865 601588
121400 12024 611940 11869 602060
121500 12032 612433 11873 602567
121600 12043 612929 11889 603071
121700 12054 613368 11896 603632
121800 12063 613882 11905 604118
121900 12072 614360 11914 604640
122000 12076 614922 11922 605078
122100 12087 615470 11926 605530
122200 12097 615890 11938 606110
122300 12109 616492 11950 606508
122400 12112 617101 11954 606899
122500 12125 617652 11964 607348
122600 12136 618156 11974 607844
122700 12141 618674 11982 608326
122800 12151 619205 11991 608795
122900 12160 619746 11995 609254
123000 12173 620266 12009 609734
123100 12181 620760 12020 610240
123200 12192 621242 12031 610758
123300 12205 621754 12038 611246
123400 12219 622265 12046 611735
123500 12230 622799 12053 612201
123600 12242 623339 12067 612661
123700 12248 623943 12078 613057
123800 12253 624513 12085 613487
123900 12258 625050 12090 613950
124000 12269 625573 12102 614427
124100 12279 626121 12109 614879
124200 12290 626672 12116 615328
124300 12297 627105 12120 615895
124400 12310 627570 12126 616430
124500 12324 628104 12140 616896
124600 12336 628553 12146 617447
124700 12345 629081 12155 617919
124800 12349 629621 12161 618379
124900 12364 630103 12169 618897
125000 12372 630466 12179 619534
125100 12382 630966 12191 620034
125200 12390 631496 12198 620504
125300 12403 631978 12212 621022
125400 12411 632446 12220 621554
125500 12414 632949 12225 622051
125600 12420 633524 12232 622476
125700 12428 634082 12240 622918
125800 12438 634599 12255 623401
125900 12446 635022 12262 623978
126000 12453 635452 12274 624548
126100 12461 636014 12288 624986
126200 12474 636562 12292 625438
126300 12482 637104 12303 625896
126400 12490 637608 12308 626392
126500 12495 638186 12314 626814
126600 12506 638693 12322 627307
126700 12518 639287 12331 627713
126800 12528 639806 12345 628194
126900 12541 640382 12353 628618
127000 12551 640764 12362 629236
127100 12562 641134 12371 629866
127200 12572 641634 12375 630366
127300 12588 642161 12389 630839
127400 12591 642711 12397 631289
127500 12596 643196 12404 631804
127600 12601 643641 12405 632359
127700 12606 644197 12412 632803
127800 12614 644766 12422 633234
127900 12625 645166 12433 633834
128000 12635 645661 12438 634339
128100 12653 646207 12452 634793
128200 12665 646724 12460 635276
128300 12676 647293 12475 635707
128400 12687 647756 12487 636244
128500 12697 648321 12493 636679
128600 12704 648882 12499 637118
128700 12711 649441 12514 637559
128800 12714 649946 12524 638054
128900 12719 650515 12527 638485
129000 12730 651130 12532 638870
129100 12734 651741 12534 639259
129200 12743 652204 12543 639796
129300 12754 652748 12548 640252
129400 12757 653301 12564 640699
129500 12764 653775 12570 641225
129600 12779 654290 12587 641710
129700 12794 654794 12591 642206
129800 12808 655299 12601 642701
129900 12813 655798 12604 643202
130000 12822 656273 12616 643727
130100 12834 656771 12630 644229
130200 12844 657347 12640 644653
130300 12846 657888 12642 645112
130400 12853 658373 12652 645627
130500 12861 658875 12661 646125
130600 12869 659405 12671 646595
130700 12881 659955 12684 647045
130800 12899 660515 12695 647485
130900 12913 661110 12708 647890
131000 12919 661609 12718 648391
131100 12930 662022 12729 648978
131200 12946 662558 12738 649442
131300 12958 663120 12750 649880
131400 12965 663549 12756 650451
131500 12982 663944 12770 651056
131600 12988 664429 12778 651571
131700 12998 664950 12793 652050
131800 13010 665487 12802 652513
131900 13019 666098 12807 652902
132000 13025 666623 12811 653377
132100 13035 667061 12821 653939
132200 13043 667594 12829 654406
132300 13051 668072 12833 654928
132400 13062 668540 12839 655460
132500 13068 669066 12848 655934
132600 13082 669649 12858 656351
132700 13090 670139 12870 656861
132800 13105 670740 12878 657260
132900 13114 671212 12893 657788
133000 13121 671705 12907 658295
133100 13127 672207 12916 658793
133200 13136 672652 12921 659348
133300 13143 673196 12930 659804
133400 13151 673725 12940 660275
133500 13157 674277 12945 660723
133600 13163 674785 12953 661215
133700 13175 675340 12961 661660
133800 13182 675852 12975 662148
133900 13198 676446 12984 662554
134000 13212 677006 12991 662994
134100 13224 677591 13012 663409
134200 13229 678134 13018 663866
134300 13235 678581 13023 664419
134400 13246 679029 13031 664971
134500 13253 679609 13037 665391
134600 13263 680031 13047 665969
134700 13277 680505 13056 666495
134800 13283 681010 13063 666990
134900 13289 681442 13074 667558
135000 13303 681996 13092 668004
135100 13314 682502 13104 668498
135200 13324 683006 13119 668994
135300 13335 683620 13127 669380
135400 13347 684086 13134 669914
135500 13355 684599 13141 670401
135600 13361 685086 13144 670914
135700 13371 685588 13153 671412
135800 13381 686101 13161 671899
135900 13393 686623 13171 672377
136000 13400 687028 13177 672972
136100 13411 687546 13188 673454
136200 13414 688117 13194 673883
136300 13421 688641 13201 674359
136400 13429 689106 13209 674894
136500 13437 689546 13218 675454
136600 13442 689968 13232 676032
136700 13450 690405 13242 676595
136800 13459 690974 13244 677026
136900 13469 691499 13252 677501
137000 13474 691912 13257 678088
137100 13484 692429 13267 678571
137200 13494 692907 13275 679093
137300 13501 693508 13288 679492
137400 13515 694041 13293 679959
137500 13521 694595 13303 680405
137600 13523 695134 13306 680866
137700 13538 695590 13316 681410
137800 13549 696051 13333 681949
137900 13557 696507 13341 682493
138000 13564 696951 13347 683049
138100 13573 697524 13354 683476
138200 13577 697991 13366 684009
138300 13587 698524 13374 684476
138400 13595 698968 13383 685032
138500 13604 699535 13387 685465
138600 13615 700070 13395 685930
138700 13621 700555 13404 686445
138800 13634 701041 13422 686959
138900 13650 701598 13428 687402
139000 13659 702150 13439 687850
139100 13670 702678 13446 688322
139200 13675 703135 13451 688865
139300 13681 703597 13459 689403
139400 13690 704076 13465 689924
139500 13697 704563 13471 690437
139600 13705 705004 13482 690996
139700 13717 705445 13496 691555
139800 13726 705958 13507 692042
139900 13737 706436 13524 692564
140000 13747 706909 13530 693091
140100 13752 707344 13537 693656
140200 13763 707812 13544 694188
140300 13772 708345 13550 694655
140400 13787 708914 13561 695086
140500 13797 709380 13574 695620
140600 13808 709888 13582 696112
140700 13816 710366 13596 696634
140800 13830 710920 13613 697080
140900 13841 711451 13627 697549
141000 13849 711984 13632 698016
141100 13861 712532 13645 698468
141200 13868 713043 13658 698957
141300 13878 713490 13665 699510
141400 13887 713894 13672 700106
141500 13896 714375 13684 700625
141600 13909 714834 13692 701166
141700 13922 715341 13705 701659
141800 13933 715853 13713 702147
141900 13950 716415 13721 702585
142000 13959 716938 13728 703062
142100 13963 717406 13742 703594
142200 13972 717945 13757 704055
142300 13979 718446 13767 704554
142400 13985 718952 13772 705048
142500 13988 719488 13775 705512
142600 13996 719954 13789 706046
142700 14005 720341 13802 706659
142800 14019 720879 13811 707121
142900 14030 721475 13826 707525
143000 14044 721976 13835 708024
143100 14055 722518 13847 708482
143200 14065 723075 13861 708925
143300 14071 723566 13866 709434
143400 14081 724053 13873 709947
143500 14092 724584 13882 710416
143600 14107 725125 13895 710875
143700 14118 725663 13899 711337
143800 14127 726103 13906 711897
143900 14143 726537 13919 712463
144000 14153 727005 13933 712995
144100 14163 727463 13939 713537
144200 14170 728034 13948 713966
144300 14186 728606 13959 714394
144400 14192 729190 13967 714810
144500 14199 729779 13971 715221
144600 14212 730214 13979 715786
144700 14219 730698 13987 716302
144800 14231 731212 13995 716788
144900 14240 731717 14007 717283
145000 14254 732223 14021 717777
145100 14262 732679 14027 718321
145200 14268 733095 14038 718905
145300 14275 733591 14050 719409
145400 14293 734198 14056 719802
145500 14303 734671 14065 720329
145600 14309 735172 14072 720828
145700 14317 735699 14081 721301
145800 14326 736131 14093 721869
145900 14332 736618 14100 722382
146000 14340 737091 14110 722909
146100 14344 737548 14117 723452
146200 14356 738044 14127 723956
146300 14371 738471 14131 724529
146400 14381 738971 14144 725029
146500 14387 739464 14149 725536
146600 14392 740047 14159 725953
146700 14405 740527 14163 726473
146800 14415 741083 14172 726917
146900 14431 741516 14186 727484
147000 14436 742011 14193 727989
147100 14449 742488 14204 728512
147200 14464 742954 14215 729046
147300 14478 743519 14229 729481
147400 14485 744067 14239 729933
147500 14498 744591 14246 730409
147600 14513 745082 14254 730918
147700 14516 745645 14259 731355
147800 14530 746198 14266 731802
147900 14536 746671 14275 732329
148000 14543 747175 14282 732825
148100 14551 747702 14296 733298
148200 14559 748186 14301 733814
148300 14572 748621 14318 734379
148400 14579 749064 14329 734936
148500 14587 749583 14343 735417
148600 14593 750032 14352 735968
148700 14600 750593 14361 736407
148800 14611 751143 14373 736857
148900 14622 751711 14384 737289
149000 14630 752222 14392 737778
149100 14634 752723 14398 738277
149200 14641 753234 14406 738766
149300 14652 753691 14416 739309
149400 14662 754229 14427 739771
149500 14671 754703 14438 740297
149600 14687 755258 14448 740742
149700 14700 755779 14458 741221
149800 14712 756358 14467 741642
149900 14716 756794 14470 742206
150000 14724 757249 14485 742751
150100 14735 757664 14492 743336
150200 14741 758207 14500 743793
150300 14751 758833 14517 744167
150400 14765 759384 14538 744616
150500 14777 759837 14545 745163
150600 14785 760265 14555 745735
150700 14795 760766 14564 746234
150800 14802 761154 14578 746846
150900 14811 761620 14591 747380
151000 14818 762038 14604 747962
151100 14821 762518 14609 748482
151200 14831 763019 14617 748981
151300 14842 763624 14620 749376
151400 14848 764096 14623 749904
151500 14860 764653 14629 750347
151600 14872 765181 14642 750819
151700 14882 765632 14652 751368
151800 14890 766113 14656 751887
151900 14903 766646 14662 752354
152000 14918 767154 14676 752846
152100 14930 767604 14686 753396
152200 14939 768130 14695 753870
152300 14943 768677 14702 754323
152400 14947 769070 14714 754930
152500 14959 769523 14722 755477
152600 14964 770080 14729 755920
152700 14971 770540 14736 756460
152800 14981 771017 14741 756983
152900 14991 771522 14758 757478
153000 15004 772029 14770 757971
153100 15018 772447 14780 758553
153200 15022 773043 14789 758957
153300 15031 773582 14796 759418
153400 15039 774059 14804 759941
153500 15047 774601 14808 760399
153600 15057 775128 14821 760872
153700 15069 775666 14830 761334
153800 15075 776151 14837 761849
153900 15084 776646 14845 762354
154000 15093 777118 14853 762882
154100 15098 777601 14861 763399
154200 15106 778028 14866 763972
154300 15114 778532 14872 764468
154400 15125 779000 14878 765000
154500 15128 779500 14885 765500
154600 15141 779970 14896 766030
154700 15150 780441 14900 766559
154800 15158 780903 14903 767097
154900 15171 781450 14913 767550
155000 15184 781928 14926 768072
155100 15197 782446 14936 768554
155200 15207 783018 14940 768982
155300 15210 783531 14950 769469
155400 15220 783979 14955 770021
155500 15227 784502 14966 770498
155600 15233 785019 14970 770981
155700 15240 785556 14981 771444
155800 15247 786038 14988 771962
155900 15264 786647 14997 772353
156000 15280 787210 15007 772790
156100 15288 787677 15017 773323
156200 15293 788111 15023 773889
156300 15302 788631 15028 774369
156400 15319 789192 15031 774808
156500 15326 789720 15040 775280
156600 15334 790213 15051 775787
156700 15339 790608 15059 776392
156800 15346 791137 15067 776863
156900 15357 791665 15071 777335
157000 15362 792267 15079 777733
157100 15367 792742 15090 778258
157200 15380 793257 15101 778743
157300 15393 793740 15107 779260
157400 15409 794134 15117 779866
157500 15415 794555 15126 780445
157600 15427 795057 15138 780943
157700 15434 795525 15145 781475
157800 15447 796019 15157 781981
157900 15454 796584 15162 782416
158000 15461 797120 15172 782880
158100 15467 797583 15184 783417
158200 15471 798065 15198 783935
158300 15483 798520 15209 784480
158400 15488 798976 15217 785024
158500 15500 799453 15225 785547
158600 15509 799942 15237 786058
158700 15519 800451 15242 786549
158800 15526 801005 15251 786995
158900 15531 801538 15259 787462
159000 15537 801950 15268 788050
159100 15542 802460 15282 788540
159200 15551 803092 15292 788908
159300 15563 803526 15302 789474
159400 15568 803922 15309 790078
159500 15576 804318 15317 790682
159600 15580 804745 15325 791255
159700 15592 805272 15332 791728
159800 15596 805724 15344 792276
159900 15603 806144 15355 792856
160000 15610 806619 15364 793381
160100 15618 807115 15368 793885
160200 15626 807617 15374 794383
160300 15632 808107 15382 794893
160400 15640 808637 15386 795363
160500 15642 809175 15389 795825
160600 15656 809751 15396 796249
160700 15661 810216 15409 796784
160800 15668 810643 15417 797357
160900 15678 811093 15430 797907
161000 15686 811570 15441 798430
161100 15689 812050 15445 798950
161200 15700 812459 15451 799541
161300 15707 812888 15455 800112
161400 15718 813320 15465 800680
161500 15731 813789 15479 801211
161600 15740 814298 15483 801702
161700 15749 814808 15488 802192
161800 15754 815330 15492 802670
161900 15765 815786 15503 803214
162000 15775 816337 15519 803663
162100 15784 816834 15534 804166
162200 15796 817263 15545 804737
162300 15802 817737 15553 805263
162400 15809 818304 15557 805696
162500 15816 818798 15562 806202
162600 15823 819337 15572 806663
162700 15830 819785 15578 807215
162800 15839 820141 15588 807859
162900 15850 820679 15594 808321
163000 15860 821133 15606 808867
163100 15864 821663 15619 809337
163200 15874 822219 15620 809781
163300 15886 822654 15629 810346
163400 15899 823130 15637 810870
163500 15911 823595 15649 811405
163600 15917 824197 15657 811803
163700 15924 824709 15663 812291
163800 15935 825206 15681 812794
163900 15947 825695 15696 813305
164000 15956 826213 15708 813787
164100 15969 826687 15715 814313
164200 15973 827031 15719 814969
164300 15978 827487 15725 815513
164400 15986 828043 15735 815957
164500 16000 828631 15749 816369
164600 16009 829120 15758 816880
164700 16016 829591 15767 817409
164800 16026 830131 15782 817869
164900 16033 830558 15793 818442
165000 16046 831071 15807 818929
165100 16054 831602 15819 819398
165200 16062 832093 15830 819907
165300 16074 832639 15839 820361
165400 16084 833211 15846 820789
165500 16095 833678 15864 821322
165600 16111 834211 15879 821789
165700 16129 834745 15889 822255
165800 16141 835250 15898 822750
165900 16149 835687 15908 823313
166000 16163 836087 15918 823913
166100 16173 836646 15929 824354
166200 16187 837142 15938 824858
166300 16192 837588 15947 825412
166400 16198 838147 15957 825853
166500 16208 838631 15972 826369
166600 16221 839136 15989 826864
166700 16228 839666 16000 827334
166800 16233 840162 16003 827838
166900 16246 840610 16013 828390
167000 16253 841072 16017 828928
167100 16260 841590 16023 829410
167200 16270 842130 16031 829870
167300 16282 842618 16039 830382
167400 16296 843163 16046 830837
167500 16304 843661 16055 831339
167600 16313 844147 16067 831853
167700 16323 844711 16073 832289
167800 16333 845189 16081 832811
167900 16346 845719 16083 833281
168000 16354 846194 16094 833806
168100 16359 846658 16100 834342
168200 16365 847163 16109 834837
168300 16373 847709 16117 835291
168400 16381 848204 16124 835796
168500 16386 848666 16136 836334
168600 16394 849257 16139 836743
168700 16403 849737 16143 837263
168800 16413 850274 16152 837726
168900 16418 850809 16161 838191
169000 16426 851324 16169 838676
169100 16434 851869 16174 839131
169200 16443 852400 16180 839600
169300 16451 852904 16190 840096
169400 16459 853407 16202 840593
169500 16467 853905 16213 841095
169600 16477 854364 16226 841636
169700 16485 854826 16236 842174
169800 16491 855355 16243 842645
169900 16495 855852 16254 843148
170000 16504 856354 16259 843646
170100 16508 856824 16263 844176
170200 16519 857292 16274 844708
170300 16526 857836 16286 845164
170400 16535 858227 16300 845773
170500 16551 858752 16312 846248
170600 16560 859311 16321 846689
170700 16572 859755 16331 847245
170800 16577 860324 16336 847676
170900 16592 860831 16348 848169
171000 16601 861391 16358 848609
171100 16608 861871 16362 849129
171200 16612 862345 16373 849655
171300 16622 862862 16381 850138
171400 16630 863330 16391 850670
171500 16638 863830 16409 851170
171600 16648 864337 16425 851663
171700 16657 864832 16429 852168
171800 16660 865370 16434 852630
171900 16669 865824 16449 853176
172000 16678 866247 16459 853753
172100 16684 866745 16469 854255
172200 16692 867268 16478 854732
172300 16699 867703 16483 855297
172400 16708 868129 16487 855871
172500 16725 868591 16502 856409
172600 16733 869105 16505 856895
172700 16742 869552 16520 857448
172800 16747 869980 16529 858020
172900 16756 870523 16536 858477
173000 16763 871180 16545 858820
173100 16779 871644 16561 859356
173200 16791 872123 16572 859877
173300 16796 872630 16581 860370
173400 16801 873184 16587 860816
173500 16811 873659 16595 861341
173600 16821 874214 16603 861786
173700 16828 874763 16610 862237
173800 16838 875316 16619 862684
173900 16845 875861 16626 863139
174000 16857 876346 16637 863654
174100 16868 876808 16646 864192
174200 16879 877259 16655 864741
174300 16885 877775 16661 865225
174400 16893 878229 16672 865771
174500 16897 878744 16680 866256
174600 16906 879252 16687 866748
174700 16918 879750 16696 867250
174800 16923 880348 16707 867652
174900 16936 880862 16722 868138
175000 16944 881413 16734 868587
175100 16950 881937 16740 869063
175200 16963 882474 16751 869526
175300 16966 882946 16759 870054
175400 16976 883450 16767 870550
175500 16982 883986 16777 871014
175600 16990 884409 16787 871591
175700 16996 884964 16792 872036
175800 17009 885481 16808 872519
175900 17020 885960 16817 873040
176000 17033 886571 16824 873429
176100 17044 887102 16830 873898
176200 17056 887664 16846 874336
176300 17063 888178 16856 874822
176400 17078 888751 16871 875249
176500 17088 889275 16883 875725
176600 17097 889770 16893 876230
176700 17103 890331 16909 876669
176800 17115 890826 16921 877174
176900 17123 891428 16935 877572
177000 17135 892023 16952 877977
177100 17145 892541 16957 878459
177200 17159 893102 16967 878898
177300 17169 893631 16980 879369
177400 17176 894087 16986 879913
177500 17184 894539 16996 880461
177600 17193 895022 17003 880978
177700 17201 895498 17009 881502
177800 17213 895998 17022 882002
177900 17225 896442 17033 882558
178000 17233 896915 17048 883085
178100 17244 897511 17060 883489
178200 17256 898044 17064 883956
178300 17273 898533 17074 884467
178400 17284 898970 17080 885030
178500 17292 899406 17091 885594
178600 17298 899890 17096 886110
178700 17311 900451 17105 886549
178800 17316 900989 17116 887011
178900 17326 901448 17124 887552
179000 17337 902018 17133 887982
179100 17350 902468 17144 888532
179200 17357 902972 17159 889028
179300 17363 903410 17169 889590
179400 17374 904016 17179 889984
179500 17388 904552 17188 890448
179600 17399 905074 17197 890926
179700 17403 905514 17205 891486
179800 17413 906055 17214 891945
179900 17417 906601 17223 892399
180000 17431 907187 17233 892813
180100 17444 907731 17237 893269
180200 17451 908310 17245 893690
180300 17466 908848 17255 894152
180400 17469 909353 17264 894647
180500 17478 909900 17271 895100
180600 17482 910455 17281 895545
180700 17485 910964 17289 896036
180800 17500 911410 17295 896590
180900 17507 911881 17305 897119
181000 17517 912374 17317 897626
181100 17530 912881 17327 898119
181200 17539 913477 17338 898523
181300 17552 913935 17349 899065
181400 17565 914464 17358 899536
181500 17577 914988 17376 900012
181600 17589 915504 17390 900496
181700 17596 915982 17401 901018
181800 17601 916565 17411 901435
181900 17609 917027 17423 901973
182000 17618 917516 17432 902484
182100 17627 918050 17445 902950
182200 17634 918535 17453 903465
182300 17640 919029 17460 903971
182400 17649 919508 17462 904492
182500 17658 920004 17476 904996
182600 17668 920476 17483 905524
182700 17678 920977 17493 906023
182800 17687 921400 17497 906600
182900 17702 921835 17508 907165
183000 17721 922370 17518 907630
183100 17736 922880 17527 908120
183200 17739 923328 17533 908672
183300 17750 923776 17539 909224
183400 17763 924218 17552 909782
183500 17772 924818 17564 910182
183600 17784 925364 17573 910636
183700 17793 925883 17583 911117
183800 17805 926454 17596 911546
183900 17809 927017 17606 911983
184000 17819 927561 17616 912439
184100 17830 928106 17624 912894
184200 17836 928644 17639 913356
184300 17850 929307 17652 913693
184400 17857 929850 17660 914150
184500 17864 930303 17677 914697
184600 17879 930848 17689 915152
184700 17892 931446 17696 915554
184800 17904 931969 17710 916031
184900 17914 932502 17721 916498
185000 17923 932993 17732 917007
185100 17933 933423 17739 917577
185200 17941 933969 17747 918031
185300 17951 934433 17752 918567
185400 17962 935016 17765 918984
185500 17979 935513 17775 919487
185600 17985 936005 17779 919995
185700 17994 936463 17786 920537
185800 18006 936909 17797 921091
185900 18018 937416 17799 921584
186000 18030 938006 17807 921994
186100 18039 938562 17814 922438
186200 18051 939071 17820 922929
186300 18063 939579 17824 923421
186400 18068 940129 17830 923871
186500 18073 940645 17838 924355
186600 18085 941149 17859 924851
186700 18093 941592 17867 925408
186800 18103 942047 17873 925953
186900 18104 942527 17879 926473
187000 18112 942933 17882 927067
187100 18121 943410 17887 927590
187200 18129 943958 17902 928042
187300 18138 944409 17914 928591
187400 18148 944896 17925 929104
187500 18155 945401 17929 929599
187600 18164 945874 17936 930126
187700 18172 946419 17943 930581
187800 18184 947019 17952 930981
187900 18190 947534 17963 931466
188000 18198 948004 17982 931996
188100 18207 948539 17993 932461
188200 18217 949067 17999 932933
188300 18224 949554 18010 933446
188400 18235 950159 18014 933841
188500 18243 950673 18025 934327
188600 18250 951198 18035 934802
188700 18261 951665 18050 935335
188800 18276 952178 18060 935822
188900 18285 952672 18068 936328
189000 18294 953231 18077 936769
189100 18305 953694 18087 937306
189200 18320 954187 18095 937813
189300 18332 954744 18099 938256
189400 18342 955186 18107 938814
189500 18348 955609 18118 939391
189600 18361 956097 18129 939903
189700 18369 956533 18133 940467
189800 18381 957024 18143 940976
189900 18392 957410 18156 941590
190000 18395 957852 18164 942148
190100 18414 958334 18174 942666
190200 18421 958725 18177 943275
190300 18429 959238 18191 943762
190400 18440 959769 18202 944231
190500 18455 960298 18212 944702
190600 18469 960911 18225 945089
190700 18482 961492 18233 945508
190800 18485 961993 18240 946007
190900 18489 962521 18245 946479
191000 18497 962981 18251 947019
191100 18504 963520 18259 947480
191200 18516 964099 18271 947901
191300 18522 964561 18279 948439
191400 18532 965029 18285 948971
191500 18543 965443 18291 949557
191600 18548 965918 18299 950082
191700 18558 966474 18310 950526
191800 18571 966935 18321 951065
191900 18584 967384 18329 951616
192000 18591 967881 18338 952119
192100 18598 968351 18345 952649
192200 18610 968884 18357 953116
192300 18620 969392 18371 953608
192400 18629 969873 18381 954127
192500 18636 970373 18389 954627
192600 18648 970965 18399 955035
192700 18659 971505 18406 955495
192800 18666 971964 18411 956036
192900 18673 972503 18421 956497
193000 18676 972980 18432 957020
193100 18681 973524 18441 957476
193200 18687 974089 18450 957911
193300 18691 974530 18455 958470
193400 18698 975049 18467 958951
193500 18720 975591 18477 959409
193600 18730 976173 18485 959827
193700 18743 976776 18497 960224
193800 18748 977291 18508 960709
193900 18759 977735 18514 961265
194000 18767 978331 18521 961669
194100 18774 978798 18530 962202
194200 18780 979347 18540 962653
194300 18785 979923 18552 963077
194400 18795 980426 18557 963574
194500 18800 980875 18569 964125
194600 18808 981319 18581 964681
194700 18817 981755 18590 965245
194800 18828 982202 18604 965798
194900 18838 982747 18613 966253
195000 18846 983293 18622 966707
195100 18863 983798 18632 967202
195200 18873 984268 18640 967732
195300 18883 984749 18648 968251
195400 18891 985119 18654 968881
195500 18902 985636 18665 969364
195600 18911 986128 18676 969872
195700 18917 986525 18683 970475
195800 18924 987034 18694 970966
195900 18934 987571 18706 971429
196000 18943 988148 18719 971852
196100 18950 988702 18723 972298
196200 18956 989226 18727 972774
196300 18969 989789 18738 973211
196400 18976 990307 18741 973693
196500 18989 990769 18752 974231
196600 18995 991327 18763 974673
196700 19004 991773 18769 975227
196800 19015 992309 18786 975691
196900 19026 992824 18794 976176
197000 19035 993398 18804 976602
197100 19046 993988 18824 977012
197200 19058 994522 18832 977478
197300 19072 994997 18842 978003
197400 19077 995546 18853 978454
197500 19082 996079 18855 978921
197600 19095 996606 18869 979394
197700 19104 997004 18879 979996
197800 19112 997493 18891 980507
197900 19124 998026 18900 980974
198000 19135 998602 18911 981398
198100 19147 999289 18921 981711
198200 19162 999781 18930 982219
198300 19169 1000291 18935 982709
198400 19172 1000782 18942 983218
198500 19187 1001233 18949 983767
198600 19199 1001608 18964 984392
198700 19211 1002087 18977 984913
198800 19224 1002611 18991 985389
198900 19229 1003139 19004 985861
199000 19240 1003623 19016 986377
199100 19254 1004190 19027 986810
199200 19263 1004730 19033 987270
199300 19271 1005214 19046 987786
199400 19283 1005659 19064 988341
199500 19291 1006232 19070 988768
199600 19300 1006722 19078 989278
199700 19314 1007187 19088 989813
199800 19321 1007762 19093 990238
199900 19330 1008271 19101 990729
200000 19333 1008795 19108 991205
