#! FIELDS timestep dup_succ dup_attempts kill_succ kill_attempts
#! SET timestep 0.5
#! SET kernel_bandwidth [0.2 0.2]
#! SET kt 1.0
100 132 524 136 476
200 213 695 242 1305
300 290 941 382 2059
400 372 1297 499 2703
500 439 1735 596 3265
600 513 1935 685 4065
700 586 2190 777 4810
800 645 2527 846 5473
900 698 2942 878 6058
1000 743 3382 911 6618
1100 762 3856 932 7144
1200 779 4325 946 7675
1300 790 4876 958 8124
1400 803 5341 976 8659
1500 817 5875 993 9125
1600 824 6286 997 9714
1700 832 6837 1007 10163
1800 845 7360 1020 10640
1900 855 7920 1044 11080
2000 875 8424 1052 11576
2100 900 8951 1060 12049
2200 909 9474 1069 12526
2300 924 9942 1089 13058
2400 940 10482 1101 13518
2500 951 10994 1104 14006
2600 962 11573 1115 14427
2700 975 12072 1131 14928
2800 996 12635 1147 15365
2900 1014 13123 1166 15877
3000 1026 13661 1176 16339
3100 1042 14171 1186 16829
3200 1049 14725 1196 17275
3300 1068 15360 1206 17640
3400 1080 15846 1217 18154
3500 1088 16353 1228 18647
3600 1098 16840 1239 19160
3700 1114 17300 1250 19700
3800 1122 17753 1260 20247
3900 1135 18235 1278 20765
4000 1149 18796 1284 21204
4100 1158 19234 1298 21766
4200 1172 19711 1310 22289
4300 1188 20266 1324 22734
4400 1203 20858 1339 23142
4500 1209 21413 1356 23587
4600 1219 21890 1370 24110
4700 1235 22424 1382 24576
4800 1241 22881 1389 25119
4900 1255 23422 1403 25578
5000 1263 23967 1418 26033
5100 1272 24395 1429 26605
5200 1285 24910 1449 27090
5300 1297 25378 1461 27622
5400 1311 25968 1470 28032
5500 1323 26448 1485 28552
5600 1341 26990 1501 29010
5700 1351 27497 1507 29503
5800 1358 28049 1523 29951
5900 1368 28545 1532 30455
6000 1379 29055 1546 30945
6100 1391 29589 1558 31411
6200 1400 30083 1571 31917
6300 1415 30634 1583 32366
6400 1425 31176 1593 32824
6500 1437 31676 1608 33324
6600 1453 32241 1627 33759
6700 1468 32696 1643 34304
6800 1488 33198 1650 34802
6900 1499 33751 1660 35249
7000 1506 34266 1668 35734
7100 1516 34790 1683 36210
7200 1528 35289 1692 36711
7300 1542 35830 1699 37170
7400 1560 36402 1713 37598
7500 1571 37025 1729 37975
7600 1590 37585 1747 38415
7700 1605 38111 1760 38889
7800 1616 38705 1771 39295
7900 1631 39204 1784 39796
8000 1643 39730 1794 40270
8100 1671 40265 1808 40735
8200 1689 40886 1823 41114
8300 1697 41538 1837 41462
8400 1705 42115 1849 41885
8500 1716 42559 1858 42441
8600 1729 42942 1875 43058
8700 1733 43419 1891 43581
8800 1738 43939 1903 44061
8900 1754 44399 1915 44601
9000 1771 44960 1928 45040
9100 1784 45413 1937 45587
9200 1798 45880 1941 46120
9300 1811 46433 1954 46567
9400 1835 47062 1968 46938
9500 1848 47660 1978 47340
9600 1859 48170 1991 47830
9700 1867 48580 2000 48420
9800 1877 49034 2009 48966
9900 1885 49556 2019 49444
10000 1897 50133 2036 49867
10100 1918 50661 2052 50339
10200 1939 51201 2067 50799
10300 1963 51707 2085 51293
10400 1971 52212 2094 51788
10500 1981 52780 2104 52220
10600 1994 53346 2111 52654
10700 2001 53823 2118 53177
10800 2018 54301 2127 53699
10900 2032 54778 2141 54222
11000 2043 55270 2151 54730
11100 2051 55778 2160 55222
11200 2063 56220 2176 55780
11300 2069 56745 2185 56255
11400 2088 57251 2197 56749
11500 2099 57761 2216 57239
11600 2119 58395 2225 57605
11700 2134 58922 2236 58078
11800 2152 59414 2254 58586
11900 2169 59785 2273 59215
12000 2182 60236 2290 59764
12100 2197 60768 2300 60232
12200 2205 61360 2313 60640
12300 2215 61832 2322 61168
12400 2228 62323 2335 61677
12500 2248 62805 2345 62195
12600 2254 63334 2353 62666
12700 2262 63909 2366 63091
12800 2273 64392 2380 63608
12900 2282 64835 2390 64165
13000 2290 65298 2398 64702
13100 2301 65794 2413 65206
13200 2309 66432 2419 65568
13300 2324 66980 2438 66020
13400 2340 67450 2446 66550
13500 2349 67955 2456 67045
13600 2363 68485 2470 67515
13700 2382 68962 2484 68038
13800 2392 69428 2503 68572
13900 2406 69938 2520 69062
14000 2425 70469 2531 69531
14100 2434 70881 2547 70119
14200 2448 71395 2565 70605
14300 2459 71892 2575 71108
14400 2466 72372 2585 71628
14500 2481 72923 2603 72077
14600 2496 73396 2609 72604
14700 2512 73886 2622 73114
14800 2523 74293 2632 73707
14900 2535 74700 2644 74300
15000 2547 75208 2659 74792
15100 2558 75808 2663 75192
15200 2562 76378 2671 75622
15300 2579 76896 2683 76104
15400 2587 77485 2699 76515
15500 2596 77977 2713 77023
15600 2606 78497 2724 77503
15700 2625 78973 2736 78027
15800 2633 79428 2746 78572
15900 2650 79873 2757 79127
16000 2666 80387 2774 79613
16100 2679 80836 2784 80164
16200 2695 81309 2800 80691
16300 2712 81804 2810 81196
16400 2727 82309 2826 81691
16500 2734 82832 2841 82168
16600 2752 83384 2855 82616
16700 2768 83874 2864 83126
16800 2778 84476 2872 83524
16900 2793 85037 2885 83963
17000 2804 85527 2897 84473
17100 2815 86082 2905 84918
17200 2824 86617 2916 85383
17300 2838 87140 2932 85860
17400 2850 87625 2941 86375
17500 2862 88177 2952 86823
17600 2872 88769 2967 87231
17700 2881 89342 2972 87658
17800 2896 89898 2980 88102
17900 2911 90415 2998 88585
18000 2917 90949 3011 89051
18100 2928 91586 3027 89414
18200 2937 92069 3037 89931
18300 2945 92623 3048 90377
18400 2961 93100 3064 90900
18500 2973 93668 3078 91332
18600 2984 94166 3085 91834
18700 2997 94653 3093 92347
18800 3018 95160 3113 92840
18900 3031 95695 3132 93305
19000 3047 96161 3149 93839
19100 3053 96659 3155 94341
19200 3063 97138 3166 94862
19300 3071 97748 3176 95252
19400 3081 98272 3191 95728
19500 3094 98770 3213 96230
19600 3103 99276 3226 96724
19700 3115 99836 3241 97164
19800 3124 100340 3257 97660
19900 3138 100804 3270 98196
20000 3150 101389 3277 98611
20100 3164 102003 3296 98997
20200 3175 102497 3313 99503
20300 3185 103062 3326 99938
20400 3198 103541 3337 100459
20500 3208 103951 3347 101049
20600 3217 104438 3364 101562
20700 3226 104939 3374 102061
20800 3243 105441 3386 102559
20900 3250 105982 3396 103018
21000 3257 106482 3403 103518
21100 3269 106959 3418 104041
21200 3275 107443 3429 104557
21300 3282 107887 3442 105113
21400 3303 108340 3457 105660
21500 3317 108808 3465 106192
21600 3332 109258 3478 106742
21700 3345 109798 3493 107202
21800 3357 110333 3504 107667
21900 3368 110761 3515 108239
22000 3384 111243 3531 108757
22100 3397 111756 3547 109244
22200 3413 112268 3570 109732
22300 3422 112741 3579 110259
22400 3434 113216 3591 110784
22500 3442 113760 3607 111240
22600 3449 114342 3617 111658
22700 3458 114928 3637 112072
22800 3462 115377 3647 112623
22900 3481 115962 3663 113038
23000 3487 116449 3672 113551
23100 3499 116945 3685 114055
23200 3516 117397 3700 114603
23300 3528 117949 3715 115051
23400 3538 118487 3722 115513
23500 3546 118945 3734 116055
23600 3558 119476 3743 116524
23700 3562 120079 3752 116921
23800 3576 120571 3761 117429
23900 3588 121039 3771 117961
24000 3598 121495 3782 118505
24100 3610 122003 3798 118997
24200 3616 122485 3810 119515
24300 3626 123043 3825 119957
24400 3634 123541 3833 120459
24500 3643 124069 3843 120931
24600 3658 124549 3855 121451
24700 3668 125112 3870 121888
24800 3680 125610 3879 122390
24900 3690 126152 3894 122848
25000 3702 126677 3910 123323
25100 3719 127242 3923 123758
25200 3731 127838 3937 124162
25300 3747 128398 3952 124602
25400 3760 128932 3965 125068
25500 3768 129491 3976 125509
25600 3782 129990 3982 126010
25700 3793 130379 3995 126621
25800 3805 130881 4005 127119
25900 3821 131384 4014 127616
26000 3836 131908 4031 128092
26100 3841 132407 4041 128593
26200 3865 132915 4057 129085
26300 3875 133475 4073 129525
26400 3888 134009 4081 129991
26500 3899 134575 4093 130425
26600 3905 135067 4102 130933
26700 3912 135596 4111 131404
26800 3918 136086 4119 131914
26900 3928 136504 4136 132496
27000 3938 137026 4144 132974
27100 3951 137589 4156 133411
27200 3965 138053 4167 133947
27300 3974 138580 4180 134420
27400 3993 139037 4193 134963
27500 3999 139592 4202 135408
27600 4011 140106 4219 135894
27700 4020 140694 4230 136306
27800 4036 141167 4242 136833
27900 4048 141672 4252 137328
28000 4056 142165 4260 137835
28100 4064 142656 4273 138344
28200 4081 143179 4287 138821
28300 4092 143635 4295 139365
28400 4103 144133 4305 139867
28500 4121 144564 4321 140436
28600 4132 145077 4332 140923
28700 4143 145537 4339 141463
28800 4149 146087 4347 141913
28900 4158 146558 4357 142442
29000 4176 147083 4368 142917
29100 4187 147543 4378 143457
29200 4195 147997 4386 144003
29300 4204 148493 4398 144507
29400 4213 148914 4410 145086
29500 4223 149304 4416 145696
29600 4231 149833 4430 146167
29700 4243 150423 4439 146577
29800 4257 150935 4446 147065
29900 4263 151410 4450 147590
30000 4277 152011 4461 147989
30100 4292 152535 4475 148465
30200 4305 153010 4487 148990
30300 4318 153544 4497 149456
30400 4332 154120 4505 149880
30500 4340 154539 4515 150461
30600 4350 155105 4525 150895
30700 4361 155581 4537 151419
30800 4368 156086 4547 151914
30900 4380 156614 4561 152386
31000 4400 157156 4579 152844
31100 4407 157643 4586 153357
31200 4420 158156 4600 153844
31300 4433 158651 4608 154349
31400 4447 159136 4620 154864
31500 4461 159687 4636 155313
31600 4469 160294 4647 155706
31700 4478 160775 4665 156225
31800 4487 161254 4681 156746
31900 4492 161726 4688 157274
32000 4502 162220 4700 157780
32100 4515 162703 4712 158297
32200 4523 163302 4718 158698
32300 4534 163728 4726 159272
32400 4549 164224 4736 159776
32500 4565 164801 4753 160199
32600 4579 165371 4767 160629
32700 4584 165869 4783 161131
32800 4592 166382 4798 161618
32900 4607 166937 4817 162063
33000 4621 167405 4825 162595
33100 4630 167941 4833 163059
33200 4648 168444 4841 163556
33300 4658 168899 4852 164101
33400 4670 169364 4865 164636
33500 4681 169837 4878 165163
33600 4690 170397 4889 165603
33700 4699 170857 4899 166143
33800 4716 171394 4916 166606
33900 4721 171878 4926 167122
34000 4741 172410 4942 167590
34100 4764 172951 4958 168049
34200 4772 173557 4973 168443
34300 4784 174156 4989 168844
34400 4801 174671 5004 169329
34500 4811 175154 5021 169846
34600 4831 175621 5033 170379
34700 4842 176032 5047 170968
34800 4850 176564 5063 171436
34900 4862 177119 5081 171881
35000 4873 177607 5099 172393
35100 4885 178130 5113 172870
35200 4893 178625 5127 173375
35300 4911 179098 5136 173902
35400 4923 179594 5149 174406
35500 4942 180113 5159 174887
35600 4954 180539 5169 175461
35700 4967 180994 5184 176006
35800 4978 181391 5199 176609
35900 4991 181943 5204 177057
36000 4998 182462 5213 177538
36100 5004 182970 5222 178030
36200 5014 183461 5233 178539
36300 5033 183964 5245 179036
36400 5045 184509 5258 179491
36500 5057 185109 5269 179891
36600 5072 185639 5281 180361
36700 5083 186245 5295 180755
36800 5094 186811 5308 181189
36900 5101 187337 5314 181663
37000 5116 187840 5323 182160
37100 5129 188359 5333 182641
37200 5142 188847 5345 183153
37300 5150 189296 5351 183704
37400 5163 189723 5361 184277
37500 5185 190199 5374 184801
37600 5193 190730 5392 185270
37700 5204 191189 5402 185811
37800 5218 191698 5411 186302
37900 5237 192169 5429 186831
38000 5260 192700 5449 187300
38100 5274 193225 5468 187775
38200 5292 193742 5477 188258
38300 5305 194319 5490 188681
38400 5313 194882 5503 189118
38500 5321 195400 5514 189600
38600 5329 195946 5527 190054
38700 5347 196475 5542 190525
38800 5358 196962 5557 191038
38900 5368 197476 5571 191524
39000 5381 197980 5581 192020
39100 5394 198504 5590 192496
39200 5406 198979 5601 193021
39300 5419 199488 5613 193512
39400 5430 200052 5622 193948
39500 5449 200621 5634 194379
39600 5458 201069 5643 194931
39700 5466 201554 5656 195446
39800 5478 202061 5668 195939
39900 5490 202666 5687 196334
40000 5503 203167 5701 196833
40100 5517 203677 5717 197323
40200 5526 204182 5723 197818
40300 5541 204763 5737 198237
40400 5551 205277 5747 198723
40500 5564 205795 5762 199205
40600 5574 206333 5779 199667
40700 5585 206798 5783 200202
40800 5601 207295 5794 200705
40900 5613 207755 5806 201245
41000 5623 208199 5814 201801
41100 5633 208677 5824 202323
41200 5652 209261 5832 202739
41300 5661 209745 5843 203255
41400 5674 210302 5854 203698
41500 5680 210784 5862 204216
41600 5688 211277 5877 204723
41700 5701 211836 5890 205164
41800 5711 212370 5900 205630
41900 5720 212863 5909 206137
42000 5732 213355 5926 206645
42100 5738 213869 5931 207131
42200 5757 214486 5947 207514
42300 5772 214994 5953 208006
42400 5786 215466 5967 208534
42500 5801 215871 5988 209129
42600 5811 216403 6000 209597
42700 5823 216830 6013 210170
42800 5838 217336 6025 210664
42900 5847 217945 6031 211055
43000 5858 218352 6035 211648
43100 5868 218856 6043 212144
43200 5879 219348 6062 212652
43300 5893 219881 6073 213119
43400 5907 220317 6086 213683
43500 5926 220872 6103 214128
43600 5950 221392 6119 214608
43700 5960 221957 6130 215043
43800 5969 222466 6143 215534
43900 5980 222950 6152 216050
44000 5998 223503 6164 216497
44100 6005 224117 6171 216883
44200 6017 224563 6181 217437
44300 6035 224997 6193 218003
44400 6046 225510 6205 218490
44500 6059 226048 6218 218952
44600 6075 226550 6234 219450
44700 6089 227022 6246 219978
44800 6095 227560 6258 220440
44900 6106 228070 6275 220930
45000 6119 228571 6290 221429
45100 6131 229093 6301 221907
45200 6143 229549 6315 222451
45300 6149 230043 6325 222957
45400 6163 230596 6332 223404
45500 6170 231066 6340 223934
45600 6180 231587 6351 224413
45700 6189 232134 6361 224866
45800 6203 232669 6379 225331
45900 6223 233205 6399 225795
46000 6236 233733 6412 226267
46100 6256 234294 6428 226706
46200 6263 234772 6436 227228
46300 6282 235289 6440 227711
46400 6303 235762 6451 228238
46500 6316 236220 6463 228780
46600 6333 236796 6480 229204
46700 6347 237295 6490 229705
46800 6357 237755 6506 230245
46900 6371 238195 6520 230805
47000 6389 238710 6533 231290
47100 6402 239189 6545 231811
47200 6408 239677 6553 232323
47300 6420 240158 6562 232842
47400 6433 240741 6576 233259
47500 6454 241317 6587 233683
47600 6457 241864 6603 234136
47700 6470 242322 6623 234678
47800 6483 242899 6631 235101
47900 6492 243395 6640 235605
48000 6502 243830 6657 236170
48100 6513 244376 6669 236624
48200 6528 244829 6680 237171
48300 6537 245320 6696 237680
48400 6548 245784 6709 238216
48500 6555 246223 6717 238777
48600 6570 246654 6729 239346
48700 6586 247198 6745 239802
48800 6596 247725 6762 240275
48900 6604 248268 6771 240732
49000 6612 248768 6777 241232
49100 6622 249223 6789 241777
49200 6636 249737 6804 242263
49300 6657 250240 6818 242760
49400 6670 250782 6828 243218
49500 6685 251292 6840 243708
49600 6696 251828 6846 244172
49700 6715 252387 6855 244613
49800 6730 252968 6869 245032
49900 6740 253448 6888 245552
50000 6748 253939 6897 246061
50100 6756 254436 6907 246564
50200 6768 254922 6921 247078
50300 6783 255451 6933 247549
50400 6808 256038 6949 247962
50500 6818 256524 6958 248476
50600 6831 257069 6966 248931
50700 6840 257652 6979 249348
50800 6857 258170 6990 249830
50900 6867 258736 6997 250264
51000 6881 259230 7013 250770
51100 6892 259738 7026 251262
51200 6910 260263 7043 251737
51300 6920 260830 7059 252170
51400 6926 261325 7068 252675
51500 6936 261869 7083 253131
51600 6945 262317 7099 253683
51700 6953 262781 7109 254219
51800 6974 263292 7122 254708
51900 6988 263770 7131 255230
52000 6999 264288 7140 255712
52100 7008 264850 7158 256150
52200 7026 265372 7166 256628
52300 7043 265949 7176 257051
52400 7058 266476 7188 257524
52500 7071 267052 7200 257948
52600 7090 267679 7211 258321
52700 7109 268231 7226 258769
52800 7129 268699 7239 259301
52900 7146 269116 7264 259884
53000 7156 269603 7274 260397
53100 7167 270104 7283 260896
53200 7180 270624 7301 261376
53300 7192 271193 7305 261807
53400 7206 271743 7322 262257
53500 7221 272250 7333 262750
53600 7226 272745 7340 263255
53700 7239 273182 7350 263818
53800 7251 273682 7365 264318
53900 7269 274210 7376 264790
54000 7280 274738 7397 265262
54100 7296 275193 7415 265807
54200 7311 275691 7434 266309
54300 7327 276224 7449 266776
54400 7345 276692 7466 267308
54500 7353 277209 7477 267791
54600 7369 277706 7488 268294
54700 7383 278186 7493 268814
54800 7399 278692 7510 269308
54900 7403 279218 7517 269782
55000 7412 279716 7529 270284
55100 7423 280293 7542 270707
55200 7442 280805 7559 271195
55300 7454 281343 7565 271657
55400 7462 281850 7579 272150
55500 7479 282452 7590 272548
55600 7488 283036 7605 272964
55700 7502 283641 7621 273359
55800 7515 284136 7630 273864
55900 7529 284645 7644 274355
56000 7541 285017 7654 274983
56100 7555 285565 7672 275435
56200 7563 286015 7682 275985
56300 7578 286601 7697 276399
56400 7591 287115 7703 276885
56500 7604 287600 7723 277400
56600 7615 288144 7735 277856
56700 7629 288756 7749 278244
56800 7643 289327 7762 278673
56900 7650 289850 7777 279150
57000 7664 290493 7790 279507
57100 7677 291064 7805 279936
57200 7684 291643 7818 280357
57300 7695 292054 7832 280946
57400 7709 292525 7840 281475
57500 7721 293002 7852 281998
57600 7738 293512 7866 282488
57700 7748 294070 7876 282930
57800 7762 294638 7889 283362
57900 7777 295089 7902 283911
58000 7783 295644 7911 284356
58100 7792 296022 7924 284978
58200 7804 296513 7937 285487
58300 7812 297061 7948 285939
58400 7827 297591 7961 286409
58500 7842 298143 7974 286857
58600 7858 298625 7979 287375
58700 7868 299106 7988 287894
58800 7878 299635 7995 288365
58900 7890 300135 8010 288865
59000 7901 300653 8026 289347
59100 7908 301084 8040 289916
59200 7919 301653 8050 290347
59300 7934 302191 8071 290809
59400 7950 302677 8085 291323
59500 7971 303234 8097 291766
59600 7988 303797 8110 292203
59700 8002 304299 8125 292701
59800 8016 304809 8138 293191
59900 8029 305257 8151 293743
60000 8044 305786 8165 294214
60100 8058 306416 8176 294584
60200 8075 306966 8194 295034
60300 8089 307504 8210 295496
60400 8094 308042 8223 295958
60500 8108 308534 8235 296466
60600 8119 309046 8254 296954
60700 8129 309567 8262 297433
60800 8142 310105 8276 297895
60900 8156 310629 8285 298371
61000 8169 311194 8295 298806
61100 8183 311738 8309 299262
61200 8195 312229 8326 299771
61300 8209 312671 8338 300329
61400 8220 313262 8349 300738
61500 8232 313723 8359 301277
61600 8245 314227 8370 301773
61700 8256 314805 8379 302195
61800 8267 315339 8390 302661
61900 8288 315912 8410 303088
62000 8297 316389 8421 303611
62100 8310 316941 8428 304059
62200 8319 317449 8436 304551
62300 8338 317897 8450 305103
62400 8357 318440 8461 305560
62500 8371 318944 8476 306056
62600 8381 319483 8486 306517
62700 8389 319933 8495 307067
62800 8399 320563 8503 307437
62900 8408 321186 8516 307814
63000 8418 321743 8533 308257
63100 8428 322280 8556 308720
63200 8438 322847 8569 309153
63300 8457 323303 8588 309697
63400 8467 323791 8593 310209
63500 8486 324306 8610 310694
63600 8500 324881 8624 311119
63700 8510 325447 8634 311553
63800 8520 325948 8638 312052
63900 8525 326553 8647 312447
64000 8536 327131 8658 312869
64100 8558 327657 8673 313343
64200 8578 328089 8690 313911
64300 8588 328611 8705 314389
64400 8603 329181 8714 314819
64500 8617 329761 8728 315239
64600 8636 330312 8742 315688
64700 8646 330837 8747 316163
64800 8660 331280 8754 316720
64900 8684 331741 8765 317259
65000 8701 332181 8780 317819
65100 8713 332645 8792 318355
65200 8718 333074 8807 318926
65300 8728 333558 8816 319442
65400 8739 334096 8827 319904
65500 8749 334596 8839 320404
65600 8768 335150 8860 320850
65700 8779 335712 8870 321288
65800 8787 336293 8874 321707
65900 8792 336794 8887 322206
66000 8805 337271 8898 322729
66100 8811 337786 8913 323214
66200 8821 338298 8928 323702
66300 8836 338809 8941 324191
66400 8847 339348 8955 324652
66500 8866 339903 8970 325097
66600 8879 340496 8992 325504
66700 8896 341040 8999 325960
66800 8903 341530 9005 326470
66900 8913 341994 9011 327006
67000 8928 342453 9025 327547
67100 8944 342893 9040 328107
67200 8952 343353 9052 328647
67300 8968 343846 9069 329154
67400 8979 344301 9080 329699
67500 8988 344799 9092 330201
67600 8993 345370 9104 330630
67700 9010 345842 9123 331158
67800 9021 346348 9136 331652
67900 9033 346857 9146 332143
68000 9047 347370 9161 332630
68100 9066 347929 9181 333071
68200 9074 348441 9195 333559
68300 9083 348948 9203 334052
68400 9101 349454 9212 334546
68500 9111 349967 9225 335033
68600 9122 350522 9241 335478
68700 9132 351169 9253 335831
68800 9148 351672 9262 336328
68900 9159 352121 9269 336879
69000 9166 352689 9283 337311
69100 9181 353161 9299 337839
69200 9188 353607 9312 338393
69300 9197 354082 9327 338918
69400 9207 354592 9339 339408
69500 9226 355063 9348 339937
69600 9232 355467 9353 340533
69700 9241 355962 9357 341038
69800 9257 356487 9371 341513
69900 9270 357012 9385 341988
70000 9274 357529 9400 342471
70100 9284 358061 9406 342939
70200 9308 358630 9418 343370
70300 9324 359223 9431 343777
70400 9332 359665 9444 344335
70500 9343 360189 9456 344811
70600 9357 360655 9466 345345
70700 9377 361166 9480 345834
70800 9383 361583 9492 346417
70900 9396 362044 9504 346956
71000 9418 362534 9530 347466
71100 9432 362929 9543 348071
71200 9447 363394 9552 348606
71300 9461 363896 9562 349104
71400 9475 364443 9576 349557
71500 9481 364967 9593 350033
71600 9497 365437 9597 350563
71700 9517 365949 9610 351051
71800 9535 366499 9619 351501
71900 9547 367107 9632 351893
72000 9562 367742 9642 352258
72100 9578 368247 9653 352753
72200 9591 368688 9665 353312
72300 9598 369181 9679 353819
72400 9605 369608 9685 354392
72500 9624 370057 9698 354943
72600 9636 370613 9712 355387
72700 9650 371198 9730 355802
72800 9663 371701 9738 356299
72900 9671 372104 9751 356896
73000 9676 372583 9759 357417
73100 9687 373042 9769 357958
73200 9696 373548 9780 358452
73300 9708 374091 9797 358909
73400 9714 374585 9804 359415
73500 9724 374966 9814 360034
73600 9731 375406 9824 360594
73700 9742 375882 9831 361118
73800 9753 376393 9837 361607
73900 9768 376866 9848 362134
74000 9778 377428 9861 362572
74100 9790 377903 9872 363097
74200 9808 378376 9891 363624
74300 9819 378917 9901 364083
74400 9826 379470 9913 364530
74500 9831 380006 9921 364994
74600 9849 380464 9937 365536
74700 9857 381019 9946 365981
74800 9862 381524 9953 366476
74900 9875 381947 9970 367053
75000 9887 382492 9987 367508
75100 9903 382986 10001 368014
75200 9918 383508 10003 368492
75300 9927 384010 10017 368990
75400 9941 384457 10031 369543
75500 9948 385014 10046 369986
75600 9962 385535 10059 370465
75700 9982 386143 10075 370857
75800 9997 386636 10088 371364
75900 10009 387075 10105 371925
76000 10025 387608 10117 372392
76100 10040 388188 10124 372812
76200 10049 388698 10140 373302
76300 10055 389226 10150 373774
76400 10062 389651 10162 374349
76500 10076 390115 10170 374885
76600 10093 390610 10193 375390
76700 10102 391097 10200 375903
76800 10115 391574 10213 376426
76900 10123 392037 10225 376963
77000 10135 392507 10242 377493
77100 10153 393027 10251 377973
77200 10164 393538 10270 378462
77300 10178 394034 10278 378966
77400 10195 394528 10288 379472
77500 10209 394996 10300 380004
77600 10224 395433 10312 380567
77700 10241 395844 10322 381156
77800 10252 396448 10337 381552
77900 10258 396984 10345 382016
78000 10275 397506 10360 382494
78100 10290 397974 10378 383026
78200 10302 398462 10388 383538
78300 10316 398991 10394 384009
78400 10332 399459 10413 384541
78500 10340 399942 10423 385058
78600 10350 400412 10437 385588
78700 10360 400976 10451 386024
78800 10374 401556 10461 386444
78900 10397 402197 10473 386803
79000 10412 402758 10484 387242
79100 10433 403301 10509 387699
79200 10449 403808 10518 388192
79300 10460 404345 10525 388655
79400 10472 404808 10540 389192
79500 10483 405284 10560 389716
79600 10497 405837 10570 390163
79700 10513 406457 10579 390543
79800 10533 407004 10594 390996
79900 10552 407505 10603 391495
80000 10564 407978 10618 392022
80100 10580 408436 10632 392564
80200 10589 408906 10642 393094
80300 10608 409368 10654 393632
80400 10621 409869 10670 394131
80500 10623 410364 10679 394636
80600 10644 410881 10692 395119
80700 10650 411363 10699 395637
80800 10669 411908 10717 396092
80900 10679 412449 10727 396551
81000 10688 412978 10746 397022
81100 10701 413451 10759 397549
81200 10704 413905 10772 398095
81300 10713 414439 10786 398561
81400 10727 414942 10799 399058
81500 10740 415438 10810 399562
81600 10747 415856 10817 400144
81700 10754 416326 10831 400674
81800 10769 416763 10848 401237
81900 10778 417245 10863 401755
82000 10788 417666 10872 402334
82100 10797 418102 10878 402898
82200 10802 418573 10890 403427
82300 10821 419092 10901 403908
82400 10833 419498 10922 404502
82500 10847 419985 10936 405015
82600 10860 420460 10951 405540
82700 10872 420946 10964 406054
82800 10883 421501 10977 406499
82900 10896 422054 10982 406946
83000 10908 422657 10987 407343
83100 10921 423162 10997 407838
83200 10928 423723 11004 408277
83300 10944 424262 11015 408738
83400 10947 424786 11021 409214
83500 10958 425242 11030 409758
83600 10965 425799 11033 410201
83700 10978 426332 11048 410668
83800 10995 426839 11059 411161
83900 11009 427244 11069 411756
84000 11023 427727 11081 412273
84100 11041 428195 11090 412805
84200 11057 428711 11106 413289
84300 11073 429219 11113 413781
84400 11088 429718 11125 414282
84500 11101 430164 11138 414836
84600 11113 430679 11150 415321
84700 11122 431188 11160 415812
84800 11131 431653 11172 416347
84900 11146 432201 11184 416799
85000 11162 432749 11198 417251
85100 11180 433217 11212 417783
85200 11186 433727 11221 418273
85300 11205 434231 11235 418769
85400 11211 434787 11253 419213
85500 11227 435322 11262 419678
85600 11249 435864 11275 420136
85700 11254 436393 11286 420607
85800 11259 436890 11298 421110
85900 11273 437400 11309 421600
86000 11281 437864 11318 422136
86100 11296 438373 11332 422627
86200 11312 438931 11344 423069
86300 11322 439546 11357 423454
86400 11332 440060 11366 423940
86500 11341 440717 11383 424283
86600 11356 441220 11395 424780
86700 11365 441551 11400 425449
86800 11375 442078 11412 425922
86900 11387 442678 11426 426322
87000 11406 443173 11439 426827
87100 11418 443610 11450 427390
87200 11426 444030 11458 427970
87300 11440 444565 11466 428435
87400 11453 445057 11478 428943
87500 11462 445671 11496 429329
87600 11479 446240 11510 429760
87700 11491 446757 11518 430243
87800 11502 447174 11527 430826
87900 11517 447724 11547 431276
88000 11532 448259 11560 431741
88100 11541 448701 11568 432299
88200 11545 449280 11576 432720
88300 11558 449815 11587 433185
88400 11569 450278 11603 433722
88500 11575 450760 11612 434240
88600 11583 451261 11617 434739
88700 11594 451782 11632 435218
88800 11609 452222 11642 435778
88900 11622 452716 11647 436284
89000 11636 453285 11660 436715
89100 11651 453719 11668 437281
89200 11670 454178 11685 437822
89300 11679 454630 11700 438370
89400 11695 455167 11710 438833
89500 11711 455655 11723 439345
89600 11721 456153 11732 439847
89700 11740 456655 11744 440345
89800 11758 457180 11750 440820
89900 11771 457754 11757 441246
90000 11780 458415 11767 441585
90100 11797 458936 11775 442064
90200 11808 459351 11787 442649
90300 11819 459885 11800 443115
90400 11827 460496 11816 443504
90500 11837 461068 11831 443932
90600 11854 461626 11836 444374
90700 11863 462104 11850 444896
90800 11875 462628 11858 445372
90900 11885 463167 11865 445833
91000 11896 463688 11877 446312
91100 11909 464191 11890 446809
91200 11921 464716 11907 447284
91300 11930 465248 11919 447752
91400 11942 465745 11928 448255
91500 11952 466279 11935 448721
91600 11961 466702 11945 449298
91700 11983 467250 11963 449750
91800 11993 467667 11975 450333
91900 12005 468209 11985 450791
92000 12015 468755 11992 451245
92100 12021 469378 12003 451622
92200 12040 469881 12012 452119
92300 12046 470358 12033 452642
92400 12060 470941 12053 453059
92500 12068 471459 12065 453541
92600 12076 472039 12071 453961
92700 12089 472476 12083 454524
92800 12096 472978 12097 455022
92900 12113 473435 12111 455565
93000 12116 473939 12120 456061
93100 12141 474469 12142 456531
93200 12153 474968 12159 457032
93300 12171 475486 12170 457514
93400 12184 476050 12178 457950
93500 12192 476545 12189 458455
93600 12200 477053 12195 458947
93700 12210 477633 12206 459367
93800 12229 478268 12223 459732
93900 12240 478736 12236 460264
94000 12250 479299 12250 460701
94100 12262 479787 12260 461213
94200 12273 480298 12271 461702
94300 12289 480825 12282 462175
94400 12300 481330 12300 462670
94500 12308 481890 12317 463110
94600 12322 482423 12327 463577
94700 12328 482864 12340 464136
94800 12333 483325 12350 464675
94900 12347 483799 12360 465201
95000 12359 484368 12370 465632
95100 12371 484814 12378 466186
95200 12381 485379 12387 466621
95300 12394 485847 12400 467153
95400 12416 486368 12415 467632
95500 12435 486827 12429 468173
95600 12456 487356 12447 468644
95700 12472 487849 12461 469151
95800 12488 488386 12474 469614
95900 12497 488843 12488 470157
96000 12515 489353 12505 470647
96100 12522 489777 12523 471223
96200 12530 490334 12539 471666
96300 12539 490792 12558 472208
96400 12564 491302 12575 472698
96500 12590 491792 12596 473208
96600 12605 492295 12605 473705
96700 12628 492793 12619 474207
96800 12643 493367 12633 474633
96900 12651 493875 12644 475125
97000 12663 494426 12662 475574
97100 12679 495007 12676 475993
97200 12688 495607 12684 476393
97300 12701 496149 12690 476851
97400 12713 496668 12699 477332
97500 12726 497092 12709 477908
97600 12740 497556 12724 478444
97700 12756 498076 12735 478924
97800 12770 498554 12737 479446
97900 12785 499090 12747 479910
98000 12802 499602 12764 480398
98100 12813 500073 12779 480927
98200 12822 500513 12792 481487
98300 12836 500995 12803 482005
98400 12842 501420 12814 482580
98500 12856 501945 12825 483055
98600 12866 502455 12836 483545
98700 12879 502964 12850 484036
98800 12896 503492 12867 484508
98900 12908 503999 12880 485001
99000 12930 504507 12890 485493
99100 12939 505002 12905 485998
99200 12950 505521 12924 486479
99300 12960 506030 12940 486970
99400 12979 506510 12955 487490
99500 12997 507055 12968 487945
99600 13007 507522 12986 488478
99700 13017 508138 12993 488862
99800 13026 508742 13003 489258
99900 13037 509320 13010 489680
100000 13048 509836 13024 490164
100100 13068 510399 13043 490601
100200 13076 510780 13055 491220
100300 13091 511322 13072 491678
100400 13109 511740 13082 492260
100500 13123 512123 13094 492877
100600 13142 512689 13107 493311
100700 13152 513222 13111 493778
100800 13162 513707 13117 494293
100900 13172 514197 13132 494803
101000 13191 514779 13153 495221
101100 13199 515319 13165 495681
101200 13207 515777 13173 496223
101300 13216 516238 13180 496762
101400 13228 516711 13192 497289
101500 13241 517271 13205 497729
101600 13258 517774 13220 498226
101700 13271 518292 13235 498708
101800 13289 518846 13256 499154
101900 13299 519414 13272 499586
102000 13309 519856 13283 500144
102100 13318 520392 13293 500608
102200 13333 520966 13306 501034
102300 13345 521521 13315 501479
102400 13351 521984 13328 502016
102500 13363 522494 13345 502506
102600 13368 522951 13357 503049
102700 13380 523465 13371 503535
102800 13391 523892 13380 504108
102900 13402 524372 13388 504628
103000 13412 524921 13401 505079
103100 13425 525347 13412 505653
103200 13440 525821 13423 506179
103300 13451 526281 13432 506719
103400 13459 526818 13444 507182
103500 13469 527301 13453 507699
103600 13476 527890 13460 508110
103700 13499 528409 13473 508591
103800 13510 529023 13485 508977
103900 13522 529616 13500 509384
104000 13530 530138 13521 509862
104100 13536 530700 13531 510300
104200 13545 531290 13545 510710
104300 13558 531817 13561 511183
104400 13567 532397 13576 511603
104500 13580 532861 13592 512139
104600 13593 533341 13608 512659
104700 13608 533839 13627 513161
104800 13631 534343 13641 513657
104900 13641 534768 13646 514232
105000 13650 535328 13658 514672
105100 13665 535888 13671 515112
105200 13680 536362 13681 515638
105300 13689 536875 13694 516125
105400 13700 537403 13702 516597
105500 13710 537975 13713 517025
105600 13716 538535 13721 517465
105700 13725 539014 13737 517986
105800 13742 539520 13741 518480
105900 13748 539942 13751 519058
106000 13760 540417 13762 519583
106100 13765 540943 13767 520057
106200 13773 541446 13782 520554
106300 13789 541985 13798 521015
106400 13810 542548 13816 521452
106500 13818 543015 13828 521985
106600 13829 543594 13846 522406
106700 13842 544130 13862 522870
106800 13864 544704 13878 523296
106900 13874 545265 13889 523735
107000 13882 545679 13901 524321
107100 13903 546269 13915 524731
107200 13914 546869 13930 525131
107300 13928 547452 13941 525548
107400 13944 548094 13951 525906
107500 13971 548574 13985 526426
107600 13980 549084 13992 526916
107700 13992 549606 14011 527394
107800 14004 550116 14024 527884
107900 14015 550515 14037 528485
108000 14026 551057 14052 528943
108100 14051 551577 14060 529423
108200 14061 552098 14074 529902
108300 14073 552617 14087 530383
108400 14082 553083 14096 530917
108500 14099 553570 14107 531430
108600 14112 554124 14117 531876
108700 14128 554725 14129 532275
108800 14143 555254 14138 532746
108900 14160 555758 14148 533242
109000 14173 556312 14160 533688
109100 14188 556845 14174 534155
109200 14204 557359 14180 534641
109300 14222 557883 14192 535117
109400 14237 558490 14207 535510
109500 14246 559048 14216 535952
109600 14263 559617 14227 536383
109700 14285 560137 14244 536863
109800 14294 560672 14261 537328
109900 14303 561219 14275 537781
110000 14319 561708 14284 538292
110100 14337 562120 14295 538880
110200 14349 562693 14306 539307
110300 14360 563210 14320 539790
110400 14371 563736 14329 540264
110500 14386 564299 14342 540701
110600 14391 564778 14354 541222
110700 14407 565265 14369 541735
110800 14411 565825 14381 542175
110900 14419 566330 14389 542670
111000 14429 566827 14402 543173
111100 14448 567339 14410 543661
111200 14458 567878 14425 544122
111300 14470 568451 14444 544549
111400 14480 568959 14459 545041
111500 14490 569448 14465 545552
111600 14500 569936 14478 546064
111700 14514 570480 14494 546520
111800 14523 570946 14505 547054
111900 14534 571501 14516 547499
112000 14545 571967 14524 548033
112100 14552 572403 14532 548597
112200 14572 572913 14549 549087
112300 14587 573439 14562 549561
112400 14608 573879 14574 550121
112500 14623 574437 14592 550563
112600 14642 574960 14606 551040
112700 14658 575426 14618 551574
112800 14670 576033 14631 551967
112900 14677 576558 14641 552442
113000 14687 577065 14651 552935
113100 14704 577541 14658 553459
113200 14718 578073 14667 553927
113300 14721 578566 14678 554434
113400 14730 579052 14689 554948
113500 14753 579651 14708 555349
113600 14768 580243 14717 555757
113700 14776 580709 14727 556291
113800 14789 581246 14735 556754
113900 14798 581717 14742 557283
114000 14806 582258 14751 557742
114100 14820 582700 14771 558300
114200 14829 583221 14779 558779
114300 14835 583733 14793 559267
114400 14852 584193 14809 559807
114500 14860 584664 14821 560336
114600 14871 585201 14833 560799
114700 14883 585679 14849 561321
114800 14892 586173 14857 561827
114900 14907 586657 14869 562343
115000 14920 587130 14879 562870
115100 14939 587659 14892 563341
115200 14962 588209 14906 563791
115300 14974 588824 14925 564176
115400 14986 589381 14932 564619
115500 15001 589897 14950 565103
115600 15013 590395 14966 565605
115700 15022 590937 14977 566063
115800 15043 591434 14991 566566
115900 15059 592013 15000 566987
116000 15079 592517 15006 567483
116100 15095 592968 15027 568032
116200 15104 593424 15040 568576
116300 15114 593880 15054 569120
116400 15130 594418 15078 569582
116500 15139 594817 15087 570183
116600 15154 595312 15099 570688
116700 15168 595877 15115 571123
116800 15177 596402 15121 571598
116900 15184 596899 15133 572101
117000 15192 597482 15149 572518
117100 15209 598043 15161 572957
117200 15219 598563 15171 573437
117300 15230 599095 15186 573905
117400 15242 599649 15198 574351
117500 15254 600163 15203 574837
117600 15261 600690 15212 575310
117700 15273 601241 15225 575759
117800 15279 601752 15232 576248
117900 15287 602176 15241 576824
118000 15310 602691 15260 577309
118100 15322 603198 15273 577802
118200 15339 603647 15283 578353
118300 15347 604190 15301 578810
118400 15355 604711 15308 579289
118500 15362 605293 15323 579707
118600 15374 605844 15327 580156
118700 15390 606401 15336 580599
118800 15403 606886 15346 581114
118900 15418 607387 15360 581613
119000 15428 607952 15367 582048
119100 15444 608345 15376 582655
119200 15459 608783 15383 583217
119300 15482 609313 15394 583687
119400 15489 609752 15405 584248
119500 15504 610261 15413 584739
119600 15514 610757 15425 585243
119700 15522 611182 15450 585818
119800 15536 611589 15462 586411
119900 15556 612095 15476 586905
120000 15566 612499 15490 587501
120100 15571 612990 15505 588010
120200 15596 613420 15524 588580
120300 15610 613967 15543 589033
120400 15614 614499 15551 589501
120500 15625 614975 15559 590025
120600 15638 615483 15564 590517
120700 15650 615891 15582 591109
120800 15670 616404 15598 591596
120900 15681 617025 15607 591975
121000 15700 617506 15626 592494
121100 15713 617989 15639 593011
121200 15725 618485 15648 593515
121300 15741 618924 15658 594076
121400 15758 619467 15668 594533
121500 15764 619957 15681 595043
121600 15781 620495 15698 595505
121700 15791 620894 15715 596106
121800 15807 621335 15725 596665
121900 15818 621885 15734 597115
122000 15824 622384 15740 597616
122100 15844 622951 15757 598049
122200 15856 623446 15765 598554
122300 15864 623980 15775 599020
122400 15876 624515 15788 599485
122500 15883 625000 15803 600000
122600 15895 625509 15814 600491
122700 15902 626036 15829 600964
122800 15916 626509 15845 601491
122900 15928 626980 15856 602020
123000 15943 627420 15872 602580
123100 15950 627958 15882 603042
123200 15968 628360 15896 603640
123300 15983 628878 15912 604122
123400 16003 629405 15926 604595
123500 16017 629982 15939 605018
123600 16031 630547 15951 605453
123700 16040 631065 15960 605935
123800 16053 631535 15968 606465
123900 16061 632046 15978 606954
124000 16075 632587 15998 607413
124100 16089 633110 16008 607890
124200 16100 633581 16024 608419
124300 16110 634108 16036 608892
124400 16124 634582 16051 609418
124500 16138 635132 16069 609868
124600 16142 635611 16081 610389
124700 16153 636132 16094 610868
124800 16160 636748 16106 611252
124900 16175 637235 16121 611765
125000 16193 637758 16136 612242
125100 16210 638186 16153 612814
125200 16227 638632 16178 613368
125300 16235 639060 16191 613940
125400 16245 639488 16200 614512
125500 16258 639972 16215 615028
125600 16267 640433 16231 615567
125700 16280 640869 16244 616131
125800 16292 641304 16253 616696
125900 16307 641861 16272 617139
126000 16318 642454 16284 617546
126100 16333 642976 16299 618024
126200 16344 643525 16308 618475
126300 16356 644123 16315 618877
126400 16370 644722 16325 619278
126500 16387 645311 16336 619689
126600 16393 645816 16344 620184
126700 16403 646320 16349 620680
126800 16416 646868 16360 621132
126900 16430 647359 16378 621641
127000 16441 647945 16388 622055
127100 16455 648433 16400 622567
127200 16472 648923 16416 623077
127300 16489 649413 16430 623587
127400 16500 649982 16438 624018
127500 16526 650582 16453 624418
127600 16539 651037 16474 624963
127700 16549 651531 16484 625469
127800 16564 652118 16504 625882
127900 16578 652545 16520 626455
128000 16590 653015 16538 626985
128100 16611 653492 16558 627508
128200 16617 654016 16574 627984
128300 16639 654601 16590 628399
128400 16652 655108 16605 628892
128500 16661 655595 16619 629405
128600 16686 656063 16634 629937
128700 16701 656625 16646 630375
128800 16716 657186 16661 630814
128900 16734 657638 16671 631362
129000 16748 658190 16687 631810
129100 16773 658720 16709 632280
129200 16785 659246 16723 632754
129300 16789 659705 16730 633295
129400 16799 660222 16742 633778
129500 16813 660682 16763 634318
129600 16830 661173 16781 634827
129700 16848 661709 16792 635291
129800 16854 662180 16807 635820
129900 16865 662657 16822 636343
130000 16877 663179 16838 636821
130100 16892 663723 16848 637277
130200 16905 664145 16857 637855
130300 16925 664707 16870 638293
130400 16936 665256 16878 638744
130500 16952 665782 16893 639218
130600 16959 666365 16902 639635
130700 16975 666844 16920 640156
130800 16986 667342 16935 640658
130900 17004 667869 16948 641131
131000 17005 668426 16964 641574
131100 17021 668871 16979 642129
131200 17036 669341 16995 642659
131300 17045 669856 17005 643144
131400 17059 670370 17024 643630
131500 17064 670865 17037 644135
131600 17078 671367 17052 644633
131700 17092 671913 17065 645087
131800 17099 672403 17082 645597
131900 17109 672950 17096 646050
132000 17118 673438 17103 646562
132100 17133 674033 17117 646967
132200 17149 674567 17134 647433
132300 17168 675041 17149 647959
132400 17181 675516 17157 648484
132500 17189 676096 17170 648904
132600 17204 676608 17183 649392
132700 17216 677022 17194 649978
132800 17226 677492 17207 650508
132900 17237 677978 17216 651022
133000 17250 678529 17232 651471
133100 17271 678946 17243 652054
133200 17275 679401 17261 652599
133300 17284 679919 17265 653081
133400 17297 680440 17279 653560
133500 17311 681012 17289 653988
133600 17319 681511 17301 654489
133700 17331 682041 17313 654959
133800 17338 682560 17325 655440
133900 17349 683067 17336 655933
134000 17363 683515 17347 656485
134100 17379 684033 17357 656967
134200 17388 684627 17368 657373
134300 17395 685110 17383 657890
134400 17411 685649 17395 658351
134500 17425 686217 17406 658783
134600 17433 686707 17416 659293
134700 17445 687294 17430 659706
134800 17460 687837 17448 660163
134900 17470 688326 17460 660674
135000 17478 688750 17468 661250
135100 17490 689312 17476 661688
135200 17499 689855 17489 662145
135300 17516 690350 17503 662650
135400 17530 690916 17520 663084
135500 17534 691377 17535 663623
135600 17548 691851 17552 664149
135700 17572 692416 17569 664584
135800 17591 692952 17586 665048
135900 17607 693466 17598 665534
136000 17616 693834 17603 666166
136100 17631 694293 17616 666707
136200 17638 694786 17627 667214
136300 17645 695318 17635 667682
136400 17660 695810 17643 668190
136500 17669 696274 17654 668726
136600 17679 696796 17661 669204
136700 17688 697277 17674 669723
136800 17705 697846 17688 670154
136900 17713 698334 17700 670666
137000 17720 698759 17710 671241
137100 17735 699242 17722 671758
137200 17742 699787 17734 672213
137300 17760 700296 17747 672704
137400 17773 700796 17760 673204
137500 17787 701366 17769 673634
137600 17796 702004 17776 673996
137700 17809 702541 17789 674459
137800 17816 703138 17799 674862
137900 17835 703748 17814 675252
138000 17845 704267 17824 675733
138100 17854 704773 17832 676227
138200 17866 705271 17842 676729
138300 17875 705785 17854 677215
138400 17889 706280 17864 677720
138500 17899 706687 17879 678313
138600 17909 707213 17889 678787
138700 17928 707761 17908 679239
138800 17946 708295 17919 679705
138900 17959 708853 17935 680147
139000 17971 709417 17952 680583
139100 17987 709900 17966 681100
139200 17997 710444 17980 681556
139300 18012 710933 17985 682067
139400 18022 711464 17995 682536
139500 18038 712000 18010 683000
139600 18049 712496 18016 683504
139700 18064 712897 18035 684103
139800 18075 713427 18050 684573
139900 18094 714020 18067 684980
140000 18107 714496 18077 685504
140100 18117 714975 18090 686025
140200 18127 715456 18098 686544
140300 18151 715985 18114 687015
140400 18172 716493 18127 687507
140500 18183 716952 18134 688048
140600 18198 717387 18142 688613
140700 18205 717803 18155 689197
140800 18215 718295 18167 689705
140900 18221 718804 18174 690196
141000 18230 719336 18183 690664
141100 18247 719894 18198 691106
141200 18255 720386 18208 691614
141300 18268 720912 18219 692088
141400 18273 721441 18231 692559
141500 18288 721978 18245 693022
141600 18295 722520 18250 693480
141700 18309 722982 18266 694018
141800 18315 723406 18277 694594
141900 18328 724005 18287 694995
142000 18346 724495 18309 695505
142100 18356 725010 18320 695990
142200 18367 725576 18336 696424
142300 18385 726018 18357 696982
142400 18394 726435 18368 697565
142500 18410 726928 18376 698072
142600 18423 727427 18386 698573
142700 18432 727825 18403 699175
142800 18447 728386 18418 699614
142900 18464 728856 18438 700144
143000 18476 729334 18447 700666
143100 18487 729864 18458 701136
143200 18499 730389 18466 701611
143300 18510 730860 18475 702140
143400 18520 731350 18485 702650
143500 18539 731858 18498 703142
143600 18553 732332 18510 703668
143700 18567 732883 18521 704117
143800 18575 733397 18535 704603
143900 18584 733898 18553 705102
144000 18595 734346 18561 705654
144100 18612 734848 18576 706152
144200 18629 735363 18591 706637
144300 18645 735903 18599 707097
144400 18671 736405 18614 707595
144500 18680 736919 18624 708081
144600 18687 737441 18631 708559
144700 18694 737892 18641 709108
144800 18714 738445 18655 709555
144900 18730 738985 18665 710015
145000 18748 739475 18677 710525
145100 18765 739966 18689 711034
145200 18778 740505 18697 711495
145300 18791 740992 18713 712008
145400 18802 741442 18730 712558
145500 18819 741977 18742 713023
145600 18829 742437 18751 713563
145700 18838 742942 18763 714058
145800 18854 743393 18783 714607
145900 18863 743811 18792 715189
146000 18880 744251 18804 715749
146100 18898 744866 18819 716134
146200 18912 745535 18834 716465
146300 18921 746065 18851 716935
146400 18934 746619 18859 717381
146500 18943 747098 18877 717902
146600 18949 747685 18886 718315
146700 18968 748203 18906 718797
146800 18980 748743 18924 719257
146900 18987 749299 18936 719701
147000 18998 749762 18940 720238
147100 19007 750342 18956 720658
147200 19021 750968 18968 721032
147300 19026 751374 18980 721626
147400 19042 751882 18993 722118
147500 19050 752437 19006 722563
147600 19059 752922 19018 723078
147700 19065 753525 19023 723475
147800 19082 754011 19041 723989
147900 19098 754483 19048 724517
148000 19105 755047 19058 724953
148100 19122 755550 19072 725450
148200 19139 756162 19083 725838
148300 19159 756680 19099 726320
148400 19175 757243 19116 726757
148500 19195 757711 19135 727289
148600 19207 758176 19151 727824
148700 19218 758727 19163 728273
148800 19228 759270 19174 728730
148900 19240 759898 19194 729102
149000 19249 760447 19211 729553
149100 19260 761006 19221 729994
149200 19265 761575 19241 730425
149300 19279 762115 19256 730885
149400 19290 762659 19266 731341
149500 19305 763225 19283 731775
149600 19321 763792 19299 732208
149700 19338 764394 19309 732606
149800 19358 764987 19318 733013
149900 19375 765465 19333 733535
150000 19388 766029 19351 733971
150100 19396 766529 19356 734471
150200 19399 766968 19365 735032
150300 19415 767502 19373 735498
150400 19424 768005 19387 735995
150500 19439 768513 19399 736487
150600 19451 769012 19408 736988
150700 19465 769574 19416 737426
150800 19487 770020 19430 737980
150900 19499 770507 19442 738493
151000 19511 770989 19453 739011
151100 19517 771450 19463 739550
151200 19529 771959 19476 740041
151300 19538 772491 19491 740509
151400 19553 772964 19509 741036
151500 19561 773402 19515 741598
151600 19580 773820 19535 742180
151700 19591 774368 19543 742632
151800 19598 774877 19557 743123
151900 19607 775372 19571 743628
152000 19613 775862 19586 744138
152100 19620 776433 19597 744567
152200 19638 776866 19609 745134
152300 19644 777345 19621 745655
152400 19657 777868 19639 746132
152500 19669 778384 19662 746616
152600 19685 778918 19679 747082
152700 19693 779454 19689 747546
152800 19704 779947 19708 748053
152900 19714 780522 19725 748478
153000 19732 781139 19745 748861
153100 19741 781607 19760 749393
153200 19751 782120 19768 749880
153300 19769 782577 19780 750423
153400 19776 783012 19785 750988
153500 19784 783582 19799 751418
153600 19792 784066 19811 751934
153700 19810 784633 19823 752367
153800 19826 785112 19834 752888
153900 19841 785724 19845 753276
154000 19855 786220 19853 753780
154100 19868 786652 19862 754348
154200 19885 787201 19875 754799
154300 19896 787758 19889 755242
154400 19904 788269 19897 755731
154500 19912 788751 19908 756249
154600 19925 789234 19925 756766
154700 19940 789744 19942 757256
154800 19952 790289 19952 757711
154900 19961 790781 19969 758219
155000 19966 791284 19980 758716
155100 19973 791818 19987 759182
155200 19987 792274 19998 759726
155300 20000 792738 20009 760262
155400 20009 793255 20016 760745
155500 20018 793746 20026 761254
155600 20026 794253 20036 761747
155700 20034 794739 20043 762261
155800 20048 795245 20050 762755
155900 20061 795801 20063 763199
156000 20072 796246 20073 763754
156100 20088 796702 20094 764298
156200 20103 797183 20109 764817
156300 20110 797642 20115 765358
156400 20124 798140 20129 765860
156500 20139 798647 20135 766353
156600 20145 799227 20140 766773
156700 20154 799753 20148 767247
156800 20163 800280 20161 767720
156900 20167 800756 20171 768244
157000 20172 801295 20187 768705
157100 20190 801796 20201 769204
157200 20199 802327 20207 769673
157300 20210 802878 20220 770122
157400 20225 803313 20238 770687
157500 20234 803790 20246 771210
157600 20242 804271 20260 771729
157700 20257 804759 20280 772241
157800 20268 805288 20294 772712
157900 20283 805908 20312 773092
158000 20299 806431 20324 773569
158100 20318 806876 20335 774124
158200 20326 807288 20347 774712
158300 20343 807809 20360 775191
158400 20354 808391 20378 775609
158500 20360 808820 20388 776180
158600 20364 809381 20394 776619
158700 20380 809900 20405 777100
158800 20389 810473 20425 777527
158900 20400 811034 20430 777966
159000 20416 811496 20446 778504
159100 20427 812040 20462 778960
159200 20439 812585 20475 779415
159300 20454 813087 20490 779913
159400 20466 813525 20504 780475
159500 20479 813978 20517 781022
159600 20491 814437 20534 781563
159700 20504 814949 20551 782051
159800 20517 815454 20563 782546
159900 20528 815992 20572 783008
160000 20542 816498 20592 783502
160100 20554 816949 20605 784051
160200 20560 817392 20621 784608
160300 20569 817887 20632 785113
160400 20577 818375 20642 785625
160500 20590 818919 20659 786081
160600 20592 819388 20669 786612
160700 20610 819868 20679 787132
160800 20627 820348 20697 787652
160900 20634 820834 20706 788166
161000 20644 821427 20713 788573
161100 20653 821898 20718 789102
161200 20662 822430 20727 789570
161300 20673 822998 20733 790002
161400 20694 823445 20745 790555
161500 20697 823862 20748 791138
161600 20706 824381 20758 791619
161700 20716 824833 20769 792167
161800 20732 825317 20795 792683
161900 20747 825813 20807 793187
162000 20755 826449 20817 793551
162100 20772 826947 20835 794053
162200 20787 827505 20846 794495
162300 20799 828022 20853 794978
162400 20815 828570 20865 795430
162500 20824 829184 20871 795816
162600 20840 829787 20884 796213
162700 20854 830376 20896 796624
162800 20873 830899 20912 797101
162900 20886 831469 20931 797531
163000 20898 832028 20936 797972
163100 20911 832577 20943 798423
163200 20918 833077 20951 798923
163300 20924 833568 20960 799432
163400 20935 834088 20970 799912
163500 20942 834596 20977 800404
163600 20954 835202 20992 800798
163700 20970 835752 21001 801248
163800 20986 836279 21014 801721
163900 20992 836843 21029 802157
164000 21010 837306 21041 802694
164100 21026 837949 21057 803051
164200 21036 838472 21072 803528
164300 21043 838842 21081 804158
164400 21064 839302 21100 804698
164500 21085 839920 21113 805080
164600 21115 840455 21131 805545
164700 21123 841020 21146 805980
164800 21136 841596 21157 806404
164900 21149 842062 21173 806938
165000 21160 842526 21186 807474
165100 21172 843124 21198 807876
165200 21188 843605 21214 808395
165300 21204 844104 21223 808896
165400 21212 844674 21235 809326
165500 21228 845195 21246 809805
165600 21236 845778 21260 810222
165700 21252 846268 21272 810732
165800 21261 846808 21287 811192
165900 21273 847345 21298 811655
166000 21288 847742 21308 812258
166100 21307 848285 21321 812715
166200 21319 848677 21333 813323
166300 21325 849218 21344 813782
166400 21330 849736 21349 814264
166500 21340 850242 21363 814758
166600 21350 850769 21376 815231
166700 21360 851259 21393 815741
166800 21376 851736 21403 816264
166900 21383 852207 21417 816793
167000 21390 852722 21429 817278
167100 21405 853181 21443 817819
167200 21424 853711 21457 818289
167300 21443 854223 21475 818777
167400 21456 854781 21482 819219
167500 21467 855318 21502 819682
167600 21478 855896 21514 820104
167700 21491 856405 21526 820595
167800 21499 856956 21537 821044
167900 21510 857408 21547 821592
168000 21524 857836 21567 822164
168100 21529 858423 21584 822577
168200 21534 858903 21595 823097
168300 21543 859415 21604 823585
168400 21561 859921 21617 824079
168500 21574 860473 21625 824527
168600 21592 861040 21639 824960
168700 21603 861576 21657 825424
168800 21618 862174 21676 825826
168900 21631 862751 21690 826249
169000 21653 863406 21702 826594
169100 21665 863900 21711 827100
169200 21682 864472 21729 827528
169300 21697 864995 21742 828005
169400 21712 865527 21749 828473
169500 21727 866066 21762 828934
169600 21743 866467 21776 829533
169700 21758 866960 21783 830040
169800 21766 867475 21797 830525
169900 21785 867935 21810 831065
170000 21798 868296 21816 831704
170100 21810 868753 21830 832247
170200 21820 869258 21842 832742
170300 21831 869712 21856 833288
170400 21842 870086 21867 833914
170500 21856 870535 21875 834465
170600 21871 871086 21885 834914
170700 21886 871561 21898 835439
170800 21906 872115 21903 835885
170900 21919 872576 21915 836424
171000 21931 873108 21930 836892
171100 21953 873638 21943 837362
171200 21968 874082 21955 837918
171300 21977 874597 21966 838403
171400 21991 875094 21983 838906
171500 22014 875578 22004 839422
171600 22034 876086 22024 839914
171700 22042 876709 22036 840291
171800 22050 877215 22047 840785
171900 22073 877660 22063 841340
172000 22086 878137 22071 841863
172100 22097 878690 22089 842310
172200 22111 879194 22103 842806
172300 22127 879663 22112 843337
172400 22148 880200 22126 843800
172500 22168 880648 22142 844352
172600 22175 881182 22145 844818
172700 22183 881683 22160 845317
172800 22195 882159 22172 845841
172900 22209 882724 22187 846276
173000 22216 883283 22198 846717
173100 22234 883822 22207 847178
173200 22240 884342 22212 847658
173300 22255 884805 22224 848195
173400 22267 885303 22236 848697
173500 22272 885807 22249 849193
173600 22283 886296 22262 849704
173700 22297 886850 22270 850150
173800 22304 887330 22275 850670
173900 22325 887806 22285 851194
174000 22335 888313 22300 851687
174100 22340 888857 22308 852143
174200 22359 889359 22319 852641
174300 22366 889956 22335 853044
174400 22386 890453 22350 853547
174500 22396 890955 22364 854045
174600 22408 891427 22377 854573
174700 22423 892018 22390 854982
174800 22434 892531 22402 855469
174900 22443 893129 22414 855871
175000 22456 893670 22431 856330
175100 22471 894177 22454 856823
175200 22486 894753 22466 857247
175300 22496 895245 22481 857755
175400 22507 895696 22491 858304
175500 22524 896200 22502 858800
175600 22535 896650 22513 859350
175700 22550 897160 22525 859840
175800 22562 897695 22533 860305
175900 22575 898230 22552 860770
176000 22587 898746 22568 861254
176100 22600 899274 22584 861726
176200 22617 899740 22600 862260
176300 22626 900300 22610 862700
176400 22642 900774 22626 863226
176500 22650 901288 22639 863712
176600 22659 901807 22655 864193
176700 22668 902308 22672 864692
176800 22678 902857 22684 865143
176900 22692 903441 22696 865559
177000 22714 903985 22708 866015
177100 22723 904539 22726 866461
177200 22736 905165 22741 866835
177300 22747 905619 22761 867381
177400 22764 906176 22777 867824
177500 22775 906628 22780 868372
177600 22788 907176 22786 868824
177700 22802 907666 22795 869334
177800 22816 908179 22807 869821
177900 22824 908694 22820 870306
178000 22837 909221 22829 870779
178100 22848 909695 22842 871305
178200 22856 910301 22856 871699
178300 22869 910787 22871 872213
178400 22878 911318 22885 872682
178500 22895 911823 22895 873177
178600 22904 912356 22907 873644
178700 22907 912900 22914 874100
178800 22919 913362 22921 874638
178900 22936 913868 22930 875132
179000 22947 914341 22938 875659
179100 22967 914840 22951 876160
179200 22979 915348 22965 876652
179300 22983 915926 22969 877074
179400 22994 916485 22983 877515
179500 23010 917041 23000 877959
179600 23024 917569 23014 878431
179700 23031 918033 23023 878967
179800 23047 918463 23032 879537
179900 23059 918983 23050 880017
180000 23071 919463 23062 880537
180100 23083 919957 23071 881043
180200 23102 920499 23087 881501
180300 23120 921046 23098 881954
180400 23130 921602 23105 882398
180500 23144 922088 23112 882912
180600 23158 922647 23117 883353
180700 23176 923225 23131 883775
180800 23184 923732 23140 884268
180900 23204 924334 23152 884666
181000 23211 924865 23166 885135
181100 23219 925370 23173 885630
181200 23234 925850 23180 886150
181300 23245 926327 23190 886673
181400 23255 926867 23200 887133
181500 23273 927482 23215 887518
181600 23280 928033 23234 887967
181700 23302 928550 23247 888450
181800 23313 929063 23253 888937
181900 23329 929569 23264 889431
182000 23334 930071 23274 889929
182100 23339 930572 23282 890428
182200 23351 931104 23302 890896
182300 23363 931562 23313 891438
182400 23375 932053 23326 891947
182500 23384 932586 23338 892414
182600 23394 933082 23345 892918
182700 23408 933615 23357 893385
182800 23422 934180 23368 893820
182900 23435 934637 23384 894363
183000 23449 935108 23395 894892
183100 23456 935640 23404 895360
183200 23469 936104 23414 895896
183300 23481 936565 23430 896435
183400 23493 937019 23447 896981
183500 23506 937587 23453 897413
183600 23516 938200 23464 897800
183700 23528 938758 23482 898242
183800 23538 939247 23490 898753
183900 23550 939755 23498 899245
184000 23562 940321 23506 899679
184100 23582 940831 23519 900169
184200 23595 941412 23532 900588
184300 23611 941913 23544 901087
184400 23621 942465 23556 901535
184500 23638 942961 23566 902039
184600 23651 943450 23583 902550
184700 23661 943985 23592 903015
184800 23675 944469 23600 903531
184900 23684 945080 23615 903920
185000 23697 945573 23625 904427
185100 23708 945904 23633 905096
185200 23726 946408 23641 905592
185300 23739 946925 23659 906075
185400 23752 947473 23667 906527
185500 23764 947952 23681 907048
185600 23768 948508 23690 907492
185700 23776 948961 23696 908039
185800 23790 949395 23707 908605
185900 23805 949996 23715 909004
186000 23818 950532 23729 909468
186100 23829 951047 23745 909953
186200 23837 951577 23756 910423
186300 23845 952099 23765 910901
186400 23858 952607 23778 911393
186500 23870 953068 23791 911932
186600 23885 953682 23810 912318
186700 23888 954128 23815 912872
186800 23892 954566 23821 913434
186900 23905 955085 23835 913915
187000 23909 955543 23840 914457
187100 23918 956035 23858 914965
187200 23935 956568 23874 915432
187300 23946 957052 23890 915948
187400 23960 957529 23902 916471
187500 23970 957972 23906 917028
187600 23979 958507 23917 917493
187700 23995 958991 23935 918009
187800 24007 959491 23952 918509
187900 24023 959962 23962 919038
188000 24030 960469 23973 919531
188100 24034 960912 23986 920088
188200 24051 961423 24000 920577
188300 24065 962022 24008 920978
188400 24074 962536 24022 921464
188500 24088 963047 24040 921953
188600 24100 963583 24055 922417
188700 24110 964105 24075 922895
188800 24127 964595 24090 923405
188900 24140 965086 24098 923914
189000 24156 965603 24110 924397
189100 24168 966174 24124 924826
189200 24177 966736 24140 925264
189300 24182 967318 24152 925682
189400 24187 967820 24166 926180
189500 24196 968267 24173 926733
189600 24208 968808 24185 927192
189700 24222 969399 24196 927601
189800 24234 969870 24214 928130
189900 24247 970349 24227 928651
190000 24257 970870 24235 929130
190100 24272 971387 24253 929613
190200 24282 971900 24262 930100
190300 24293 972317 24285 930683
190400 24302 972903 24295 931097
190500 24324 973341 24321 931659
190600 24336 973886 24328 932114
190700 24344 974424 24336 932576
190800 24357 974914 24351 933086
190900 24370 975420 24368 933580
191000 24378 975941 24379 934059
191100 24390 976501 24398 934499
191200 24408 977005 24413 934995
191300 24420 977496 24428 935504
191400 24430 977963 24441 936037
191500 24444 978463 24451 936537
191600 24451 978931 24463 937069
191700 24460 979395 24474 937605
191800 24467 979853 24483 938147
191900 24475 980345 24494 938655
192000 24493 980804 24504 939196
192100 24505 981330 24519 939670
192200 24514 981770 24527 940230
192300 24524 982364 24532 940636
192400 24541 982853 24546 941147
192500 24548 983385 24553 941615
192600 24561 983874 24558 942126
192700 24570 984425 24570 942575
192800 24582 984906 24580 943094
192900 24595 985472 24595 943528
193000 24601 985987 24607 944013
193100 24613 986581 24617 944419
193200 24627 987100 24629 944900
193300 24635 987623 24643 945377
193400 24646 988132 24661 945868
193500 24656 988701 24670 946299
193600 24678 989245 24682 946755
193700 24690 989856 24699 947144
193800 24709 990303 24715 947697
193900 24719 990772 24735 948228
194000 24729 991339 24753 948661
194100 24736 991894 24766 949106
194200 24746 992389 24780 949611
194300 24753 992930 24791 950070
194400 24766 993418 24810 950582
194500 24778 993987 24820 951013
194600 24786 994517 24833 951483
194700 24804 995038 24839 951962
194800 24816 995566 24853 952434
194900 24838 996159 24865 952841
195000 24849 996706 24871 953294
195100 24860 997190 24879 953810
195200 24873 997780 24888 954220
195300 24888 998317 24906 954683
195400 24900 998738 24918 955262
195500 24916 999303 24927 955697
195600 24935 999791 24943 956209
195700 24954 1000384 24951 956616
195800 24965 1000858 24962 957142
195900 24976 1001315 24980 957685
196000 24995 1001833 24996 958167
196100 25002 1002454 25013 958546
196200 25010 1002983 25026 959017
196300 25026 1003492 25047 959508
196400 25048 1003983 25058 960017
196500 25063 1004508 25069 960492
196600 25076 1005094 25080 960906
196700 25084 1005662 25090 961338
196800 25091 1006146 25108 961854
196900 25108 1006693 25119 962307
197000 25124 1007324 25129 962676
197100 25138 1007862 25146 963138
197200 25146 1008340 25163 963660
197300 25159 1008933 25179 964067
197400 25175 1009404 25192 964596
197500 25182 1009881 25205 965119
197600 25207 1010406 25219 965594
197700 25217 1010918 25234 966082
197800 25227 1011494 25243 966506
197900 25241 1012037 25253 966963
198000 25250 1012621 25265 967379
198100 25261 1013198 25280 967802
198200 25267 1013668 25288 968332
198300 25272 1014139 25298 968861
198400 25288 1014617 25305 969383
198500 25299 1015041 25312 969959
198600 25312 1015425 25321 970575
198700 25324 1015965 25335 971035
198800 25338 1016495 25350 971505
198900 25346 1017091 25359 971909
199000 25354 1017642 25367 972358
199100 25372 1018227 25382 972773
199200 25381 1018676 25398 973324
199300 25392 1019145 25414 973855
199400 25410 1019717 25428 974283
199500 25418 1020199 25441 974801
199600 25427 1020691 25445 975309
199700 25446 1021187 25463 975813
199800 25452 1021669 25470 976331
199900 25468 1022106 25499 976894
200000 25476 1022578 25511 977422
