#! FIELDS timestep dup_succ dup_attempts kill_succ kill_attempts
#! SET timestep 0.5
#! SET kernel_bandwidth [0.3 0.3]
#! SET kt 1.0
100 67 101 76 899
200 143 273 169 1727
300 222 520 266 2480
400 293 844 349 3156
500 342 1239 404 3761
600 370 1679 451 4321
700 395 1725 492 5275
800 431 1783 556 6217
900 498 1879 639 7121
1000 571 2054 737 7946
1100 651 2311 832 8689
1200 715 2656 893 9344
1300 754 3058 931 9942
1400 788 3498 959 10502
1500 803 3811 973 11189
1600 805 4263 985 11737
1700 811 4668 989 12332
1800 815 5067 992 12933
1900 820 5525 1000 13475
2000 822 6109 1007 13891
2100 827 6633 1012 14367
2200 829 7275 1017 14725
2300 833 7723 1024 15277
2400 838 8201 1028 15799
2500 842 8645 1029 16355
2600 845 9115 1031 16885
2700 853 9616 1035 17384
2800 861 10150 1039 17850
2900 866 10665 1044 18335
3000 870 11241 1050 18759
3100 874 11783 1055 19217
3200 878 12346 1056 19654
3300 880 12813 1062 20187
3400 882 13265 1066 20735
3500 886 13765 1067 21235
3600 888 14245 1072 21755
3700 890 14742 1077 22258
3800 891 15266 1079 22734
3900 898 15805 1080 23195
4000 901 16220 1083 23780
4100 905 16725 1085 24275
4200 907 17310 1086 24690
4300 910 17929 1093 25071
4400 912 18522 1097 25478
4500 915 18969 1099 26031
4600 918 19516 1104 26484
4700 923 20003 1106 26997
4800 926 20513 1115 27487
4900 930 21010 1125 27990
5000 932 21541 1128 28459
5100 932 21963 1131 29037
5200 935 22455 1138 29545
5300 939 22919 1144 30081
5400 941 23511 1150 30489
5500 948 23887 1157 31113
5600 954 24375 1162 31625
5700 963 25020 1167 31980
5800 967 25599 1171 32401
5900 969 25993 1174 33007
6000 972 26518 1182 33482
6100 979 27032 1184 33968
6200 982 27506 1188 34494
6300 985 28033 1191 34967
6400 991 28585 1195 35415
6500 995 29036 1203 35964
6600 999 29710 1208 36290
6700 1009 30145 1210 36855
6800 1016 30621 1218 37379
6900 1020 31255 1220 37745
7000 1026 31821 1225 38179
7100 1030 32296 1227 38704
7200 1034 32830 1231 39170
7300 1036 33311 1239 39689
7400 1041 33750 1243 40250
7500 1043 34246 1249 40754
7600 1049 34685 1255 41315
7700 1053 35020 1263 41980
7800 1061 35692 1271 42308
7900 1063 36217 1276 42783
8000 1066 36723 1280 43277
8100 1074 37260 1285 43740
8200 1078 37788 1293 44212
8300 1082 38221 1297 44779
8400 1083 38648 1300 45352
8500 1089 39076 1307 45924
8600 1093 39537 1312 46463
8700 1098 40008 1319 46992
8800 1108 40459 1326 47541
8900 1118 40905 1329 48095
9000 1125 41414 1333 48586
9100 1131 41797 1336 49203
9200 1136 42275 1343 49725
9300 1143 42723 1349 50277
9400 1145 43100 1355 50900
9500 1147 43563 1360 51437
9600 1151 44014 1366 51986
9700 1157 44531 1370 52469
9800 1158 45006 1373 52994
9900 1161 45529 1374 53471
10000 1162 46129 1380 53871
10100 1165 46614 1384 54386
10200 1169 46967 1387 55033
10300 1172 47376 1390 55624
10400 1174 47832 1392 56168
10500 1177 48384 1393 56616
10600 1180 48754 1400 57246
10700 1186 49234 1406 57766
10800 1192 49639 1408 58361
10900 1193 50184 1410 58816
11000 1199 50583 1413 59417
11100 1203 51059 1418 59941
11200 1206 51580 1423 60420
11300 1209 52141 1424 60859
11400 1218 52641 1430 61359
11500 1219 53172 1436 61828
11600 1222 53734 1440 62266
11700 1226 54138 1449 62862
11800 1230 54748 1452 63252
11900 1232 55295 1454 63705
12000 1237 55861 1456 64139
12100 1241 56420 1459 64580
12200 1248 56964 1465 65036
12300 1251 57410 1470 65590
12400 1254 57937 1472 66063
12500 1258 58509 1481 66491
12600 1264 59048 1488 66952
12700 1274 59674 1495 67326
12800 1276 60161 1498 67839
12900 1280 60709 1505 68291
13000 1287 61281 1515 68719
13100 1291 61890 1522 69110
13200 1298 62308 1526 69692
13300 1306 62767 1533 70233
13400 1311 63277 1536 70723
13500 1318 63792 1540 71208
13600 1322 64269 1547 71731
13700 1326 64758 1547 72242
13800 1328 65280 1550 72720
13900 1333 65851 1555 73149
14000 1340 66418 1558 73582
14100 1346 66834 1565 74166
14200 1351 67301 1572 74699
14300 1359 67704 1578 75296
14400 1361 68145 1583 75855
14500 1369 68680 1586 76320
14600 1372 69237 1589 76763
14700 1376 69714 1592 77286
14800 1382 70170 1597 77830
14900 1386 70683 1599 78317
15000 1389 71242 1600 78758
15100 1391 71827 1602 79173
15200 1394 72290 1603 79710
15300 1397 72773 1607 80227
15400 1399 73243 1610 80757
15500 1401 73833 1613 81167
15600 1403 74331 1622 81669
15700 1406 74736 1628 82264
15800 1409 75206 1631 82794
15900 1411 75635 1636 83365
16000 1415 76177 1643 83823
16100 1419 76572 1647 84428
16200 1428 77043 1649 84957
16300 1433 77614 1656 85386
16400 1436 78038 1665 85962
16500 1442 78626 1675 86374
16600 1447 79171 1683 86829
16700 1447 79680 1687 87320
16800 1448 80155 1691 87845
16900 1456 80569 1698 88431
17000 1460 81029 1698 88971
17100 1464 81414 1700 89586
17200 1470 82026 1703 89974
17300 1471 82515 1706 90485
17400 1476 83007 1713 90993
17500 1482 83561 1718 91439
17600 1490 84053 1723 91947
17700 1495 84566 1728 92434
17800 1495 85021 1733 92979
17900 1498 85604 1737 93396
18000 1500 86024 1741 93976
18100 1506 86602 1747 94398
18200 1510 87090 1755 94910
18300 1511 87617 1759 95383
18400 1518 88139 1764 95861
18500 1520 88683 1766 96317
18600 1523 89157 1770 96843
18700 1530 89657 1773 97343
18800 1537 90167 1780 97833
18900 1543 90685 1786 98315
19000 1543 91215 1790 98785
19100 1543 91714 1794 99286
19200 1548 92125 1797 99875
19300 1555 92620 1803 100380
19400 1556 93150 1809 100850
19500 1561 93632 1812 101368
19600 1563 94177 1812 101823
19700 1570 94726 1817 102274
19800 1580 95245 1823 102755
19900 1584 95760 1828 103240
20000 1586 96215 1831 103785
20100 1589 96714 1836 104286
20200 1590 97217 1839 104783
20300 1595 97680 1844 105320
20400 1600 98089 1849 105911
20500 1603 98590 1851 106410
20600 1607 99195 1855 106805
20700 1611 99744 1859 107256
20800 1619 100228 1861 107772
20900 1623 100759 1863 108241
21000 1630 101232 1868 108768
21100 1631 101732 1875 109268
21200 1637 102256 1880 109744
21300 1641 102762 1884 110238
21400 1645 103248 1886 110752
21500 1649 103713 1887 111287
21600 1655 104278 1892 111722
21700 1658 104748 1898 112252
21800 1661 105156 1904 112844
21900 1664 105584 1908 113416
22000 1665 106110 1914 113890
22100 1667 106684 1921 114316
22200 1671 107166 1921 114834
22300 1676 107720 1927 115280
22400 1681 108198 1936 115802
22500 1681 108647 1938 116353
22600 1686 109076 1944 116924
22700 1691 109601 1951 117399
22800 1693 110146 1954 117854
22900 1697 110718 1960 118282
23000 1697 111314 1962 118686
23100 1701 111816 1970 119184
23200 1708 112310 1982 119690
23300 1713 112780 1986 120220
23400 1715 113371 1991 120629
23500 1719 113829 1993 121171
23600 1720 114328 1996 121672
23700 1729 114810 2002 122190
23800 1738 115204 2006 122796
23900 1743 115695 2011 123305
24000 1748 116165 2016 123835
24100 1751 116638 2022 124362
24200 1753 117059 2024 124941
24300 1757 117501 2025 125499
24400 1764 117927 2028 126073
24500 1767 118498 2037 126502
24600 1774 119001 2039 126999
24700 1778 119475 2040 127525
24800 1781 120006 2044 127994
24900 1781 120525 2044 128475
25000 1782 120988 2045 129012
25100 1785 121434 2049 129566
25200 1793 121964 2054 130036
25300 1797 122489 2062 130511
25400 1802 123061 2068 130939
25500 1808 123548 2075 131452
25600 1814 124031 2080 131969
25700 1815 124509 2084 132491
25800 1820 125040 2089 132960
25900 1825 125473 2092 133527
26000 1829 126077 2096 133923
26100 1833 126529 2103 134471
26200 1838 127040 2109 134960
26300 1847 127591 2116 135409
26400 1851 128187 2122 135813
26500 1855 128723 2128 136277
26600 1862 129266 2131 136734
26700 1864 129668 2134 137332
26800 1866 130086 2137 137914
26900 1868 130471 2143 138529
27000 1870 130961 2149 139039
27100 1875 131530 2155 139470
27200 1875 132049 2160 139951
27300 1879 132529 2163 140471
27400 1884 133041 2166 140959
27500 1888 133619 2169 141381
27600 1889 134143 2170 141857
27700 1896 134600 2171 142400
27800 1903 135070 2174 142930
27900 1909 135546 2177 143454
28000 1915 135976 2182 144024
28100 1919 136463 2186 144537
28200 1923 136926 2189 145074
28300 1925 137479 2191 145521
28400 1937 137864 2193 146136
28500 1940 138320 2196 146680
28600 1941 138887 2202 147113
28700 1945 139408 2205 147592
28800 1949 139887 2211 148113
28900 1954 140210 2216 148790
29000 1962 140709 2230 149291
29100 1970 141227 2235 149773
29200 1973 141746 2238 150254
29300 1977 142268 2244 150732
29400 1979 142765 2246 151235
29500 1981 143155 2254 151845
29600 1986 143499 2260 152501
29700 1990 144117 2265 152883
29800 1993 144550 2267 153450
29900 1996 145142 2271 153858
30000 2003 145614 2274 154386
30100 2011 146199 2277 154801
30200 2019 146700 2280 155300
30300 2024 147243 2289 155757
30400 2026 147735 2291 156265
30500 2028 148189 2294 156811
30600 2034 148504 2300 157496
30700 2036 149003 2304 157997
30800 2042 149514 2306 158486
30900 2046 150031 2309 158969
31000 2052 150529 2315 159471
31100 2055 150962 2317 160038
31200 2060 151463 2323 160537
31300 2064 151891 2332 161109
31400 2071 152383 2337 161617
31500 2076 152823 2344 162177
31600 2080 153332 2350 162668
31700 2083 153858 2354 163142
31800 2088 154411 2357 163589
31900 2090 154955 2362 164045
32000 2092 155461 2364 164539
32100 2095 155918 2368 165082
32200 2095 156473 2369 165527
32300 2103 156948 2372 166052
32400 2103 157443 2376 166557
32500 2107 157898 2380 167102
32600 2110 158502 2386 167498
32700 2119 159046 2388 167954
32800 2125 159540 2392 168460
32900 2126 160072 2396 168928
33000 2131 160525 2398 169475
33100 2133 160995 2401 170005
33200 2138 161506 2402 170494
33300 2139 162019 2406 170981
33400 2141 162534 2409 171466
33500 2143 163035 2416 171965
33600 2147 163498 2421 172502
33700 2148 164099 2425 172901
33800 2152 164649 2430 173351
33900 2156 165321 2431 173679
34000 2159 165731 2436 174269
34100 2164 166250 2439 174750
34200 2167 166732 2444 175268
34300 2170 167260 2451 175740
34400 2178 167842 2454 176158
34500 2184 168386 2459 176614
34600 2188 168894 2466 177106
34700 2193 169364 2472 177636
34800 2197 169771 2477 178229
34900 2199 170241 2481 178759
35000 2205 170706 2485 179294
35100 2209 171172 2490 179828
35200 2215 171646 2492 180354
35300 2216 172167 2495 180833
35400 2222 172651 2499 181349
35500 2228 173138 2503 181862
35600 2228 173620 2509 182380
35700 2234 174093 2516 182907
35800 2236 174604 2523 183396
35900 2238 175145 2523 183855
36000 2242 175595 2528 184405
36100 2249 176114 2533 184886
36200 2251 176639 2537 185361
36300 2255 177245 2539 185755
36400 2258 177749 2543 186251
36500 2262 178167 2549 186833
36600 2268 178712 2553 187288
36700 2269 179193 2557 187807
36800 2272 179765 2559 188235
36900 2276 180303 2567 188697
37000 2280 180737 2572 189263
37100 2281 181172 2575 189828
37200 2284 181623 2578 190377
37300 2289 182154 2582 190846
37400 2295 182649 2586 191351
37500 2299 183298 2591 191702
37600 2300 183971 2599 192029
37700 2304 184452 2601 192548
37800 2307 184907 2603 193093
37900 2315 185393 2605 193607
38000 2324 185950 2609 194050
38100 2327 186398 2610 194602
38200 2333 186872 2616 195128
38300 2341 187360 2621 195640
38400 2348 187813 2625 196187
38500 2352 188364 2628 196636
38600 2355 188895 2636 197105
38700 2358 189492 2644 197508
38800 2362 189904 2654 198096
38900 2365 190389 2659 198611
39000 2366 190916 2665 199084
39100 2368 191401 2667 199599
39200 2369 191993 2671 200007
39300 2378 192519 2676 200481
39400 2381 192961 2684 201039
39500 2386 193502 2689 201498
39600 2388 193855 2692 202145
39700 2390 194306 2698 202694
39800 2394 194726 2705 203274
39900 2397 195245 2708 203755
40000 2400 195747 2716 204253
40100 2404 196166 2719 204834
40200 2412 196592 2725 205408
40300 2416 197236 2728 205764
40400 2417 197679 2730 206321
40500 2423 198074 2730 206926
40600 2427 198519 2731 207481
40700 2436 198996 2734 208004
40800 2438 199458 2735 208542
40900 2444 200045 2738 208955
41000 2445 200567 2739 209433
41100 2449 200980 2740 210020
41200 2454 201471 2742 210529
41300 2456 202014 2747 210986
41400 2458 202580 2752 211420
41500 2461 203066 2758 211934
41600 2461 203644 2764 212356
41700 2469 204186 2772 212814
41800 2473 204712 2774 213288
41900 2478 205207 2782 213793
42000 2484 205783 2783 214217
42100 2487 206235 2788 214765
42200 2491 206654 2792 215346
42300 2492 207119 2793 215881
42400 2493 207494 2795 216506
42500 2500 207976 2799 217024
42600 2503 208437 2806 217563
42700 2506 209016 2807 217984
42800 2507 209595 2812 218405
42900 2509 210051 2815 218949
43000 2517 210563 2819 219437
43100 2528 211022 2829 219978
43200 2530 211478 2831 220522
43300 2532 211973 2838 221027
43400 2537 212416 2841 221584
43500 2541 212897 2844 222103
43600 2547 213372 2848 222628
43700 2551 213917 2849 223083
43800 2555 214441 2851 223559
43900 2561 214923 2852 224077
44000 2566 215305 2856 224695
44100 2568 215775 2859 225225
44200 2570 216279 2865 225721
44300 2577 216733 2870 226267
44400 2591 217167 2874 226833
44500 2594 217639 2877 227361
44600 2598 218147 2879 227853
44700 2601 218753 2881 228247
44800 2608 219231 2886 228769
44900 2612 219764 2888 229236
45000 2620 220358 2894 229642
45100 2626 220793 2899 230207
45200 2632 221248 2900 230752
45300 2639 221803 2904 231197
45400 2641 222240 2912 231760
45500 2644 222807 2915 232193
45600 2647 223321 2923 232679
45700 2651 223838 2926 233162
45800 2654 224388 2928 233612
45900 2657 224945 2934 234055
46000 2660 225449 2935 234551
46100 2661 225956 2936 235044
46200 2666 226302 2942 235698
46300 2668 226807 2945 236193
46400 2673 227252 2947 236748
46500 2676 227840 2957 237160
46600 2678 228386 2968 237614
46700 2685 228837 2973 238163
46800 2694 229278 2980 238722
46900 2697 229746 2981 239254
47000 2699 230223 2982 239777
47100 2703 230654 2989 240346
47200 2705 231174 2991 240826
47300 2710 231767 2998 241233
47400 2719 232175 3007 241825
47500 2722 232660 3012 242340
47600 2725 233154 3018 242846
47700 2730 233668 3020 243332
47800 2735 234115 3020 243885
47900 2739 234583 3027 244417
48000 2747 235048 3034 244952
48100 2752 235567 3038 245433
48200 2753 236040 3043 245960
48300 2757 236668 3047 246332
48400 2760 237171 3051 246829
48500 2764 237618 3055 247382
48600 2769 238111 3057 247889
48700 2774 238553 3065 248447
48800 2776 239032 3067 248968
48900 2780 239524 3069 249476
49000 2788 240002 3077 249998
49100 2789 240462 3079 250538
49200 2794 241050 3084 250950
49300 2803 241556 3090 251444
49400 2808 242138 3091 251862
49500 2814 242747 3102 252253
49600 2821 243293 3102 252707
49700 2824 243757 3105 253243
49800 2827 244226 3106 253774
49900 2830 244753 3109 254247
50000 2837 245221 3113 254779
50100 2840 245760 3117 255240
50200 2844 246237 3119 255763
50300 2845 246727 3122 256273
50400 2850 247160 3128 256840
50500 2854 247755 3129 257245
50600 2858 248352 3132 257648
50700 2869 248839 3142 258161
50800 2876 249412 3145 258588
50900 2884 249871 3151 259129
51000 2889 250503 3154 259497
51100 2891 251042 3158 259958
51200 2895 251596 3160 260404
51300 2908 252023 3169 260977
51400 2914 252574 3174 261426
51500 2919 253185 3176 261815
51600 2925 253665 3181 262335
51700 2927 254098 3184 262902
51800 2928 254601 3184 263399
51900 2929 255002 3187 263998
52000 2937 255419 3187 264581
52100 2941 255967 3188 265033
52200 2944 256514 3191 265486
52300 2947 257012 3196 265988
52400 2949 257545 3200 266455
52500 2956 258065 3204 266935
52600 2959 258501 3211 267499
52700 2964 258974 3214 268026
52800 2967 259539 3217 268461
52900 2975 260018 3220 268982
53000 2976 260534 3224 269466
53100 2979 261081 3229 269919
53200 2984 261489 3233 270511
53300 2990 261901 3234 271099
53400 2991 262430 3236 271570
53500 2997 262899 3242 272101
53600 3001 263341 3245 272659
53700 3006 263858 3250 273142
53800 3012 264343 3255 273657
53900 3017 264809 3261 274191
54000 3019 265289 3268 274711
54100 3021 265825 3272 275175
54200 3027 266293 3276 275707
54300 3031 266828 3282 276172
54400 3034 267324 3288 276676
54500 3043 267954 3291 277046
54600 3048 268424 3294 277576
54700 3052 268788 3301 278212
54800 3064 269322 3305 278678
54900 3068 269826 3311 279174
55000 3078 270453 3321 279547
55100 3084 270938 3331 280062
55200 3091 271394 3336 280606
55300 3094 271862 3342 281138
55400 3096 272321 3347 281679
55500 3097 272904 3356 282096
55600 3099 273288 3358 282712
55700 3100 273901 3359 283099
55800 3102 274462 3365 283538
55900 3104 275026 3369 283974
56000 3106 275541 3370 284459
56100 3114 276005 3374 284995
56200 3117 276532 3377 285468
56300 3121 276949 3379 286051
56400 3125 277345 3383 286655
56500 3128 277797 3386 287203
56600 3132 278231 3391 287769
56700 3136 278742 3398 288258
56800 3139 279240 3402 288760
56900 3148 279726 3410 289274
57000 3150 280230 3415 289770
57100 3154 280678 3419 290322
57200 3161 281213 3426 290787
57300 3167 281679 3431 291321
57400 3170 282208 3440 291792
57500 3177 282599 3444 292401
57600 3181 283006 3447 292994
57700 3183 283586 3450 293414
57800 3188 284093 3456 293907
57900 3192 284656 3461 294344
58000 3194 285195 3467 294805
58100 3197 285644 3472 295356
58200 3200 286225 3474 295775
58300 3204 286712 3478 296288
58400 3206 287231 3485 296769
58500 3209 287740 3491 297260
58600 3217 288288 3491 297712
58700 3224 288737 3496 298263
58800 3226 289203 3497 298797
58900 3228 289669 3500 299331
59000 3230 290110 3507 299890
59100 3233 290618 3508 300382
59200 3238 291244 3515 300756
59300 3239 291791 3518 301209
59400 3245 292345 3523 301655
59500 3248 292742 3525 302258
59600 3251 293306 3532 302694
59700 3251 293825 3533 303175
59800 3255 294314 3534 303686
59900 3260 294783 3539 304217
60000 3265 295306 3543 304694
60100 3267 295895 3545 305105
60200 3272 296242 3549 305758
60300 3273 296663 3553 306337
60400 3276 297180 3558 306820
60500 3280 297639 3570 307361
60600 3284 298226 3574 307774
60700 3286 298759 3581 308241
60800 3292 299315 3587 308685
60900 3297 299828 3593 309172
61000 3305 300339 3594 309661
61100 3308 300780 3598 310220
61200 3315 301233 3603 310767
61300 3317 301701 3605 311299
61400 3318 302149 3608 311851
61500 3322 302673 3610 312327
61600 3330 303034 3613 312966
61700 3335 303514 3622 313486
61800 3336 303954 3624 314046
61900 3342 304440 3632 314560
62000 3349 304975 3636 315025
62100 3351 305569 3641 315431
62200 3354 306157 3643 315843
62300 3363 306672 3648 316328
62400 3369 307156 3654 316844
62500 3373 307492 3657 317508
62600 3378 307908 3660 318092
62700 3383 308467 3665 318533
62800 3386 308998 3670 319002
62900 3388 309433 3674 319567
63000 3400 310005 3677 319995
63100 3408 310470 3683 320530
63200 3412 310991 3690 321009
63300 3415 311466 3691 321534
63400 3420 312065 3695 321935
63500 3426 312564 3699 322436
63600 3434 313127 3703 322873
63700 3436 313597 3707 323403
63800 3437 314102 3711 323898
63900 3443 314680 3716 324320
64000 3451 315160 3721 324840
64100 3456 315671 3726 325329
64200 3458 316197 3731 325803
64300 3465 316659 3736 326341
64400 3469 317134 3745 326866
64500 3478 317605 3752 327395
64600 3482 318128 3756 327872
64700 3492 318661 3762 328339
64800 3495 319196 3767 328804
64900 3498 319666 3770 329334
65000 3503 320159 3771 329841
65100 3506 320599 3774 330401
65200 3509 321105 3779 330895
65300 3517 321606 3782 331394
65400 3521 322179 3793 331821
65500 3525 322753 3798 332247
65600 3527 323262 3803 332738
65700 3534 323777 3804 333223
65800 3541 324293 3811 333707
65900 3546 324838 3814 334162
66000 3552 325233 3819 334767
66100 3555 325775 3831 335225
66200 3561 326275 3841 335725
66300 3565 326761 3845 336239
66400 3571 327255 3848 336745
66500 3579 327810 3850 337190
66600 3585 328400 3855 337600
66700 3589 328897 3857 338103
66800 3593 329480 3863 338520
66900 3595 330003 3864 338997
67000 3601 330475 3867 339525
67100 3604 330890 3868 340110
67200 3607 331437 3868 340563
67300 3608 331897 3869 341103
67400 3613 332431 3874 341569
67500 3620 332907 3879 342093
67600 3624 333462 3882 342538
67700 3629 334174 3892 342826
67800 3635 334647 3897 343353
67900 3641 335187 3903 343813
68000 3642 335674 3908 344326
68100 3644 336180 3913 344820
68200 3644 336634 3915 345366
68300 3650 337178 3920 345822
68400 3656 337601 3927 346399
68500 3661 338075 3933 346925
68600 3665 338670 3935 347330
68700 3668 339161 3945 347839
68800 3677 339606 3950 348394
68900 3679 340155 3952 348845
69000 3682 340645 3956 349355
69100 3686 341074 3964 349926
69200 3690 341573 3970 350427
69300 3692 342107 3973 350893
69400 3699 342628 3977 351372
69500 3702 343098 3979 351902
69600 3704 343569 3990 352431
69700 3706 343941 3994 353059
69800 3709 344510 4000 353490
69900 3710 345022 4006 353978
70000 3713 345562 4009 354438
70100 3717 345879 4014 355121
70200 3719 346297 4024 355703
70300 3725 346880 4029 356120
70400 3731 347446 4033 356554
70500 3736 347960 4036 357040
70600 3739 348417 4040 357583
70700 3744 348969 4047 358031
70800 3748 349398 4053 358602
70900 3750 349971 4059 359029
71000 3758 350458 4068 359542
71100 3764 350918 4071 360082
71200 3765 351428 4074 360572
71300 3772 351966 4079 361034
71400 3773 352559 4080 361441
71500 3775 353148 4088 361852
71600 3778 353608 4090 362392
71700 3782 354068 4095 362932
71800 3785 354561 4105 363439
71900 3787 355063 4107 363937
72000 3794 355496 4113 364504
72100 3797 355876 4116 365124
72200 3804 356341 4121 365659
72300 3811 356861 4122 366139
72400 3815 357355 4126 366645
72500 3819 357995 4132 367005
72600 3823 358581 4136 367419
72700 3825 359051 4142 367949
72800 3832 359415 4148 368585
72900 3833 359896 4151 369104
73000 3837 360433 4154 369567
73100 3840 360905 4159 370095
73200 3840 361395 4159 370605
73300 3842 361878 4165 371122
73400 3848 362423 4169 371577
73500 3853 362964 4173 372036
73600 3855 363462 4173 372538
73700 3862 363986 4179 373014
73800 3864 364550 4181 373450
73900 3870 365056 4187 373944
74000 3880 365470 4194 374530
74100 3884 366052 4197 374948
74200 3889 366569 4202 375431
74300 3895 367089 4203 375911
74400 3908 367483 4210 376517
74500 3911 367906 4213 377094
74600 3914 368406 4220 377594
74700 3918 369021 4222 377979
74800 3923 369498 4230 378502
74900 3929 370053 4237 378947
75000 3933 370585 4240 379415
75100 3937 371078 4244 379922
75200 3943 371586 4250 380414
75300 3948 372049 4251 380951
75400 3950 372580 4256 381420
75500 3957 373130 4260 381870
75600 3959 373709 4265 382291
75700 3963 374288 4272 382712
75800 3965 374850 4277 383150
75900 3967 375305 4280 383695
76000 3973 375815 4285 384185
76100 3979 376336 4289 384664
76200 3984 376874 4294 385126
76300 3990 377347 4300 385653
76400 3995 377833 4303 386167
76500 3995 378399 4308 386601
76600 4002 378935 4312 387065
76700 4005 379393 4316 387607
76800 4010 379875 4324 388125
76900 4021 380367 4327 388633
77000 4029 380802 4330 389198
77100 4036 381332 4334 389668
77200 4038 381828 4335 390172
77300 4043 382308 4341 390692
77400 4052 382870 4348 391130
77500 4054 383407 4350 391593
77600 4058 383747 4358 392253
77700 4064 384256 4363 392744
77800 4069 384715 4370 393285
77900 4069 385178 4374 393822
78000 4071 385751 4377 394249
78100 4075 386382 4383 394618
78200 4081 387046 4387 394954
78300 4084 387540 4393 395460
78400 4091 387950 4395 396050
78500 4100 388365 4401 396635
78600 4108 388899 4402 397101
78700 4110 389499 4407 397501
78800 4113 390029 4415 397971
78900 4118 390536 4419 398464
79000 4121 391124 4425 398876
79100 4127 391626 4429 399374
79200 4135 392099 4434 399901
79300 4140 392486 4439 400514
79400 4145 393067 4445 400933
79500 4146 393527 4446 401473
79600 4148 394030 4453 401970
79700 4153 394571 4457 402429
79800 4157 394948 4460 403052
79900 4162 395440 4466 403560
80000 4169 395881 4471 404119
80100 4171 396382 4472 404618
80200 4174 396941 4474 405059
80300 4180 397426 4478 405574
80400 4185 397885 4484 406115
80500 4192 398417 4486 406583
80600 4199 398951 4489 407049
80700 4202 399454 4493 407546
80800 4209 400047 4498 407953
80900 4211 400590 4502 408410
81000 4215 401126 4506 408874
81100 4220 401648 4507 409352
81200 4223 402159 4512 409841
81300 4228 402720 4519 410280
81400 4234 403308 4524 410692
81500 4237 403818 4528 411182
81600 4246 404407 4531 411593
81700 4248 404930 4534 412070
81800 4251 405403 4536 412597
81900 4253 405873 4541 413127
82000 4257 406320 4541 413680
82100 4259 406725 4547 414275
82200 4260 407089 4551 414911
82300 4267 407598 4559 415402
82400 4269 408085 4563 415915
82500 4275 408680 4569 416320
82600 4279 409176 4571 416824
82700 4279 409762 4576 417238
82800 4282 410196 4576 417804
82900 4288 410706 4579 418294
83000 4295 411264 4585 418736
83100 4299 411729 4587 419271
83200 4303 412111 4590 419889
83300 4312 412616 4599 420384
83400 4322 413139 4603 420861
83500 4326 413613 4604 421387
83600 4330 414189 4613 421811
83700 4333 414558 4619 422442
83800 4338 415041 4626 422959
83900 4344 415557 4630 423443
84000 4350 416206 4630 423794
84100 4355 416699 4636 424301
84200 4360 417178 4641 424822
84300 4366 417776 4650 425224
84400 4367 418191 4653 425809
84500 4371 418741 4656 426259
84600 4377 419218 4665 426782
84700 4377 419667 4666 427333
84800 4381 420186 4667 427814
84900 4386 420716 4669 428284
85000 4389 421228 4673 428772
85100 4391 421744 4678 429256
85200 4393 422260 4683 429740
85300 4394 422759 4687 430241
85400 4397 423334 4693 430666
85500 4398 423875 4699 431125
85600 4413 424388 4705 431612
85700 4418 424885 4713 432115
85800 4425 425377 4715 432623
85900 4428 425814 4718 433186
86000 4436 426336 4725 433664
86100 4439 426914 4730 434086
86200 4439 427300 4730 434700
86300 4445 427823 4734 435177
86400 4449 428377 4739 435623
86500 4452 428854 4748 436146
86600 4455 429358 4752 436642
86700 4459 429904 4757 437096
86800 4462 430438 4762 437562
86900 4470 430945 4766 438055
87000 4475 431427 4771 438573
87100 4482 431952 4775 439048
87200 4486 432453 4777 439547
87300 4488 433027 4783 439973
87400 4490 433587 4785 440413
87500 4495 434089 4791 440911
87600 4495 434614 4793 441386
87700 4498 435078 4795 441922
87800 4506 435588 4802 442412
87900 4514 436058 4805 442942
88000 4515 436553 4805 443447
88100 4519 437137 4807 443863
88200 4521 437712 4815 444288
88300 4522 438264 4820 444736
88400 4522 438679 4825 445321
88500 4526 439158 4828 445842
88600 4529 439640 4831 446360
88700 4535 440155 4837 446845
88800 4536 440742 4844 447258
88900 4542 441208 4852 447792
89000 4546 441667 4852 448333
89100 4551 442241 4855 448759
89200 4558 442620 4861 449380
89300 4560 443210 4862 449790
89400 4563 443719 4872 450281
89500 4567 444069 4878 450931
89600 4572 444509 4884 451491
89700 4578 444944 4890 452056
89800 4579 445447 4890 452553
89900 4580 446021 4895 452979
90000 4583 446566 4902 453434
90100 4586 447120 4903 453880
90200 4587 447656 4904 454344
90300 4591 448204 4912 454796
90400 4597 448809 4916 455191
90500 4603 449355 4920 455645
90600 4607 449795 4927 456205
90700 4608 450369 4934 456631
90800 4614 450892 4937 457108
90900 4617 451372 4941 457628
91000 4622 451873 4941 458127
91100 4630 452392 4948 458608
91200 4636 453041 4958 458959
91300 4643 453499 4961 459501
91400 4646 454014 4968 459986
91500 4653 454589 4977 460411
91600 4656 455041 4980 460959
91700 4662 455560 4986 461440
91800 4665 456017 4990 461983
91900 4668 456462 4994 462538
92000 4671 456991 5002 463009
92100 4676 457469 5002 463531
92200 4679 458126 5003 463874
92300 4683 458598 5008 464402
92400 4685 459149 5011 464851
92500 4691 459625 5014 465375
92600 4694 460193 5018 465807
92700 4695 460605 5019 466395
92800 4702 461052 5021 466948
92900 4706 461602 5025 467398
93000 4708 462183 5028 467817
93100 4710 462825 5032 468175
93200 4712 463379 5036 468621
93300 4714 463982 5041 469018
93400 4721 464416 5049 469584
93500 4725 464759 5053 470241
93600 4731 465228 5056 470772
93700 4735 465761 5062 471239
93800 4739 466264 5064 471736
93900 4740 466772 5069 472228
94000 4754 467288 5073 472712
94100 4757 467589 5079 473411
94200 4761 468086 5081 473914
94300 4765 468583 5088 474417
94400 4768 469092 5095 474908
94500 4775 469602 5103 475398
94600 4777 470201 5106 475799
94700 4781 470658 5107 476342
94800 4783 471053 5109 476947
94900 4791 471587 5115 477413
95000 4796 472170 5120 477830
95100 4801 472599 5124 478401
95200 4803 473045 5128 478955
95300 4805 473492 5131 479508
95400 4810 473959 5133 480041
95500 4820 474425 5139 480575
95600 4823 474927 5145 481073
95700 4826 475498 5151 481502
95800 4829 475932 5154 482068
95900 4835 476452 5160 482548
96000 4840 476887 5163 483113
96100 4847 477451 5167 483549
96200 4852 477912 5169 484088
96300 4855 478434 5174 484566
96400 4859 478976 5177 485024
96500 4863 479495 5181 485505
96600 4864 480009 5184 485991
96700 4869 480538 5188 486462
96800 4876 481107 5190 486893
96900 4876 481592 5192 487408
97000 4879 482127 5199 487873
97100 4889 482586 5208 488414
97200 4896 482987 5211 489013
97300 4901 483455 5218 489545
97400 4903 483890 5224 490110
97500 4907 484363 5229 490637
97600 4909 484857 5235 491143
97700 4910 485391 5240 491609
97800 4917 486031 5241 491969
97900 4924 486446 5249 492554
98000 4930 486990 5252 493010
98100 4935 487486 5255 493514
98200 4942 488015 5261 493985
98300 4948 488509 5268 494491
98400 4951 489142 5273 494858
98500 4959 489610 5282 495390
98600 4963 490159 5284 495841
98700 4966 490721 5287 496279
98800 4972 491324 5294 496676
98900 4975 491796 5297 497204
99000 4976 492348 5301 497652
99100 4980 492836 5306 498164
99200 4983 493306 5310 498694
99300 4989 493778 5316 499222
99400 4991 494284 5319 499716
99500 5004 494853 5323 500147
99600 5006 495381 5327 500619
99700 5014 495887 5333 501113
99800 5016 496328 5335 501672
99900 5024 496869 5340 502131
100000 5026 497449 5346 502551
100100 5028 498026 5351 502974
100200 5028 498482 5353 503518
100300 5032 498943 5360 504057
100400 5037 499402 5363 504598
100500 5043 499938 5368 505062
100600 5049 500483 5372 505517
100700 5055 500924 5376 506076
100800 5059 501438 5379 506562
100900 5061 502008 5386 506992
101000 5067 502453 5394 507547
101100 5070 502924 5398 508076
101200 5073 503359 5401 508641
101300 5080 503757 5405 509243
101400 5082 504222 5411 509778
101500 5091 504804 5417 510196
101600 5097 505295 5422 510705
101700 5100 505731 5425 511269
101800 5104 506296 5432 511704
101900 5109 506824 5441 512176
102000 5117 507386 5443 512614
102100 5121 507932 5449 513068
102200 5126 508444 5455 513556
102300 5133 508878 5460 514122
102400 5142 509386 5462 514614
102500 5147 509784 5470 515216
102600 5153 510430 5472 515570
102700 5156 510991 5474 516009
102800 5160 511483 5477 516517
102900 5164 511987 5481 517013
103000 5166 512447 5482 517553
103100 5170 512896 5487 518104
103200 5176 513446 5489 518554
103300 5180 514009 5496 518991
103400 5186 514451 5505 519549
103500 5188 514981 5512 520019
103600 5194 515491 5519 520509
103700 5200 515962 5523 521038
103800 5205 516461 5525 521539
103900 5211 516904 5528 522096
104000 5215 517263 5529 522737
104100 5220 517863 5536 523137
104200 5222 518379 5543 523621
104300 5225 518909 5547 524091
104400 5233 519461 5552 524539
104500 5235 519901 5556 525099
104600 5239 520512 5558 525488
104700 5240 520994 5561 526006
104800 5244 521489 5564 526511
104900 5246 522014 5565 526986
105000 5249 522555 5568 527445
105100 5251 523030 5573 527970
105200 5255 523527 5577 528473
105300 5257 523992 5578 529008
105400 5263 524477 5586 529523
105500 5265 524992 5588 530008
105600 5268 525463 5591 530537
105700 5271 526032 5597 530968
105800 5278 526534 5604 531466
105900 5284 526998 5609 532002
106000 5285 527571 5611 532429
106100 5288 528012 5621 532988
106200 5294 528477 5628 533523
106300 5302 529079 5629 533921
106400 5309 529671 5631 534329
106500 5318 530158 5637 534842
106600 5322 530700 5639 535300
106700 5326 531199 5640 535801
106800 5330 531767 5646 536233
106900 5333 532312 5649 536688
107000 5335 532846 5651 537154
107100 5337 533353 5655 537647
107200 5339 533811 5662 538189
107300 5342 534350 5666 538650
107400 5344 534975 5670 539025
107500 5349 535418 5675 539582
107600 5353 535876 5679 540124
107700 5358 536484 5684 540516
107800 5364 537047 5696 540953
107900 5368 537676 5697 541324
108000 5374 538218 5700 541782
108100 5376 538660 5702 542340
108200 5378 539223 5706 542777
108300 5385 539755 5713 543245
108400 5389 540353 5718 543647
108500 5392 540722 5725 544278
108600 5393 541356 5731 544644
108700 5397 541875 5735 545125
108800 5403 542331 5743 545669
108900 5407 542886 5746 546114
109000 5413 543374 5750 546626
109100 5419 543952 5753 547048
109200 5425 544412 5756 547588
109300 5434 544925 5762 548075
109400 5434 545396 5763 548604
109500 5441 545787 5772 549213
109600 5445 546355 5776 549645
109700 5453 546878 5786 550122
109800 5456 547547 5787 550453
109900 5462 548075 5790 550925
110000 5469 548550 5795 551450
110100 5477 548984 5796 552016
110200 5481 549482 5798 552518
110300 5485 549923 5803 553077
110400 5487 550450 5806 553550
110500 5491 551001 5809 553999
110600 5496 551530 5815 554470
110700 5500 552027 5820 554973
110800 5507 552504 5824 555496
110900 5510 552909 5829 556091
111000 5513 553393 5832 556607
111100 5522 553866 5836 557134
111200 5527 554442 5842 557558
111300 5530 554846 5848 558154
111400 5533 555339 5851 558661
111500 5538 555788 5855 559212
111600 5539 556259 5857 559741
111700 5548 556700 5864 560300
111800 5551 557284 5870 560716
111900 5551 557868 5875 561132
112000 5551 558419 5878 561581
112100 5554 558851 5886 562149
112200 5560 559356 5890 562644
112300 5567 559862 5892 563138
112400 5572 560321 5895 563679
112500 5576 560822 5905 564178
112600 5580 561187 5909 564813
112700 5583 561692 5913 565308
112800 5585 562210 5917 565790
112900 5594 562747 5925 566253
113000 5601 563183 5931 566817
113100 5614 563785 5939 567215
113200 5618 564259 5943 567741
113300 5620 564845 5950 568155
113400 5627 565407 5952 568593
113500 5629 565840 5955 569160
113600 5632 566384 5958 569616
113700 5636 566901 5960 570099
113800 5639 567355 5969 570645
113900 5641 567863 5970 571137
114000 5647 568436 5974 571564
114100 5651 568811 5981 572189
114200 5653 569280 5982 572720
114300 5661 569780 5989 573220
114400 5664 570322 5991 573678
114500 5666 570828 5992 574172
114600 5670 571435 5993 574565
114700 5677 571923 5999 575077
114800 5681 572310 6002 575690
114900 5686 572759 6008 576241
115000 5688 573203 6012 576797
115100 5696 573718 6016 577282
115200 5697 574220 6018 577780
115300 5701 574816 6020 578184
115400 5706 575256 6021 578744
115500 5713 575649 6026 579351
115600 5726 576156 6037 579844
115700 5734 576623 6040 580377
115800 5738 577136 6044 580864
115900 5741 577695 6046 581305
116000 5746 578273 6048 581727
116100 5753 578801 6056 582199
116200 5757 579172 6063 582828
116300 5762 579664 6069 583336
116400 5768 580122 6078 583878
116500 5774 580619 6081 584381
116600 5777 581144 6086 584856
116700 5781 581668 6092 585332
116800 5788 582150 6097 585850
116900 5793 582652 6103 586348
117000 5801 583085 6108 586915
117100 5809 583560 6113 587440
117200 5818 584105 6117 587895
117300 5823 584619 6118 588381
117400 5830 585089 6125 588911
117500 5837 585519 6126 589481
117600 5846 586089 6135 589911
117700 5851 586498 6140 590502
117800 5859 587007 6144 590993
117900 5866 587505 6154 591495
118000 5877 588036 6159 591964
118100 5880 588521 6162 592479
118200 5887 588903 6166 593097
118300 5888 589341 6166 593659
118400 5892 589876 6169 594124
118500 5898 590303 6172 594697
118600 5905 590804 6173 595196
118700 5910 591419 6177 595581
118800 5916 591934 6183 596066
118900 5920 592551 6186 596449
119000 5924 593090 6191 596910
119100 5928 593600 6196 597400
119200 5934 594174 6199 597826
119300 5939 594587 6204 598413
119400 5946 595017 6207 598983
119500 5952 595459 6208 599541
119600 5954 596002 6210 599998
119700 5957 596553 6212 600447
119800 5960 597110 6213 600890
119900 5961 597562 6215 601438
120000 5964 598053 6217 601947
120100 5965 598612 6223 602388
120200 5970 599049 6228 602951
120300 5975 599666 6234 603334
120400 5979 600287 6241 603713
120500 5982 600802 6246 604198
120600 5984 601270 6251 604730
120700 5987 601663 6253 605337
120800 5989 602082 6256 605918
120900 5991 602580 6257 606420
121000 5995 603203 6263 606797
121100 6001 603764 6267 607236
121200 6003 604258 6270 607742
121300 6005 604739 6278 608261
121400 6009 605259 6280 608741
121500 6014 605735 6287 609265
121600 6020 606184 6288 609816
121700 6024 606632 6297 610368
121800 6029 607016 6300 610984
121900 6041 607495 6304 611505
122000 6043 608058 6308 611942
122100 6050 608643 6316 612357
122200 6060 609161 6323 612839
122300 6067 609715 6329 613285
122400 6070 610283 6334 613717
122500 6076 610673 6341 614327
122600 6078 611179 6344 614821
122700 6081 611728 6349 615272
122800 6086 612142 6353 615858
122900 6093 612639 6358 616361
123000 6102 613092 6370 616908
123100 6105 613546 6373 617454
123200 6110 613944 6377 618056
123300 6120 614418 6385 618582
123400 6122 614879 6389 619121
123500 6125 615371 6394 619629
123600 6129 615865 6399 620135
123700 6130 616378 6406 620622
123800 6135 616790 6406 621210
123900 6139 617365 6413 621635
124000 6142 617916 6419 622084
124100 6146 618508 6423 622492
124200 6150 618988 6431 623012
124300 6154 619462 6432 623538
124400 6161 619998 6442 624002
124500 6166 620590 6447 624410
124600 6173 621087 6450 624913
124700 6180 621622 6455 625378
124800 6181 622154 6459 625846
124900 6184 622716 6460 626284
125000 6187 623245 6466 626755
125100 6190 623725 6468 627275
125200 6193 624287 6473 627713
125300 6197 624677 6474 628323
125400 6198 625182 6480 628818
125500 6203 625705 6482 629295
125600 6204 626170 6491 629830
125700 6207 626673 6497 630327
125800 6212 627131 6501 630869
125900 6216 627566 6506 631434
126000 6221 628125 6511 631875
126100 6227 628630 6513 632370
126200 6231 629126 6519 632874
126300 6236 629656 6529 633344
126400 6244 630147 6531 633853
126500 6247 630625 6535 634375
126600 6250 631244 6541 634756
126700 6253 631761 6546 635239
126800 6259 632179 6552 635821
126900 6262 632683 6556 636317
127000 6265 633164 6559 636836
127100 6265 633653 6563 637347
127200 6268 634215 6570 637785
127300 6272 634636 6575 638364
127400 6277 635098 6585 638902
127500 6279 635561 6586 639439
127600 6285 636132 6593 639868
127700 6289 636561 6594 640439
127800 6298 637013 6597 640987
127900 6306 637485 6601 641515
128000 6307 637943 6604 642057
128100 6316 638491 6608 642509
128200 6322 639098 6612 642902
128300 6325 639598 6614 643402
128400 6335 640077 6618 643923
128500 6339 640663 6625 644337
128600 6345 640999 6629 645001
128700 6348 641484 6633 645516
128800 6356 641937 6635 646063
128900 6360 642477 6636 646523
129000 6366 643014 6640 646986
129100 6369 643507 6643 647493
129200 6376 643992 6649 648008
129300 6380 644468 6651 648532
129400 6381 645029 6651 648971
129500 6387 645509 6660 649491
129600 6390 645962 6663 650038
129700 6394 646457 6670 650543
129800 6397 646996 6674 651004
129900 6401 647522 6678 651478
130000 6407 648053 6682 651947
130100 6412 648580 6686 652420
130200 6415 649053 6692 652947
130300 6420 649479 6693 653521
130400 6425 650013 6694 653987
130500 6434 650384 6702 654616
130600 6438 650910 6710 655090
130700 6443 651228 6715 655772
130800 6449 651767 6721 656233
130900 6452 652258 6723 656742
131000 6457 652801 6729 657199
131100 6458 653293 6733 657707
131200 6467 653739 6739 658261
131300 6474 654232 6745 658768
131400 6476 654691 6749 659309
131500 6483 655145 6756 659855
131600 6485 655606 6760 660394
131700 6487 656099 6763 660901
131800 6489 656442 6765 661558
131900 6490 656923 6770 662077
132000 6494 657480 6774 662520
132100 6499 657931 6782 663069
132200 6504 658426 6789 663574
132300 6508 658902 6793 664098
132400 6512 659319 6797 664681
132500 6517 659837 6801 665163
132600 6523 660343 6808 665657
132700 6526 660948 6814 666052
132800 6534 661345 6821 666655
132900 6536 661876 6825 667124
133000 6541 662391 6831 667609
133100 6542 662907 6835 668093
133200 6550 663341 6843 668659
133300 6556 663800 6848 669200
133400 6558 664266 6853 669734
133500 6561 664812 6862 670188
133600 6564 665366 6866 670634
133700 6567 665917 6870 671083
133800 6572 666460 6873 671540
133900 6579 666928 6877 672072
134000 6580 667380 6879 672620
134100 6587 667831 6886 673169
134200 6591 668406 6890 673594
134300 6594 668889 6899 674111
134400 6595 669425 6903 674575
134500 6596 669940 6904 675060
134600 6600 670442 6915 675558
134700 6605 671004 6925 675996
134800 6613 671435 6929 676565
134900 6616 671972 6933 677028
135000 6619 672526 6938 677474
135100 6624 672964 6948 678036
135200 6625 673405 6953 678595
135300 6627 673975 6957 679025
135400 6630 674521 6965 679479
135500 6632 675014 6970 679986
135600 6635 675493 6981 680507
135700 6637 675954 6985 681046
135800 6639 676423 6990 681577
135900 6640 676977 6993 682023
136000 6646 677414 6994 682586
136100 6653 677895 6996 683105
136200 6654 678395 7002 683605
136300 6655 679059 7010 683941
136400 6657 679596 7016 684404
136500 6666 680141 7026 684859
136600 6669 680636 7033 685364
136700 6671 681133 7038 685867
136800 6681 681604 7046 686396
136900 6687 682227 7052 686773
137000 6690 682682 7056 687318
137100 6690 683159 7059 687841
137200 6693 683737 7064 688263
137300 6700 684091 7067 688909
137400 6708 684634 7075 689366
137500 6713 685217 7080 689783
137600 6717 685756 7085 690244
137700 6722 686268 7090 690732
137800 6725 686827 7096 691173
137900 6729 687360 7103 691640
138000 6731 687844 7108 692156
138100 6734 688296 7113 692704
138200 6740 688867 7120 693133
138300 6752 689394 7126 693606
138400 6758 689923 7131 694077
138500 6761 690363 7135 694637
138600 6763 690862 7143 695138
138700 6768 691334 7149 695666
138800 6770 691835 7149 696165
138900 6773 692250 7154 696750
139000 6775 692894 7160 697106
139100 6778 693370 7161 697630
139200 6782 693889 7166 698111
139300 6787 694425 7166 698575
139400 6794 695020 7168 698980
139500 6796 695564 7170 699436
139600 6801 696140 7176 699860
139700 6807 696580 7181 700420
139800 6811 697123 7182 700877
139900 6814 697658 7189 701342
140000 6818 698306 7192 701694
140100 6819 698830 7197 702170
140200 6823 699354 7200 702646
140300 6824 699737 7202 703263
140400 6837 700183 7207 703817
140500 6840 700628 7213 704372
140600 6842 701117 7214 704883
140700 6847 701564 7221 705436
140800 6854 702056 7224 705944
140900 6862 702626 7232 706374
141000 6867 703132 7238 706868
141100 6871 703573 7244 707427
141200 6874 704125 7250 707875
141300 6877 704543 7251 708457
141400 6888 705041 7256 708959
141500 6896 705468 7263 709532
141600 6899 705965 7265 710035
141700 6903 706472 7270 710528
141800 6911 706954 7279 711046
141900 6914 707408 7281 711592
142000 6918 707938 7285 712062
142100 6922 708553 7294 712447
142200 6926 709129 7297 712871
142300 6933 709657 7300 713343
142400 6936 710135 7306 713865
142500 6942 710692 7313 714308
142600 6944 711118 7316 714882
142700 6946 711612 7321 715388
142800 6949 712183 7322 715817
142900 6951 712740 7330 716260
143000 6961 713226 7335 716774
143100 6963 713689 7338 717311
143200 6968 714194 7342 717806
143300 6971 714642 7346 718358
143400 6973 715071 7348 718929
143500 6976 715496 7352 719504
143600 6978 716007 7355 719993
143700 6983 716506 7357 720494
143800 6991 717021 7359 720979
143900 6992 717396 7362 721604
144000 6993 717862 7366 722138
144100 6995 718463 7369 722537
144200 6999 719010 7374 722990
144300 7004 719446 7376 723554
144400 7015 719946 7378 724054
144500 7020 720415 7384 724585
144600 7026 720993 7389 725007
144700 7029 721465 7395 725535
144800 7035 721899 7398 726101
144900 7039 722519 7403 726481
145000 7041 723048 7409 726952
145100 7045 723543 7413 727457
145200 7051 724059 7418 727941
145300 7052 724570 7422 728430
145400 7058 725074 7428 728926
145500 7059 725492 7430 729508
145600 7066 725942 7434 730058
145700 7068 726421 7441 730579
145800 7068 726974 7441 731026
145900 7074 727492 7444 731508
146000 7079 728007 7452 731993
146100 7082 728468 7454 732532
146200 7085 729037 7456 732963
146300 7085 729471 7461 733529
146400 7089 730044 7467 733956
146500 7095 730648 7470 734352
146600 7098 731123 7473 734877
146700 7101 731637 7473 735363
146800 7104 732282 7476 735718
146900 7107 732759 7483 736241
147000 7111 733089 7484 736911
147100 7116 733646 7487 737354
147200 7117 734101 7489 737899
147300 7119 734601 7489 738399
147400 7124 735094 7493 738906
147500 7126 735665 7495 739335
147600 7129 736149 7504 739851
147700 7134 736540 7510 740460
147800 7135 737084 7510 740916
147900 7138 737534 7516 741466
148000 7143 738017 7521 741983
148100 7147 738461 7530 742539
148200 7149 739003 7532 742997
148300 7157 739587 7534 743413
148400 7160 740048 7538 743952
148500 7164 740515 7542 744485
148600 7174 740975 7552 745025
148700 7180 741547 7556 745453
148800 7184 742063 7562 745937
148900 7188 742554 7565 746446
149000 7191 743033 7571 746967
149100 7194 743662 7573 747338
149200 7196 744202 7576 747798
149300 7199 744740 7583 748260
149400 7205 745251 7586 748749
149500 7209 745736 7589 749264
149600 7215 746313 7591 749687
149700 7217 746881 7594 750119
149800 7221 747312 7601 750688
149900 7227 747853 7606 751147
150000 7235 748329 7608 751671
150100 7240 748813 7618 752187
150200 7246 749377 7627 752623
150300 7249 749827 7629 753173
150400 7252 750354 7633 753646
150500 7259 750897 7635 754103
150600 7265 751423 7637 754577
150700 7268 751822 7644 755178
150800 7270 752297 7644 755703
150900 7273 752717 7648 756283
151000 7277 753198 7650 756802
151100 7279 753716 7651 757284
151200 7283 754179 7659 757821
151300 7290 754629 7666 758371
151400 7296 755116 7672 758884
151500 7302 755624 7679 759376
151600 7305 756124 7679 759876
151700 7307 756598 7682 760402
151800 7312 757121 7686 760879
151900 7319 757611 7691 761389
152000 7321 758164 7693 761836
152100 7326 758588 7698 762412
152200 7329 759061 7699 762939
152300 7332 759374 7705 763626
152400 7336 759935 7710 764065
152500 7337 760307 7713 764693
152600 7341 760884 7719 765116
152700 7346 761356 7724 765644
152800 7350 761831 7726 766169
152900 7352 762379 7730 766621
153000 7357 762934 7735 767066
153100 7362 763383 7737 767617
153200 7367 764050 7738 767950
153300 7373 764548 7741 768452
153400 7380 765023 7748 768977
153500 7383 765559 7749 769441
153600 7384 766020 7752 769980
153700 7392 766575 7760 770425
153800 7395 767063 7764 770937
153900 7401 767513 7768 771487
154000 7406 768011 7771 771989
154100 7410 768445 7776 772555
154200 7413 768954 7778 773046
154300 7418 769462 7781 773538
154400 7422 769945 7787 774055
154500 7427 770447 7789 774553
154600 7428 771010 7795 774990
154700 7431 771498 7796 775502
154800 7432 771869 7801 776131
154900 7435 772297 7808 776703
155000 7440 772771 7810 777229
155100 7444 773352 7813 777648
155200 7448 773889 7817 778111
155300 7450 774400 7822 778600
155400 7456 774952 7823 779048
155500 7460 775449 7827 779551
155600 7464 775866 7827 780134
155700 7468 776440 7829 780560
155800 7469 777106 7832 780894
155900 7475 777684 7834 781316
156000 7480 778336 7839 781664
156100 7481 778807 7841 782193
156200 7487 779334 7854 782666
156300 7490 779820 7856 783180
156400 7498 780373 7857 783627
156500 7503 780815 7865 784185
156600 7511 781328 7870 784672
156700 7519 781826 7873 785174
156800 7523 782290 7876 785710
156900 7528 782824 7880 786176
157000 7530 783303 7883 786697
157100 7531 783837 7886 787163
157200 7535 784341 7888 787659
157300 7537 784882 7890 788118
157400 7540 785519 7891 788481
157500 7548 785955 7894 789045
157600 7549 786513 7899 789487
157700 7553 787076 7906 789924
157800 7559 787638 7910 790362
157900 7565 788169 7912 790831
158000 7566 788606 7915 791394
158100 7574 789138 7921 791862
158200 7578 789609 7923 792391
158300 7580 790120 7926 792880
158400 7582 790731 7929 793269
158500 7585 791235 7930 793765
158600 7589 791698 7932 794302
158700 7591 792128 7933 794872
158800 7596 792749 7935 795251
158900 7602 793170 7941 795830
159000 7609 793681 7944 796319
159100 7614 794211 7947 796789
159200 7618 794618 7957 797382
159300 7620 795148 7959 797852
159400 7625 795655 7965 798345
159500 7629 796106 7969 798894
159600 7636 796502 7973 799498
159700 7638 797038 7977 799962
159800 7640 797524 7980 800476
159900 7645 798000 7982 801000
160000 7646 798514 7988 801486
160100 7650 798976 7991 802024
160200 7651 799392 7993 802608
160300 7655 799816 7995 803184
160400 7658 800341 7997 803659
160500 7664 800883 8000 804117
160600 7669 801547 8003 804453
160700 7673 802049 8008 804951
160800 7677 802584 8011 805416
160900 7680 803110 8014 805890
161000 7681 803769 8017 806231
161100 7685 804238 8018 806762
161200 7689 804757 8023 807243
161300 7692 805245 8029 807755
161400 7696 805743 8032 808257
161500 7702 806214 8037 808786
161600 7705 806664 8043 809336
161700 7710 807151 8051 809849
161800 7715 807715 8056 810285
161900 7716 808199 8058 810801
162000 7724 808704 8070 811296
162100 7726 809229 8072 811771
162200 7728 809851 8079 812149
162300 7732 810348 8080 812652
162400 7736 810874 8084 813126
162500 7740 811415 8088 813585
162600 7746 811890 8092 814110
162700 7752 812435 8096 814565
162800 7757 812948 8100 815052
162900 7762 813498 8106 815502
163000 7765 813974 8114 816026
163100 7767 814535 8116 816465
163200 7770 815028 8120 816972
163300 7776 815517 8121 817483
163400 7780 816052 8126 817948
163500 7785 816393 8127 818607
163600 7792 816958 8130 819042
163700 7793 817499 8134 819501
163800 7800 817961 8138 820039
163900 7806 818479 8146 820521
164000 7813 818935 8148 821065
164100 7814 819497 8151 821503
164200 7818 819974 8151 822026
164300 7823 820445 8153 822555
164400 7826 820941 8157 823059
164500 7831 821450 8161 823550
164600 7836 821980 8162 824020
164700 7843 822554 8164 824446
164800 7853 823084 8172 824916
164900 7861 823559 8177 825441
165000 7868 824162 8180 825838
165100 7875 824641 8185 826359
165200 7885 825145 8192 826855
165300 7888 825608 8196 827392
165400 7892 826076 8199 827924
165500 7896 826631 8204 828369
165600 7899 827131 8213 828869
165700 7903 827684 8218 829316
165800 7905 828223 8219 829777
165900 7912 828623 8222 830377
166000 7916 829032 8228 830968
166100 7918 829494 8230 831506
166200 7920 829942 8233 832058
166300 7924 830432 8236 832568
166400 7930 830969 8241 833031
166500 7934 831565 8243 833435
166600 7936 832064 8245 833936
166700 7939 832663 8252 834337
166800 7942 833148 8254 834852
166900 7948 833656 8260 835344
167000 7950 834219 8263 835781
167100 7955 834743 8266 836257
167200 7962 835261 8272 836739
167300 7966 835766 8279 837234
167400 7972 836251 8287 837749
167500 7979 836780 8291 838220
167600 7986 837191 8299 838809
167700 7989 837732 8302 839268
167800 7996 838283 8306 839717
167900 7998 838866 8311 840134
168000 8003 839437 8320 840563
168100 8006 839983 8324 841017
168200 8011 840519 8326 841481
168300 8021 840858 8327 842142
168400 8025 841359 8330 842641
168500 8032 841808 8337 843192
168600 8037 842322 8340 843678
168700 8039 842845 8342 844155
168800 8042 843302 8350 844698
168900 8043 843790 8353 845210
169000 8047 844276 8359 845724
169100 8051 844761 8363 846239
169200 8057 845355 8367 846645
169300 8062 845839 8373 847161
169400 8066 846308 8380 847692
169500 8070 846741 8382 848259
169600 8072 847235 8385 848765
169700 8073 847769 8387 849231
169800 8077 848290 8392 849710
169900 8083 848753 8401 850247
170000 8088 849270 8404 850730
170100 8091 849808 8408 851192
170200 8095 850202 8410 851798
170300 8103 850554 8419 852446
170400 8108 851027 8424 852973
170500 8111 851653 8431 853347
170600 8112 852130 8432 853870
170700 8114 852550 8435 854450
170800 8116 853106 8438 854894
170900 8118 853667 8444 855333
171000 8121 854063 8445 855937
171100 8125 854493 8447 856507
171200 8129 854938 8455 857062
171300 8130 855520 8457 857480
171400 8134 856024 8462 857976
171500 8137 856612 8465 858388
171600 8144 857194 8472 858806
171700 8148 857679 8476 859321
171800 8152 858104 8480 859896
171900 8157 858719 8484 860281
172000 8160 859239 8485 860761
172100 8162 859749 8489 861251
172200 8166 860436 8493 861564
172300 8167 860901 8496 862099
172400 8171 861370 8500 862630
172500 8176 861983 8505 863017
172600 8178 862549 8512 863451
172700 8184 863017 8518 863983
172800 8189 863523 8522 864477
172900 8195 864036 8525 864964
173000 8203 864627 8528 865373
173100 8212 865149 8531 865851
173200 8216 865674 8533 866326
173300 8220 866130 8538 866870
173400 8224 866617 8543 867383
173500 8226 867102 8552 867898
173600 8231 867629 8554 868371
173700 8232 868282 8556 868718
173800 8235 868718 8559 869282
173900 8245 869302 8575 869698
174000 8249 869811 8583 870189
174100 8252 870265 8589 870735
174200 8254 870721 8594 871279
174300 8261 871234 8600 871766
174400 8270 871759 8603 872241
174500 8274 872258 8606 872742
174600 8275 872723 8609 873277
174700 8282 873318 8614 873682
174800 8285 873853 8619 874147
174900 8288 874404 8622 874596
175000 8292 874841 8626 875159
175100 8296 875330 8632 875670
175200 8298 875803 8634 876197
175300 8308 876298 8636 876702
175400 8309 876777 8639 877223
175500 8313 877254 8645 877746
175600 8314 877754 8649 878246
175700 8321 878185 8654 878815
175800 8322 878750 8658 879250
175900 8326 879201 8664 879799
176000 8327 879656 8665 880344
176100 8332 880123 8676 880877
176200 8340 880609 8677 881391
176300 8346 881129 8677 881871
176400 8350 881640 8685 882360
176500 8353 882202 8689 882798
176600 8355 882607 8692 883393
176700 8359 883126 8698 883874
176800 8362 883670 8702 884330
176900 8370 884201 8707 884799
177000 8376 884710 8712 885290
177100 8379 885367 8713 885633
177200 8385 885909 8716 886091
177300 8387 886356 8720 886644
177400 8390 886953 8721 887047
177500 8392 887433 8726 887567
177600 8397 887972 8729 888028
177700 8401 888362 8733 888638
177800 8405 888866 8741 889134
177900 8410 889420 8743 889580
178000 8416 889823 8750 890177
178100 8418 890339 8750 890661
178200 8421 890821 8755 891179
178300 8426 891331 8758 891669
178400 8438 891800 8770 892200
178500 8445 892295 8777 892705
178600 8452 892886 8781 893114
178700 8460 893447 8785 893553
178800 8463 893926 8791 894074
178900 8471 894426 8794 894574
179000 8477 894825 8799 895175
179100 8482 895421 8806 895579
179200 8490 896058 8812 895942
179300 8494 896550 8820 896450
179400 8501 897033 8828 896967
179500 8503 897613 8832 897387
179600 8504 898071 8835 897929
179700 8507 898588 8836 898412
179800 8510 899059 8842 898941
179900 8514 899505 8845 899495
180000 8518 900040 8850 899960
180100 8522 900606 8858 900394
180200 8527 900980 8862 901020
180300 8532 901454 8864 901546
180400 8537 902003 8868 901997
180500 8542 902559 8872 902441
180600 8542 903000 8877 903000
180700 8550 903446 8881 903554
180800 8557 903878 8886 904122
180900 8559 904426 8892 904574
181000 8562 904999 8894 905001
181100 8564 905513 8902 905487
181200 8568 906122 8908 905878
181300 8568 906696 8912 906304
181400 8573 907185 8914 906815
181500 8578 907671 8917 907329
181600 8584 908163 8925 907837
181700 8592 908560 8928 908440
181800 8594 909108 8929 908892
181900 8596 909707 8933 909293
182000 8598 910143 8940 909857
182100 8602 910628 8943 910372
182200 8610 911068 8944 910932
182300 8616 911612 8948 911388
182400 8621 912065 8951 911935
182500 8627 912631 8952 912369
182600 8630 913067 8958 912933
182700 8633 913620 8962 913380
182800 8636 914046 8966 913954
182900 8641 914576 8973 914424
183000 8646 915049 8976 914951
183100 8648 915567 8981 915433
183200 8655 916153 8986 915847
183300 8661 916655 8991 916345
183400 8663 917139 8993 916861
183500 8667 917596 8994 917404
183600 8674 918031 8998 917969
183700 8674 918441 9000 918559
183800 8677 918916 9007 919084
183900 8683 919426 9008 919574
184000 8688 919945 9011 920055
184100 8689 920453 9013 920547
184200 8694 920954 9018 921046
184300 8700 921508 9021 921492
184400 8704 922043 9028 921957
184500 8709 922641 9034 922359
184600 8715 923166 9037 922834
184700 8716 923613 9042 923387
184800 8721 924096 9048 923904
184900 8723 924537 9050 924463
185000 8728 924945 9053 925055
185100 8731 925394 9056 925606
185200 8734 925907 9059 926093
185300 8739 926369 9063 926631
185400 8741 926810 9067 927190
185500 8743 927265 9075 927735
185600 8748 927804 9079 928196
185700 8753 928302 9081 928698
185800 8755 928791 9085 929209
185900 8760 929308 9090 929692
186000 8761 929823 9092 930177
186100 8763 930321 9097 930679
186200 8766 930909 9103 931091
186300 8772 931423 9106 931577
186400 8779 931915 9113 932085
186500 8783 932389 9115 932611
186600 8787 932980 9119 933020
186700 8789 933464 9123 933536
186800 8796 933884 9127 934116
186900 8801 934417 9130 934583
187000 8805 934892 9132 935108
187100 8807 935338 9136 935662
187200 8815 935757 9145 936243
187300 8819 936343 9150 936657
187400 8820 936726 9153 937274
187500 8825 937196 9156 937804
187600 8830 937759 9159 938241
187700 8832 938312 9164 938688
187800 8836 938805 9164 939195
187900 8840 939208 9170 939792
188000 8843 939742 9176 940258
188100 8848 940331 9179 940669
188200 8851 940842 9185 941158
188300 8856 941373 9187 941627
188400 8858 941876 9190 942124
188500 8863 942350 9197 942650
188600 8865 942800 9197 943200
188700 8871 943307 9201 943693
188800 8878 943847 9209 944153
188900 8886 944296 9217 944704
189000 8888 944635 9222 945365
189100 8891 945178 9225 945822
189200 8894 945732 9228 946268
189300 8899 946218 9234 946782
189400 8909 946710 9239 947290
189500 8918 947278 9243 947722
189600 8919 947873 9246 948127
189700 8919 948372 9250 948628
189800 8921 948838 9251 949162
189900 8926 949327 9258 949673
190000 8929 949785 9263 950215
190100 8936 950252 9267 950748
190200 8942 950826 9268 951174
190300 8942 951354 9272 951646
190400 8950 951860 9278 952140
190500 8953 952387 9283 952613
190600 8954 952947 9288 953053
190700 8958 953520 9297 953480
190800 8967 954080 9300 953920
190900 8973 954556 9305 954444
191000 8978 955088 9309 954912
191100 8983 955632 9315 955368
191200 8985 956148 9319 955852
191300 8987 956653 9324 956347
191400 8992 957128 9329 956872
191500 8996 957656 9331 957344
191600 8998 958227 9331 957773
191700 9004 958786 9337 958214
191800 9007 959270 9341 958730
191900 9007 959775 9346 959225
192000 9010 960347 9349 959653
192100 9013 960754 9355 960246
192200 9015 961306 9356 960694
192300 9021 961876 9361 961124
192400 9023 962296 9365 961704
192500 9028 962804 9372 962196
192600 9031 963355 9376 962645
192700 9037 963898 9378 963102
192800 9045 964440 9385 963560
192900 9047 964962 9388 964038
193000 9049 965567 9391 964433
193100 9051 966075 9395 964925
193200 9053 966551 9399 965449
193300 9056 967128 9405 965872
193400 9057 967545 9409 966455
193500 9061 967994 9410 967006
193600 9068 968405 9411 967595
193700 9071 968921 9419 968079
193800 9076 969409 9423 968591
193900 9081 970026 9426 968974
194000 9085 970563 9428 969437
194100 9088 971119 9429 969881
194200 9092 971575 9431 970425
194300 9098 972170 9433 970830
194400 9103 972705 9440 971295
194500 9107 973173 9447 971827
194600 9111 973760 9456 972240
194700 9113 974216 9462 972784
194800 9117 974706 9466 973294
194900 9123 975199 9473 973801
195000 9125 975656 9482 974344
195100 9130 976176 9491 974824
195200 9136 976714 9492 975286
195300 9138 977209 9495 975791
195400 9142 977642 9498 976358
195500 9146 978069 9502 976931
195600 9151 978630 9510 977370
195700 9158 979154 9518 977846
195800 9167 979720 9524 978280
195900 9172 980173 9530 978827
196000 9174 980717 9533 979283
196100 9178 981267 9540 979733
196200 9180 981767 9543 980233
196300 9182 982268 9544 980732
196400 9186 982817 9549 981183
196500 9188 983309 9554 981691
196600 9190 983786 9557 982214
196700 9193 984170 9562 982830
196800 9197 984690 9566 983310
196900 9205 985158 9572 983842
197000 9208 985703 9574 984297
197100 9214 986176 9582 984824
197200 9221 986611 9588 985389
197300 9226 987114 9593 985886
197400 9227 987557 9596 986443
197500 9232 988107 9598 986893
197600 9239 988661 9605 987339
197700 9244 989039 9612 987961
197800 9249 989678 9618 988322
197900 9251 990217 9622 988783
198000 9253 990773 9627 989227
198100 9260 991243 9636 989757
198200 9262 991883 9639 990117
198300 9265 992477 9645 990523
198400 9269 993107 9651 990893
198500 9275 993608 9652 991392
198600 9277 994001 9657 991999
198700 9281 994443 9668 992557
198800 9284 994909 9672 993091
198900 9288 995376 9675 993624
199000 9296 995968 9680 994032
199100 9299 996406 9689 994594
199200 9303 996872 9697 995128
199300 9308 997357 9703 995643
199400 9322 997764 9705 996236
199500 9329 998285 9706 996715
199600 9341 998758 9715 997242
199700 9348 999226 9719 997774
199800 9349 999756 9721 998244
199900 9351 1000174 9723 998826
200000 9355 1000744 9724 999256
