#! FIELDS timestep dup_succ dup_attempts kill_succ kill_attempts
#! SET timestep 0.5
#! SET kernel_bandwidth [0.65 0.65]
#! SET kt 1.0
100 68 106 82 894
200 144 279 177 1721
300 218 528 277 2472
400 291 861 363 3139
500 336 1267 426 3733
600 366 1722 469 4278
700 405 1798 519 5202
800 448 1894 586 6106
900 505 2030 665 6970
1000 576 2228 743 7772
1100 648 2501 829 8499
1200 707 2859 884 9141
1300 739 3276 909 9724
1400 760 3723 940 10277
1500 772 4058 956 10942
1600 774 4351 963 11649
1700 776 4593 969 12407
1800 780 4848 975 13152
1900 784 5090 980 13910
2000 786 5481 985 14519
2100 789 5916 992 15084
2200 791 6300 994 15700
2300 792 6757 999 16243
2400 793 7266 1002 16734
2500 795 7867 1004 17133
2600 796 8413 1005 17587
2700 798 9004 1006 17996
2800 799 9474 1009 18526
2900 803 9924 1011 19076
3000 806 10366 1013 19634
3100 807 10921 1016 20079
3200 811 11460 1019 20540
3300 814 11981 1021 21019
3400 815 12403 1024 21597
3500 817 12915 1027 22085
3600 819 13388 1028 22612
3700 820 13703 1028 23297
3800 822 14198 1030 23802
3900 823 14748 1030 24252
4000 823 15281 1037 24719
4100 825 15767 1042 25233
4200 830 16266 1045 25734
4300 831 16737 1045 26263
4400 832 17044 1047 26956
4500 833 17512 1047 27488
4600 833 18018 1049 27982
4700 833 18380 1049 28620
4800 835 18856 1050 29144
4900 835 19372 1051 29628
5000 837 19825 1053 30175
5100 837 20328 1053 30672
5200 839 20799 1055 31201
5300 841 21229 1058 31771
5400 842 21687 1059 32313
5500 843 22408 1060 32592
5600 844 22929 1061 33071
5700 845 23358 1064 33642
5800 845 23877 1066 34123
5900 847 24618 1070 34382
6000 848 25159 1075 34841
6100 849 25644 1075 35356
6200 849 26043 1075 35957
6300 852 26551 1075 36449
6400 853 26988 1076 37012
6500 853 27377 1076 37623
6600 854 27823 1077 38177
6700 856 28307 1081 38693
6800 858 28778 1086 39222
6900 858 29245 1087 39755
7000 859 29699 1090 40301
7100 860 30196 1091 40804
7200 862 30694 1092 41306
7300 864 31201 1092 41799
7400 864 31723 1093 42277
7500 867 32282 1093 42718
7600 868 32720 1095 43280
7700 870 33195 1098 43805
7800 872 33659 1098 44341
7900 875 34201 1099 44799
8000 876 34661 1100 45339
8100 876 35134 1102 45866
8200 881 35459 1102 46541
8300 883 35897 1104 47103
8400 884 36349 1104 47651
8500 885 36909 1107 48091
8600 887 37383 1107 48617
8700 887 37881 1107 49119
8800 890 38512 1108 49488
8900 890 39037 1109 49963
9000 893 39538 1109 50462
9100 896 39883 1110 51117
9200 896 40418 1110 51582
9300 898 41002 1111 51998
9400 899 41447 1114 52553
9500 900 41840 1118 53160
9600 906 42337 1122 53663
9700 909 42798 1123 54202
9800 913 43141 1127 54859
9900 914 43608 1128 55392
10000 916 44032 1128 55968
10100 918 44611 1129 56389
10200 918 45064 1130 56936
10300 918 45520 1130 57480
10400 919 46036 1132 57964
10500 920 46568 1132 58432
10600 921 47020 1133 58980
10700 921 47429 1134 59571
10800 923 47891 1135 60109
10900 923 48383 1136 60617
11000 923 48868 1137 61132
11100 923 49294 1137 61706
11200 923 49789 1138 62211
11300 923 50301 1139 62699
11400 924 50777 1139 63223
11500 926 51274 1140 63726
11600 926 51635 1141 64365
11700 930 52084 1144 64916
11800 931 52510 1145 65490
11900 933 52919 1147 66081
12000 936 53509 1148 66491
12100 937 54148 1148 66852
12200 939 54615 1148 67385
12300 941 55034 1152 67966
12400 942 55516 1157 68484
12500 942 55894 1157 69106
12600 944 56383 1157 69617
12700 944 56934 1157 70066
12800 946 57499 1158 70501
12900 950 57996 1161 71004
13000 951 58559 1163 71441
13100 952 58949 1165 72051
13200 955 59324 1167 72676
13300 955 59889 1169 73111
13400 958 60380 1171 73620
13500 958 60812 1175 74188
13600 958 61289 1177 74711
13700 959 61691 1180 75309
13800 960 62156 1180 75844
13900 961 62636 1183 76364
14000 962 63141 1185 76859
14100 963 63720 1186 77280
14200 963 64200 1187 77800
14300 965 64707 1189 78293
14400 970 65220 1191 78780
14500 971 65644 1191 79356
14600 972 66139 1193 79861
14700 973 66704 1194 80296
14800 974 67185 1195 80815
14900 974 67701 1198 81299
15000 977 68282 1199 81718
15100 978 68721 1201 82279
15200 980 69259 1202 82741
15300 980 69864 1203 83136
15400 982 70326 1203 83674
15500 982 70828 1203 84172
15600 983 71330 1203 84670
15700 983 71803 1203 85197
15800 983 72390 1206 85610
15900 983 72871 1208 86129
16000 986 73330 1209 86670
16100 987 73783 1211 87217
16200 990 74421 1211 87579
16300 993 74965 1213 88035
16400 993 75420 1217 88580
16500 993 75993 1222 89007
16600 994 76425 1223 89575
16700 996 76920 1224 90080
16800 997 77469 1224 90531
16900 999 77992 1224 91008
17000 1002 78492 1230 91508
17100 1005 78938 1234 92062
17200 1006 79479 1235 92521
17300 1010 79919 1238 93081
17400 1010 80624 1238 93376
17500 1012 81272 1238 93728
17600 1014 81802 1241 94198
17700 1014 82239 1247 94761
17800 1015 82806 1248 95194
17900 1018 83203 1249 95797
18000 1020 83577 1251 96423
18100 1022 84077 1252 96923
18200 1024 84611 1254 97389
18300 1025 85210 1257 97790
18400 1026 85742 1258 98258
18500 1030 86252 1259 98748
18600 1031 86865 1261 99135
18700 1032 87333 1261 99667
18800 1034 87838 1267 100162
18900 1036 88240 1267 100760
19000 1037 88675 1267 101325
19100 1037 89137 1268 101863
19200 1038 89508 1269 102492
19300 1038 90015 1271 102985
19400 1041 90585 1272 103415
19500 1043 91040 1272 103960
19600 1044 91551 1274 104449
19700 1046 92088 1274 104912
19800 1047 92677 1276 105323
19900 1048 93236 1277 105764
20000 1052 93751 1277 106249
20100 1052 94195 1277 106805
20200 1053 94823 1280 107177
20300 1055 95395 1281 107605
20400 1056 95942 1284 108058
20500 1056 96403 1285 108597
20600 1057 96919 1286 109081
20700 1058 97330 1289 109670
20800 1060 97989 1290 110011
20900 1063 98532 1291 110468
21000 1063 99065 1291 110935
21100 1065 99657 1297 111343
21200 1067 100220 1301 111780
21300 1073 100769 1302 112231
21400 1074 101086 1302 112914
21500 1075 101410 1305 113590
21600 1077 102061 1307 113939
21700 1078 102517 1309 114483
21800 1079 103067 1312 114933
21900 1080 103510 1314 115490
22000 1080 104066 1316 115934
22100 1080 104479 1318 116521
22200 1081 105008 1319 116992
22300 1081 105531 1321 117469
22400 1082 105904 1322 118096
22500 1084 106463 1325 118537
22600 1086 106804 1328 119196
22700 1086 107256 1331 119744
22800 1086 107626 1333 120374
22900 1086 108070 1335 120930
23000 1091 108690 1338 121310
23100 1091 109193 1339 121807
23200 1092 109761 1340 122239
23300 1093 110276 1342 122724
23400 1095 110750 1346 123250
23500 1096 111291 1346 123709
23600 1096 111844 1346 124156
23700 1097 112361 1348 124639
23800 1099 112939 1350 125061
23900 1099 113588 1352 125412
24000 1099 113882 1353 126118
24100 1102 114320 1357 126680
24200 1103 114805 1357 127195
24300 1104 115349 1358 127651
24400 1105 115855 1358 128145
24500 1106 116347 1361 128653
24600 1106 116915 1364 129085
24700 1106 117399 1368 129601
24800 1107 117962 1371 130038
24900 1109 118449 1372 130551
25000 1111 119032 1372 130968
25100 1112 119518 1375 131482
25200 1112 120134 1375 131866
25300 1113 120559 1379 132441
25400 1116 121173 1381 132827
25500 1117 121634 1382 133366
25600 1118 122088 1382 133912
25700 1119 122585 1383 134415
25800 1120 123053 1386 134947
25900 1122 123490 1390 135510
26000 1127 123940 1390 136060
26100 1129 124450 1390 136550
26200 1130 125028 1391 136972
26300 1132 125622 1393 137378
26400 1133 126133 1393 137867
26500 1135 126664 1393 138336
26600 1135 127146 1396 138854
26700 1135 127659 1399 139341
26800 1135 128191 1399 139809
26900 1137 128551 1399 140449
27000 1140 129114 1400 140886
27100 1141 129643 1401 141357
27200 1142 130171 1401 141829
27300 1142 130610 1402 142390
27400 1142 131132 1402 142868
27500 1143 131643 1403 143357
27600 1143 132138 1404 143862
27700 1145 132648 1404 144352
27800 1146 133246 1404 144754
27900 1149 133740 1406 145260
28000 1155 134257 1409 145743
28100 1156 134782 1410 146218
28200 1157 135330 1413 146670
28300 1160 135853 1414 147147
28400 1160 136479 1415 147521
28500 1160 137082 1416 147918
28600 1164 137513 1417 148487
28700 1164 137956 1418 149044
28800 1166 138378 1420 149622
28900 1166 138801 1420 150199
29000 1166 139448 1421 150552
29100 1166 140129 1422 150871
29200 1167 140617 1425 151383
29300 1167 141112 1426 151888
29400 1169 141658 1427 152342
29500 1170 142233 1429 152767
29600 1171 142680 1432 153320
29700 1174 143232 1435 153768
29800 1179 143795 1437 154205
29900 1180 144408 1438 154592
30000 1181 144945 1439 155055
30100 1182 145383 1441 155617
30200 1186 145860 1446 156140
30300 1188 146285 1446 156715
30400 1191 146768 1446 157232
30500 1191 147334 1447 157666
30600 1192 147797 1448 158203
30700 1193 148336 1449 158664
30800 1195 148909 1450 159091
30900 1195 149225 1452 159775
31000 1197 149888 1454 160112
31100 1199 150525 1455 160475
31200 1200 151049 1457 160951
31300 1206 151508 1457 161492
31400 1208 151982 1457 162018
31500 1214 152461 1460 162539
31600 1218 153008 1462 162992
31700 1221 153495 1465 163505
31800 1226 153957 1465 164043
31900 1228 154409 1468 164591
32000 1232 154860 1469 165140
32100 1233 155323 1469 165677
32200 1233 155792 1469 166208
32300 1236 156323 1472 166677
32400 1237 156839 1474 167161
32500 1243 157307 1476 167693
32600 1247 157798 1478 168202
32700 1249 158351 1479 168649
32800 1251 159059 1480 168941
32900 1253 159589 1482 169411
33000 1255 160244 1485 169756
33100 1256 160712 1487 170288
33200 1259 161310 1488 170690
33300 1260 161881 1488 171119
33400 1261 162399 1488 171601
33500 1267 162955 1489 172045
33600 1268 163494 1491 172506
33700 1270 163942 1493 173058
33800 1271 164394 1494 173606
33900 1274 164856 1494 174144
34000 1275 165340 1495 174660
34100 1277 165801 1496 175199
34200 1279 166299 1499 175701
34300 1279 166850 1499 176150
34400 1280 167438 1501 176562
34500 1282 167934 1504 177066
34600 1284 168371 1506 177629
34700 1285 168758 1507 178242
34800 1289 169291 1509 178709
34900 1291 169798 1510 179202
35000 1292 170196 1511 179804
35100 1294 170755 1514 180245
35200 1295 171298 1518 180702
35300 1297 171824 1518 181176
35400 1297 172278 1519 181722
35500 1298 172781 1519 182219
35600 1300 173184 1520 182816
35700 1302 173688 1520 183312
35800 1304 174180 1521 183820
35900 1305 174680 1522 184320
36000 1307 175130 1525 184870
36100 1307 175623 1525 185377
36200 1307 176119 1525 185881
36300 1308 176496 1527 186504
36400 1309 177170 1527 186830
36500 1310 177694 1530 187306
36600 1312 178125 1531 187875
36700 1313 178624 1531 188376
36800 1313 179090 1532 188910
36900 1314 179642 1533 189358
37000 1314 180125 1536 189875
37100 1316 180577 1536 190423
37200 1317 181106 1538 190894
37300 1318 181563 1539 191437
37400 1318 182132 1541 191868
37500 1318 182630 1542 192370
37600 1319 183249 1544 192751
37700 1320 183724 1544 193276
37800 1321 184228 1544 193772
37900 1321 184697 1544 194303
38000 1321 185217 1546 194783
38100 1323 185732 1546 195268
38200 1325 186158 1546 195842
38300 1326 186548 1549 196452
38400 1328 187060 1552 196940
38500 1331 187438 1555 197562
38600 1331 187823 1558 198177
38700 1335 188341 1560 198659
38800 1335 188941 1562 199059
38900 1336 189548 1562 199452
39000 1337 190058 1564 199942
39100 1340 190536 1566 200464
39200 1341 191037 1566 200963
39300 1343 191463 1566 201537
39400 1344 191982 1569 202018
39500 1344 192356 1569 202644
39600 1345 192773 1571 203227
39700 1345 193175 1572 203825
39800 1346 193702 1576 204298
39900 1347 194132 1578 204868
40000 1348 194445 1579 205555
40100 1350 194915 1581 206085
40200 1352 195387 1583 206613
40300 1355 195891 1583 207109
40400 1356 196370 1584 207630
40500 1357 196912 1587 208088
40600 1360 197415 1589 208585
40700 1360 197752 1590 209248
40800 1360 198211 1590 209789
40900 1361 198675 1595 210325
41000 1363 199170 1597 210830
41100 1365 199624 1600 211376
41200 1365 200166 1600 211834
41300 1365 200784 1602 212216
41400 1365 201201 1602 212799
41500 1368 201586 1607 213414
41600 1370 202037 1609 213963
41700 1371 202419 1609 214581
41800 1373 202951 1609 215049
41900 1374 203598 1609 215402
42000 1375 203997 1610 216003
42100 1375 204465 1610 216535
42200 1375 204872 1614 217128
42300 1375 205285 1616 217715
42400 1375 205749 1616 218251
42500 1376 206196 1619 218804
42600 1376 206596 1621 219404
42700 1378 207154 1623 219846
42800 1378 207661 1623 220339
42900 1383 208237 1626 220763
43000 1383 208624 1628 221376
43100 1383 209086 1628 221914
43200 1383 209579 1628 222421
43300 1386 209894 1630 223106
43400 1388 210421 1631 223579
43500 1389 210840 1633 224160
43600 1393 211284 1634 224716
43700 1395 211662 1638 225338
43800 1401 212193 1641 225807
43900 1403 212662 1642 226338
44000 1403 213079 1642 226921
44100 1403 213666 1642 227334
44200 1404 214078 1643 227922
44300 1409 214650 1644 228350
44400 1413 215185 1646 228815
44500 1413 215599 1647 229401
44600 1415 216209 1649 229791
44700 1417 216745 1650 230255
44800 1419 217092 1652 230908
44900 1419 217571 1654 231429
45000 1423 218086 1655 231914
45100 1423 218522 1655 232478
45200 1426 218953 1656 233047
45300 1427 219356 1658 233644
45400 1427 219799 1658 234201
45500 1429 220215 1661 234785
45600 1429 220730 1663 235270
45700 1430 221065 1666 235935
45800 1430 221691 1666 236309
45900 1431 222250 1669 236750
46000 1431 222782 1672 237218
46100 1432 223217 1675 237783
46200 1432 223593 1677 238407
46300 1432 224072 1678 238928
46400 1432 224568 1678 239432
46500 1433 225124 1679 239876
46600 1435 225617 1681 240383
46700 1436 226139 1681 240861
46800 1439 226672 1684 241328
46900 1439 227152 1686 241848
47000 1439 227609 1687 242391
47100 1442 228016 1689 242984
47200 1445 228615 1691 243385
47300 1445 229139 1692 243861
47400 1447 229591 1693 244409
47500 1447 230023 1693 244977
47600 1449 230590 1694 245410
47700 1453 231076 1697 245924
47800 1455 231522 1699 246478
47900 1456 232072 1702 246928
48000 1459 232519 1703 247481
48100 1459 232973 1703 248027
48200 1463 233628 1707 248372
48300 1464 234097 1709 248903
48400 1465 234590 1712 249410
48500 1466 235079 1715 249921
48600 1467 235663 1717 250337
48700 1470 236168 1718 250832
48800 1472 236693 1720 251307
48900 1472 237260 1723 251740
49000 1474 237781 1725 252219
49100 1476 238462 1725 252538
49200 1478 238958 1726 253042
49300 1479 239586 1730 253414
49400 1481 240161 1730 253839
49500 1482 240589 1733 254411
49600 1483 241188 1735 254812
49700 1485 241840 1736 255160
49800 1486 242438 1739 255562
49900 1490 242745 1739 256255
50000 1492 243209 1740 256791
50100 1494 243722 1741 257278
50200 1497 244244 1744 257756
50300 1500 244675 1746 258325
50400 1502 245146 1746 258854
50500 1505 245751 1749 259249
50600 1508 246318 1750 259682
50700 1511 246715 1752 260285
50800 1511 247209 1755 260791
50900 1512 247770 1755 261230
51000 1514 248264 1756 261736
51100 1516 248830 1758 262170
51200 1517 249239 1760 262761
51300 1519 249685 1762 263315
51400 1519 250230 1763 263770
51500 1520 250788 1763 264212
51600 1521 251312 1765 264688
51700 1521 251856 1765 265144
51800 1521 252354 1766 265646
51900 1522 252885 1768 266115
52000 1524 253353 1768 266647
52100 1524 254010 1769 266990
52200 1528 254551 1769 267449
52300 1529 255005 1769 267995
52400 1529 255534 1770 268466
52500 1530 256047 1772 268953
52600 1530 256636 1773 269364
52700 1530 257230 1774 269770
52800 1531 257758 1775 270242
52900 1531 258254 1779 270746
53000 1532 258682 1780 271318
53100 1532 259190 1781 271810
53200 1533 259867 1783 272133
53300 1536 260412 1784 272588
53400 1536 260816 1785 273184
53500 1538 261241 1786 273759
53600 1538 261642 1786 274358
53700 1538 262058 1786 274942
53800 1542 262454 1787 275546
53900 1542 263061 1787 275939
54000 1544 263532 1792 276468
54100 1546 264034 1792 276966
54200 1549 264529 1792 277471
54300 1549 264962 1794 278038
54400 1550 265306 1795 278694
54500 1553 265910 1798 279090
54600 1554 266449 1800 279551
54700 1555 266930 1802 280070
54800 1557 267444 1804 280556
54900 1559 267952 1805 281048
55000 1559 268437 1806 281563
55100 1559 268997 1807 282003
55200 1561 269675 1810 282325
55300 1562 270253 1810 282747
55400 1562 270811 1811 283189
55500 1566 271290 1812 283710
55600 1568 271984 1813 284016
55700 1571 272594 1814 284406
55800 1572 273234 1816 284766
55900 1575 273709 1816 285291
56000 1576 274184 1818 285816
56100 1578 274466 1820 286534
56200 1582 274935 1823 287065
56300 1582 275478 1826 287522
56400 1582 275942 1827 288058
56500 1584 276493 1828 288507
56600 1587 276968 1829 289032
56700 1588 277554 1830 289446
56800 1588 277940 1832 290060
56900 1588 278381 1835 290619
57000 1588 278753 1838 291247
57100 1589 279226 1838 291774
57200 1592 279748 1841 292252
57300 1595 280271 1843 292729
57400 1595 280697 1845 293303
57500 1597 281173 1846 293827
57600 1601 281735 1846 294265
57700 1601 282154 1848 294846
57800 1607 282583 1851 295417
57900 1609 283124 1853 295876
58000 1611 283518 1857 296482
58100 1611 284011 1857 296989
58200 1614 284549 1859 297451
58300 1614 285014 1860 297986
58400 1614 285588 1863 298412
58500 1614 286086 1863 298914
58600 1616 286604 1864 299396
58700 1618 287008 1864 299992
58800 1618 287543 1865 300457
58900 1620 288032 1866 300968
59000 1621 288525 1866 301475
59100 1621 289017 1867 301983
59200 1623 289588 1868 302412
59300 1626 290004 1869 302996
59400 1626 290422 1871 303578
59500 1626 290950 1872 304050
59600 1629 291454 1873 304546
59700 1630 291901 1875 305099
59800 1631 292342 1877 305658
59900 1632 292915 1880 306085
60000 1633 293494 1880 306506
60100 1634 293998 1881 307002
60200 1634 294404 1884 307596
60300 1638 294889 1885 308111
60400 1639 295514 1885 308486
60500 1642 296093 1885 308907
60600 1644 296459 1891 309541
60700 1645 296947 1891 310053
60800 1646 297442 1892 310558
60900 1647 297946 1895 311054
61000 1649 298468 1898 311532
61100 1651 298960 1898 312040
61200 1652 299475 1900 312525
61300 1654 299840 1901 313160
61400 1655 300367 1902 313633
61500 1655 300672 1903 314328
61600 1656 301171 1906 314829
61700 1658 301768 1907 315232
61800 1658 302462 1908 315538
61900 1661 302973 1909 316027
62000 1663 303626 1909 316374
62100 1666 304244 1910 316756
62200 1667 304881 1911 317119
62300 1670 305364 1912 317636
62400 1674 305859 1913 318141
62500 1677 306249 1915 318751
62600 1678 306765 1915 319235
62700 1681 307167 1916 319833
62800 1681 307623 1916 320377
62900 1682 308105 1918 320895
63000 1684 308618 1918 321382
63100 1684 309008 1919 321992
63200 1688 309601 1922 322399
63300 1690 310102 1924 322898
63400 1694 310587 1927 323413
63500 1694 311047 1929 323953
63600 1695 311538 1931 324462
63700 1696 312071 1931 324929
63800 1698 312672 1932 325328
63900 1698 313175 1932 325825
64000 1702 313776 1932 326224
64100 1702 314179 1932 326821
64200 1703 314602 1933 327398
64300 1703 315039 1935 327961
64400 1705 315589 1937 328411
64500 1707 316073 1939 328927
64600 1710 316458 1939 329542
64700 1713 316903 1943 330097
64800 1714 317453 1946 330547
64900 1715 317911 1951 331089
65000 1717 318403 1951 331597
65100 1717 318965 1953 332035
65200 1718 319493 1956 332507
65300 1718 319923 1956 333077
65400 1719 320310 1956 333690
65500 1720 320794 1957 334206
65600 1721 321171 1959 334829
65700 1721 321792 1962 335208
65800 1722 322383 1964 335617
65900 1722 322861 1966 336139
66000 1722 323308 1966 336692
66100 1722 323811 1967 337189
66200 1723 324322 1969 337678
66300 1724 324881 1970 338119
66400 1727 325298 1973 338702
66500 1731 325708 1975 339292
66600 1732 326244 1977 339756
66700 1736 326657 1979 340343
66800 1737 327100 1980 340900
66900 1739 327734 1983 341266
67000 1740 328382 1985 341618
67100 1740 328839 1986 342161
67200 1740 329349 1989 342651
67300 1742 329774 1990 343226
67400 1742 330160 1990 343840
67500 1744 330684 1992 344316
67600 1744 331272 1994 344728
67700 1744 331813 1994 345187
67800 1745 332325 1994 345675
67900 1747 332818 1994 346182
68000 1747 333271 1995 346729
68100 1748 333672 1996 347328
68200 1752 334124 2000 347876
68300 1755 334703 2002 348297
68400 1758 335246 2005 348754
68500 1759 335657 2008 349343
68600 1760 336146 2009 349854
68700 1761 336712 2011 350288
68800 1763 337225 2013 350775
68900 1764 337753 2014 351247
69000 1766 338266 2016 351734
69100 1768 338646 2018 352354
69200 1769 339202 2019 352798
69300 1769 339646 2020 353354
69400 1770 340003 2020 353997
69500 1774 340483 2021 354517
69600 1776 340967 2021 355033
69700 1780 341526 2022 355474
69800 1782 341998 2024 356002
69900 1782 342530 2027 356470
70000 1782 343026 2029 356974
70100 1784 343441 2030 357559
70200 1786 343949 2031 358051
70300 1787 344473 2034 358527
70400 1789 345016 2036 358984
70500 1789 345639 2037 359361
70600 1790 346114 2038 359886
70700 1791 346696 2040 360304
70800 1793 347277 2042 360723
70900 1795 347783 2045 361217
71000 1796 348376 2045 361624
71100 1798 348903 2050 362097
71200 1800 349422 2050 362578
71300 1801 349877 2053 363123
71400 1802 350378 2053 363622
71500 1804 350829 2054 364171
71600 1807 351368 2055 364632
71700 1807 351778 2055 365222
71800 1809 352294 2055 365706
71900 1811 352775 2056 366225
72000 1812 353190 2058 366810
72100 1814 353724 2059 367276
72200 1817 354216 2059 367784
72300 1820 354871 2059 368129
72400 1821 355317 2061 368683
72500 1822 355901 2064 369099
72600 1826 356459 2064 369541
72700 1830 356926 2068 370074
72800 1831 357564 2071 370436
72900 1833 358037 2073 370963
73000 1834 358654 2075 371346
73100 1837 359178 2076 371822
73200 1839 359637 2077 372363
73300 1840 360264 2079 372736
73400 1843 360830 2079 373170
73500 1846 361283 2082 373717
73600 1846 361796 2082 374204
73700 1847 362400 2085 374600
73800 1848 362968 2086 375032
73900 1848 363415 2087 375585
74000 1848 363933 2088 376067
74100 1848 364440 2088 376560
74200 1848 365078 2090 376922
74300 1850 365533 2095 377467
74400 1852 366023 2100 377977
74500 1858 366627 2100 378373
74600 1867 367124 2106 378876
74700 1871 367663 2109 379337
74800 1872 368280 2113 379720
74900 1874 368804 2116 380196
75000 1874 369301 2117 380699
75100 1877 369853 2120 381147
75200 1877 370428 2122 381572
75300 1877 370868 2124 382132
75400 1877 371377 2124 382623
75500 1878 371870 2124 383130
75600 1881 372365 2126 383635
75700 1882 372915 2129 384085
75800 1885 373251 2130 384749
75900 1886 373892 2134 385108
76000 1888 374449 2135 385551
76100 1888 374819 2135 386181
76200 1890 375330 2139 386670
76300 1891 375848 2141 387152
76400 1891 376322 2144 387678
76500 1894 376825 2145 388175
76600 1895 377307 2147 388693
76700 1896 377742 2148 389258
76800 1896 378316 2149 389684
76900 1896 378838 2150 390162
77000 1900 379329 2152 390671
77100 1901 379772 2152 391228
77200 1903 380335 2157 391665
77300 1907 380858 2157 392142
77400 1910 381314 2158 392686
77500 1911 381692 2159 393308
77600 1913 382136 2159 393864
77700 1914 382684 2160 394316
77800 1916 383149 2164 394851
77900 1921 383666 2166 395334
78000 1921 384268 2166 395732
78100 1921 384791 2171 396209
78200 1922 385210 2174 396790
78300 1923 385796 2176 397204
78400 1924 386328 2176 397672
78500 1926 386879 2179 398121
78600 1927 387395 2179 398605
78700 1929 387814 2182 399186
78800 1933 388355 2183 399645
78900 1935 388864 2185 400136
79000 1937 389335 2188 400665
79100 1940 390032 2190 400968
79200 1940 390512 2192 401488
79300 1942 391109 2193 401891
79400 1945 391628 2195 402372
79500 1947 392110 2198 402890
79600 1949 392698 2201 403302
79700 1950 393307 2202 403693
79800 1953 393876 2203 404124
79900 1954 394378 2205 404622
80000 1955 394903 2205 405097
80100 1955 395298 2210 405702
80200 1956 395876 2210 406124
80300 1959 396401 2210 406599
80400 1960 396843 2212 407157
80500 1964 397375 2214 407625
80600 1965 397797 2216 408203
80700 1965 398200 2217 408800
80800 1965 398644 2217 409356
80900 1968 399177 2219 409823
81000 1972 399739 2220 410261
81100 1975 400269 2222 410731
81200 1977 400732 2225 411268
81300 1980 401294 2229 411706
81400 1980 401799 2229 412201
81500 1980 402284 2229 412716
81600 1982 402830 2234 413170
81700 1983 403342 2234 413658
81800 1983 403739 2237 414261
81900 1985 404243 2238 414757
82000 1985 404861 2240 415139
82100 1986 405465 2241 415535
82200 1986 405897 2241 416103
82300 1986 406391 2242 416609
82400 1986 406870 2243 417130
82500 1988 407292 2244 417708
82600 1989 407782 2245 418218
82700 1989 408238 2248 418762
82800 1990 408878 2251 419122
82900 1990 409360 2251 419640
83000 1993 409757 2255 420243
83100 1994 410414 2255 420586
83200 1994 410906 2258 421094
83300 1997 411600 2258 421400
83400 1998 412248 2264 421752
83500 2002 412717 2266 422283
83600 2004 413119 2270 422881
83700 2004 413609 2271 423391
83800 2005 414165 2273 423835
83900 2007 414625 2275 424375
84000 2010 415213 2276 424787
84100 2010 415702 2278 425298
84200 2010 416231 2278 425769
84300 2011 416734 2278 426266
84400 2015 417295 2278 426705
84500 2018 417738 2278 427262
84600 2021 418253 2281 427747
84700 2023 418801 2284 428199
84800 2025 419248 2285 428752
84900 2026 419723 2286 429277
85000 2030 420131 2287 429869
85100 2031 420679 2288 430321
85200 2033 421301 2289 430699
85300 2034 421729 2289 431271
85400 2034 422240 2290 431760
85500 2034 422812 2290 432188
85600 2035 423240 2290 432760
85700 2036 423703 2291 433297
85800 2036 424246 2292 433754
85900 2036 424954 2297 434046
86000 2039 425538 2302 434462
86100 2040 425970 2305 435030
86200 2043 426363 2306 435637
86300 2044 426935 2308 436065
86400 2045 427445 2311 436555
86500 2047 427914 2312 437086
86600 2053 428388 2316 437612
86700 2054 428965 2318 438035
86800 2055 429487 2319 438513
86900 2057 429995 2323 439005
87000 2057 430466 2324 439534
87100 2057 431084 2328 439916
87200 2057 431638 2328 440362
87300 2058 432215 2329 440785
87400 2059 432634 2332 441366
87500 2059 433182 2335 441818
87600 2061 433573 2336 442427
87700 2063 434124 2337 442876
87800 2063 434578 2338 443422
87900 2065 435073 2339 443927
88000 2068 435574 2340 444426
88100 2070 435970 2340 445030
88200 2072 436510 2341 445490
88300 2073 436989 2341 446011
88400 2075 437555 2344 446445
88500 2075 438088 2344 446912
88600 2076 438597 2346 447403
88700 2079 439088 2347 447912
88800 2079 439514 2349 448486
88900 2079 440000 2349 449000
89000 2079 440616 2350 449384
89100 2079 441102 2352 449898
89200 2081 441525 2353 450475
89300 2082 442137 2355 450863
89400 2082 442752 2356 451248
89500 2085 443202 2356 451798
89600 2089 443563 2356 452437
89700 2092 444104 2358 452896
89800 2093 444575 2360 453425
89900 2094 445155 2360 453845
90000 2094 445597 2362 454403
90100 2097 446026 2365 454974
90200 2098 446531 2370 455469
90300 2099 447047 2370 455953
90400 2099 447399 2370 456601
90500 2099 447685 2373 457315
90600 2102 448086 2374 457914
90700 2102 448735 2375 458265
90800 2102 449111 2375 458889
90900 2105 449538 2379 459462
91000 2109 450045 2382 459955
91100 2112 450494 2386 460506
91200 2113 451070 2390 460930
91300 2113 451563 2392 461437
91400 2115 452166 2397 461834
91500 2119 452619 2397 462381
91600 2120 453149 2398 462851
91700 2125 453650 2400 463350
91800 2127 454122 2403 463878
91900 2128 454710 2404 464290
92000 2128 455200 2406 464800
92100 2131 455722 2407 465278
92200 2131 456250 2407 465750
92300 2131 456820 2409 466180
92400 2136 457495 2412 466505
92500 2140 458003 2413 466997
92600 2142 458529 2416 467471
92700 2142 458919 2417 468081
92800 2143 459483 2417 468517
92900 2144 459977 2418 469023
93000 2146 460444 2419 469556
93100 2148 461162 2420 469838
93200 2149 461637 2422 470363
93300 2149 462132 2424 470868
93400 2153 462738 2427 471262
93500 2154 463292 2428 471708
93600 2156 463839 2428 472161
93700 2156 464260 2429 472740
93800 2157 464914 2430 473086
93900 2163 465538 2431 473462
94000 2165 465849 2434 474151
94100 2170 466275 2437 474725
94200 2171 466767 2438 475233
94300 2173 467100 2439 475900
94400 2174 467611 2442 476389
94500 2175 468135 2442 476865
94600 2180 468568 2446 477432
94700 2181 469049 2450 477951
94800 2183 469598 2452 478402
94900 2186 470164 2454 478836
95000 2188 470730 2456 479270
95100 2190 471244 2459 479756
95200 2191 471694 2460 480306
95300 2194 472220 2460 480780
95400 2194 472851 2462 481149
95500 2198 473448 2464 481552
95600 2201 473931 2468 482069
95700 2202 474540 2468 482460
95800 2204 475044 2470 482956
95900 2204 475430 2471 483570
96000 2204 475948 2472 484052
96100 2205 476428 2473 484572
96200 2206 476958 2476 485042
96300 2209 477426 2477 485574
96400 2209 477982 2480 486018
96500 2210 478468 2481 486532
96600 2211 478956 2481 487044
96700 2218 479543 2481 487457
96800 2219 479950 2483 488050
96900 2221 480622 2483 488378
97000 2223 481150 2483 488850
97100 2225 481614 2486 489386
97200 2225 482222 2486 489778
97300 2226 482646 2487 490354
97400 2228 483071 2489 490929
97500 2228 483585 2489 491415
97600 2229 484180 2494 491820
97700 2234 484695 2495 492305
97800 2234 485142 2496 492858
97900 2236 485704 2497 493296
98000 2237 486189 2498 493811
98100 2240 486679 2500 494321
98200 2241 487317 2502 494683
98300 2241 487861 2502 495139
98400 2241 488434 2502 495566
98500 2243 488960 2503 496040
98600 2245 489488 2505 496512
98700 2250 489961 2506 497039
98800 2251 490432 2506 497568
98900 2252 490896 2509 498104
99000 2253 491410 2510 498590
99100 2253 491965 2514 499035
99200 2253 492330 2517 499670
99300 2253 492670 2517 500330
99400 2258 492954 2520 501046
99500 2261 493492 2522 501508
99600 2262 493911 2525 502089
99700 2262 494464 2525 502536
99800 2262 494981 2528 503019
99900 2263 495458 2529 503542
100000 2263 495899 2531 504101
100100 2263 496409 2533 504591
100200 2263 496897 2534 505103
100300 2265 497444 2534 505556
100400 2265 497948 2534 506052
100500 2265 498300 2537 506700
100600 2268 498680 2538 507320
100700 2269 499198 2538 507802
100800 2269 499655 2538 508345
100900 2271 500162 2540 508838
101000 2272 500699 2541 509301
101100 2272 501178 2543 509822
101200 2275 501777 2546 510223
101300 2278 502266 2547 510734
101400 2280 502801 2547 511199
101500 2283 503287 2548 511713
101600 2283 503631 2554 512369
101700 2286 504175 2559 512825
101800 2286 504773 2562 513227
101900 2286 505209 2563 513791
102000 2286 505707 2565 514293
102100 2286 506240 2566 514760
102200 2286 506770 2566 515230
102300 2288 507346 2567 515654
102400 2289 507747 2568 516253
102500 2292 508096 2569 516904
102600 2294 508579 2572 517421
102700 2297 509175 2572 517825
102800 2298 509681 2574 518319
102900 2299 510109 2576 518891
103000 2301 510650 2577 519350
103100 2305 511164 2578 519836
103200 2310 511559 2578 520441
103300 2312 512176 2580 520824
103400 2314 512664 2586 521336
103500 2316 513116 2586 521884
103600 2317 513709 2588 522291
103700 2318 514207 2589 522793
103800 2318 514676 2590 523324
103900 2323 515093 2593 523907
104000 2326 515597 2595 524403
104100 2326 516141 2595 524859
104200 2328 516673 2597 525327
104300 2328 517207 2598 525793
104400 2328 517752 2599 526248
104500 2329 518210 2600 526790
104600 2331 518823 2601 527177
104700 2332 519233 2604 527767
104800 2332 519717 2609 528283
104900 2332 520054 2611 528946
105000 2334 520558 2611 529442
105100 2336 521019 2611 529981
105200 2339 521484 2613 530516
105300 2341 522007 2613 530993
105400 2341 522585 2615 531415
105500 2342 523017 2615 531983
105600 2344 523528 2615 532472
105700 2346 523889 2615 533111
105800 2348 524400 2619 533600
105900 2349 524850 2619 534150
106000 2350 525322 2620 534678
106100 2352 525700 2620 535300
106200 2355 526058 2623 535942
106300 2357 526490 2623 536510
106400 2358 527012 2624 536988
106500 2358 527569 2624 537431
106600 2360 528088 2626 537912
106700 2361 528478 2628 538522
106800 2362 528956 2629 539044
106900 2362 529446 2629 539554
107000 2364 529963 2632 540037
107100 2364 530483 2634 540517
107200 2367 530938 2637 541062
107300 2369 531271 2640 541729
107400 2372 531807 2640 542193
107500 2373 532366 2641 542634
107600 2374 532968 2643 543032
107700 2376 533517 2644 543483
107800 2377 534119 2644 543881
107900 2379 534608 2646 544392
108000 2379 535153 2646 544847
108100 2381 535658 2647 545342
108200 2383 536170 2649 545830
108300 2384 536721 2651 546279
108400 2387 537183 2652 546817
108500 2394 537640 2652 547360
108600 2394 538190 2652 547810
108700 2396 538640 2655 548360
108800 2397 539322 2658 548678
108900 2398 539725 2658 549275
109000 2400 540221 2662 549779
109100 2401 540915 2664 550085
109200 2403 541557 2666 550443
109300 2404 541989 2667 551011
109400 2405 542373 2669 551627
109500 2406 542879 2671 552121
109600 2407 543444 2671 552556
109700 2407 543861 2671 553139
109800 2407 544436 2673 553564
109900 2409 544937 2676 554063
110000 2411 545408 2677 554592
110100 2412 545903 2677 555097
110200 2417 546340 2678 555660
110300 2418 546899 2679 556101
110400 2418 547301 2681 556699
110500 2418 547762 2684 557238
110600 2419 548218 2685 557782
110700 2422 548681 2686 558319
110800 2422 549159 2687 558841
110900 2423 549687 2689 559313
111000 2423 550174 2689 559826
111100 2424 550701 2690 560299
111200 2424 551302 2690 560698
111300 2427 551789 2695 561211
111400 2427 552284 2698 561716
111500 2430 552845 2701 562155
111600 2432 553403 2702 562597
111700 2433 553862 2704 563138
111800 2433 554407 2706 563593
111900 2433 554929 2708 564071
112000 2433 555286 2710 564714
112100 2434 555727 2710 565273
112200 2434 556185 2710 565815
112300 2435 556627 2710 566373
112400 2438 557275 2710 566725
112500 2439 557687 2710 567313
112600 2439 558186 2710 567814
112700 2440 558614 2710 568386
112800 2442 559167 2710 568833
112900 2442 559650 2711 569350
113000 2444 560186 2711 569814
113100 2444 560582 2714 570418
113200 2446 561119 2714 570881
113300 2446 561734 2714 571266
113400 2449 562129 2714 571871
113500 2452 562584 2715 572416
113600 2452 563071 2717 572929
113700 2455 563651 2718 573349
113800 2457 564223 2718 573777
113900 2457 564743 2719 574257
114000 2459 565310 2719 574690
114100 2460 565827 2722 575173
114200 2461 566282 2723 575718
114300 2461 566758 2724 576242
114400 2462 567254 2725 576746
114500 2463 567732 2729 577268
114600 2466 568188 2731 577812
114700 2468 568785 2733 578215
114800 2470 569281 2734 578719
114900 2471 569756 2734 579244
115000 2471 570127 2736 579873
115100 2471 570535 2737 580465
115200 2474 570924 2739 581076
115300 2474 571510 2740 581490
115400 2475 571962 2741 582038
115500 2477 572480 2742 582520
115600 2479 573076 2742 582924
115700 2481 573663 2745 583337
115800 2481 574200 2745 583800
115900 2482 574697 2748 584303
116000 2485 575276 2748 584724
116100 2489 575786 2749 585214
116200 2490 576151 2750 585849
116300 2492 576773 2751 586227
116400 2494 577337 2756 586663
116500 2496 577821 2758 587179
116600 2497 578303 2759 587697
116700 2499 578766 2761 588234
116800 2500 579134 2761 588866
116900 2500 579670 2762 589330
117000 2501 580159 2763 589841
117100 2501 580750 2763 590250
117200 2501 581210 2767 590790
117300 2501 581784 2767 591216
117400 2501 582362 2769 591638
117500 2502 582907 2771 592093
117600 2502 583352 2774 592648
117700 2503 583858 2775 593142
117800 2511 584375 2779 593625
117900 2512 584864 2782 594136
118000 2517 585422 2786 594578
118100 2519 585978 2787 595022
118200 2521 586385 2791 595615
118300 2522 586980 2791 596020
118400 2524 587436 2794 596564
118500 2526 587938 2796 597062
118600 2526 588523 2797 597477
118700 2529 588985 2798 598015
118800 2529 589542 2799 598458
118900 2529 590240 2800 598760
119000 2529 590725 2803 599275
119100 2529 591327 2803 599673
119200 2530 591844 2803 600156
119300 2532 592163 2804 600837
119400 2533 592632 2804 601368
119500 2536 593072 2806 601928
119600 2538 593639 2810 602361
119700 2539 594146 2810 602854
119800 2540 594659 2813 603341
119900 2540 595341 2814 603659
120000 2541 596019 2815 603981
120100 2544 596477 2818 604523
120200 2545 596997 2820 605003
120300 2547 597499 2821 605501
120400 2549 598113 2822 605887
120500 2551 598696 2822 606304
120600 2552 599138 2822 606862
120700 2554 599848 2824 607152
120800 2556 600356 2825 607644
120900 2557 600836 2826 608164
121000 2562 601409 2827 608591
121100 2563 601912 2830 609088
121200 2565 602325 2831 609675
121300 2565 602832 2831 610168
121400 2568 603370 2832 610630
121500 2568 603889 2834 611111
121600 2569 604398 2835 611602
121700 2572 604896 2836 612104
121800 2572 605481 2836 612519
121900 2572 605934 2836 613066
122000 2572 606405 2836 613595
122100 2574 607044 2840 613956
122200 2577 607489 2841 614511
122300 2581 607963 2848 615037
122400 2583 608449 2849 615551
122500 2584 608922 2853 616078
122600 2586 609440 2856 616560
122700 2592 609942 2857 617058
122800 2593 610445 2858 617555
122900 2596 611012 2860 617988
123000 2599 611413 2862 618587
123100 2601 611958 2866 619042
123200 2602 612335 2867 619665
123300 2603 612953 2874 620047
123400 2605 613452 2877 620548
123500 2606 613911 2877 621089
123600 2609 614521 2879 621479
123700 2611 614888 2881 622112
123800 2612 615223 2887 622777
123900 2613 615746 2888 623254
124000 2617 616291 2888 623709
124100 2618 616823 2888 624177
124200 2619 617480 2889 624520
124300 2619 617965 2889 625035
124400 2621 618369 2891 625631
124500 2622 618880 2892 626120
124600 2622 619473 2893 626527
124700 2622 619967 2895 627033
124800 2625 620472 2895 627528
124900 2626 620966 2895 628034
125000 2629 621501 2896 628499
125100 2631 622050 2900 628950
125200 2635 622421 2902 629579
125300 2637 622974 2903 630026
125400 2638 623374 2904 630626
125500 2642 623789 2907 631211
125600 2643 624245 2909 631755
125700 2643 624705 2910 632295
125800 2645 625201 2912 632799
125900 2645 625743 2913 633257
126000 2646 626151 2914 633849
126100 2647 626679 2917 634321
126200 2648 627133 2918 634867
126300 2649 627618 2919 635382
126400 2649 628078 2921 635922
126500 2651 628551 2921 636449
126600 2654 629219 2921 636781
126700 2659 629761 2923 637239
126800 2661 630327 2923 637673
126900 2663 630730 2924 638270
127000 2663 631299 2924 638701
127100 2663 631841 2929 639159
127200 2664 632286 2931 639714
127300 2667 632845 2932 640155
127400 2668 633460 2933 640540
127500 2670 633977 2933 641023
127600 2671 634401 2934 641599
127700 2671 634924 2936 642076
127800 2673 635407 2939 642593
127900 2674 635843 2941 643157
128000 2674 636330 2942 643670
128100 2674 636816 2943 644184
128200 2676 637184 2946 644816
128300 2678 637581 2946 645419
128400 2680 638113 2949 645887
128500 2681 638590 2950 646410
128600 2683 639061 2953 646939
128700 2683 639539 2953 647461
128800 2684 640109 2953 647891
128900 2684 640643 2953 648357
129000 2686 641120 2953 648880
129100 2687 641540 2953 649460
129200 2689 641971 2954 650029
129300 2692 642346 2959 650654
129400 2694 642743 2959 651257
129500 2696 643197 2959 651803
129600 2698 643834 2959 652166
129700 2699 644428 2960 652572
129800 2699 644980 2960 653020
129900 2700 645555 2960 653445
130000 2700 646082 2961 653918
130100 2701 646583 2964 654417
130200 2701 647030 2965 654970
130300 2705 647545 2966 655455
130400 2711 648011 2967 655989
130500 2714 648524 2972 656476
130600 2715 649017 2975 656983
130700 2716 649434 2975 657566
130800 2717 649886 2976 658114
130900 2718 650479 2978 658521
131000 2720 650991 2979 659009
131100 2721 651509 2980 659491
131200 2723 652017 2983 659983
131300 2724 652509 2983 660491
131400 2727 653058 2983 660942
131500 2729 653560 2985 661440
131600 2734 653911 2988 662089
131700 2735 654270 2991 662730
131800 2735 654762 2993 663238
131900 2738 655234 2994 663766
132000 2739 655800 2995 664200
132100 2742 656271 2997 664729
132200 2743 656807 2997 665193
132300 2744 657259 2999 665741
132400 2745 657593 3003 666407
132500 2746 658120 3005 666880
132600 2746 658530 3006 667470
132700 2749 659017 3007 667983
132800 2750 659362 3008 668638
132900 2751 659663 3011 669337
133000 2753 660326 3012 669674
133100 2758 660743 3012 670257
133200 2762 661098 3012 670902
133300 2763 661654 3015 671346
133400 2763 662179 3015 671821
133500 2765 662603 3016 672397
133600 2766 663225 3018 672775
133700 2768 663737 3020 673263
133800 2768 664349 3021 673651
133900 2770 664835 3021 674165
134000 2770 665330 3022 674670
134100 2776 665853 3027 675147
134200 2779 666444 3031 675556
134300 2779 666965 3031 676035
134400 2781 667545 3031 676455
134500 2783 668117 3035 676883
134600 2786 668622 3038 677378
134700 2787 669186 3043 677814
134800 2789 669686 3046 678314
134900 2791 670229 3049 678771
135000 2794 670711 3053 679289
135100 2796 671194 3055 679806
135200 2796 671571 3058 680429
135300 2800 672014 3058 680986
135400 2800 672477 3059 681523
135500 2803 672962 3062 682038
135600 2804 673450 3066 682550
135700 2804 673803 3070 683197
135800 2806 674258 3073 683742
135900 2806 674841 3073 684159
136000 2810 675399 3073 684601
136100 2811 675994 3073 685006
136200 2812 676594 3076 685406
136300 2814 677155 3077 685845
136400 2814 677600 3078 686400
136500 2815 678014 3079 686986
136600 2815 678471 3082 687529
136700 2816 679020 3083 687980
136800 2818 679458 3083 688542
136900 2819 679990 3084 689010
137000 2821 680516 3086 689484
137100 2823 681092 3086 689908
137200 2824 681653 3087 690347
137300 2825 682188 3088 690812
137400 2827 682888 3088 691112
137500 2827 683491 3088 691509
137600 2828 683977 3088 692023
137700 2830 684322 3091 692678
137800 2830 684847 3092 693153
137900 2831 685318 3093 693682
138000 2831 685703 3095 694297
138100 2832 686326 3098 694674
138200 2834 686833 3099 695167
138300 2838 687323 3100 695677
138400 2839 687850 3103 696150
138500 2842 688347 3110 696653
138600 2844 688895 3111 697105
138700 2847 689283 3114 697717
138800 2848 689849 3117 698151
138900 2851 690460 3120 698540
139000 2851 690885 3124 699115
139100 2852 691435 3128 699565
139200 2852 692022 3131 699978
139300 2852 692509 3132 700491
139400 2854 692928 3132 701072
139500 2854 693363 3134 701637
139600 2857 693702 3137 702298
139700 2857 694287 3138 702713
139800 2860 694741 3140 703259
139900 2861 695243 3140 703757
140000 2862 695785 3142 704215
140100 2862 696294 3144 704706
140200 2865 696784 3146 705216
140300 2866 697277 3148 705723
140400 2868 697827 3148 706173
140500 2869 698199 3149 706801
140600 2870 698637 3150 707363
140700 2872 699076 3151 707924
140800 2873 699622 3152 708378
140900 2875 700150 3153 708850
141000 2876 700559 3156 709441
141100 2876 701057 3157 709943
141200 2876 701466 3158 710534
141300 2880 701873 3160 711127
141400 2885 702381 3165 711619
141500 2886 703065 3166 711935
141600 2887 703490 3167 712510
141700 2888 703972 3168 713028
141800 2888 704366 3170 713634
141900 2890 704990 3176 714010
142000 2891 705528 3176 714472
142100 2892 706048 3178 714952
142200 2895 706432 3179 715568
142300 2899 706738 3183 716262
142400 2903 707227 3185 716773
142500 2903 707635 3185 717365
142600 2903 708225 3185 717775
142700 2905 708572 3186 718428
142800 2905 709070 3187 718930
142900 2905 709623 3188 719377
143000 2908 710061 3191 719939
143100 2910 710573 3195 720427
143200 2912 711176 3196 720824
143300 2913 711653 3196 721347
143400 2916 712201 3199 721799
143500 2920 712673 3200 722327
143600 2920 713172 3202 722828
143700 2920 713570 3203 723430
143800 2923 714030 3204 723970
143900 2924 714556 3206 724444
144000 2927 715039 3207 724961
144100 2928 715613 3209 725387
144200 2929 716014 3213 725986
144300 2929 716575 3217 726425
144400 2930 717168 3218 726832
144500 2930 717619 3219 727381
144600 2933 718128 3219 727872
144700 2934 718685 3223 728315
144800 2938 719188 3224 728812
144900 2940 719568 3227 729432
145000 2940 719979 3227 730021
145100 2942 720470 3228 730530
145200 2942 720885 3228 731115
145300 2945 721363 3229 731637
145400 2946 721847 3229 732153
145500 2948 722385 3230 732615
145600 2950 722918 3232 733082
145700 2950 723316 3232 733684
145800 2951 723668 3236 734332
145900 2953 724276 3236 734724
146000 2954 724672 3236 735328
146100 2956 725193 3236 735807
146200 2957 725787 3238 736213
146300 2959 726267 3238 736733
146400 2959 726863 3242 737137
146500 2962 727448 3246 737552
146600 2965 727984 3248 738016
146700 2966 728475 3249 738525
146800 2966 728992 3250 739008
146900 2967 729508 3256 739492
147000 2967 730139 3257 739861
147100 2968 730851 3261 740149
147200 2970 731415 3261 740585
147300 2971 732073 3263 740927
147400 2974 732652 3264 741348
147500 2975 733185 3266 741815
147600 2978 733649 3267 742351
147700 2980 734136 3267 742864
147800 2980 734546 3267 743454
147900 2982 734917 3269 744083
148000 2986 735465 3274 744535
148100 2986 735836 3275 745164
148200 2988 736275 3276 745725
148300 2988 736862 3277 746138
148400 2989 737378 3277 746622
148500 2993 737844 3279 747156
148600 2997 738268 3283 747732
148700 2997 738696 3285 748304
148800 3002 739233 3288 748767
148900 3005 739764 3292 749236
149000 3005 740260 3298 749740
149100 3008 740773 3298 750227
149200 3008 741304 3299 750696
149300 3012 741876 3300 751124
149400 3013 742418 3301 751582
149500 3015 743011 3302 751989
149600 3017 743734 3304 752266
149700 3018 744333 3304 752667
149800 3019 744745 3306 753255
149900 3020 745185 3309 753815
150000 3022 745483 3310 754517
150100 3022 745943 3310 755057
150200 3022 746424 3311 755576
150300 3023 747044 3312 755956
150400 3027 747581 3317 756419
150500 3030 748102 3323 756898
150600 3030 748559 3323 757441
150700 3030 749142 3323 757858
150800 3031 749601 3323 758399
150900 3032 750171 3324 758829
151000 3033 750662 3326 759338
151100 3034 751044 3329 759956
151200 3036 751599 3332 760401
151300 3037 752154 3332 760846
151400 3038 752677 3332 761323
151500 3040 752950 3334 762050
151600 3044 753526 3335 762474
151700 3046 753946 3335 763054
151800 3047 754467 3335 763533
151900 3051 755078 3337 763922
152000 3056 755396 3337 764604
152100 3058 755854 3338 765146
152200 3059 756240 3341 765760
152300 3059 756772 3345 766228
152400 3060 757260 3347 766740
152500 3061 757702 3348 767298
152600 3061 758215 3348 767785
152700 3061 758718 3350 768282
152800 3062 759249 3350 768751
152900 3064 759756 3352 769244
153000 3064 760331 3352 769669
153100 3065 760799 3352 770201
153200 3066 761230 3352 770770
153300 3068 761664 3354 771336
153400 3072 762143 3356 771857
153500 3074 762645 3359 772355
153600 3074 763071 3361 772929
153700 3081 763532 3362 773468
153800 3082 763802 3362 774198
153900 3086 764295 3364 774705
154000 3089 764724 3365 775276
154100 3090 765233 3365 775767
154200 3093 765727 3367 776273
154300 3093 766260 3369 776740
154400 3093 766845 3370 777155
154500 3095 767303 3370 777697
154600 3097 767737 3371 778263
154700 3099 768109 3372 778891
154800 3102 768620 3372 779380
154900 3104 769173 3375 779827
155000 3106 769557 3375 780443
155100 3106 770070 3376 780930
155200 3107 770496 3376 781504
155300 3108 770763 3376 782237
155400 3109 771213 3379 782787
155500 3110 771711 3381 783289
155600 3111 772090 3382 783910
155700 3111 772579 3383 784421
155800 3111 773087 3383 784913
155900 3114 773542 3387 785458
156000 3115 773890 3392 786110
156100 3115 774375 3393 786625
156200 3115 774902 3394 787098
156300 3115 775588 3394 787412
156400 3118 776215 3395 787785
156500 3120 776639 3396 788361
156600 3120 777168 3396 788832
156700 3120 777729 3397 789271
156800 3121 778109 3400 789891
156900 3123 778593 3402 790407
157000 3129 779318 3406 790682
157100 3130 779872 3407 791128
157200 3130 780357 3409 791643
157300 3130 780936 3409 792064
157400 3130 781484 3411 792516
157500 3130 781900 3411 793100
157600 3132 782346 3411 793654
157700 3133 782728 3412 794272
157800 3133 783099 3414 794901
157900 3136 783551 3418 795449
158000 3138 783958 3419 796042
158100 3140 784278 3423 796722
158200 3140 784744 3425 797256
158300 3141 785171 3426 797829
158400 3141 785872 3430 798128
158500 3144 786438 3433 798562
158600 3145 786936 3435 799064
158700 3149 787305 3435 799695
158800 3151 787772 3436 800228
158900 3152 788324 3438 800676
159000 3152 788739 3439 801261
159100 3152 789280 3440 801720
159200 3152 789769 3441 802231
159300 3152 790284 3443 802716
159400 3153 790788 3445 803212
159500 3153 791156 3448 803844
159600 3153 791680 3449 804320
159700 3154 792182 3449 804818
159800 3155 792634 3451 805366
159900 3156 793051 3452 805949
160000 3157 793469 3454 806531
160100 3157 793971 3454 807029
160200 3158 794482 3460 807518
160300 3159 795014 3460 807986
160400 3160 795539 3462 808461
160500 3162 796000 3462 809000
160600 3162 796455 3463 809545
160700 3162 796996 3464 810004
160800 3164 797476 3466 810524
160900 3164 797950 3468 811050
161000 3166 798480 3470 811520
161100 3168 798853 3472 812147
161200 3170 799275 3472 812725
161300 3171 799765 3473 813235
161400 3171 800226 3475 813774
161500 3172 800715 3475 814285
161600 3173 801150 3477 814850
161700 3176 801720 3479 815280
161800 3178 802447 3480 815553
161900 3179 802923 3481 816077
162000 3179 803453 3482 816547
162100 3182 804000 3484 817000
162200 3185 804612 3486 817388
162300 3186 805126 3491 817874
162400 3191 805646 3492 818354
162500 3192 806096 3493 818904
162600 3193 806607 3496 819393
162700 3195 807102 3498 819898
162800 3197 807578 3499 820422
162900 3197 808060 3501 820940
163000 3198 808478 3501 821522
163100 3201 808931 3505 822069
163200 3202 809549 3506 822451
163300 3205 810107 3507 822893
163400 3206 810464 3507 823536
163500 3210 810858 3508 824142
163600 3212 811274 3511 824726
163700 3214 811635 3512 825365
163800 3217 812207 3513 825793
163900 3220 812613 3513 826387
164000 3220 813151 3513 826849
164100 3221 813746 3515 827254
164200 3223 814233 3517 827767
164300 3226 814746 3518 828254
164400 3227 815203 3518 828797
164500 3228 815856 3521 829144
164600 3231 816403 3523 829597
164700 3231 817034 3524 829966
164800 3231 817633 3528 830367
164900 3232 818135 3531 830865
165000 3234 818723 3531 831277
165100 3234 819406 3533 831594
165200 3234 819908 3533 832092
165300 3236 820359 3534 832641
165400 3237 820975 3535 833025
165500 3238 821451 3535 833549
165600 3238 822012 3536 833988
165700 3238 822527 3536 834473
165800 3239 822989 3537 835011
165900 3239 823638 3542 835362
166000 3243 824204 3543 835796
166100 3243 824786 3543 836214
166200 3243 825231 3543 836769
166300 3245 825729 3548 837271
166400 3245 826225 3549 837775
166500 3248 826661 3552 838339
166600 3249 827156 3553 838844
166700 3249 827610 3554 839390
166800 3251 828104 3554 839896
166900 3251 828541 3555 840459
167000 3252 829001 3559 840999
167100 3253 829556 3560 841444
167200 3258 830004 3563 841996
167300 3260 830520 3565 842480
167400 3260 831005 3567 842995
167500 3262 831638 3569 843362
167600 3262 832092 3572 843908
167700 3264 832589 3573 844411
167800 3264 833022 3574 844978
167900 3267 833499 3575 845501
168000 3271 834027 3578 845973
168100 3272 834458 3578 846542
168200 3275 834831 3579 847169
168300 3275 835351 3579 847649
168400 3281 836038 3579 847962
168500 3284 836523 3582 848477
168600 3287 837010 3585 848990
168700 3293 837642 3588 849358
168800 3294 838206 3591 849794
168900 3297 838755 3592 850245
169000 3300 839239 3593 850761
169100 3306 839489 3598 851511
169200 3309 840054 3599 851946
169300 3310 840565 3599 852435
169400 3311 841111 3601 852889
169500 3312 841648 3603 853352
169600 3314 842270 3605 853730
169700 3315 842770 3606 854230
169800 3315 843315 3607 854685
169900 3317 843784 3608 855216
170000 3320 844232 3610 855768
170100 3322 844780 3612 856220
170200 3324 845336 3612 856664
170300 3327 845810 3612 857190
170400 3330 846340 3613 857660
170500 3330 846873 3614 858127
170600 3332 847395 3615 858605
170700 3335 847893 3616 859107
170800 3336 848320 3617 859680
170900 3338 848787 3618 860213
171000 3339 849265 3621 860735
171100 3341 849790 3623 861210
171200 3343 850326 3623 861674
171300 3343 850840 3623 862160
171400 3346 851267 3624 862733
171500 3351 851755 3627 863245
171600 3352 852373 3629 863627
171700 3353 852965 3631 864035
171800 3354 853580 3632 864420
171900 3355 854170 3634 864830
172000 3357 854683 3636 865317
172100 3358 855233 3637 865767
172200 3359 855644 3638 866356
172300 3362 856096 3641 866904
172400 3363 856595 3644 867405
172500 3363 857035 3645 867965
172600 3364 857585 3649 868415
172700 3368 858237 3649 868763
172800 3369 858634 3650 869366
172900 3372 859212 3654 869788
173000 3373 859780 3656 870220
173100 3374 860291 3656 870709
173200 3376 860727 3656 871273
173300 3377 861082 3658 871918
173400 3378 861651 3658 872349
173500 3380 862129 3660 872871
173600 3381 862635 3660 873365
173700 3383 863134 3662 873866
173800 3384 863585 3663 874415
173900 3387 864052 3664 874948
174000 3390 864564 3665 875436
174100 3390 865008 3668 875992
174200 3391 865426 3671 876574
174300 3394 865957 3672 877043
174400 3394 866405 3672 877595
174500 3395 866938 3673 878062
174600 3395 867521 3674 878479
174700 3395 867944 3675 879056
174800 3395 868392 3675 879608
174900 3395 868870 3675 880130
175000 3399 869475 3678 880525
175100 3400 870011 3682 880989
175200 3401 870365 3684 881635
175300 3401 870824 3684 882176
175400 3402 871290 3686 882710
175500 3403 871803 3689 883197
175600 3404 872316 3690 883684
175700 3407 872932 3692 884068
175800 3408 873343 3693 884657
175900 3409 873908 3695 885092
176000 3413 874416 3696 885584
176100 3416 874921 3697 886079
176200 3418 875428 3697 886572
176300 3419 875945 3697 887055
176400 3422 876423 3700 887577
176500 3423 876797 3702 888203
176600 3427 877286 3703 888714
176700 3427 877853 3706 889147
176800 3428 878308 3708 889692
176900 3429 878862 3710 890138
177000 3431 879417 3711 890583
177100 3431 879911 3715 891089
177200 3431 880393 3715 891607
177300 3432 880885 3717 892115
177400 3432 881363 3718 892637
177500 3433 881865 3718 893135
177600 3435 882372 3719 893628
177700 3435 882929 3720 894071
177800 3437 883515 3720 894485
177900 3438 883981 3722 895019
178000 3441 884420 3723 895580
178100 3442 884952 3726 896048
178200 3444 885562 3727 896438
178300 3445 886013 3727 896987
178400 3446 886582 3727 897418
178500 3446 887105 3727 897895
178600 3447 887530 3728 898470
178700 3449 887888 3728 899112
178800 3450 888387 3728 899613
178900 3451 888868 3729 900132
179000 3455 889353 3733 900647
179100 3458 889786 3734 901214
179200 3458 890301 3736 901699
179300 3459 890797 3737 902203
179400 3460 891305 3738 902695
179500 3461 891727 3740 903273
179600 3462 892265 3742 903735
179700 3464 892776 3743 904224
179800 3465 893277 3745 904723
179900 3465 893715 3747 905285
180000 3466 894210 3748 905790
180100 3469 894749 3749 906251
180200 3471 895375 3749 906625
180300 3471 895921 3752 907079
180400 3472 896465 3754 907535
180500 3474 896958 3758 908042
180600 3476 897404 3758 908596
180700 3478 897935 3758 909065
180800 3479 898375 3758 909625
180900 3480 898894 3759 910106
181000 3481 899308 3760 910692
181100 3484 899690 3761 911310
181200 3485 900237 3762 911763
181300 3485 900732 3766 912268
181400 3486 900990 3767 913010
181500 3489 901401 3769 913599
181600 3491 901854 3771 914146
181700 3492 902361 3773 914639
181800 3493 902755 3774 915245
181900 3494 903210 3778 915790
182000 3495 903728 3781 916272
182100 3498 904186 3781 916814
182200 3499 904587 3781 917413
182300 3501 905080 3783 917920
182400 3504 905689 3785 918311
182500 3507 906191 3785 918809
182600 3508 906939 3787 919061
182700 3511 907570 3790 919430
182800 3515 907881 3792 920119
182900 3518 908395 3795 920605
183000 3520 908864 3795 921136
183100 3521 909266 3797 921734
183200 3523 909713 3801 922287
183300 3524 910109 3803 922891
183400 3524 910709 3803 923291
183500 3527 911169 3804 923831
183600 3528 911763 3805 924237
183700 3529 912259 3806 924741
183800 3533 912781 3808 925219
183900 3537 913263 3813 925737
184000 3539 913684 3815 926316
184100 3541 914199 3817 926801
184200 3542 914715 3818 927285
184300 3542 915273 3818 927727
184400 3542 915796 3819 928204
184500 3544 916345 3820 928655
184600 3545 916786 3820 929214
184700 3546 917297 3820 929703
184800 3547 917821 3822 930179
184900 3548 918469 3823 930531
185000 3550 919011 3823 930989
185100 3552 919523 3823 931477
185200 3554 920048 3824 931952
185300 3554 920423 3825 932577
185400 3555 920810 3825 933190
185500 3560 921273 3826 933727
185600 3561 921736 3828 934264
185700 3565 922313 3829 934687
185800 3565 922870 3830 935130
185900 3565 923393 3831 935607
186000 3565 923859 3832 936141
186100 3565 924223 3834 936777
186200 3566 924731 3836 937269
186300 3569 925275 3836 937725
186400 3569 925623 3840 938377
186500 3570 926162 3840 938838
186600 3570 926750 3841 939250
186700 3574 927201 3841 939799
186800 3576 927688 3841 940312
186900 3576 928261 3841 940739
187000 3579 928791 3841 941209
187100 3581 929203 3842 941797
187200 3581 929569 3842 942431
187300 3582 930171 3845 942829
187400 3584 930678 3845 943322
187500 3586 931230 3847 943770
187600 3587 931736 3848 944264
187700 3588 932159 3851 944841
187800 3590 932643 3852 945357
187900 3592 933062 3853 945938
188000 3595 933486 3854 946514
188100 3597 933938 3855 947062
188200 3598 934456 3856 947544
188300 3598 934906 3857 948094
188400 3599 935353 3858 948647
188500 3599 935812 3859 949188
188600 3602 936289 3860 949711
188700 3604 936777 3861 950223
188800 3604 937324 3864 950676
188900 3605 937841 3865 951159
189000 3606 938327 3865 951673
189100 3608 938820 3865 952180
189200 3610 939507 3868 952493
189300 3611 939975 3869 953025
189400 3612 940413 3870 953587
189500 3612 940844 3870 954156
189600 3613 941301 3872 954699
189700 3614 941877 3875 955123
189800 3614 942460 3875 955540
189900 3615 942923 3877 956077
190000 3618 943269 3878 956731
190100 3619 943771 3881 957229
190200 3621 944218 3882 957782
190300 3621 944660 3884 958340
190400 3623 945301 3884 958699
190500 3624 945852 3884 959148
190600 3628 946485 3886 959515
190700 3630 946914 3887 960086
190800 3631 947475 3888 960525
190900 3632 947956 3888 961044
191000 3633 948531 3889 961469
191100 3635 949035 3895 961965
191200 3638 949555 3899 962445
191300 3638 949972 3902 963028
191400 3641 950359 3904 963641
191500 3642 950857 3904 964143
191600 3642 951271 3904 964729
191700 3642 951677 3905 965323
191800 3645 952086 3905 965914
191900 3646 952445 3906 966555
192000 3648 952963 3907 967037
192100 3653 953529 3907 967471
192200 3657 953954 3911 968046
192300 3658 954409 3914 968591
192400 3658 955022 3918 968978
192500 3658 955567 3921 969433
192600 3659 956060 3923 969940
192700 3660 956589 3925 970411
192800 3660 957134 3926 970866
192900 3660 957612 3927 971388
193000 3660 958102 3927 971898
193100 3660 958640 3928 972360
193200 3662 959188 3928 972812
193300 3662 959723 3931 973277
193400 3663 960204 3932 973796
193500 3664 960711 3933 974289
193600 3666 961179 3934 974821
193700 3667 961635 3937 975365
193800 3667 962138 3941 975862
193900 3668 962463 3941 976537
194000 3671 963075 3944 976925
194100 3672 963558 3947 977442
194200 3672 964056 3947 977944
194300 3673 964514 3948 978486
194400 3676 965031 3949 978969
194500 3676 965578 3950 979422
194600 3678 966066 3951 979934
194700 3683 966554 3953 980446
194800 3683 967002 3953 980998
194900 3684 967520 3955 981480
195000 3684 968067 3958 981933
195100 3688 968416 3963 982584
195200 3691 969000 3964 983000
195300 3693 969699 3966 983301
195400 3693 970184 3966 983816
195500 3694 970849 3968 984151
195600 3696 971339 3971 984661
195700 3698 971864 3973 985136
195800 3700 972497 3974 985503
195900 3701 973210 3977 985790
196000 3702 973740 3979 986260
196100 3702 974189 3983 986811
196200 3704 974671 3986 987329
196300 3704 975039 3988 987961
196400 3705 975576 3989 988424
196500 3706 976039 3989 988961
196600 3706 976483 3991 989517
196700 3706 976994 3993 990006
196800 3707 977527 3995 990473
196900 3709 977869 3999 991131
197000 3712 978336 4003 991664
197100 3715 978741 4003 992259
197200 3719 979250 4007 992750
197300 3722 979709 4009 993291
197400 3722 980196 4012 993804
197500 3724 980535 4014 994465
197600 3729 981023 4016 994977
197700 3729 981509 4018 995491
197800 3730 982119 4019 995881
197900 3732 982630 4019 996370
198000 3733 983247 4021 996753
198100 3734 983768 4025 997232
198200 3734 984314 4025 997686
198300 3734 984800 4026 998200
198400 3736 985211 4028 998789
198500 3737 985845 4029 999155
198600 3741 986437 4031 999563
198700 3741 986937 4034 1000063
198800 3742 987429 4037 1000571
198900 3744 988114 4038 1000886
199000 3745 988677 4039 1001323
199100 3747 989272 4043 1001728
199200 3747 989701 4044 1002299
199300 3747 990182 4046 1002818
199400 3751 990713 4047 1003287
199500 3752 991140 4048 1003860
199600 3753 991666 4048 1004334
199700 3756 992252 4050 1004748
199800 3757 992839 4051 1005161
199900 3759 993411 4052 1005589
200000 3762 993878 4055 1006122
