#! FIELDS timestep dup_succ dup_attempts kill_succ kill_attempts
#! SET timestep 0.5
#! SET kernel_bandwidth [0.7 0.7]
#! SET kt 1.0
100 68 108 79 892
200 144 279 176 1721
300 232 531 276 2469
400 299 876 355 3124
500 338 1290 398 3710
600 373 1740 427 4260
700 393 1970 454 5030
800 419 2045 499 5955
900 453 2126 554 6874
1000 503 2229 612 7771
1100 567 2391 681 8609
1200 630 2609 764 9391
1300 685 2892 818 10108
1400 735 3230 875 10770
1500 765 3619 917 11381
1600 798 3986 948 12014
1700 822 4187 962 12813
1800 837 4591 971 13409
1900 843 4872 980 14128
2000 848 5241 987 14759
2100 853 5512 988 15488
2200 853 5894 990 16106
2300 855 6202 994 16798
2400 855 6620 995 17380
2500 856 7091 995 17909
2600 856 7388 998 18612
2700 863 7852 1000 19148
2800 864 8098 1004 19902
2900 865 8590 1005 20410
3000 867 9055 1009 20945
3100 870 9532 1012 21468
3200 874 9987 1014 22013
3300 875 10489 1017 22511
3400 875 11018 1019 22982
3500 876 11484 1021 23516
3600 877 12038 1023 23962
3700 879 12391 1023 24609
3800 879 12993 1025 25007
3900 880 13510 1027 25490
4000 882 14001 1029 25999
4100 882 14535 1030 26465
4200 882 15041 1030 26959
4300 882 15673 1031 27327
4400 883 16265 1032 27735
4500 883 16793 1033 28207
4600 884 17312 1037 28688
4700 886 17688 1038 29312
4800 888 18154 1039 29846
4900 889 18733 1039 30267
5000 891 19273 1039 30727
5100 891 19767 1039 31233
5200 895 20472 1041 31528
5300 897 20974 1042 32026
5400 898 21542 1045 32458
5500 900 22022 1049 32978
5600 901 22502 1050 33498
5700 903 22807 1055 34193
5800 907 23185 1055 34815
5900 907 23747 1057 35253
6000 907 24220 1058 35780
6100 908 24691 1059 36309
6200 909 25120 1060 36880
6300 911 25639 1064 37361
6400 913 26148 1065 37852
6500 913 26671 1066 38329
6600 914 27093 1067 38907
6700 914 27598 1069 39402
6800 918 28105 1070 39895
6900 918 28657 1071 40343
7000 918 29004 1073 40996
7100 918 29445 1073 41555
7200 918 29864 1075 42136
7300 919 30357 1077 42643
7400 921 30655 1078 43345
7500 922 31088 1081 43912
7600 922 31657 1083 44343
7700 925 32106 1084 44894
7800 928 32514 1087 45486
7900 928 33162 1090 45838
8000 929 33726 1093 46274
8100 931 34135 1093 46865
8200 932 34636 1096 47364
8300 933 35055 1097 47945
8400 933 35523 1099 48477
8500 935 36119 1100 48881
8600 935 36554 1102 49446
8700 935 37126 1102 49874
8800 936 37680 1103 50320
8900 938 38259 1104 50741
9000 938 38705 1105 51295
9100 938 39227 1106 51773
9200 939 39745 1108 52255
9300 941 40276 1109 52724
9400 942 40642 1109 53358
9500 942 41135 1111 53865
9600 944 41655 1112 54345
9700 945 42362 1116 54638
9800 946 42924 1117 55076
9900 946 43378 1117 55622
10000 946 43896 1117 56104
10100 946 44384 1118 56616
10200 946 44833 1120 57167
10300 948 45341 1123 57659
10400 952 45750 1123 58250
10500 953 46199 1124 58801
10600 953 46788 1126 59212
10700 955 47305 1126 59695
10800 956 47873 1127 60127
10900 956 48291 1127 60709
11000 956 48814 1128 61186
11100 957 49311 1131 61689
11200 958 49802 1133 62198
11300 959 50249 1134 62751
11400 960 50766 1135 63234
11500 960 51222 1136 63778
11600 960 51820 1138 64180
11700 960 52381 1142 64619
11800 960 52835 1142 65165
11900 960 53245 1143 65755
12000 962 53760 1143 66240
12100 963 54169 1143 66831
12200 963 54724 1144 67276
12300 965 55206 1147 67794
12400 967 55702 1152 68298
12500 967 56342 1152 68658
12600 967 56907 1153 69093
12700 969 57405 1156 69595
12800 970 58027 1158 69973
12900 972 58718 1161 70282
13000 973 59223 1163 70777
13100 974 59678 1164 71322
13200 975 60225 1164 71775
13300 978 60734 1164 72266
13400 982 61300 1166 72700
13500 982 61818 1169 73182
13600 982 62349 1172 73651
13700 985 62873 1173 74127
13800 985 63364 1174 74636
13900 986 63790 1175 75210
14000 986 64386 1176 75614
14100 989 64938 1176 76062
14200 990 65200 1177 76800
14300 991 65582 1178 77418
14400 994 65979 1180 78021
14500 994 66508 1180 78492
14600 995 66992 1181 79008
14700 996 67458 1182 79542
14800 996 67991 1184 80009
14900 996 68699 1189 80301
15000 997 69216 1191 80784
15100 998 69684 1192 81316
15200 999 70299 1193 81701
15300 999 70781 1193 82219
15400 999 71205 1194 82795
15500 999 71638 1195 83362
15600 1000 72147 1195 83853
15700 1002 72525 1195 84475
15800 1006 73020 1197 84980
15900 1009 73358 1199 85642
16000 1011 73778 1202 86222
16100 1012 74176 1203 86824
16200 1012 74488 1204 87512
16300 1014 74948 1206 88052
16400 1016 75571 1206 88429
16500 1017 76096 1208 88904
16600 1019 76567 1210 89433
16700 1019 77117 1211 89883
16800 1020 77564 1211 90436
16900 1023 78020 1211 90980
17000 1026 78495 1219 91505
17100 1028 78978 1221 92022
17200 1029 79451 1221 92549
17300 1030 79932 1222 93068
17400 1030 80352 1224 93648
17500 1037 80806 1225 94194
17600 1039 81291 1225 94709
17700 1040 81978 1226 95022
17800 1042 82434 1228 95566
17900 1042 82989 1229 96011
18000 1044 83445 1230 96555
18100 1046 84038 1230 96962
18200 1047 84584 1232 97416
18300 1048 85124 1233 97876
18400 1049 85545 1234 98455
18500 1051 86049 1234 98951
18600 1052 86420 1234 99580
18700 1052 86939 1235 100061
18800 1053 87425 1239 100575
18900 1055 87966 1244 101034
19000 1055 88461 1247 101539
19100 1055 88910 1247 102090
19200 1055 89384 1248 102616
19300 1056 89880 1249 103120
19400 1058 90512 1253 103488
19500 1059 90924 1254 104076
19600 1060 91279 1255 104721
19700 1061 91856 1255 105144
19800 1061 92334 1255 105666
19900 1061 92865 1257 106135
20000 1062 93327 1259 106673
20100 1062 93813 1260 107187
20200 1063 94295 1261 107705
20300 1067 94778 1261 108222
20400 1071 95199 1261 108801
20500 1072 95596 1262 109404
20600 1073 96130 1263 109870
20700 1074 96589 1265 110411
20800 1075 97122 1267 110878
20900 1076 97580 1270 111420
21000 1076 98092 1270 111908
21100 1078 98684 1271 112316
21200 1079 99077 1272 112923
21300 1082 99678 1273 113322
21400 1082 100213 1274 113787
21500 1083 100621 1276 114379
21600 1084 101164 1279 114836
21700 1086 101589 1279 115411
21800 1087 102119 1282 115881
21900 1089 102626 1283 116374
22000 1091 103318 1284 116682
22100 1091 103813 1284 117187
22200 1092 104316 1285 117684
22300 1092 104744 1286 118256
22400 1093 105251 1287 118749
22500 1093 105748 1289 119252
22600 1094 106245 1290 119755
22700 1096 106645 1292 120355
22800 1096 106982 1294 121018
22900 1099 107300 1295 121700
23000 1100 107760 1297 122240
23100 1102 108343 1297 122657
23200 1105 108745 1302 123255
23300 1107 109241 1303 123759
23400 1109 109769 1306 124231
23500 1110 110141 1308 124859
23600 1110 110732 1309 125268
23700 1110 111241 1311 125759
23800 1111 111675 1313 126325
23900 1112 112209 1313 126791
24000 1113 112696 1314 127304
24100 1118 113173 1316 127827
24200 1118 113706 1316 128294
24300 1121 114138 1318 128862
24400 1122 114735 1319 129265
24500 1124 115144 1320 129856
24600 1126 115752 1321 130248
24700 1129 116134 1321 130866
24800 1131 116582 1322 131418
24900 1131 116975 1324 132025
25000 1132 117660 1324 132340
25100 1132 118304 1326 132696
25200 1134 118692 1328 133308
25300 1135 119223 1331 133777
25400 1137 119500 1334 134500
25500 1138 120008 1336 134992
25600 1140 120615 1337 135385
25700 1142 121160 1339 135840
25800 1144 121550 1341 136450
25900 1145 122089 1341 136911
26000 1146 122703 1341 137297
26100 1147 123167 1341 137833
26200 1148 123569 1341 138431
26300 1152 124078 1342 138922
26400 1153 124620 1343 139380
26500 1155 125169 1346 139831
26600 1155 125634 1347 140366
26700 1156 126042 1347 140958
26800 1156 126687 1348 141313
26900 1156 127263 1348 141737
27000 1157 127863 1349 142137
27100 1158 128305 1352 142695
27200 1159 128754 1352 143246
27300 1159 129211 1353 143789
27400 1160 129675 1354 144325
27500 1161 130258 1354 144742
27600 1162 130788 1355 145212
27700 1162 131384 1358 145616
27800 1162 131869 1358 146131
27900 1164 132292 1362 146708
28000 1166 132809 1366 147191
28100 1167 133322 1367 147678
28200 1169 133812 1369 148188
28300 1172 134211 1371 148789
28400 1172 134648 1371 149352
28500 1173 135113 1371 149887
28600 1173 135641 1371 150359
28700 1173 136157 1372 150843
28800 1175 136437 1373 151563
28900 1175 136994 1374 152006
29000 1176 137644 1374 152356
29100 1176 138104 1374 152896
29200 1181 138627 1376 153373
29300 1182 139074 1378 153926
29400 1182 139566 1381 154434
29500 1183 140139 1382 154861
29600 1184 140510 1383 155490
29700 1188 141019 1383 155981
29800 1191 141396 1386 156604
29900 1193 141885 1387 157115
30000 1195 142502 1387 157498
30100 1195 143021 1390 157979
30200 1198 143502 1396 158498
30300 1199 143764 1397 159236
30400 1202 144484 1398 159516
30500 1204 144991 1398 160009
30600 1206 145646 1400 160354
30700 1207 146103 1400 160897
30800 1210 146668 1401 161332
30900 1213 147068 1401 161932
31000 1217 147633 1402 162367
31100 1218 148079 1402 162921
31200 1219 148466 1404 163534
31300 1221 149011 1404 163989
31400 1222 149530 1405 164470
31500 1223 149950 1405 165050
31600 1224 150437 1406 165563
31700 1225 150894 1406 166106
31800 1229 151522 1407 166478
31900 1231 151973 1409 167027
32000 1232 152441 1409 167559
32100 1233 152871 1409 168129
32200 1234 153278 1409 168722
32300 1234 153687 1411 169313
32400 1235 154384 1413 169616
32500 1236 154976 1416 170024
32600 1238 155554 1417 170446
32700 1239 155974 1419 171026
32800 1240 156424 1420 171576
32900 1241 156808 1420 172192
33000 1242 157358 1422 172642
33100 1245 157771 1422 173229
33200 1245 158295 1424 173705
33300 1246 158702 1427 174298
33400 1248 159260 1428 174740
33500 1249 159612 1430 175388
33600 1251 160169 1430 175831
33700 1252 160705 1433 176295
33800 1254 161147 1433 176853
33900 1255 161587 1435 177413
34000 1257 162068 1436 177932
34100 1259 162583 1438 178417
34200 1260 163113 1439 178887
34300 1262 163640 1439 179360
34400 1262 164183 1439 179817
34500 1265 164664 1441 180336
34600 1267 165155 1441 180845
34700 1267 165612 1442 181388
34800 1268 166123 1442 181877
34900 1271 166709 1443 182291
35000 1274 167204 1444 182796
35100 1278 167598 1445 183402
35200 1279 168291 1448 183709
35300 1281 168827 1449 184173
35400 1281 169393 1450 184607
35500 1281 169925 1450 185075
35600 1281 170402 1451 185598
35700 1282 170820 1452 186180
35800 1284 171241 1453 186759
35900 1285 171765 1453 187235
36000 1287 172227 1454 187773
36100 1287 172659 1455 188341
36200 1287 173166 1455 188834
36300 1287 173748 1455 189252
36400 1292 174440 1456 189560
36500 1294 174905 1457 190095
36600 1295 175435 1458 190565
36700 1296 176010 1459 190990
36800 1300 176576 1459 191424
36900 1300 177110 1462 191890
37000 1303 177620 1463 192380
37100 1303 178080 1465 192920
37200 1306 178597 1465 193403
37300 1306 179182 1466 193818
37400 1307 179692 1467 194308
37500 1311 180166 1471 194834
37600 1313 180636 1474 195364
37700 1315 181271 1476 195729
37800 1315 181799 1477 196201
37900 1316 182523 1477 196477
38000 1320 183126 1478 196874
38100 1320 183545 1480 197455
38200 1320 184019 1480 197981
38300 1320 184476 1481 198524
38400 1322 184964 1482 199036
38500 1324 185569 1484 199431
38600 1327 186125 1485 199875
38700 1328 186634 1487 200366
38800 1330 186935 1492 201065
38900 1331 187482 1492 201518
39000 1333 188016 1495 201984
39100 1335 188524 1495 202476
39200 1335 189119 1495 202881
39300 1336 189724 1497 203276
39400 1336 190266 1499 203734
39500 1336 190759 1499 204241
39600 1336 191257 1501 204743
39700 1337 191738 1505 205262
39800 1339 192237 1506 205763
39900 1339 192626 1507 206374
40000 1340 193213 1511 206787
40100 1340 193771 1514 207229
40200 1340 194247 1515 207753
40300 1341 194817 1517 208183
40400 1342 195286 1519 208714
40500 1343 195729 1522 209271
40600 1345 196191 1525 209809
40700 1348 196704 1528 210296
40800 1349 197137 1528 210863
40900 1352 197599 1533 211401
41000 1353 197953 1535 212047
41100 1354 198465 1536 212535
41200 1356 198897 1536 213103
41300 1356 199348 1538 213652
41400 1357 199825 1538 214175
41500 1359 200166 1538 214834
41600 1359 200609 1539 215391
41700 1361 201195 1540 215805
41800 1362 201636 1541 216364
41900 1363 202103 1541 216897
42000 1363 202500 1541 217500
42100 1364 203095 1541 217905
42200 1364 203625 1544 218375
42300 1366 204090 1547 218910
42400 1366 204632 1547 219368
42500 1367 205157 1547 219843
42600 1368 205658 1547 220342
42700 1370 206233 1548 220767
42800 1374 206583 1550 221417
42900 1374 207078 1553 221922
43000 1374 207655 1557 222345
43100 1375 208114 1557 222886
43200 1375 208604 1557 223396
43300 1376 209117 1557 223883
43400 1379 209616 1560 224384
43500 1379 210112 1561 224888
43600 1380 210530 1563 225470
43700 1380 211160 1565 225840
43800 1382 211626 1565 226374
43900 1383 212126 1565 226874
44000 1383 212668 1568 227332
44100 1383 213076 1568 227924
44200 1384 213635 1568 228365
44300 1385 214208 1570 228792
44400 1386 214709 1571 229291
44500 1386 215178 1573 229822
44600 1391 215663 1577 230337
44700 1391 216270 1578 230730
44800 1392 216701 1579 231299
44900 1392 217153 1579 231847
45000 1394 217691 1580 232309
45100 1395 218208 1580 232792
45200 1397 218732 1582 233268
45300 1400 219236 1584 233764
45400 1402 219675 1585 234325
45500 1403 220172 1585 234828
45600 1406 220713 1588 235287
45700 1409 221330 1589 235670
45800 1410 221851 1592 236149
45900 1411 222354 1596 236646
46000 1413 222780 1600 237220
46100 1415 223252 1601 237748
46200 1415 223805 1603 238195
46300 1415 224289 1604 238711
46400 1415 224669 1604 239331
46500 1418 225170 1606 239830
46600 1419 225530 1607 240470
46700 1419 226017 1609 240983
46800 1420 226489 1610 241511
46900 1420 227099 1611 241901
47000 1421 227726 1612 242274
47100 1422 228187 1613 242813
47200 1423 228608 1616 243392
47300 1424 229040 1616 243960
47400 1425 229686 1617 244314
47500 1425 230365 1619 244635
47600 1426 230849 1621 245151
47700 1428 231297 1624 245703
47800 1430 231795 1625 246205
47900 1430 232374 1626 246626
48000 1431 232808 1629 247192
48100 1433 233309 1630 247691
48200 1436 233839 1634 248161
48300 1437 234403 1636 248597
48400 1437 234980 1638 249020
48500 1440 235365 1640 249635
48600 1442 235818 1642 250182
48700 1445 236300 1643 250700
48800 1449 236868 1646 251132
48900 1450 237385 1648 251615
49000 1452 237974 1650 252026
49100 1452 238509 1650 252491
49200 1456 239054 1650 252946
49300 1458 239563 1650 253437
49400 1459 240093 1651 253907
49500 1459 240539 1655 254461
49600 1461 241051 1657 254949
49700 1463 241538 1659 255462
49800 1467 242113 1660 255887
49900 1468 242687 1664 256313
50000 1469 243346 1665 256654
50100 1470 243842 1666 257158
50200 1472 244358 1667 257642
50300 1474 244924 1667 258076
50400 1475 245354 1668 258646
50500 1476 245860 1672 259140
50600 1476 246198 1672 259802
50700 1476 246751 1672 260249
50800 1477 247315 1673 260685
50900 1477 247817 1674 261183
51000 1480 248456 1680 261544
51100 1481 249002 1682 261998
51200 1481 249503 1683 262497
51300 1483 250090 1685 262910
51400 1483 250462 1686 263538
51500 1484 250992 1686 264008
51600 1486 251596 1688 264404
51700 1487 252069 1689 264931
51800 1488 252564 1689 265436
51900 1490 253110 1690 265890
52000 1491 253549 1690 266451
52100 1491 254165 1692 266835
52200 1492 254849 1692 267151
52300 1493 255287 1692 267713
52400 1493 255813 1693 268187
52500 1494 256348 1694 268652
52600 1494 256804 1694 269196
52700 1494 257375 1696 269625
52800 1494 257866 1697 270134
52900 1496 258418 1698 270582
53000 1497 258872 1699 271128
53100 1497 259311 1700 271689
53200 1497 259865 1702 272135
53300 1499 260387 1705 272613
53400 1500 260812 1706 273188
53500 1502 261351 1709 273649
53600 1504 261874 1709 274126
53700 1505 262263 1709 274737
53800 1506 262739 1710 275261
53900 1506 263244 1710 275756
54000 1507 263858 1712 276142
54100 1509 264346 1715 276654
54200 1514 264796 1721 277204
54300 1514 265340 1723 277660
54400 1515 265909 1723 278091
54500 1516 266490 1724 278510
54600 1518 267118 1726 278882
54700 1518 267631 1728 279369
54800 1522 268364 1730 279636
54900 1522 268998 1731 280002
55000 1526 269505 1733 280495
55100 1528 269991 1736 281009
55200 1531 270632 1740 281368
55300 1531 271051 1740 281949
55400 1534 271560 1743 282440
55500 1539 272111 1745 282889
55600 1541 272637 1747 283363
55700 1542 273076 1748 283924
55800 1544 273524 1750 284476
55900 1544 274130 1751 284870
56000 1547 274766 1753 285234
56100 1547 275264 1753 285736
56200 1549 275730 1755 286270
56300 1549 276362 1755 286638
56400 1549 276733 1756 287267
56500 1549 277149 1760 287851
56600 1549 277717 1761 288283
56700 1549 278409 1764 288591
56800 1551 278924 1764 289076
56900 1552 279380 1766 289620
57000 1554 279836 1766 290164
57100 1554 280404 1766 290596
57200 1556 280946 1768 291054
57300 1560 281451 1769 291549
57400 1562 281952 1771 292048
57500 1563 282627 1773 292373
57600 1566 283262 1774 292738
57700 1569 283954 1777 293046
57800 1570 284519 1780 293481
57900 1571 285159 1781 293841
58000 1572 285653 1781 294347
58100 1573 286213 1781 294787
58200 1576 286730 1783 295270
58300 1576 287282 1783 295718
58400 1576 287839 1783 296161
58500 1578 288461 1784 296539
58600 1578 289047 1786 296953
58700 1578 289576 1787 297424
58800 1579 289978 1788 298022
58900 1580 290310 1793 298690
59000 1580 290778 1795 299222
59100 1583 291283 1795 299717
59200 1585 291670 1798 300330
59300 1586 292361 1801 300639
59400 1589 292960 1803 301040
59500 1589 293466 1803 301534
59600 1590 293910 1804 302090
59700 1590 294298 1804 302702
59800 1592 294803 1805 303197
59900 1594 295300 1810 303700
60000 1594 295883 1810 304117
60100 1595 296357 1810 304643
60200 1597 296810 1813 305190
60300 1598 297194 1820 305806
60400 1599 297677 1823 306323
60500 1600 298020 1824 306980
60600 1602 298555 1826 307445
60700 1602 299079 1826 307921
60800 1604 299567 1827 308433
60900 1604 299988 1830 309012
61000 1608 300480 1835 309520
61100 1609 301044 1837 309956
61200 1610 301604 1837 310396
61300 1612 302111 1837 310889
61400 1614 302571 1837 311429
61500 1615 303036 1838 311964
61600 1618 303721 1840 312279
61700 1619 304336 1842 312664
61800 1620 304859 1842 313141
61900 1623 305351 1844 313649
62000 1624 305687 1845 314313
62100 1625 306289 1846 314711
62200 1626 306841 1850 315159
62300 1630 307115 1854 315885
62400 1633 307569 1859 316431
62500 1635 308050 1860 316950
62600 1636 308674 1860 317326
62700 1638 309273 1865 317727
62800 1638 309663 1865 318337
62900 1639 310169 1866 318831
63000 1641 310648 1867 319352
63100 1641 311072 1868 319928
63200 1645 311609 1869 320391
63300 1646 312161 1869 320839
63400 1647 312652 1872 321348
63500 1648 313188 1872 321812
63600 1649 313673 1874 322327
63700 1650 314231 1874 322769
63800 1651 314805 1875 323195
63900 1651 315118 1876 323882
64000 1652 315606 1879 324394
64100 1654 316111 1882 324889
64200 1656 316764 1885 325236
64300 1657 317288 1887 325712
64400 1658 317675 1889 326325
64500 1662 318207 1891 326793
64600 1662 318725 1893 327275
64700 1666 319246 1895 327754
64800 1667 319929 1897 328071
64900 1669 320432 1901 328568
65000 1669 320922 1902 329078
65100 1670 321418 1903 329582
65200 1673 321956 1903 330044
65300 1673 322466 1903 330534
65400 1674 322905 1904 331095
65500 1675 323470 1904 331530
65600 1676 323958 1904 332042
65700 1676 324520 1905 332480
65800 1678 325040 1908 332960
65900 1679 325479 1911 333521
66000 1682 326232 1913 333768
66100 1682 326782 1913 334218
66200 1685 327264 1917 334736
66300 1686 327756 1917 335244
66400 1688 328394 1919 335606
66500 1690 328968 1919 336032
66600 1693 329599 1923 336401
66700 1693 330028 1924 336972
66800 1695 330551 1924 337449
66900 1697 330979 1928 338021
67000 1697 331650 1929 338350
67100 1698 332121 1929 338879
67200 1698 332617 1929 339383
67300 1699 333288 1930 339712
67400 1699 333605 1930 340395
67500 1699 334107 1932 340893
67600 1699 334521 1932 341479
67700 1699 335088 1932 341912
67800 1700 335660 1932 342340
67900 1701 336166 1932 342834
68000 1702 336690 1934 343310
68100 1702 337024 1936 343976
68200 1706 337504 1938 344496
68300 1710 338118 1939 344882
68400 1713 338569 1942 345431
68500 1713 339062 1946 345938
68600 1715 339719 1946 346281
68700 1716 340375 1947 346625
68800 1718 340912 1949 347088
68900 1720 341637 1950 347363
69000 1722 342093 1951 347907
69100 1723 342666 1952 348334
69200 1724 343239 1954 348761
69300 1725 343738 1956 349262
69400 1725 344177 1956 349823
69500 1725 344700 1959 350300
69600 1726 345150 1962 350850
69700 1730 345619 1963 351381
69800 1733 346239 1964 351761
69900 1737 346729 1964 352271
70000 1738 347236 1964 352764
70100 1740 347766 1965 353234
70200 1741 348308 1965 353692
70300 1742 348757 1965 354243
70400 1745 349183 1966 354817
70500 1746 349737 1967 355263
70600 1746 350295 1967 355705
70700 1748 350902 1967 356098
70800 1750 351446 1968 356554
70900 1753 351810 1969 357190
71000 1755 352280 1971 357720
71100 1759 352936 1972 358064
71200 1760 353456 1974 358544
71300 1762 354031 1975 358969
71400 1762 354655 1975 359345
71500 1763 355232 1980 359768
71600 1768 355831 1982 360169
71700 1768 356309 1982 360691
71800 1769 356756 1986 361244
71900 1773 357080 1989 361920
72000 1773 357557 1989 362443
72100 1773 358135 1990 362865
72200 1774 358667 1991 363333
72300 1775 359141 1993 363859
72400 1775 359500 1994 364500
72500 1777 360000 1997 365000
72600 1777 360633 2000 365367
72700 1780 361101 2003 365899
72800 1780 361655 2004 366345
72900 1783 362128 2004 366872
73000 1785 362549 2005 367451
73100 1786 362962 2007 368038
73200 1786 363414 2008 368586
73300 1788 363765 2011 369235
73400 1788 364260 2012 369740
73500 1790 364894 2012 370106
73600 1791 365345 2012 370655
73700 1791 365863 2013 371137
73800 1791 366400 2014 371600
73900 1792 367059 2015 371941
74000 1793 367550 2017 372450
74100 1795 367839 2018 373161
74200 1795 368279 2019 373721
74300 1799 368795 2020 374205
74400 1803 369414 2021 374586
74500 1806 369872 2022 375128
74600 1806 370355 2023 375645
74700 1809 370970 2025 376030
74800 1810 371487 2026 376513
74900 1812 372029 2028 376971
75000 1813 372614 2032 377386
75100 1814 373118 2033 377882
75200 1816 373507 2033 378493
75300 1817 374018 2035 378982
75400 1817 374580 2037 379420
75500 1818 374932 2039 380068
75600 1820 375383 2040 380617
75700 1825 375851 2044 381149
75800 1827 376286 2044 381714
75900 1831 376773 2045 382227
76000 1835 377225 2047 382775
76100 1836 377829 2049 383171
76200 1837 378292 2052 383708
76300 1838 378784 2052 384216
76400 1840 379110 2053 384890
76500 1840 379603 2054 385397
76600 1840 380043 2055 385957
76700 1841 380579 2056 386421
76800 1841 381104 2057 386896
76900 1842 381641 2057 387359
77000 1842 382212 2061 387788
77100 1843 382719 2062 388281
77200 1843 383278 2063 388722
77300 1843 383744 2064 389256
77400 1846 384285 2066 389715
77500 1848 384977 2066 390023
77600 1849 385696 2067 390304
77700 1850 386151 2069 390849
77800 1852 386676 2069 391324
77900 1853 387168 2070 391832
78000 1853 387639 2070 392361
78100 1853 388088 2071 392912
78200 1855 388596 2073 393404
78300 1856 389044 2073 393956
78400 1856 389555 2075 394445
78500 1857 390130 2075 394870
78600 1859 390632 2075 395368
78700 1861 391027 2081 395973
78800 1862 391530 2083 396470
78900 1864 392098 2085 396902
79000 1867 392585 2087 397415
79100 1868 393133 2087 397867
79200 1871 393603 2087 398397
79300 1872 393979 2089 399021
79400 1872 394449 2090 399551
79500 1872 394985 2093 400015
79600 1874 395377 2095 400623
79700 1875 395971 2096 401029
79800 1875 396459 2098 401541
79900 1878 396988 2099 402012
80000 1881 397516 2100 402484
80100 1883 397905 2101 403095
80200 1883 398451 2102 403549
80300 1884 398951 2103 404049
80400 1887 399479 2105 404521
80500 1890 399991 2107 405009
80600 1891 400382 2107 405618
80700 1892 400914 2107 406086
80800 1892 401592 2108 406408
80900 1893 402087 2110 406913
81000 1896 402589 2112 407411
81100 1900 403114 2117 407886
81200 1902 403685 2120 408315
81300 1902 404296 2122 408704
81400 1905 404831 2124 409169
81500 1906 405354 2124 409646
81600 1907 405895 2127 410105
81700 1908 406370 2128 410630
81800 1909 406924 2128 411076
81900 1910 407279 2130 411721
82000 1911 407785 2130 412215
82100 1913 408339 2131 412661
82200 1916 409006 2132 412994
82300 1918 409499 2134 413501
82400 1921 410154 2135 413846
82500 1921 410784 2137 414216
82600 1923 411169 2138 414831
82700 1924 411674 2141 415326
82800 1925 412244 2141 415756
82900 1926 412635 2143 416365
83000 1932 413101 2144 416899
83100 1933 413676 2144 417324
83200 1935 414096 2145 417904
83300 1938 414649 2146 418351
83400 1939 415056 2150 418944
83500 1941 415655 2150 419345
83600 1942 416204 2152 419796
83700 1942 416794 2154 420206
83800 1943 417354 2155 420646
83900 1945 417949 2157 421051
84000 1946 418355 2157 421645
84100 1947 418887 2159 422113
84200 1947 419454 2159 422546
84300 1948 419968 2162 423032
84400 1949 420544 2162 423456
84500 1949 421087 2164 423913
84600 1952 421578 2164 424422
84700 1957 422070 2167 424930
84800 1959 422481 2168 425519
84900 1959 423001 2168 425999
85000 1961 423537 2168 426463
85100 1963 424108 2169 426892
85200 1964 424703 2169 427297
85300 1964 425267 2169 427733
85400 1964 425677 2172 428323
85500 1964 426255 2173 428745
85600 1964 426961 2173 429039
85700 1967 427528 2174 429472
85800 1968 428205 2175 429795
85900 1968 428908 2176 430092
86000 1969 429534 2178 430466
86100 1971 430184 2182 430816
86200 1973 430730 2183 431270
86300 1975 431220 2183 431780
86400 1978 431679 2183 432321
86500 1978 432203 2185 432797
86600 1979 432697 2187 433303
86700 1980 433248 2188 433752
86800 1982 433870 2189 434130
86900 1983 434227 2190 434773
87000 1984 434674 2191 435326
87100 1986 435106 2193 435894
87200 1986 435461 2193 436539
87300 1987 435919 2193 437081
87400 1988 436379 2194 437621
87500 1991 436883 2194 438117
87600 1992 437362 2195 438638
87700 1996 437838 2196 439162
87800 1998 438390 2196 439610
87900 1999 438914 2198 440086
88000 2000 439449 2198 440551
88100 2006 439965 2200 441035
88200 2006 440494 2201 441506
88300 2006 441054 2202 441946
88400 2007 441556 2205 442444
88500 2007 442030 2206 442970
88600 2008 442500 2208 443500
88700 2009 442985 2210 444015
88800 2011 443470 2212 444530
88900 2013 444033 2213 444967
89000 2013 444529 2213 445471
89100 2014 445079 2216 445921
89200 2016 445611 2220 446389
89300 2017 446106 2222 446894
89400 2017 446574 2222 447426
89500 2017 446998 2223 448002
89600 2020 447550 2225 448450
89700 2022 448089 2228 448911
89800 2022 448581 2229 449419
89900 2025 449294 2229 449706
90000 2028 449770 2231 450230
90100 2032 450101 2233 450899
90200 2034 450624 2236 451376
90300 2035 450995 2237 452005
90400 2036 451423 2237 452577
90500 2036 451915 2240 453085
90600 2037 452467 2242 453533
90700 2037 452840 2244 454160
90800 2038 453394 2244 454606
90900 2039 453918 2249 455082
91000 2039 454402 2252 455598
91100 2043 454763 2252 456237
91200 2045 455214 2254 456786
91300 2046 455758 2254 457242
91400 2049 456207 2255 457793
91500 2051 456580 2255 458420
91600 2052 457020 2255 458980
91700 2052 457524 2257 459476
91800 2052 458085 2259 459915
91900 2053 458600 2265 460400
92000 2054 459111 2266 460889
92100 2054 459599 2268 461401
92200 2055 460053 2268 461947
92300 2057 460629 2268 462371
92400 2060 461098 2273 462902
92500 2060 461676 2273 463324
92600 2060 462207 2275 463793
92700 2062 462690 2276 464310
92800 2062 463131 2279 464869
92900 2064 463575 2280 465425
93000 2066 464081 2281 465919
93100 2068 464567 2281 466433
93200 2069 465050 2284 466950
93300 2069 465546 2284 467454
93400 2072 465957 2284 468043
93500 2072 466363 2284 468637
93600 2072 466873 2286 469127
93700 2072 467301 2288 469699
93800 2072 467717 2291 470283
93900 2073 468253 2293 470747
94000 2076 468603 2295 471397
94100 2077 469141 2301 471859
94200 2080 469809 2301 472191
94300 2081 470375 2303 472625
94400 2082 470780 2303 473220
94500 2082 471354 2306 473646
94600 2083 471796 2307 474204
94700 2083 472417 2309 474583
94800 2085 472938 2311 475062
94900 2086 473446 2312 475554
95000 2088 473790 2313 476210
95100 2090 474190 2314 476810
95200 2090 474632 2315 477368
95300 2091 475172 2316 477828
95400 2094 475559 2317 478441
95500 2094 476093 2318 478907
95600 2097 476651 2319 479349
95700 2097 477204 2321 479796
95800 2097 477747 2322 480253
95900 2098 478299 2322 480701
96000 2098 478695 2324 481305
96100 2098 479164 2325 481836
96200 2099 479689 2325 482311
96300 2102 480126 2325 482874
96400 2103 480626 2326 483374
96500 2105 481074 2328 483926
96600 2105 481499 2331 484501
96700 2110 482015 2332 484985
96800 2111 482601 2334 485399
96900 2111 482975 2336 486025
97000 2111 483507 2336 486493
97100 2113 484093 2336 486907
97200 2114 484532 2339 487468
97300 2115 484988 2340 488012
97400 2117 485540 2340 488460
97500 2117 486181 2341 488819
97600 2118 486804 2341 489196
97700 2120 487281 2343 489719
97800 2123 487822 2344 490178
97900 2125 488405 2345 490595
98000 2127 488743 2348 491257
98100 2135 489376 2349 491624
98200 2137 489904 2350 492096
98300 2137 490450 2351 492550
98400 2138 490987 2351 493013
98500 2138 491509 2353 493491
98600 2139 492053 2355 493947
98700 2142 492701 2358 494299
98800 2147 493259 2359 494741
98900 2147 493670 2362 495330
99000 2149 494172 2363 495828
99100 2151 494710 2365 496290
99200 2153 495245 2368 496755
99300 2154 495675 2370 497325
99400 2156 496187 2373 497813
99500 2157 496853 2375 498147
99600 2157 497317 2375 498683
99700 2159 497761 2375 499239
99800 2159 498253 2375 499747
99900 2161 498711 2376 500289
100000 2163 499217 2377 500783
100100 2164 499661 2381 501339
100200 2166 500189 2383 501811
100300 2166 500589 2385 502411
100400 2166 501174 2388 502826
100500 2166 501540 2390 503460
100600 2170 502059 2391 503941
100700 2171 502557 2395 504443
100800 2171 503141 2396 504859
100900 2171 503796 2398 505204
101000 2171 504269 2399 505731
101100 2172 504776 2400 506224
101200 2173 505237 2402 506763
101300 2177 505802 2406 507198
101400 2179 506299 2409 507701
101500 2180 506768 2411 508232
101600 2181 507180 2414 508820
101700 2183 507609 2415 509391
101800 2185 508158 2418 509842
101900 2186 508707 2420 510293
102000 2189 509058 2420 510942
102100 2190 509538 2422 511462
102200 2191 509984 2422 512016
102300 2193 510533 2423 512467
102400 2194 510919 2424 513081
102500 2195 511496 2424 513504
102600 2195 512067 2427 513933
102700 2196 512593 2428 514407
102800 2197 513127 2429 514873
102900 2198 513629 2430 515371
103000 2198 513984 2432 516016
103100 2201 514430 2434 516570
103200 2203 514923 2435 517077
103300 2206 515648 2436 517352
103400 2208 516230 2437 517770
103500 2210 516719 2439 518281
103600 2216 516984 2441 519016
103700 2217 517447 2441 519553
103800 2219 517959 2444 520041
103900 2220 518533 2444 520467
104000 2222 519198 2449 520802
104100 2225 519717 2449 521283
104200 2226 520241 2449 521759
104300 2228 520741 2451 522259
104400 2228 521060 2451 522940
104500 2228 521592 2452 523408
104600 2229 521957 2453 524043
104700 2229 522544 2454 524456
104800 2231 523085 2456 524915
104900 2231 523378 2457 525622
105000 2232 523770 2457 526230
105100 2232 524454 2457 526546
105200 2235 525048 2458 526952
105300 2235 525586 2459 527414
105400 2236 525926 2459 528074
105500 2238 526412 2459 528588
105600 2239 526904 2459 529096
105700 2241 527412 2459 529588
105800 2243 527937 2459 530063
105900 2243 528423 2459 530577
106000 2243 528941 2459 531059
106100 2243 529457 2461 531543
106200 2244 529875 2462 532125
106300 2246 530363 2463 532637
106400 2247 530894 2464 533106
106500 2248 531331 2466 533669
106600 2252 531753 2466 534247
106700 2254 532315 2466 534685
106800 2254 532783 2466 535217
106900 2254 533368 2466 535632
107000 2254 533833 2468 536167
107100 2255 534371 2469 536629
107200 2255 534966 2472 537034
107300 2255 535478 2473 537522
107400 2259 536032 2474 537968
107500 2262 536532 2474 538468
107600 2262 537024 2475 538976
107700 2264 537467 2475 539533
107800 2266 537976 2476 540024
107900 2266 538350 2479 540650
108000 2267 538978 2482 541022
108100 2268 539455 2483 541545
108200 2271 539864 2483 542136
108300 2271 540347 2483 542653
108400 2271 540832 2484 543168
108500 2276 541329 2484 543671
108600 2277 541674 2486 544326
108700 2277 542173 2487 544827
108800 2277 542571 2488 545429
108900 2278 542947 2490 546053
109000 2278 543396 2494 546604
109100 2279 543987 2495 547013
109200 2282 544402 2496 547598
109300 2285 544899 2501 548101
109400 2285 545443 2501 548557
109500 2286 546008 2502 548992
109600 2288 546534 2504 549466
109700 2289 547074 2504 549926
109800 2289 547596 2504 550404
109900 2291 548060 2505 550940
110000 2293 548576 2505 551424
110100 2293 548884 2506 552116
110200 2294 549402 2507 552598
110300 2294 549885 2509 553115
110400 2296 550381 2510 553619
110500 2298 550833 2510 554167
110600 2302 551307 2510 554693
110700 2304 551758 2511 555242
110800 2304 552239 2511 555761
110900 2304 552714 2512 556286
111000 2306 553185 2512 556815
111100 2306 553665 2513 557335
111200 2306 554135 2513 557865
111300 2306 554644 2513 558356
111400 2308 555221 2513 558779
111500 2312 555682 2514 559318
111600 2316 556195 2517 559805
111700 2317 556612 2518 560388
111800 2321 557028 2520 560972
111900 2322 557652 2520 561348
112000 2324 558133 2521 561867
112100 2324 558628 2521 562372
112200 2326 559040 2521 562960
112300 2326 559474 2522 563526
112400 2327 559824 2522 564176
112500 2329 560393 2523 564607
112600 2329 560885 2523 565115
112700 2329 561457 2523 565543
112800 2331 561954 2525 566046
112900 2331 562453 2525 566547
113000 2332 562958 2530 567042
113100 2332 563544 2531 567456
113200 2332 564035 2535 567965
113300 2333 564648 2536 568352
113400 2334 565018 2538 568982
113500 2337 565485 2539 569515
113600 2340 565839 2539 570161
113700 2341 566400 2541 570600
113800 2342 567001 2541 570999
113900 2343 567478 2542 571522
114000 2344 568109 2544 571891
114100 2348 568584 2545 572416
114200 2348 568923 2547 573077
114300 2352 569336 2547 573664
114400 2352 569794 2547 574206
114500 2353 570295 2547 574705
114600 2353 570771 2548 575229
114700 2354 571321 2548 575679
114800 2354 571881 2550 576119
114900 2354 572345 2550 576655
115000 2355 572778 2551 577222
115100 2357 573243 2557 577757
115200 2360 573721 2557 578279
115300 2361 574296 2558 578704
115400 2362 574841 2561 579159
115500 2365 575260 2562 579740
115600 2365 575753 2563 580247
115700 2366 576224 2563 580776
115800 2366 576755 2563 581245
115900 2366 577220 2564 581780
116000 2366 577723 2566 582277
116100 2367 578314 2568 582686
116200 2367 578901 2568 583099
116300 2369 579350 2569 583650
116400 2373 579830 2573 584170
116500 2375 580371 2574 584629
116600 2376 580797 2575 585203
116700 2376 581374 2575 585626
116800 2376 581892 2577 586108
116900 2376 582376 2581 586624
117000 2376 582909 2584 587091
117100 2377 583350 2586 587650
117200 2377 583742 2587 588258
117300 2378 584303 2588 588697
117400 2379 584841 2588 589159
117500 2381 585415 2589 589585
117600 2383 585716 2591 590284
117700 2385 586103 2591 590897
117800 2387 586604 2595 591396
117900 2388 587053 2596 591947
118000 2389 587528 2600 592472
118100 2389 587972 2601 593028
118200 2392 588503 2605 593497
118300 2394 589087 2606 593913
118400 2399 589456 2607 594544
118500 2400 589793 2608 595207
118600 2404 590313 2608 595687
118700 2406 590652 2609 596348
118800 2409 591267 2613 596733
118900 2410 591824 2613 597176
119000 2411 592349 2615 597651
119100 2413 592848 2615 598152
119200 2413 593407 2616 598593
119300 2413 593910 2617 599090
119400 2413 594406 2618 599594
119500 2415 594896 2619 600104
119600 2417 595302 2621 600698
119700 2420 595877 2622 601123
119800 2422 596208 2624 601792
119900 2423 596703 2625 602297
120000 2425 597196 2630 602804
120100 2427 597648 2633 603352
120200 2429 598197 2633 603803
120300 2430 598558 2633 604442
120400 2430 598981 2636 605019
120500 2431 599511 2637 605489
120600 2431 599946 2637 606054
120700 2432 600434 2639 606566
120800 2434 600984 2639 607016
120900 2436 601459 2642 607541
121000 2438 602043 2642 607957
121100 2439 602730 2644 608270
121200 2439 603249 2647 608751
121300 2439 603826 2650 609174
121400 2440 604185 2651 609815
121500 2441 604612 2651 610388
121600 2443 605037 2652 610963
121700 2444 605572 2653 611428
121800 2445 606142 2654 611858
121900 2445 606682 2656 612318
122000 2446 607022 2657 612978
122100 2448 607547 2658 613453
122200 2450 607953 2660 614047
122300 2451 608323 2662 614677
122400 2453 608860 2665 615140
122500 2453 609274 2667 615726
122600 2455 609744 2670 616256
122700 2456 610294 2672 616706
122800 2457 610773 2676 617227
122900 2458 611282 2678 617718
123000 2460 611863 2681 618137
123100 2465 612374 2683 618626
123200 2469 612887 2687 619113
123300 2470 613355 2691 619645
123400 2472 613920 2693 620080
123500 2472 614365 2693 620635
123600 2473 614836 2695 621164
123700 2476 615441 2696 621559
123800 2480 615944 2697 622056
123900 2482 616337 2700 622663
124000 2482 616803 2703 623197
124100 2484 617216 2703 623784
124200 2486 617671 2705 624329
124300 2489 618098 2707 624902
124400 2491 618755 2708 625245
124500 2494 619412 2710 625588
124600 2495 619928 2712 626072
124700 2499 620532 2712 626468
124800 2500 621014 2713 626986
124900 2500 621548 2717 627452
125000 2500 622094 2718 627906
125100 2502 622579 2719 628421
125200 2504 623228 2719 628772
125300 2508 623826 2721 629174
125400 2508 624248 2723 629752
125500 2510 624641 2726 630359
125600 2511 625019 2728 630981
125700 2512 625467 2728 631533
125800 2512 625960 2729 632040
125900 2513 626464 2729 632536
126000 2514 626953 2731 633047
126100 2515 627498 2732 633502
126200 2518 627956 2732 634044
126300 2518 628409 2733 634591
126400 2524 628747 2734 635253
126500 2525 629246 2734 635754
126600 2526 629818 2736 636182
126700 2527 630303 2739 636697
126800 2528 630772 2740 637228
126900 2531 631372 2740 637628
127000 2532 631929 2741 638071
127100 2534 632529 2743 638471
127200 2539 633089 2745 638911
127300 2540 633580 2745 639420
127400 2542 633940 2746 640060
127500 2545 634466 2748 640534
127600 2545 634801 2749 641199
127700 2545 635309 2751 641691
127800 2546 635799 2752 642201
127900 2547 636229 2752 642771
128000 2548 636566 2753 643434
128100 2549 637063 2753 643937
128200 2550 637475 2755 644525
128300 2552 637923 2756 645077
128400 2553 638397 2756 645603
128500 2556 638761 2758 646239
128600 2556 639205 2759 646795
128700 2557 639690 2759 647310
128800 2557 640279 2759 647721
128900 2558 640814 2759 648186
129000 2558 641258 2761 648742
129100 2560 641640 2764 649360
129200 2561 642184 2767 649816
129300 2563 642594 2768 650406
129400 2567 643091 2769 650909
129500 2568 643651 2769 651349
129600 2572 644129 2769 651871
129700 2573 644411 2769 652589
129800 2574 644972 2770 653028
129900 2576 645443 2772 653557
130000 2576 645945 2773 654055
130100 2582 646306 2774 654694
130200 2583 646899 2775 655101
130300 2583 647390 2775 655610
130400 2588 647880 2779 656120
130500 2589 648415 2782 656585
130600 2591 648912 2784 657088
130700 2591 649400 2785 657600
130800 2592 649893 2785 658107
130900 2593 650472 2786 658528
131000 2594 651041 2788 658959
131100 2596 651648 2789 659352
131200 2597 652079 2789 659921
131300 2600 652557 2791 660443
131400 2604 653091 2795 660909
131500 2605 653644 2795 661356
131600 2609 654215 2796 661785
131700 2609 654514 2797 662486
131800 2609 654961 2798 663039
131900 2610 655502 2800 663498
132000 2611 656173 2800 663827
132100 2615 656833 2801 664167
132200 2616 657450 2802 664550
132300 2616 657967 2804 665033
132400 2619 658524 2808 665476
132500 2620 659070 2809 665930
132600 2620 659670 2809 666330
132700 2620 660021 2809 666979
132800 2622 660524 2812 667476
132900 2623 661185 2814 667815
133000 2625 661706 2814 668294
133100 2626 662322 2816 668678
133200 2628 662807 2817 669193
133300 2632 663379 2817 669621
133400 2635 663902 2817 670098
133500 2636 664415 2820 670585
133600 2638 665045 2822 670955
133700 2643 665575 2823 671425
133800 2644 666301 2824 671699
133900 2644 666769 2824 672231
134000 2644 667276 2825 672724
134100 2647 667783 2827 673217
134200 2648 668262 2829 673738
134300 2648 668775 2830 674225
134400 2649 669343 2832 674657
134500 2650 669833 2833 675167
134600 2653 670360 2836 675640
134700 2656 670980 2837 676020
134800 2660 671675 2839 676325
134900 2662 672101 2840 676899
135000 2664 672493 2842 677507
135100 2666 673233 2844 677767
135200 2666 673505 2847 678495
135300 2667 673969 2848 679031
135400 2668 674364 2850 679636
135500 2668 674981 2852 680019
135600 2671 675580 2854 680420
135700 2678 675914 2855 681086
135800 2680 676304 2856 681696
135900 2682 676786 2856 682214
136000 2683 677342 2856 682658
136100 2685 677764 2858 683236
136200 2685 678286 2859 683714
136300 2688 678862 2859 684138
136400 2688 679279 2860 684721
136500 2688 679780 2861 685220
136600 2689 680270 2861 685730
136700 2690 680865 2865 686135
136800 2690 681423 2866 686577
136900 2690 682045 2868 686955
137000 2690 682452 2870 687548
137100 2691 682900 2871 688100
137200 2692 683444 2872 688556
137300 2694 683920 2873 689080
137400 2697 684410 2875 689590
137500 2698 684649 2877 690351
137600 2699 685111 2878 690889
137700 2701 685521 2880 691479
137800 2704 686158 2881 691842
137900 2704 686546 2883 692454
138000 2705 687093 2884 692907
138100 2705 687517 2885 693483
138200 2706 687987 2888 694013
138300 2706 688395 2889 694605
138400 2707 688882 2891 695118
138500 2707 689270 2891 695730
138600 2708 689763 2892 696237
138700 2709 690371 2894 696629
138800 2711 690963 2896 697037
138900 2711 691336 2896 697664
139000 2716 691713 2900 698287
139100 2718 692323 2904 698677
139200 2721 692973 2905 699027
139300 2723 693399 2906 699601
139400 2724 693911 2908 700089
139500 2727 694447 2909 700553
139600 2729 694846 2914 701154
139700 2730 695408 2915 701592
139800 2731 695919 2917 702081
139900 2733 696418 2919 702582
140000 2734 696702 2920 703298
140100 2734 697351 2920 703649
140200 2734 697851 2921 704149
140300 2735 698305 2923 704695
140400 2736 698840 2923 705160
140500 2736 699551 2926 705449
140600 2737 699943 2926 706057
140700 2738 700648 2926 706352
140800 2739 701149 2926 706851
140900 2740 701642 2929 707358
141000 2742 702090 2931 707910
141100 2743 702586 2932 708414
141200 2743 703068 2933 708932
141300 2744 703633 2933 709367
141400 2748 704120 2933 709880
141500 2750 704638 2935 710362
141600 2751 705085 2937 710915
141700 2753 705547 2938 711453
141800 2754 706080 2938 711920
141900 2756 706733 2943 712267
142000 2760 707255 2945 712745
142100 2763 707816 2948 713184
142200 2765 708307 2949 713693
142300 2766 709038 2954 713962
142400 2768 709445 2958 714555
142500 2769 709719 2960 715281
142600 2771 710160 2960 715840
142700 2775 710705 2961 716295
142800 2778 711300 2962 716700
142900 2778 711713 2963 717287
143000 2779 712050 2964 717950
143100 2780 712460 2965 718540
143200 2780 713055 2967 718945
143300 2781 713591 2968 719409
143400 2782 714137 2969 719863
143500 2784 714504 2971 720496
143600 2784 715094 2971 720906
143700 2784 715663 2971 721337
143800 2785 716182 2974 721818
143900 2788 716680 2974 722320
144000 2795 717390 2978 722610
144100 2798 717880 2982 723120
144200 2800 718242 2984 723758
144300 2800 718524 2986 724476
144400 2800 719068 2987 724932
144500 2801 719450 2987 725550
144600 2801 719915 2989 726085
144700 2801 720311 2990 726689
144800 2802 720785 2990 727215
144900 2803 721256 2992 727744
145000 2804 721871 2992 728129
145100 2804 722313 2994 728687
145200 2806 722799 2994 729201
145300 2808 723293 2995 729707
145400 2812 723795 2997 730205
145500 2813 724286 2999 730714
145600 2813 724818 3000 731182
145700 2814 725191 3000 731809
145800 2817 725678 3001 732322
145900 2820 726027 3004 732973
146000 2822 726406 3004 733594
146100 2823 726985 3004 734015
146200 2826 727408 3007 734592
146300 2826 727848 3007 735152
146400 2829 728321 3008 735679
146500 2829 728784 3008 736216
146600 2832 729353 3011 736647
146700 2832 729897 3012 737103
146800 2834 730389 3012 737611
146900 2834 730926 3012 738074
147000 2835 731410 3015 738590
147100 2835 731765 3015 739235
147200 2840 732277 3017 739723
147300 2843 732902 3017 740098
147400 2845 733480 3018 740520
147500 2848 733980 3022 741020
147600 2850 734494 3023 741506
147700 2850 735050 3026 741950
147800 2851 735714 3027 742286
147900 2853 736000 3028 743000
148000 2855 736472 3033 743528
148100 2857 736893 3034 744107
148200 2857 737365 3034 744635
148300 2858 737821 3035 745179
148400 2858 738326 3036 745674
148500 2858 738828 3037 746172
148600 2860 739353 3040 746647
148700 2863 739897 3041 747103
148800 2863 740468 3042 747532
148900 2864 740995 3043 748005
149000 2864 741493 3043 748507
149100 2864 742021 3046 748979
149200 2865 742474 3046 749526
149300 2865 742941 3047 750059
149400 2866 743394 3047 750606
149500 2867 743880 3048 751120
149600 2867 744289 3050 751711
149700 2868 744735 3051 752265
149800 2870 745241 3053 752759
149900 2870 745748 3056 753252
150000 2871 746208 3061 753792
150100 2872 746766 3061 754234
150200 2874 747184 3062 754816
150300 2877 747663 3062 755337
150400 2879 748182 3063 755818
150500 2885 748678 3064 756322
150600 2885 749153 3067 756847
150700 2886 749660 3067 757340
150800 2887 750099 3067 757901
150900 2887 750579 3067 758421
151000 2887 751139 3070 758861
151100 2888 751562 3071 759438
151200 2891 752157 3073 759843
151300 2892 752697 3073 760303
151400 2893 753077 3073 760923
151500 2894 753563 3074 761437
151600 2896 753987 3075 762013
151700 2898 754449 3077 762551
151800 2899 754985 3077 763015
151900 2900 755537 3078 763463
152000 2903 755999 3079 764001
152100 2903 756428 3081 764572
152200 2904 756950 3084 765050
152300 2908 757505 3088 765495
152400 2916 758006 3092 765994
152500 2916 758323 3092 766677
152600 2918 758784 3093 767216
152700 2919 759315 3093 767685
152800 2920 759823 3096 768177
152900 2920 760296 3096 768704
153000 2921 760943 3096 769057
153100 2923 761557 3097 769443
153200 2923 762097 3099 769903
153300 2926 762524 3100 770476
153400 2929 763017 3102 770983
153500 2929 763456 3103 771544
153600 2931 763965 3104 772035
153700 2934 764544 3105 772456
153800 2935 764983 3105 773017
153900 2936 765459 3106 773541
154000 2938 765933 3106 774067
154100 2939 766353 3108 774647
154200 2940 766714 3109 775286
154300 2940 767186 3113 775814
154400 2941 767610 3113 776390
154500 2942 767975 3113 777025
154600 2945 768462 3114 777538
154700 2946 768975 3115 778025
154800 2947 769480 3115 778520
154900 2948 769900 3115 779100
155000 2950 770396 3117 779604
155100 2950 770880 3118 780120
155200 2952 771386 3121 780614
155300 2956 771770 3121 781230
155400 2957 772352 3121 781648
155500 2961 772994 3123 782006
155600 2962 773524 3123 782476
155700 2964 774182 3123 782818
155800 2964 774836 3124 783164
155900 2967 775299 3128 783701
156000 2969 776011 3129 783989
156100 2969 776683 3129 784317
156200 2969 777070 3131 784930
156300 2970 777604 3131 785396
156400 2971 778190 3132 785810
156500 2975 778753 3133 786247
156600 2976 779243 3133 786757
156700 2976 779632 3135 787368
156800 2979 780139 3138 787861
156900 2982 780635 3139 788365
157000 2983 781112 3139 788888
157100 2987 781625 3141 789375
157200 2992 782036 3142 789964
157300 2992 782537 3143 790463
157400 2993 783112 3144 790888
157500 2995 783764 3145 791236
157600 2995 784409 3146 791591
157700 2998 785037 3150 791963
157800 3002 785519 3151 792481
157900 3005 785829 3155 793171
158000 3006 786279 3156 793721
158100 3007 786836 3158 794164
158200 3010 787321 3160 794679
158300 3010 787620 3161 795380
158400 3011 788144 3162 795856
158500 3011 788632 3165 796368
158600 3013 789149 3168 796851
158700 3015 789765 3169 797235
158800 3021 790379 3173 797621
158900 3022 790877 3175 798123
159000 3023 791238 3175 798762
159100 3023 791778 3176 799222
159200 3024 792130 3177 799870
159300 3026 792599 3180 800401
159400 3026 793074 3181 800926
159500 3027 793490 3181 801510
159600 3028 793933 3181 802067
159700 3029 794456 3182 802544
159800 3030 795033 3182 802967
159900 3031 795448 3183 803552
160000 3033 795902 3183 804098
160100 3034 796403 3183 804597
160200 3036 796864 3183 805136
160300 3036 797373 3183 805627
160400 3036 797861 3183 806139
160500 3038 798352 3184 806648
160600 3039 798852 3184 807148
160700 3041 799248 3187 807752
160800 3041 799589 3187 808411
160900 3042 799936 3188 809064
161000 3043 800401 3188 809599
161100 3044 800978 3189 810022
161200 3044 801364 3190 810636
161300 3044 801894 3191 811106
161400 3047 802477 3196 811523
161500 3047 803122 3198 811878
161600 3047 803585 3199 812415
161700 3050 804117 3199 812883
161800 3053 804678 3199 813322
161900 3056 805108 3202 813892
162000 3056 805454 3203 814546
162100 3058 805954 3203 815046
162200 3059 806534 3205 815466
162300 3061 806996 3206 816004
162400 3062 807511 3207 816489
162500 3064 807947 3208 817053
162600 3067 808529 3213 817471
162700 3068 809080 3216 817920
162800 3069 809543 3218 818457
162900 3072 810085 3218 818915
163000 3072 810571 3219 819429
163100 3073 811136 3220 819864
163200 3073 811690 3220 820310
163300 3073 812251 3221 820749
163400 3073 812717 3221 821283
163500 3073 813270 3223 821730
163600 3074 813870 3224 822130
163700 3076 814375 3224 822625
163800 3078 814886 3225 823114
163900 3081 815351 3226 823649
164000 3081 815813 3226 824187
164100 3083 816260 3229 824740
164200 3084 816703 3231 825297
164300 3087 817235 3234 825765
164400 3089 817736 3236 826264
164500 3090 818197 3239 826803
164600 3092 818804 3241 827196
164700 3094 819527 3243 827473
164800 3094 819995 3244 828005
164900 3094 820451 3246 828549
165000 3095 820990 3250 829010
165100 3097 821488 3250 829512
165200 3098 822071 3251 829929
165300 3100 822601 3251 830399
165400 3101 823161 3251 830839
165500 3102 823808 3251 831192
165600 3103 824342 3252 831658
165700 3103 824853 3255 832147
165800 3103 825328 3255 832672
165900 3105 825777 3255 833223
166000 3106 826340 3256 833660
166100 3107 826894 3257 834106
166200 3107 827366 3257 834634
166300 3108 827930 3261 835070
166400 3108 828393 3264 835607
166500 3110 828861 3266 836139
166600 3110 829386 3267 836614
166700 3113 829928 3269 837072
166800 3115 830474 3272 837526
166900 3115 830953 3272 838047
167000 3118 831478 3275 838522
167100 3121 831833 3276 839167
167200 3121 832331 3277 839669
167300 3122 832774 3278 840226
167400 3123 833177 3279 840823
167500 3124 833764 3280 841236
167600 3126 834241 3281 841759
167700 3127 834756 3284 842244
167800 3128 835142 3284 842858
167900 3131 835493 3285 843507
168000 3134 835993 3287 844007
168100 3136 836504 3289 844496
168200 3137 837070 3291 844930
168300 3138 837485 3291 845515
168400 3139 838166 3293 845834
168500 3142 838702 3295 846298
168600 3146 839253 3296 846747
168700 3151 839716 3297 847284
168800 3152 840156 3298 847844
168900 3153 840619 3298 848381
169000 3153 841162 3300 848838
169100 3154 841730 3304 849270
169200 3156 842282 3306 849718
169300 3156 842829 3306 850171
169400 3156 843282 3306 850718
169500 3157 843747 3308 851253
169600 3157 844275 3308 851725
169700 3158 844866 3308 852134
169800 3160 845314 3308 852686
169900 3163 845852 3308 853148
170000 3163 846527 3310 853473
170100 3164 847144 3312 853856
170200 3166 847620 3312 854380
170300 3166 848144 3314 854856
170400 3169 848469 3315 855531
170500 3171 848921 3316 856079
170600 3172 849467 3317 856533
170700 3173 849813 3317 857187
170800 3175 850441 3318 857559
170900 3176 850848 3319 858152
171000 3178 851245 3321 858755
171100 3179 851798 3324 859202
171200 3181 852271 3324 859729
171300 3182 852815 3325 860185
171400 3183 853366 3330 860634
171500 3186 853772 3333 861228
171600 3188 854250 3335 861750
171700 3189 854775 3336 862225
171800 3190 855302 3337 862698
171900 3191 855796 3339 863204
172000 3194 856429 3339 863571
172100 3196 856991 3341 864009
172200 3196 857401 3343 864599
172300 3197 857835 3343 865165
172400 3198 858324 3346 865676
172500 3199 858906 3346 866094
172600 3202 859465 3347 866535
172700 3202 860162 3350 866838
172800 3203 860706 3351 867294
172900 3204 861090 3355 867910
173000 3206 861810 3358 868190
173100 3206 862349 3358 868651
173200 3206 862874 3360 869126
173300 3208 863296 3361 869704
173400 3208 863796 3362 870204
173500 3209 864338 3365 870662
173600 3210 864969 3365 871031
173700 3212 865648 3366 871352
173800 3213 866147 3367 871853
173900 3215 866595 3368 872405
174000 3219 867125 3372 872875
174100 3222 867624 3374 873376
174200 3223 868142 3376 873858
174300 3223 868563 3377 874437
174400 3226 869096 3378 874904
174500 3228 869462 3380 875538
174600 3228 870037 3381 875963
174700 3229 870426 3383 876574
174800 3230 870850 3386 877150
174900 3231 871222 3386 877778
175000 3234 871704 3386 878296
175100 3235 872170 3389 878830
175200 3237 872733 3392 879267
175300 3238 873111 3393 879889
175400 3238 873508 3395 880492
175500 3239 874002 3396 880998
175600 3240 874586 3397 881414
175700 3243 875106 3397 881894
175800 3244 875476 3398 882524
175900 3244 875964 3399 883036
176000 3244 876266 3400 883734
176100 3244 876902 3404 884098
176200 3247 877330 3405 884670
176300 3249 877856 3408 885144
176400 3249 878384 3409 885616
176500 3251 878881 3409 886119
176600 3251 879431 3409 886569
176700 3255 879814 3410 887186
176800 3257 880322 3411 887678
176900 3258 880816 3412 888184
177000 3259 881278 3413 888722
177100 3265 881771 3416 889229
177200 3265 882261 3416 889739
177300 3270 882893 3418 890107
177400 3273 883387 3420 890613
177500 3275 883907 3423 891093
177600 3275 884431 3424 891569
177700 3276 884934 3425 892066
177800 3276 885374 3425 892626
177900 3276 885840 3426 893160
178000 3278 886454 3428 893546
178100 3282 886865 3430 894135
178200 3283 887327 3433 894673
178300 3284 887857 3433 895143
178400 3284 888559 3433 895441
178500 3284 889149 3434 895851
178600 3286 889750 3434 896250
178700 3287 890336 3435 896664
178800 3287 890853 3438 897147
178900 3289 891201 3441 897799
179000 3289 891643 3442 898357
179100 3290 892223 3445 898777
179200 3290 892792 3446 899208
179300 3290 893292 3446 899708
179400 3291 893857 3446 900143
179500 3293 894308 3447 900692
179600 3296 894756 3453 901244
179700 3298 895219 3454 901781
179800 3299 895709 3454 902291
179900 3301 896165 3459 902835
180000 3301 896557 3462 903443
180100 3306 896960 3463 904040
180200 3307 897418 3466 904582
180300 3309 897874 3467 905126
180400 3312 898337 3468 905663
180500 3312 898922 3469 906078
180600 3312 899382 3471 906618
180700 3313 899893 3471 907107
180800 3314 900355 3471 907645
180900 3314 900915 3471 908085
181000 3316 901385 3471 908615
181100 3318 901672 3472 909328
181200 3319 902134 3472 909866
181300 3320 902602 3472 910398
181400 3320 903106 3473 910894
181500 3323 903582 3476 911418
181600 3327 904177 3476 911823
181700 3330 904528 3476 912472
181800 3332 905163 3477 912837
181900 3335 905712 3479 913288
182000 3338 906326 3480 913674
182100 3339 906897 3481 914103
182200 3341 907452 3484 914548
182300 3341 908006 3485 914994
182400 3345 908524 3486 915476
182500 3347 909063 3489 915937
182600 3348 909528 3490 916472
182700 3350 909998 3493 917002
182800 3351 910520 3494 917480
182900 3354 910977 3497 918023
183000 3356 911634 3500 918366
183100 3360 912071 3501 918929
183200 3360 912528 3505 919472
183300 3363 913002 3506 919998
183400 3364 913355 3506 920645
183500 3364 913898 3507 921102
183600 3366 914432 3508 921568
183700 3368 914928 3508 922072
183800 3370 915432 3508 922568
183900 3373 915876 3513 923124
184000 3374 916281 3515 923719
184100 3376 916720 3516 924280
184200 3378 917165 3517 924835
184300 3380 917658 3519 925342
184400 3380 918353 3520 925647
184500 3381 918834 3520 926166
184600 3384 919362 3520 926638
184700 3384 919922 3520 927078
184800 3386 920366 3520 927634
184900 3386 920930 3522 928070
185000 3389 921366 3523 928634
185100 3391 921805 3523 929195
185200 3392 922220 3525 929780
185300 3394 922804 3526 930196
185400 3397 923224 3526 930776
185500 3398 923717 3528 931283
185600 3399 924047 3531 931953
185700 3399 924463 3532 932537
185800 3401 925160 3536 932840
185900 3401 925579 3536 933421
186000 3403 926202 3536 933798
186100 3404 926778 3537 934222
186200 3405 927364 3540 934636
186300 3406 927907 3540 935093
186400 3406 928366 3541 935634
186500 3406 928878 3541 936122
186600 3407 929341 3541 936659
186700 3407 929815 3543 937185
186800 3407 930290 3545 937710
186900 3409 930985 3548 938015
187000 3410 931508 3550 938492
187100 3412 932026 3550 938974
187200 3412 932614 3551 939386
187300 3413 933130 3553 939870
187400 3415 933636 3554 940364
187500 3416 934159 3555 940841
187600 3418 934634 3558 941366
187700 3422 935088 3559 941912
187800 3426 935574 3562 942426
187900 3429 936059 3563 942941
188000 3432 936555 3564 943445
188100 3435 937006 3565 943994
188200 3436 937675 3567 944325
188300 3436 938141 3569 944859
188400 3438 938720 3570 945280
188500 3440 939220 3570 945780
188600 3440 939743 3570 946257
188700 3440 940330 3570 946670
188800 3441 940827 3571 947173
188900 3442 941367 3571 947633
189000 3442 941833 3571 948167
189100 3442 942287 3571 948713
189200 3443 942823 3572 949177
189300 3445 943397 3572 949603
189400 3446 943825 3573 950175
189500 3446 944265 3573 950735
189600 3446 944756 3575 951244
189700 3447 945096 3575 951904
189800 3447 945656 3575 952344
189900 3448 946141 3575 952859
190000 3449 946480 3577 953520
190100 3450 946880 3579 954120
190200 3451 947383 3582 954617
190300 3451 947727 3584 955273
190400 3451 948017 3587 955983
190500 3451 948406 3590 956594
190600 3453 948955 3595 957045
190700 3453 949479 3598 957521
190800 3456 950022 3600 957978
190900 3456 950539 3600 958461
191000 3457 951091 3600 958909
191100 3460 951555 3602 959445
191200 3463 952139 3605 959861
191300 3465 952769 3609 960231
191400 3469 953256 3610 960744
191500 3470 953748 3610 961252
191600 3470 954185 3611 961815
191700 3471 954608 3612 962392
191800 3472 955084 3613 962916
191900 3473 955578 3615 963422
192000 3474 956113 3616 963887
192100 3475 956701 3618 964299
192200 3476 957302 3618 964698
192300 3481 957839 3620 965161
192400 3481 958316 3622 965684
192500 3483 958806 3623 966194
192600 3483 959449 3626 966551
192700 3486 959989 3627 967011
192800 3486 960680 3628 967320
192900 3486 961188 3629 967812
193000 3489 961649 3631 968351
193100 3489 962226 3631 968774
193200 3490 962784 3631 969216
193300 3491 963268 3631 969732
193400 3491 963809 3632 970191
193500 3492 964287 3632 970713
193600 3494 964866 3633 971134
193700 3497 965303 3636 971697
193800 3500 965957 3637 972043
193900 3502 966509 3642 972491
194000 3502 967051 3642 972949
194100 3504 967512 3643 973488
194200 3506 967994 3644 974006
194300 3506 968475 3645 974525
194400 3507 969005 3646 974995
194500 3508 969443 3647 975557
194600 3510 969924 3647 976076
194700 3510 970426 3652 976574
194800 3511 970896 3653 977104
194900 3514 971575 3657 977425
195000 3514 972133 3659 977867
195100 3517 972617 3659 978383
195200 3517 973047 3661 978953
195300 3520 973546 3661 979454
195400 3522 973943 3663 980057
195500 3524 974391 3663 980609
195600 3526 974880 3663 981120
195700 3528 975376 3664 981624
195800 3533 975934 3667 982066
195900 3533 976492 3668 982508
196000 3533 976980 3671 983020
196100 3533 977421 3672 983579
196200 3533 977988 3674 984012
196300 3535 978403 3676 984597
196400 3536 978923 3676 985077
196500 3539 979386 3676 985614
196600 3540 979931 3677 986069
196700 3541 980443 3678 986557
196800 3542 980988 3679 987012
196900 3542 981416 3681 987584
197000 3542 981906 3683 988094
197100 3542 982227 3686 988773
197200 3545 982736 3687 989264
197300 3545 983207 3689 989793
197400 3549 983699 3690 990301
197500 3551 984222 3692 990778
197600 3553 984780 3693 991220
197700 3557 985345 3694 991655
197800 3561 985833 3694 992167
197900 3561 986376 3694 992624
198000 3562 986757 3697 993243
198100 3563 987242 3701 993758
198200 3564 987788 3701 994212
198300 3565 988236 3701 994764
198400 3565 988722 3706 995278
198500 3568 989418 3709 995582
198600 3570 989908 3714 996092
198700 3570 990494 3715 996506
198800 3571 990984 3717 997016
198900 3571 991442 3717 997558
199000 3571 991982 3718 998018
199100 3571 992321 3718 998679
199200 3573 992849 3719 999151
199300 3574 993306 3720 999694
199400 3576 993830 3722 1000170
199500 3578 994441 3723 1000559
199600 3578 994942 3725 1001058
199700 3580 995662 3726 1001338
199800 3581 996153 3729 1001847
199900 3582 996761 3731 1002239
200000 3583 997221 3733 1002779
