#! FIELDS timestep dup_succ dup_attempts kill_succ kill_attempts
#! SET timestep 0.5
#! SET kernel_bandwidth [0.95 0.95]
#! SET kt 1.0
100 60 177 59 823
200 124 441 121 1559
300 184 764 205 2236
400 264 1146 277 2854
500 313 1614 325 3386
600 356 2150 364 3850
700 387 2727 397 4273
800 410 3303 412 4697
900 429 3844 430 5156
1000 442 4355 439 5645
1100 451 4880 450 6120
1200 468 5362 464 6638
1300 481 5918 473 7082
1400 488 6482 479 7518
1500 500 7050 487 7950
1600 505 7590 492 8410
1700 506 8075 495 8925
1800 510 8561 500 9439
1900 513 8906 505 10094
2000 515 9298 510 10702
2100 519 9758 511 11242
2200 522 10325 517 11675
2300 525 10915 517 12085
2400 526 11508 524 12492
2500 528 12229 524 12771
2600 528 12740 524 13260
2700 532 13133 525 13867
2800 534 13712 529 14288
2900 537 14188 531 14812
3000 543 14559 534 15441
3100 549 15075 536 15925
3200 550 15594 539 16406
3300 554 16057 545 16943
3400 557 16484 548 17516
3500 558 16948 550 18052
3600 558 17524 552 18476
3700 560 18110 554 18890
3800 561 18591 558 19409
3900 565 19223 561 19777
4000 566 19900 568 20100
4100 568 20329 571 20671
4200 571 20855 573 21145
4300 573 21388 574 21612
4400 575 21959 578 22041
4500 578 22483 580 22517
4600 579 23039 584 22961
4700 583 23582 588 23418
4800 583 24047 588 23953
4900 584 24652 590 24348
5000 587 25221 595 24779
5100 589 25815 601 25185
5200 590 26293 603 25707
5300 593 26703 606 26297
5400 597 27280 610 26720
5500 598 27858 610 27142
5600 602 28416 611 27584
5700 604 28855 613 28145
5800 605 29187 618 28813
5900 608 29697 621 29303
6000 612 30269 623 29731
6100 614 30825 624 30175
6200 617 31320 626 30680
6300 622 31824 631 31176
6400 625 32360 637 31640
6500 628 32834 640 32166
6600 628 33208 641 32792
6700 631 33643 645 33357
6800 638 34139 648 33861
6900 641 34669 650 34331
7000 642 35229 650 34771
7100 645 35681 653 35319
7200 648 36183 654 35817
7300 652 36649 658 36351
7400 656 37126 665 36874
7500 658 37622 668 37378
7600 661 38106 670 37894
7700 663 38594 672 38406
7800 665 39113 674 38887
7900 667 39607 677 39393
8000 668 40189 680 39811
8100 671 40867 685 40133
8200 676 41425 687 40575
8300 680 41928 691 41072
8400 684 42559 696 41441
8500 687 42974 696 42026
8600 690 43479 699 42521
8700 690 43973 704 43027
8800 694 44465 706 43535
8900 701 44993 709 44007
9000 706 45502 710 44498
9100 707 46006 713 44994
9200 708 46500 713 45500
9300 711 46919 714 46081
9400 714 47270 716 46730
9500 718 47822 721 47178
9600 721 48361 726 47639
9700 725 48919 730 48081
9800 725 49344 733 48656
9900 726 49757 734 49243
10000 729 50242 734 49758
10100 732 50723 736 50277
10200 736 51200 737 50800
10300 738 51608 738 51392
10400 743 52066 739 51934
10500 745 52656 743 52344
10600 751 53176 744 52824
10700 751 53599 744 53401
10800 753 54074 747 53926
10900 755 54506 750 54494
11000 758 54933 752 55067
11100 762 55412 753 55588
11200 762 55979 755 56021
11300 766 56424 757 56576
11400 769 56944 761 57056
11500 775 57394 765 57606
11600 778 57933 769 58067
11700 779 58414 776 58586
11800 782 58971 783 59029
11900 786 59509 786 59491
12000 791 59976 789 60024
12100 801 60478 792 60522
12200 806 61028 800 60972
12300 811 61407 804 61593
12400 815 61854 808 62146
12500 820 62444 814 62556
12600 822 62925 817 63075
12700 827 63438 820 63562
12800 830 63973 825 64027
12900 835 64487 827 64513
13000 837 64869 827 65131
13100 839 65280 832 65720
13200 840 65735 833 66265
13300 843 66252 840 66748
13400 846 66774 843 67226
13500 848 67196 848 67804
13600 851 67675 850 68325
13700 856 68162 851 68838
13800 858 68634 855 69366
13900 859 68987 857 70013
14000 863 69512 865 70488
14100 875 70014 870 70986
14200 876 70572 871 71428
14300 876 71110 871 71890
14400 882 71673 874 72327
14500 888 72140 877 72860
14600 889 72653 879 73347
14700 889 73144 880 73856
14800 893 73659 881 74341
14900 895 74098 883 74902
15000 897 74685 890 75315
15100 898 75174 896 75826
15200 901 75779 900 76221
15300 901 76230 901 76770
15400 902 76706 901 77294
15500 905 77247 903 77753
15600 906 77758 905 78242
15700 910 78348 908 78652
15800 911 78860 913 79140
15900 915 79254 920 79746
16000 916 79694 923 80306
16100 919 80104 928 80896
16200 920 80583 931 81417
16300 920 81047 935 81953
16400 921 81533 940 82467
16500 922 81931 945 83069
16600 927 82572 948 83428
16700 928 83033 953 83967
16800 931 83428 954 84572
16900 932 83961 955 85039
17000 933 84534 959 85466
17100 939 85154 963 85846
17200 940 85738 963 86262
17300 941 86205 965 86795
17400 941 86862 968 87138
17500 943 87285 972 87715
17600 947 87687 974 88313
17700 953 88206 978 88794
17800 957 88672 984 89328
17900 961 89141 986 89859
18000 966 89567 988 90433
18100 967 90098 988 90902
18200 972 90661 990 91339
18300 973 91270 992 91730
18400 977 91846 993 92154
18500 983 92341 997 92659
18600 986 92781 1001 93219
18700 990 93186 1002 93814
18800 993 93589 1003 94411
18900 1001 94059 1010 94941
19000 1006 94577 1015 95423
19100 1007 95178 1016 95822
19200 1008 95786 1020 96214
19300 1009 96289 1027 96711
19400 1012 96771 1034 97229
19500 1022 97321 1042 97679
19600 1024 97776 1046 98224
19700 1026 98322 1047 98678
19800 1028 98856 1050 99144
19900 1034 99348 1056 99652
20000 1037 99928 1056 100072
20100 1038 100498 1059 100502
20200 1043 101055 1066 100945
20300 1048 101564 1070 101436
20400 1050 102062 1073 101938
20500 1052 102606 1080 102394
20600 1055 103178 1083 102822
20700 1059 103722 1088 103278
20800 1066 104053 1092 103947
20900 1072 104500 1098 104500
21000 1072 104930 1099 105070
21100 1076 105378 1100 105622
21200 1080 105856 1107 106144
21300 1087 106279 1112 106721
21400 1088 106673 1117 107327
21500 1090 107030 1119 107970
21600 1092 107493 1122 108507
21700 1093 107991 1122 109009
21800 1094 108477 1124 109523
21900 1098 108915 1125 110085
22000 1098 109390 1127 110610
22100 1098 109879 1128 111121
22200 1099 110404 1129 111596
22300 1103 110916 1132 112084
22400 1112 111368 1136 112632
22500 1113 111956 1138 113044
22600 1118 112459 1142 113541
22700 1121 112950 1144 114050
22800 1124 113517 1150 114483
22900 1126 113890 1154 115110
23000 1126 114423 1156 115577
23100 1127 114943 1157 116057
23200 1129 115390 1159 116610
23300 1132 115905 1164 117095
23400 1135 116341 1164 117659
23500 1136 116744 1170 118256
23600 1136 117298 1172 118702
23700 1141 117889 1174 119111
23800 1143 118456 1176 119544
23900 1148 118949 1177 120051
24000 1148 119360 1180 120640
24100 1151 119821 1184 121179
24200 1152 120373 1185 121627
24300 1158 120889 1189 122111
24400 1160 121351 1191 122649
24500 1162 121809 1193 123191
24600 1165 122269 1196 123731
24700 1168 122700 1197 124300
24800 1171 123128 1201 124872
24900 1172 123540 1202 125460
25000 1175 124097 1204 125903
25100 1176 124730 1206 126270
25200 1176 125132 1207 126868
25300 1179 125557 1213 127443
25400 1186 125951 1220 128049
25500 1191 126336 1228 128664
25600 1193 126847 1233 129153
25700 1196 127328 1238 129672
25800 1201 127812 1241 130188
25900 1202 128294 1243 130706
26000 1206 128730 1245 131270
26100 1208 129198 1247 131802
26200 1211 129774 1249 132226
26300 1216 130364 1253 132636
26400 1219 130966 1258 133034
26500 1222 131550 1263 133450
26600 1224 132123 1265 133877
26700 1230 132739 1267 134261
26800 1233 133229 1276 134771
26900 1234 133734 1277 135266
27000 1237 134194 1278 135806
27100 1242 134702 1278 136298
27200 1246 135247 1279 136753
27300 1249 135805 1281 137195
27400 1252 136233 1283 137767
27500 1259 136641 1287 138359
27600 1260 137168 1289 138832
27700 1262 137714 1293 139286
27800 1263 138280 1296 139720
27900 1264 138806 1296 140194
28000 1268 139306 1298 140694
28100 1269 139739 1299 141261
28200 1276 140235 1303 141765
28300 1280 140758 1307 142242
28400 1283 141282 1307 142718
28500 1286 141643 1310 143357
28600 1294 142197 1312 143803
28700 1296 142781 1312 144219
28800 1298 143299 1315 144701
28900 1299 143795 1315 145205
29000 1300 144245 1315 145755
29100 1301 144647 1316 146353
29200 1303 145150 1318 146850
29300 1304 145635 1320 147365
29400 1305 146182 1322 147818
29500 1307 146681 1323 148319
29600 1309 147077 1326 148923
29700 1311 147597 1333 149403
29800 1313 148203 1335 149797
29900 1315 148813 1336 150187
30000 1316 149340 1340 150660
30100 1321 149824 1341 151176
30200 1326 150309 1347 151691
30300 1328 150896 1350 152104
30400 1328 151407 1350 152593
30500 1331 151782 1351 153218
30600 1333 152218 1352 153782
30700 1335 152619 1352 154381
30800 1337 153081 1354 154919
30900 1338 153569 1356 155431
31000 1338 154134 1359 155866
31100 1342 154632 1361 156368
31200 1342 155176 1364 156824
31300 1344 155797 1368 157203
31400 1347 156320 1372 157680
31500 1349 156734 1377 158266
31600 1356 157221 1382 158779
31700 1359 157675 1385 159325
31800 1363 158235 1388 159765
31900 1364 158698 1389 160302
32000 1368 159122 1391 160878
32100 1371 159615 1392 161385
32200 1372 160101 1393 161899
32300 1377 160574 1396 162426
32400 1380 160990 1397 163010
32500 1383 161472 1401 163528
32600 1387 161994 1402 164006
32700 1391 162515 1406 164485
32800 1396 163044 1408 164956
32900 1397 163436 1409 165564
33000 1398 163872 1411 166128
33100 1399 164392 1413 166608
33200 1401 165005 1414 166995
33300 1401 165666 1417 167334
33400 1401 166245 1418 167755
33500 1403 166831 1421 168169
33600 1407 167432 1424 168568
33700 1410 167980 1430 169020
33800 1411 168534 1433 169466
33900 1416 169025 1434 169975
34000 1420 169525 1439 170475
34100 1423 170042 1442 170958
34200 1431 170519 1447 171481
34300 1432 170928 1449 172072
34400 1433 171367 1451 172633
34500 1433 171867 1460 173133
34600 1436 172495 1462 173505
34700 1437 173016 1463 173984
34800 1439 173548 1467 174452
34900 1441 173978 1471 175022
35000 1442 174501 1475 175499
35100 1447 174993 1478 176007
35200 1449 175446 1479 176554
35300 1452 176017 1484 176983
35400 1454 176467 1490 177533
35500 1455 176902 1490 178098
35600 1457 177551 1494 178449
35700 1459 178064 1498 178936
35800 1461 178571 1499 179429
35900 1462 179032 1500 179968
36000 1465 179399 1504 180601
36100 1471 179775 1506 181225
36200 1472 180337 1507 181663
36300 1474 180898 1509 182102
36400 1475 181358 1509 182642
36500 1478 181824 1509 183176
36600 1480 182359 1509 183641
36700 1483 183047 1509 183953
36800 1486 183676 1515 184324
36900 1490 184126 1516 184874
37000 1495 184753 1519 185247
37100 1499 185278 1522 185722
37200 1501 185822 1524 186178
37300 1502 186254 1525 186746
37400 1503 186837 1526 187163
37500 1507 187309 1528 187691
37600 1511 187942 1530 188058
37700 1512 188498 1531 188502
37800 1513 188971 1532 189029
37900 1514 189513 1534 189487
38000 1516 189950 1540 190050
38100 1519 190534 1541 190466
38200 1524 191151 1542 190849
38300 1526 191714 1543 191286
38400 1526 192144 1547 191856
38500 1526 192622 1550 192378
38600 1531 193054 1555 192946
38700 1534 193466 1557 193534
38800 1539 193925 1562 194075
38900 1540 194431 1565 194569
39000 1543 194926 1566 195074
39100 1545 195515 1567 195485
39200 1546 196084 1570 195916
39300 1549 196613 1571 196387
39400 1552 197089 1576 196911
39500 1555 197487 1580 197513
39600 1557 197932 1583 198068
39700 1560 198392 1583 198608
39800 1564 198905 1588 199095
39900 1566 199263 1590 199737
40000 1570 199637 1592 200363
40100 1574 200184 1595 200816
40200 1576 200614 1597 201386
40300 1577 201044 1598 201956
40400 1579 201569 1599 202431
40500 1584 202172 1600 202828
40600 1587 202675 1603 203325
40700 1589 203169 1604 203831
40800 1589 203740 1604 204260
40900 1593 204233 1612 204767
41000 1596 204935 1614 205065
41100 1598 205491 1617 205509
41200 1600 206047 1618 205953
41300 1601 206625 1621 206375
41400 1602 207160 1624 206840
41500 1606 207665 1629 207335
41600 1610 208128 1630 207872
41700 1612 208616 1630 208384
41800 1612 209096 1633 208904
41900 1615 209635 1634 209365
42000 1618 210117 1637 209883
42100 1618 210515 1638 210485
42200 1620 210817 1641 211183
42300 1623 211164 1645 211836
42400 1624 211709 1646 212291
42500 1625 212139 1648 212861
42600 1627 212598 1651 213402
42700 1628 213074 1654 213926
42800 1634 213519 1655 214481
42900 1635 213979 1659 215021
43000 1639 214423 1660 215577
43100 1639 214892 1660 216108
43200 1643 215333 1665 216667
43300 1645 215817 1667 217183
43400 1648 216281 1667 217719
43500 1650 216632 1672 218368
43600 1653 217125 1674 218875
43700 1657 217605 1676 219395
43800 1658 218090 1678 219910
43900 1662 218734 1679 220266
44000 1665 219181 1679 220819
44100 1666 219764 1681 221236
44200 1670 220320 1685 221680
44300 1673 220868 1688 222132
44400 1674 221303 1691 222697
44500 1676 221806 1697 223194
44600 1682 222266 1704 223734
44700 1683 222810 1713 224190
44800 1683 223384 1714 224616
44900 1684 223880 1715 225120
45000 1688 224438 1716 225562
45100 1689 225135 1717 225865
45200 1694 225811 1724 226189
45300 1698 226299 1726 226701
45400 1699 226857 1729 227143
45500 1702 227408 1734 227592
45600 1705 227985 1735 228015
45700 1708 228541 1736 228459
45800 1709 229061 1736 228939
45900 1710 229423 1738 229577
46000 1711 229993 1741 230007
46100 1711 230347 1747 230653
46200 1714 230728 1749 231272
46300 1716 231138 1750 231862
46400 1717 231732 1752 232268
46500 1720 232384 1757 232616
46600 1723 232958 1763 233042
46700 1726 233379 1763 233621
46800 1728 233797 1764 234203
46900 1732 234206 1766 234794
47000 1734 234682 1767 235318
47100 1737 235195 1771 235805
47200 1737 235717 1772 236283
47300 1740 236223 1772 236777
47400 1745 236794 1774 237206
47500 1747 237268 1776 237732
47600 1751 237821 1777 238179
47700 1758 238348 1783 238652
47800 1758 238813 1785 239187
47900 1759 239374 1788 239626
48000 1762 239846 1792 240154
48100 1763 240293 1796 240707
48200 1766 240775 1802 241225
48300 1774 241300 1805 241700
48400 1776 241818 1812 242182
48500 1777 242377 1814 242623
48600 1779 242812 1817 243188
48700 1780 243287 1823 243713
48800 1790 243758 1825 244242
48900 1790 244280 1827 244720
49000 1793 244660 1829 245340
49100 1793 245076 1831 245924
49200 1795 245549 1833 246451
49300 1801 246078 1836 246922
49400 1805 246659 1843 247341
49500 1809 247072 1844 247928
49600 1815 247508 1848 248492
49700 1821 247987 1853 249013
49800 1828 248393 1863 249607
49900 1833 248835 1866 250165
50000 1836 249317 1871 250683
50100 1837 249690 1871 251310
50200 1838 250210 1873 251790
50300 1839 250740 1877 252260
50400 1843 251209 1879 252791
50500 1843 251721 1880 253279
50600 1848 252264 1883 253736
50700 1857 252833 1889 254167
50800 1859 253368 1889 254632
50900 1864 253959 1891 255041
51000 1871 254523 1898 255477
51100 1874 255079 1899 255921
51200 1876 255575 1902 256425
51300 1878 256168 1907 256832
51400 1879 256694 1909 257306
51500 1884 257153 1912 257847
51600 1891 257511 1919 258489
51700 1895 257947 1924 259053
51800 1895 258453 1928 259547
51900 1898 259010 1929 259990
52000 1899 259535 1930 260465
52100 1903 260009 1934 260991
52200 1910 260514 1937 261486
52300 1914 260997 1940 262003
52400 1921 261519 1940 262481
52500 1922 262037 1940 262963
52600 1923 262585 1940 263415
52700 1924 263071 1942 263929
52800 1931 263720 1945 264280
52900 1934 264325 1948 264675
53000 1935 264875 1949 265125
53100 1938 265308 1951 265692
53200 1939 265754 1955 266246
53300 1939 266280 1958 266720
53400 1939 266753 1963 267247
53500 1945 267214 1964 267786
53600 1945 267614 1965 268386
53700 1947 268061 1968 268939
53800 1950 268430 1969 269570
53900 1951 268884 1972 270116
54000 1953 269266 1974 270734
54100 1957 269542 1977 271458
54200 1963 270069 1985 271931
54300 1965 270550 1988 272450
54400 1967 270980 1989 273020
54500 1970 271483 1998 273517
54600 1970 271952 2000 274048
54700 1975 272301 2005 274699
54800 1976 272843 2005 275157
54900 1977 273338 2006 275662
55000 1977 273852 2007 276148
55100 1980 274412 2010 276588
55200 1980 274896 2010 277104
55300 1986 275400 2014 277600
55400 1989 275841 2018 278159
55500 1995 276445 2020 278555
55600 2001 276831 2024 279169
55700 2003 277358 2025 279642
55800 2005 277816 2027 280184
55900 2006 278279 2031 280721
56000 2007 278633 2032 281367
56100 2011 279140 2034 281860
56200 2012 279567 2034 282433
56300 2015 280076 2036 282924
56400 2017 280651 2044 283349
56500 2021 281240 2047 283760
56600 2023 281733 2049 284267
56700 2026 282346 2053 284654
56800 2030 282932 2061 285068
56900 2032 283461 2068 285539
57000 2036 284052 2073 285948
57100 2038 284675 2076 286325
57200 2043 285267 2083 286733
57300 2045 285706 2086 287294
57400 2047 286027 2086 287973
57500 2051 286482 2089 288518
57600 2055 286963 2095 289037
57700 2058 287409 2101 289591
57800 2064 287949 2104 290051
57900 2067 288316 2107 290684
58000 2070 288711 2109 291289
58100 2076 289320 2112 291680
58200 2081 289925 2117 292075
58300 2088 290513 2118 292487
58400 2091 291087 2119 292913
58500 2092 291649 2120 293351
58600 2093 292037 2123 293963
58700 2100 292420 2125 294580
58800 2105 292941 2129 295059
58900 2110 293415 2137 295585
59000 2113 293833 2141 296167
59100 2118 294153 2143 296847
59200 2124 294658 2151 297342
59300 2132 295174 2153 297826
59400 2132 295712 2154 298288
59500 2136 296216 2156 298784
59600 2138 296767 2156 299233
59700 2140 297311 2159 299689
59800 2143 297795 2163 300205
59900 2145 298335 2165 300665
60000 2146 298881 2166 301119
60100 2148 299393 2171 301607
60200 2151 299993 2174 302007
60300 2154 300520 2178 302480
60400 2155 301039 2181 302961
60500 2155 301512 2186 303488
60600 2157 301994 2192 304006
60700 2159 302392 2193 304608
60800 2161 302906 2198 305094
60900 2165 303418 2200 305582
61000 2166 303758 2206 306242
61100 2169 304167 2207 306833
61200 2171 304629 2208 307371
61300 2172 305199 2209 307801
61400 2173 305685 2209 308315
61500 2178 306229 2211 308771
61600 2179 306808 2216 309192
61700 2183 307319 2218 309681
61800 2185 307824 2221 310176
61900 2185 308237 2223 310763
62000 2186 308637 2227 311363
62100 2190 309128 2230 311872
62200 2200 309792 2234 312208
62300 2206 310437 2236 312563
62400 2208 310960 2237 313040
62500 2209 311515 2240 313485
62600 2209 312002 2250 313998
62700 2209 312516 2253 314484
62800 2213 313119 2254 314881
62900 2216 313713 2258 315287
63000 2216 314185 2260 315815
63100 2221 314704 2264 316296
63200 2222 315299 2270 316701
63300 2224 315891 2273 317109
63400 2228 316410 2275 317590
63500 2230 316910 2279 318090
63600 2231 317428 2282 318572
63700 2233 317977 2284 319023
63800 2235 318447 2285 319553
63900 2237 319041 2289 319959
64000 2241 319547 2291 320453
64100 2245 319989 2291 321011
64200 2245 320412 2293 321588
64300 2248 320915 2297 322085
64400 2252 321349 2299 322651
64500 2255 321811 2300 323189
64600 2261 322233 2304 323767
64700 2265 322794 2304 324206
64800 2270 323427 2308 324573
64900 2272 323966 2312 325034
65000 2273 324480 2316 325520
65100 2274 324871 2321 326129
65200 2275 325348 2323 326652
65300 2277 325883 2325 327117
65400 2279 326354 2329 327646
65500 2283 326960 2337 328040
65600 2288 327288 2341 328712
65700 2294 327676 2347 329324
65800 2299 328256 2356 329744
65900 2301 328645 2357 330355
66000 2304 329048 2361 330952
66100 2306 329564 2363 331436
66200 2308 329917 2363 332083
66300 2316 330352 2367 332648
66400 2317 330911 2371 333089
66500 2319 331417 2372 333583
66600 2321 331945 2373 334055
66700 2324 332441 2373 334559
66800 2328 332884 2377 335116
66900 2330 333400 2378 335600
67000 2331 333951 2380 336049
67100 2333 334485 2381 336515
67200 2334 334929 2381 337071
67300 2334 335582 2382 337418
67400 2335 336119 2383 337881
67500 2335 336553 2384 338447
67600 2336 337027 2384 338973
67700 2337 337547 2384 339453
67800 2339 337944 2385 340056
67900 2339 338369 2385 340631
68000 2340 338938 2386 341062
68100 2342 339354 2392 341646
68200 2344 339741 2394 342259
68300 2344 340166 2398 342834
68400 2345 340613 2399 343387
68500 2347 341032 2401 343968
68600 2349 341591 2401 344409
68700 2352 342151 2403 344849
68800 2355 342690 2403 345310
68900 2356 343224 2406 345776
69000 2358 343638 2407 346362
69100 2364 344194 2409 346806
69200 2367 344547 2412 347453
69300 2368 345105 2417 347895
69400 2372 345663 2422 348337
69500 2376 346282 2425 348718
69600 2376 346778 2427 349222
69700 2379 347281 2433 349719
69800 2385 347721 2437 350279
69900 2389 348235 2439 350765
70000 2392 348735 2442 351265
70100 2395 349317 2445 351683
70200 2395 349742 2449 352258
70300 2399 350169 2450 352831
70400 2400 350653 2454 353347
70500 2404 351091 2455 353909
70600 2408 351484 2460 354516
70700 2414 352038 2462 354962
70800 2416 352616 2467 355384
70900 2420 353099 2469 355901
71000 2428 353764 2472 356236
71100 2433 354388 2475 356612
71200 2436 355050 2478 356950
71300 2438 355570 2479 357430
71400 2441 356065 2480 357935
71500 2445 356647 2482 358353
71600 2445 357195 2484 358805
71700 2446 357734 2488 359266
71800 2452 358321 2492 359679
71900 2457 358868 2500 360132
72000 2459 359433 2501 360567
72100 2464 359800 2503 361200
72200 2464 360245 2506 361755
72300 2466 360695 2506 362305
72400 2467 361103 2507 362897
72500 2468 361546 2509 363454
72600 2472 362101 2512 363899
72700 2473 362653 2513 364347
72800 2478 363285 2518 364715
72900 2483 363912 2520 365088
73000 2485 364438 2520 365562
73100 2490 364812 2523 366188
73200 2491 365429 2525 366571
73300 2491 365822 2528 367178
73400 2491 366228 2531 367772
73500 2491 366720 2531 368280
73600 2493 367216 2533 368784
73700 2497 367577 2536 369423
73800 2500 368042 2538 369958
73900 2503 368461 2544 370539
74000 2504 368864 2547 371136
74100 2505 369296 2547 371704
74200 2511 369835 2550 372165
74300 2514 370448 2551 372552
74400 2517 370973 2552 373027
74500 2521 371468 2555 373532
74600 2523 371967 2558 374033
74700 2525 372463 2559 374537
74800 2528 373095 2561 374905
74900 2529 373638 2563 375362
75000 2534 374197 2565 375803
75100 2537 374764 2567 376236
75200 2537 375204 2572 376796
75300 2540 375744 2573 377256
75400 2544 376305 2574 377695
75500 2548 376759 2580 378241
75600 2551 377169 2582 378831
75700 2559 377608 2586 379392
75800 2560 378031 2592 379969
75900 2566 378502 2596 380498
76000 2569 379048 2598 380952
76100 2572 379644 2600 381356
76200 2574 380079 2600 381921
76300 2577 380701 2602 382299
76400 2582 381168 2605 382832
76500 2584 381711 2608 383289
76600 2587 382236 2612 383764
76700 2589 382723 2615 384277
76800 2592 383212 2621 384788
76900 2597 383632 2631 385368
77000 2599 384162 2631 385838
77100 2604 384643 2636 386357
77200 2608 385286 2637 386714
77300 2609 385788 2640 387212
77400 2611 386234 2640 387766
77500 2612 386752 2644 388248
77600 2614 387275 2646 388725
77700 2618 387771 2647 389229
77800 2620 388242 2651 389758
77900 2620 388742 2654 390258
78000 2624 389122 2659 390878
78100 2625 389654 2664 391346
78200 2626 390158 2664 391842
78300 2633 390645 2665 392355
78400 2641 391104 2670 392896
78500 2644 391540 2674 393460
78600 2649 392001 2675 393999
78700 2650 392414 2679 394586
78800 2652 392934 2680 395066
78900 2655 393341 2683 395659
79000 2660 393919 2687 396081
79100 2664 394403 2688 396597
79200 2665 394901 2690 397099
79300 2667 395406 2693 397594
79400 2668 395784 2694 398216
79500 2669 396221 2696 398779
79600 2673 396623 2700 399377
79700 2676 397155 2702 399845
79800 2680 397705 2704 400295
79900 2684 398165 2707 400835
80000 2689 398656 2710 401344
80100 2694 399173 2711 401827
80200 2696 399647 2711 402353
80300 2698 400117 2713 402883
80400 2704 400617 2714 403383
80500 2704 401198 2714 403802
80600 2707 401533 2714 404467
80700 2710 401945 2716 405055
80800 2716 402470 2718 405530
80900 2720 403086 2722 405914
81000 2722 403591 2728 406409
81100 2723 404002 2731 406998
81200 2727 404523 2736 407477
81300 2727 405112 2738 407888
81400 2733 405465 2740 408535
81500 2736 405980 2744 409020
81600 2742 406539 2750 409461
81700 2743 407052 2756 409948
81800 2743 407556 2757 410444
81900 2745 408091 2761 410909
82000 2749 408606 2766 411394
82100 2749 409021 2766 411979
82200 2752 409506 2767 412494
82300 2756 410046 2768 412954
82400 2757 410393 2768 413607
82500 2760 410843 2771 414157
82600 2760 411498 2774 414502
82700 2764 411988 2775 415012
82800 2769 412433 2776 415567
82900 2770 412899 2784 416101
83000 2774 413410 2788 416590
83100 2775 413801 2793 417199
83200 2777 414295 2796 417705
83300 2782 414650 2800 418350
83400 2789 415058 2802 418942
83500 2791 415605 2804 419395
83600 2792 416026 2804 419974
83700 2796 416417 2809 420583
83800 2798 416829 2811 421171
83900 2800 417369 2813 421631
84000 2800 417983 2815 422017
84100 2805 418503 2817 422497
84200 2805 419010 2819 422990
84300 2806 419497 2822 423503
84400 2810 420085 2825 423915
84500 2810 420586 2826 424414
84600 2816 421007 2828 424993
84700 2818 421511 2829 425489
84800 2819 421979 2830 426021
84900 2821 422467 2832 426533
85000 2822 423014 2834 426986
85100 2823 423476 2834 427524
85200 2825 423951 2835 428049
85300 2826 424492 2838 428508
85400 2828 425055 2842 428945
85500 2834 425585 2845 429415
85600 2837 426190 2845 429810
85700 2839 426604 2847 430396
85800 2840 427040 2849 430960
85900 2847 427514 2853 431486
86000 2850 428057 2855 431943
86100 2852 428399 2856 432601
86200 2858 428840 2857 433160
86300 2862 429387 2859 433613
86400 2865 429845 2863 434155
86500 2870 430375 2867 434625
86600 2874 430841 2871 435159
86700 2879 431195 2877 435805
86800 2881 431644 2879 436356
86900 2884 432067 2882 436933
87000 2885 432610 2883 437390
87100 2886 433117 2883 437883
87200 2888 433513 2885 438487
87300 2890 433961 2885 439039
87400 2892 434435 2888 439565
87500 2893 434866 2892 440134
87600 2896 435353 2893 440647
87700 2896 435783 2894 441217
87800 2898 436248 2894 441752
87900 2902 436895 2895 442105
88000 2904 437457 2895 442543
88100 2906 437824 2897 443176
88200 2910 438166 2902 443834
88300 2912 438744 2904 444256
88400 2913 439191 2905 444809
88500 2916 439672 2909 445328
88600 2920 440211 2910 445789
88700 2920 440761 2911 446239
88800 2921 441325 2915 446675
88900 2924 441874 2919 447126
89000 2929 442414 2921 447586
89100 2935 443023 2924 447977
89200 2935 443540 2930 448460
89300 2940 444075 2936 448925
89400 2941 444525 2942 449475
89500 2944 444969 2944 450031
89600 2946 445443 2950 450557
89700 2947 445992 2951 451008
89800 2949 446607 2953 451393
89900 2950 447177 2955 451823
90000 2955 447679 2958 452321
90100 2955 448244 2958 452756
90200 2955 448802 2959 453198
90300 2955 449339 2962 453661
90400 2958 449903 2963 454097
90500 2958 450322 2964 454678
90600 2961 450685 2964 455315
90700 2964 451142 2966 455858
90800 2966 451663 2970 456337
90900 2971 452194 2973 456806
91000 2973 452782 2979 457218
91100 2974 453200 2982 457800
91200 2980 453702 2984 458298
91300 2981 454265 2987 458735
91400 2985 454735 2987 459265
91500 2992 455276 2993 459724
91600 2997 455819 2995 460181
91700 3002 456320 3001 460680
91800 3003 456777 3004 461223
91900 3004 457128 3005 461872
92000 3006 457543 3006 462457
92100 3007 458015 3007 462985
92200 3010 458591 3011 463409
92300 3010 459229 3013 463771
92400 3017 459733 3020 464267
92500 3018 460383 3021 464617
92600 3018 460839 3022 465161
92700 3020 461331 3025 465669
92800 3024 461863 3029 466137
92900 3027 462341 3033 466659
93000 3028 462750 3036 467250
93100 3030 463104 3037 467896
93200 3030 463577 3043 468423
93300 3034 463973 3044 469027
93400 3037 464493 3046 469507
93500 3038 464931 3049 470069
93600 3038 465530 3053 470470
93700 3040 466099 3056 470901
93800 3046 466538 3058 471462
93900 3049 466976 3062 472024
94000 3054 467468 3065 472532
94100 3060 468036 3067 472964
94200 3064 468585 3068 473415
94300 3072 469159 3073 473841
94400 3075 469739 3074 474261
94500 3077 470415 3077 474585
94600 3079 471032 3079 474968
94700 3081 471474 3082 475526
94800 3082 471926 3084 476074
94900 3087 472466 3088 476534
95000 3092 472951 3090 477049
95100 3093 473388 3090 477612
95200 3095 473820 3093 478180
95300 3096 474406 3094 478594
95400 3096 474841 3097 479159
95500 3101 475274 3098 479726
95600 3102 475783 3099 480217
95700 3103 476264 3101 480736
95800 3104 476678 3103 481322
95900 3105 477184 3105 481816
96000 3107 477652 3106 482348
96100 3110 478150 3107 482850
96200 3111 478628 3110 483372
96300 3116 479133 3116 483867
96400 3119 479648 3120 484352
96500 3127 480132 3123 484868
96600 3128 480581 3128 485419
96700 3129 481105 3129 485895
96800 3132 481626 3129 486374
96900 3133 482074 3131 486926
97000 3137 482626 3132 487374
97100 3139 483045 3134 487955
97200 3144 483570 3134 488430
97300 3145 484091 3135 488909
97400 3146 484602 3136 489398
97500 3150 485260 3142 489740
97600 3155 485886 3145 490114
97700 3158 486523 3145 490477
97800 3161 487038 3149 490962
97900 3168 487551 3152 491449
98000 3170 488076 3154 491924
98100 3170 488512 3154 492488
98200 3173 488943 3154 493057
98300 3179 489345 3158 493655
98400 3185 489766 3158 494234
98500 3187 490339 3161 494661
98600 3189 490719 3162 495281
98700 3194 491201 3162 495799
98800 3196 491567 3166 496433
98900 3197 492057 3169 496943
99000 3203 492388 3178 497612
99100 3209 492917 3180 498083
99200 3213 493538 3187 498462
99300 3215 494169 3188 498831
99400 3216 494617 3190 499383
99500 3218 495196 3191 499804
99600 3221 495781 3192 500219
99700 3222 496295 3198 500705
99800 3224 496649 3200 501351
99900 3229 497106 3205 501894
100000 3230 497537 3206 502463
100100 3232 497953 3207 503047
100200 3236 498420 3209 503580
100300 3240 498889 3210 504111
100400 3244 499406 3217 504594
100500 3246 499908 3218 505092
100600 3247 500307 3220 505693
100700 3249 500861 3223 506139
100800 3252 501340 3224 506660
100900 3254 501783 3232 507217
101000 3256 502141 3238 507859
101100 3259 502649 3241 508351
101200 3262 503180 3244 508820
101300 3264 503676 3247 509324
101400 3267 504279 3247 509721
101500 3268 504891 3248 510109
101600 3268 505392 3252 510608
101700 3273 505865 3253 511135
101800 3276 506366 3255 511634
101900 3276 506875 3258 512125
102000 3279 507400 3261 512600
102100 3283 507856 3264 513144
102200 3286 508213 3267 513787
102300 3290 508765 3270 514235
102400 3293 509294 3272 514706
102500 3295 509752 3274 515248
102600 3296 510185 3276 515815
102700 3296 510602 3279 516398
102800 3297 511121 3280 516879
102900 3301 511663 3284 517337
103000 3306 512139 3289 517861
103100 3309 512585 3290 518415
103200 3313 513061 3290 518939
103300 3314 513670 3290 519330
103400 3314 514231 3291 519769
103500 3315 514798 3291 520202
103600 3318 515389 3296 520611
103700 3318 515873 3297 521127
103800 3320 516420 3301 521580
103900 3324 516862 3302 522138
104000 3326 517294 3303 522706
104100 3330 517768 3303 523232
104200 3331 518313 3305 523687
104300 3333 518732 3311 524268
104400 3336 519293 3312 524707
104500 3337 519860 3316 525140
104600 3341 520441 3320 525559
104700 3341 521014 3324 525986
104800 3341 521577 3326 526423
104900 3342 522043 3326 526957
105000 3344 522532 3328 527468
105100 3346 522985 3328 528015
105200 3348 523477 3331 528523
105300 3349 523961 3333 529039
105400 3349 524475 3337 529525
105500 3349 525044 3338 529956
105600 3352 525620 3345 530380
105700 3353 526247 3348 530753
105800 3356 526781 3350 531219
105900 3360 527333 3350 531667
106000 3360 527878 3353 532122
106100 3361 528463 3359 532537
106200 3362 529013 3362 532987
106300 3368 529488 3363 533512
106400 3369 529942 3368 534058
106500 3371 530383 3371 534617
106600 3379 530851 3372 535149
106700 3381 531288 3373 535712
106800 3385 531665 3374 536335
106900 3387 532155 3376 536845
107000 3388 532715 3382 537285
107100 3389 533260 3384 537740
107200 3391 533842 3386 538158
107300 3397 534359 3391 538641
107400 3401 534745 3393 539255
107500 3404 535204 3396 539796
107600 3405 535816 3398 540184
107700 3407 536293 3400 540707
107800 3412 536697 3401 541303
107900 3416 537119 3402 541881
108000 3417 537582 3406 542418
108100 3417 538059 3412 542941
108200 3422 538477 3417 543523
108300 3426 538911 3422 544089
108400 3428 539382 3423 544618
108500 3430 539957 3423 545043
108600 3434 540526 3423 545474
108700 3436 541083 3427 545917
108800 3438 541499 3433 546501
108900 3440 541903 3436 547097
109000 3442 542294 3438 547706
109100 3444 542722 3446 548278
109200 3444 543289 3448 548711
109300 3448 543879 3454 549121
109400 3452 544432 3459 549568
109500 3454 544890 3463 550110
109600 3456 545385 3464 550615
109700 3457 545799 3467 551201
109800 3459 546339 3469 551661
109900 3459 546822 3473 552178
110000 3465 547411 3475 552589
110100 3470 547937 3479 553063
110200 3473 548467 3485 553533
110300 3473 548979 3486 554021
110400 3476 549479 3490 554521
110500 3479 549934 3496 555066
110600 3484 550346 3499 555654
110700 3486 550795 3504 556205
110800 3488 551276 3510 556724
110900 3490 551714 3514 557286
111000 3493 552155 3516 557845
111100 3494 552760 3520 558240
111200 3497 553255 3524 558745
111300 3500 553859 3527 559141
111400 3502 554454 3528 559546
111500 3508 555011 3531 559989
111600 3510 555470 3538 560530
111700 3511 556016 3543 560984
111800 3512 556519 3546 561481
111900 3514 557140 3551 561860
112000 3517 557647 3557 562353
112100 3519 558181 3559 562819
112200 3523 558736 3560 563264
112300 3525 559239 3561 563761
112400 3530 559776 3561 564224
112500 3530 560331 3564 564669
112600 3534 560772 3565 565228
112700 3536 561255 3568 565745
112800 3543 561745 3569 566255
112900 3545 562207 3571 566793
113000 3548 562585 3573 567415
113100 3550 563073 3575 567927
113200 3552 563645 3577 568355
113300 3554 563989 3579 569011
113400 3557 564341 3581 569659
113500 3562 564781 3584 570219
113600 3565 565361 3587 570639
113700 3566 565890 3592 571110
113800 3571 566443 3597 571557
113900 3572 566903 3602 572097
114000 3575 567423 3604 572577
114100 3575 567855 3604 573145
114200 3576 568316 3606 573684
114300 3580 568693 3607 574307
114400 3583 569185 3615 574815
114500 3586 569648 3619 575352
114600 3588 570154 3622 575846
114700 3590 570699 3624 576301
114800 3592 571180 3625 576820
114900 3598 571730 3627 577270
115000 3600 572191 3632 577809
115100 3601 572765 3635 578235
115200 3602 573253 3637 578747
115300 3603 573708 3639 579292
115400 3604 574179 3643 579821
115500 3607 574565 3645 580435
115600 3609 575003 3646 580997
115700 3609 575427 3647 581573
115800 3610 575824 3651 582176
115900 3616 576272 3651 582728
116000 3616 576773 3652 583227
116100 3623 577376 3654 583624
116200 3630 577933 3659 584067
116300 3632 578617 3660 584383
116400 3638 579127 3664 584873
116500 3643 579633 3665 585367
116600 3646 580218 3667 585782
116700 3652 580778 3670 586222
116800 3654 581255 3672 586745
116900 3655 581811 3673 587189
117000 3657 582386 3674 587614
117100 3658 582956 3674 588044
117200 3661 583517 3676 588483
117300 3662 584063 3682 588937
117400 3665 584475 3686 589525
117500 3670 584895 3691 590105
117600 3675 585415 3697 590585
117700 3682 585900 3702 591100
117800 3684 586310 3708 591690
117900 3687 586712 3711 592288
118000 3692 587188 3716 592812
118100 3692 587718 3717 593282
118200 3693 588253 3718 593747
118300 3696 588759 3724 594241
118400 3697 589362 3726 594638
118500 3705 589859 3732 595141
118600 3706 590337 3734 595663
118700 3706 590891 3735 596109
118800 3709 591366 3740 596634
118900 3715 591714 3742 597286
119000 3718 592138 3746 597862
119100 3726 592556 3752 598444
119200 3727 592939 3756 599061
119300 3729 593294 3759 599706
119400 3740 593661 3766 600339
119500 3746 594108 3770 600892
119600 3751 594590 3771 601410
119700 3755 595028 3773 601972
119800 3762 595442 3781 602558
119900 3766 595887 3786 603113
120000 3766 596306 3786 603694
120100 3769 596852 3791 604148
120200 3772 597242 3791 604758
120300 3772 597664 3791 605336
120400 3774 598131 3791 605869
120500 3776 598585 3792 606415
120600 3781 599097 3794 606903
120700 3786 599594 3795 607406
120800 3791 600125 3800 607875
120900 3793 600713 3801 608287
121000 3796 601216 3802 608784
121100 3798 601669 3802 609331
121200 3801 602108 3803 609892
121300 3805 602536 3807 610464
121400 3810 602962 3809 611038
121500 3811 603415 3811 611585
121600 3812 603976 3811 612024
121700 3816 604473 3811 612527
121800 3820 604961 3813 613039
121900 3825 605549 3816 613451
122000 3827 605939 3816 614061
122100 3830 606452 3817 614548
122200 3832 606996 3818 615004
122300 3835 607509 3819 615491
122400 3836 607963 3820 616037
122500 3844 608476 3825 616524
122600 3848 609000 3827 617000
122700 3852 609505 3830 617495
122800 3856 610056 3833 617944
122900 3861 610665 3835 618335
123000 3862 611215 3841 618785
123100 3866 611838 3844 619162
123200 3868 612375 3847 619625
123300 3870 612871 3849 620129
123400 3873 613443 3851 620557
123500 3874 613967 3855 621033
123600 3876 614473 3856 621527
123700 3878 615061 3857 621939
123800 3883 615569 3862 622431
123900 3886 615999 3866 623001
124000 3886 616408 3869 623592
124100 3891 616833 3873 624167
124200 3896 617304 3881 624696
124300 3896 617768 3884 625232
124400 3896 618274 3887 625726
124500 3897 618747 3890 626253
124600 3903 619214 3892 626786
124700 3906 619540 3894 627460
124800 3909 619882 3898 628118
124900 3911 620397 3902 628603
125000 3914 620887 3906 629113
125100 3917 621421 3909 629579
125200 3922 621865 3911 630135
125300 3926 622485 3918 630515
125400 3929 622885 3919 631115
125500 3930 623305 3920 631695
125600 3933 623713 3922 632287
125700 3935 624257 3923 632743
125800 3938 624780 3924 633220
125900 3940 625343 3930 633657
126000 3943 625831 3933 634169
126100 3946 626403 3936 634597
126200 3950 626802 3937 635198
126300 3953 627449 3941 635551
126400 3960 627940 3946 636060
126500 3962 628399 3950 636601
126600 3965 628909 3951 637091
126700 3968 629416 3951 637584
126800 3973 629933 3955 638067
126900 3976 630432 3957 638568
127000 3979 630768 3962 639232
127100 3979 631168 3967 639832
127200 3981 631693 3970 640307
127300 3982 632199 3971 640801
127400 3982 632741 3971 641259
127500 3984 633265 3974 641735
127600 3986 633827 3977 642173
127700 3989 634296 3984 642704
127800 3990 634861 3984 643139
127900 3994 635397 3987 643603
128000 3994 635868 3989 644132
128100 3995 636399 3989 644601
128200 3999 636936 3994 645064
128300 4001 637453 3995 645547
128400 4003 637996 3996 646004
128500 4006 638441 4000 646559
128600 4007 638956 4000 647044
128700 4012 639519 4001 647481
128800 4014 639929 4005 648071
128900 4019 640388 4010 648612
129000 4022 640914 4011 649086
129100 4026 641482 4016 649518
129200 4029 642120 4018 649880
129300 4030 642627 4020 650373
129400 4033 643190 4021 650810
129500 4034 643732 4026 651268
129600 4036 644284 4030 651716
129700 4038 644858 4031 652142
129800 4041 645285 4036 652715
129900 4046 645695 4039 653305
130000 4047 646144 4040 653856
130100 4054 646624 4046 654376
130200 4058 647123 4049 654877
130300 4062 647542 4051 655458
130400 4062 647992 4051 656008
130500 4067 648435 4054 656565
130600 4070 648954 4058 657046
130700 4076 649297 4059 657703
130800 4085 649712 4068 658288
130900 4086 650184 4069 658816
131000 4090 650571 4070 659429
131100 4091 651035 4072 659965
131200 4095 651500 4073 660500
131300 4100 651949 4078 661051
131400 4101 652458 4079 661542
131500 4106 652987 4079 662013
131600 4110 653537 4080 662463
131700 4110 654131 4085 662869
131800 4112 654633 4090 663367
131900 4114 655024 4093 663976
132000 4114 655470 4095 664530
132100 4118 656054 4099 664946
132200 4121 656510 4101 665490
132300 4122 657091 4102 665909
132400 4125 657681 4103 666319
132500 4128 658219 4103 666781
132600 4131 658772 4104 667228
132700 4132 659338 4104 667662
132800 4135 659907 4110 668093
132900 4137 660467 4112 668533
133000 4140 661028 4117 668972
133100 4140 661639 4123 669361
133200 4142 662152 4125 669848
133300 4146 662653 4126 670347
133400 4148 662979 4131 671021
133500 4149 663427 4133 671573
133600 4153 663895 4138 672105
133700 4155 664348 4139 672652
133800 4162 664933 4141 673067
133900 4165 665555 4146 673445
134000 4165 665946 4149 674054
134100 4165 666442 4154 674558
134200 4170 666983 4158 675017
134300 4175 667440 4161 675560
134400 4178 667908 4164 676092
134500 4183 668501 4171 676499
134600 4186 669006 4172 676994
134700 4191 669509 4177 677491
134800 4191 669993 4178 678007
134900 4194 670495 4180 678505
135000 4194 670957 4182 679043
135100 4194 671477 4182 679523
135200 4198 671929 4183 680071
135300 4201 672384 4187 680616
135400 4206 672853 4190 681147
135500 4209 673292 4191 681708
135600 4210 673697 4191 682303
135700 4210 674133 4195 682867
135800 4214 674728 4199 683272
135900 4218 675278 4203 683722
136000 4223 675759 4205 684241
136100 4227 676169 4207 684831
136200 4237 676659 4209 685341
136300 4238 677191 4212 685809
136400 4241 677696 4214 686304
136500 4242 678184 4215 686816
136600 4242 678689 4217 687311
136700 4243 679133 4221 687867
136800 4248 679650 4222 688350
136900 4248 680207 4223 688793
137000 4249 680677 4226 689323
137100 4251 681065 4229 689935
137200 4252 681615 4231 690385
137300 4253 682143 4233 690857
137400 4257 682657 4234 691343
137500 4260 683322 4238 691678
137600 4261 683858 4242 692142
137700 4263 684435 4245 692565
137800 4263 684950 4249 693050
137900 4268 685287 4252 693713
138000 4269 685765 4253 694235
138100 4271 686198 4255 694802
138200 4277 686762 4256 695238
138300 4279 687322 4256 695678
138400 4282 687840 4258 696160
138500 4283 688392 4263 696608
138600 4285 688924 4264 697076
138700 4288 689525 4266 697475
138800 4289 690062 4270 697938
138900 4293 690551 4280 698449
139000 4299 691227 4283 698773
139100 4302 691830 4286 699170
139200 4305 692434 4290 699566
139300 4310 693007 4297 699993
139400 4314 693452 4299 700548
139500 4318 693892 4300 701108
139600 4325 694353 4305 701647
139700 4325 694850 4306 702150
139800 4326 695198 4309 702802
139900 4330 695571 4315 703429
140000 4336 695977 4322 704023
140100 4339 696350 4323 704650
140200 4341 696838 4324 705162
140300 4342 697389 4327 705611
140400 4343 697954 4328 706046
140500 4345 698496 4330 706504
140600 4348 698946 4332 707054
140700 4350 699371 4333 707629
140800 4351 699834 4335 708166
140900 4352 700374 4338 708626
141000 4356 700811 4344 709189
141100 4359 701454 4352 709546
141200 4360 701891 4354 710109
141300 4362 702357 4356 710643
141400 4363 702791 4357 711209
141500 4366 703125 4358 711875
141600 4369 703593 4359 712407
141700 4369 704110 4359 712890
141800 4371 704531 4362 713469
141900 4373 704956 4363 714044
142000 4373 705478 4367 714522
142100 4374 706006 4371 714994
142200 4375 706516 4371 715484
142300 4376 706999 4372 716001
142400 4383 707550 4376 716450
142500 4385 708151 4379 716849
142600 4388 708695 4385 717305
142700 4390 709270 4390 717730
142800 4393 709697 4393 718303
142900 4397 710186 4394 718814
143000 4399 710668 4395 719332
143100 4402 711215 4398 719785
143200 4405 711725 4399 720275
143300 4406 712237 4399 720763
143400 4407 712649 4402 721351
143500 4407 713174 4406 721826
143600 4409 713609 4406 722391
143700 4410 714076 4409 722924
143800 4411 714645 4411 723355
143900 4412 715168 4412 723832
144000 4412 715651 4413 724349
144100 4414 716117 4416 724883
144200 4416 716558 4416 725442
144300 4417 716936 4418 726064
144400 4424 717385 4420 726615
144500 4427 717923 4424 727077
144600 4430 718556 4426 727444
144700 4431 719039 4426 727961
144800 4434 719599 4429 728401
144900 4437 720136 4435 728864
145000 4440 720688 4438 729312
145100 4444 721280 4440 729720
145200 4446 721900 4443 730100
145300 4453 722395 4445 730605
145400 4453 722853 4449 731147
145500 4454 723232 4453 731768
145600 4457 723761 4456 732239
145700 4459 724246 4459 732754
145800 4464 724791 4462 733209
145900 4467 725281 4464 733719
146000 4468 725795 4464 734205
146100 4474 726419 4466 734581
146200 4479 726967 4469 735033
146300 4485 727405 4472 735595
146400 4487 727951 4472 736049
146500 4488 728449 4474 736551
146600 4493 729011 4480 736989
146700 4494 729467 4481 737533
146800 4495 729935 4483 738065
146900 4497 730396 4484 738604
147000 4502 730861 4486 739139
147100 4506 731340 4488 739660
147200 4509 731715 4490 740285
147300 4511 732126 4492 740874
147400 4511 732479 4494 741521
147500 4512 732974 4494 742026
147600 4513 733383 4501 742617
147700 4517 733900 4504 743100
147800 4517 734364 4505 743636
147900 4519 734955 4509 744045
148000 4523 735496 4510 744504
148100 4526 736133 4513 744867
148200 4531 736672 4515 745328
148300 4539 737151 4520 745849
148400 4541 737623 4523 746377
148500 4547 738042 4524 746958
148600 4550 738611 4526 747389
148700 4556 739210 4529 747790
148800 4557 739612 4531 748388
148900 4557 740131 4533 748869
149000 4564 740634 4535 749366
149100 4564 741023 4536 749977
149200 4568 741452 4544 750548
149300 4569 741873 4544 751127
149400 4570 742212 4544 751788
149500 4572 742766 4546 752234
149600 4577 743335 4546 752665
149700 4579 743833 4552 753167
149800 4582 744222 4552 753778
149900 4584 744674 4553 754326
150000 4585 745229 4554 754771
150100 4591 745797 4555 755203
150200 4595 746373 4557 755627
150300 4596 747089 4558 755911
150400 4597 747582 4560 756418
150500 4599 748052 4560 756948
150600 4603 748577 4561 757423
150700 4605 749152 4562 757848
150800 4607 749692 4565 758308
150900 4610 750314 4570 758686
151000 4612 750790 4572 759210
151100 4614 751302 4572 759698
151200 4617 751845 4574 760155
151300 4621 752347 4576 760653
151400 4622 752837 4579 761163
151500 4625 753203 4582 761797
151600 4630 753663 4585 762337
151700 4630 754181 4586 762819
151800 4632 754685 4586 763315
151900 4633 755131 4591 763869
152000 4640 755624 4595 764376
152100 4643 756202 4599 764798
152200 4645 756724 4602 765276
152300 4646 757241 4606 765759
152400 4650 757779 4611 766221
152500 4654 758314 4616 766686
152600 4656 758854 4618 767146
152700 4658 759416 4619 767584
152800 4663 759943 4621 768057
152900 4668 760395 4624 768605
153000 4676 760849 4628 769151
153100 4678 761211 4633 769789
153200 4683 761603 4634 770397
153300 4686 762125 4635 770875
153400 4689 762654 4638 771346
153500 4689 763203 4640 771797
153600 4695 763774 4640 772226
153700 4696 764418 4642 772582
153800 4698 764882 4643 773118
153900 4705 765267 4648 773733
154000 4707 765775 4651 774225
154100 4710 766280 4655 774720
154200 4711 766761 4656 775239
154300 4712 767245 4656 775755
154400 4712 767813 4657 776187
154500 4716 768428 4660 776572
154600 4720 769023 4662 776977
154700 4722 769611 4663 777389
154800 4726 770177 4663 777823
154900 4729 770736 4665 778264
155000 4731 771258 4667 778742
155100 4739 771774 4670 779226
155200 4740 772353 4671 779647
155300 4741 772930 4675 780070
155400 4743 773466 4677 780534
155500 4747 773959 4677 781041
155600 4755 774518 4678 781482
155700 4760 775062 4679 781938
155800 4763 775537 4680 782463
155900 4765 775959 4680 783041
156000 4767 776402 4681 783598
156100 4777 776989 4683 784011
156200 4783 777575 4683 784425
156300 4787 778194 4688 784806
156400 4788 778642 4689 785358
156500 4792 779082 4693 785918
156600 4798 779575 4694 786425
156700 4799 779990 4699 787010
156800 4801 780614 4702 787386
156900 4808 781243 4707 787757
157000 4808 781751 4707 788249
157100 4809 782186 4709 788814
157200 4811 782619 4710 789381
157300 4814 783038 4712 789962
157400 4818 783529 4716 790471
157500 4820 783977 4720 791023
157600 4824 784473 4723 791527
157700 4826 785017 4724 791983
157800 4831 785405 4727 792595
157900 4833 785877 4731 793123
158000 4837 786294 4731 793706
158100 4837 786750 4732 794250
158200 4843 787277 4738 794723
158300 4846 787735 4741 795265
158400 4851 788148 4748 795852
158500 4857 788632 4752 796368
158600 4860 789177 4753 796823
158700 4863 789740 4753 797260
158800 4866 790264 4757 797736
158900 4868 790875 4761 798125
159000 4869 791462 4762 798538
159100 4869 791949 4764 799051
159200 4871 792620 4765 799380
159300 4873 793105 4766 799895
159400 4874 793658 4766 800342
159500 4876 794139 4767 800861
159600 4878 794690 4769 801310
159700 4884 795133 4770 801867
159800 4885 795644 4772 802356
159900 4887 796131 4778 802869
160000 4888 796458 4779 803542
160100 4892 796898 4781 804102
160200 4893 797288 4781 804712
160300 4902 797806 4782 805194
160400 4903 798346 4786 805654
160500 4904 798799 4787 806201
160600 4907 799264 4791 806736
160700 4908 799819 4793 807181
160800 4910 800398 4798 807602
160900 4911 800874 4799 808126
161000 4916 801301 4801 808699
161100 4917 801770 4805 809230
161200 4917 802190 4807 809810
161300 4919 802759 4811 810241
161400 4920 803202 4816 810798
161500 4924 803822 4817 811178
161600 4926 804351 4819 811649
161700 4931 804857 4823 812143
161800 4935 805386 4825 812614
161900 4937 805941 4827 813059
162000 4940 806363 4830 813637
162100 4943 806767 4836 814233
162200 4944 807220 4843 814780
162300 4946 807807 4843 815193
162400 4949 808408 4847 815592
162500 4953 808854 4851 816146
162600 4955 809427 4851 816573
162700 4960 809998 4854 817002
162800 4961 810573 4856 817427
162900 4964 811123 4858 817877
163000 4966 811543 4858 818457
163100 4968 812025 4859 818975
163200 4970 812414 4860 819586
163300 4971 812927 4864 820073
163400 4971 813486 4865 820514
163500 4973 814004 4866 820996
163600 4975 814580 4867 821420
163700 4977 815081 4867 821919
163800 4980 815667 4868 822333
163900 4980 816225 4870 822775
164000 4982 816700 4873 823300
164100 4985 817190 4874 823810
164200 4988 817786 4874 824214
164300 4990 818419 4877 824581
164400 4995 819005 4881 824995
164500 4998 819478 4884 825522
164600 4999 819944 4890 826056
164700 5001 820494 4891 826506
164800 5003 820935 4892 827065
164900 5004 821397 4895 827603
165000 5009 821769 4896 828231
165100 5010 822217 4898 828783
165200 5013 822694 4899 829306
165300 5014 823174 4900 829826
165400 5017 823667 4902 830333
165500 5023 824064 4905 830936
165600 5024 824485 4907 831515
165700 5028 824987 4910 832013
165800 5029 825518 4911 832482
165900 5030 825949 4914 833051
166000 5032 826371 4914 833629
166100 5034 826822 4916 834178
166200 5041 827252 4919 834748
166300 5046 827676 4923 835324
166400 5050 828152 4925 835848
166500 5054 828611 4929 836389
166600 5058 829043 4934 836957
166700 5067 829566 4936 837434
166800 5068 830080 4937 837920
166900 5070 830513 4938 838487
167000 5073 830873 4938 839127
167100 5075 831388 4942 839612
167200 5076 831833 4944 840167
167300 5081 832302 4944 840698
167400 5081 832804 4945 841196
167500 5082 833263 4946 841737
167600 5083 833835 4949 842165
167700 5086 834322 4951 842678
167800 5088 834729 4954 843271
167900 5089 835186 4959 843814
168000 5090 835640 4959 844360
168100 5097 836126 4963 844874
168200 5099 836684 4967 845316
168300 5100 837163 4971 845837
168400 5101 837719 4975 846281
168500 5105 838252 4980 846748
168600 5108 838748 4982 847252
168700 5113 839339 4986 847661
168800 5119 839914 4992 848086
168900 5122 840476 4992 848524
169000 5125 840996 4994 849004
169100 5127 841539 4997 849461
169200 5129 842101 4998 849899
169300 5131 842649 5001 850351
169400 5132 843264 5002 850736
169500 5135 843680 5003 851320
169600 5138 844180 5006 851820
169700 5140 844700 5011 852300
169800 5143 845166 5013 852834
169900 5146 845756 5015 853244
170000 5153 846175 5018 853825
170100 5154 846597 5020 854403
170200 5157 847015 5020 854985
170300 5159 847456 5020 855544
170400 5161 847960 5022 856040
170500 5163 848537 5025 856463
170600 5167 849033 5029 856967
170700 5169 849629 5033 857371
170800 5170 850169 5037 857831
170900 5172 850678 5039 858322
171000 5176 851115 5046 858885
171100 5181 851598 5051 859402
171200 5186 852101 5052 859899
171300 5188 852492 5053 860508
171400 5189 853138 5055 860862
171500 5190 853686 5057 861314
171600 5193 854205 5059 861795
171700 5196 854813 5062 862187
171800 5198 855228 5066 862772
171900 5199 855669 5073 863331
172000 5200 856184 5075 863816
172100 5203 856592 5079 864408
172200 5208 857094 5084 864906
172300 5212 857645 5087 865355
172400 5213 858085 5091 865915
172500 5217 858716 5095 866284
172600 5218 859268 5098 866732
172700 5219 859710 5099 867290
172800 5221 860159 5102 867841
172900 5224 860530 5103 868470
173000 5225 861057 5104 868943
173100 5229 861611 5109 869389
173200 5231 862144 5114 869856
173300 5234 862680 5115 870320
173400 5237 863209 5117 870791
173500 5239 863750 5119 871250
173600 5246 864313 5127 871687
173700 5249 864858 5131 872142
173800 5249 865365 5132 872635
173900 5251 865884 5133 873116
174000 5252 866376 5135 873624
174100 5256 866872 5139 874128
174200 5261 867438 5142 874562
174300 5265 867907 5143 875093
174400 5265 868467 5145 875533
174500 5265 868998 5146 876002
174600 5270 869530 5151 876470
174700 5278 870180 5154 876820
174800 5282 870644 5156 877356
174900 5284 871162 5157 877838
175000 5288 871692 5160 878308
175100 5290 872178 5162 878822
175200 5292 872694 5163 879306
175300 5293 873109 5164 879891
175400 5296 873501 5168 880499
175500 5298 873962 5169 881038
175600 5300 874508 5170 881492
175700 5306 875076 5171 881924
175800 5308 875660 5173 882340
175900 5309 876178 5177 882822
176000 5314 876653 5178 883347
176100 5321 877209 5179 883791
176200 5324 877722 5180 884278
176300 5329 878205 5183 884795
176400 5331 878763 5186 885237
176500 5334 879312 5188 885688
176600 5336 879780 5190 886220
176700 5338 880198 5193 886802
176800 5343 880627 5196 887373
176900 5350 881112 5199 887888
177000 5352 881574 5200 888426
177100 5357 882022 5202 888978
177200 5358 882440 5205 889560
177300 5359 883052 5206 889948
177400 5363 883598 5207 890402
177500 5366 884126 5211 890874
177600 5370 884541 5215 891459
177700 5373 884853 5221 892147
177800 5374 885402 5222 892598
177900 5379 885898 5224 893102
178000 5380 886449 5225 893551
178100 5381 886994 5226 894006
178200 5382 887488 5229 894512
178300 5387 887965 5236 895035
178400 5391 888404 5237 895596
178500 5396 888890 5238 896110
178600 5398 889385 5244 896615
178700 5405 889893 5247 897107
178800 5407 890300 5247 897700
178900 5409 890832 5248 898168
179000 5410 891292 5248 898708
179100 5413 891757 5253 899243
179200 5418 892201 5254 899799
179300 5420 892712 5260 900288
179400 5421 893382 5263 900618
179500 5423 893970 5264 901030
179600 5426 894561 5270 901439
179700 5431 895067 5275 901933
179800 5432 895561 5276 902439
179900 5435 896101 5277 902899
180000 5441 896512 5283 903488
180100 5446 896933 5285 904067
180200 5451 897531 5287 904469
180300 5455 898046 5294 904954
180400 5459 898476 5298 905524
180500 5461 898926 5301 906074
180600 5464 899428 5304 906572
180700 5465 899883 5308 907117
180800 5468 900412 5313 907588
180900 5472 900846 5316 908154
181000 5476 901257 5320 908743
181100 5482 901692 5322 909308
181200 5487 902212 5326 909788
181300 5494 902593 5328 910407
181400 5497 903179 5334 910821
181500 5499 903689 5337 911311
181600 5500 904227 5342 911773
181700 5501 904757 5344 912243
181800 5502 905301 5345 912699
181900 5503 905747 5348 913253
182000 5509 906190 5350 913810
182100 5511 906720 5355 914280
182200 5512 907196 5359 914804
182300 5512 907716 5366 915284
182400 5514 908073 5369 915927
182500 5519 908481 5369 916519
182600 5520 908915 5373 917085
182700 5523 909606 5375 917394
182800 5525 910019 5379 917981
182900 5525 910531 5383 918469
183000 5526 910974 5386 919026
183100 5532 911302 5390 919698
183200 5535 911779 5393 920221
183300 5536 912225 5396 920775
183400 5539 912689 5397 921311
183500 5540 913160 5399 921840
183600 5542 913594 5399 922406
183700 5545 914037 5401 922963
183800 5545 914478 5403 923522
183900 5547 914981 5409 924019
184000 5552 915488 5410 924512
184100 5557 915882 5414 925118
184200 5557 916319 5415 925681
184300 5559 916700 5415 926300
184400 5560 917129 5418 926871
184500 5564 917504 5419 927496
184600 5565 917885 5425 928115
184700 5570 918270 5430 928730
184800 5572 918805 5434 929195
184900 5572 919294 5437 929706
185000 5574 919865 5440 930135
185100 5580 920440 5443 930560
185200 5585 921063 5446 930937
185300 5589 921660 5453 931340
185400 5591 922162 5456 931838
185500 5595 922610 5456 932390
185600 5597 923040 5457 932960
185700 5603 923437 5460 933563
185800 5604 923877 5465 934123
185900 5608 924403 5471 934597
186000 5610 924952 5475 935048
186100 5610 925558 5478 935442
186200 5613 926179 5482 935821
186300 5619 926646 5485 936354
186400 5624 927102 5486 936898
186500 5625 927593 5486 937407
186600 5628 928165 5486 937835
186700 5631 928601 5487 938399
186800 5633 929152 5487 938848
186900 5634 929665 5489 939335
187000 5635 930138 5490 939862
187100 5639 930678 5491 940322
187200 5640 931225 5494 940775
187300 5645 931654 5497 941346
187400 5646 932129 5498 941871
187500 5650 932573 5501 942427
187600 5651 933085 5504 942915
187700 5654 933692 5506 943308
187800 5656 934297 5507 943703
187900 5657 934849 5509 944151
188000 5659 935241 5511 944759
188100 5661 935775 5512 945225
188200 5661 936279 5513 945721
188300 5664 936666 5514 946334
188400 5666 937214 5518 946786
188500 5666 937744 5521 947256
188600 5668 938258 5523 947742
188700 5671 938846 5526 948154
188800 5674 939322 5528 948678
188900 5680 940024 5528 948976
189000 5680 940478 5529 949522
189100 5684 940973 5531 950027
189200 5685 941492 5534 950508
189300 5688 942035 5537 950965
189400 5689 942519 5537 951481
189500 5693 942946 5539 952054
189600 5696 943357 5544 952643
189700 5702 943778 5547 953222
189800 5704 944294 5547 953706
189900 5704 944668 5549 954332
190000 5706 945210 5549 954790
190100 5707 945703 5553 955297
190200 5710 946137 5555 955863
190300 5712 946587 5556 956413
190400 5714 947262 5556 956738
190500 5714 947876 5558 957124
190600 5714 948402 5562 957598
190700 5717 948991 5569 958009
190800 5719 949534 5574 958466
190900 5724 950086 5576 958914
191000 5727 950597 5577 959403
191100 5727 951108 5578 959892
191200 5730 951607 5580 960393
191300 5732 952073 5581 960927
191400 5735 952492 5581 961508
191500 5737 953088 5581 961912
191600 5740 953653 5585 962347
191700 5742 954186 5589 962814
191800 5744 954741 5596 963259
191900 5747 955216 5596 963784
192000 5749 955748 5602 964252
192100 5750 956254 5603 964746
192200 5755 956767 5606 965233
192300 5756 957195 5608 965805
192400 5756 957685 5609 966315
192500 5757 958222 5612 966778
192600 5758 958784 5615 967216
192700 5761 959339 5618 967661
192800 5764 959893 5620 968107
192900 5766 960506 5624 968494
193000 5768 960943 5626 969057
193100 5775 961403 5630 969597
193200 5780 961995 5632 970005
193300 5784 962566 5635 970434
193400 5786 963022 5640 970978
193500 5789 963509 5641 971491
193600 5796 964008 5646 971992
193700 5798 964598 5650 972402
193800 5802 965101 5651 972899
193900 5805 965684 5653 973316
194000 5806 966217 5656 973783
194100 5808 966715 5659 974285
194200 5808 967163 5662 974837
194300 5810 967521 5664 975479
194400 5812 967957 5666 976043
194500 5814 968504 5666 976496
194600 5816 969030 5670 976970
194700 5819 969662 5673 977338
194800 5820 970194 5674 977806
194900 5821 970721 5674 978279
195000 5825 971219 5678 978781
195100 5830 971709 5682 979291
195200 5835 972181 5684 979819
195300 5840 972519 5691 980481
195400 5842 973020 5692 980980
195500 5845 973458 5693 981542
195600 5850 973886 5695 982114
195700 5855 974298 5698 982702
195800 5857 974876 5701 983124
195900 5858 975298 5704 983702
196000 5859 975722 5712 984278
196100 5862 976236 5713 984764
196200 5862 976736 5715 985264
196300 5863 977182 5715 985818
196400 5869 977578 5721 986422
196500 5872 978190 5728 986810
196600 5876 978682 5731 987318
196700 5876 979190 5733 987810
196800 5880 979733 5737 988267
196900 5885 980233 5742 988767
197000 5887 980692 5745 989308
197100 5888 981063 5746 989937
197200 5890 981551 5750 990449
197300 5891 982092 5750 990908
197400 5891 982508 5750 991492
197500 5892 983006 5752 991994
197600 5895 983488 5754 992512
197700 5899 983956 5754 993044
197800 5900 984449 5756 993551
197900 5904 984947 5756 994053
198000 5909 985415 5761 994585
198100 5910 985913 5763 995087
198200 5912 986412 5764 995588
198300 5912 986926 5767 996074
198400 5913 987388 5767 996612
198500 5916 987923 5769 997077
198600 5919 988435 5769 997565
198700 5921 989093 5773 997907
198800 5923 989655 5774 998345
198900 5927 990261 5776 998739
199000 5928 990752 5777 999248
199100 5931 991232 5778 999768
199200 5933 991715 5780 1000285
199300 5934 992262 5782 1000738
199400 5941 992738 5785 1001262
199500 5946 993261 5789 1001739
199600 5948 993904 5793 1002096
199700 5951 994547 5798 1002453
199800 5954 995112 5802 1002888
199900 5958 995602 5806 1003398
200000 5961 996095 5810 1003905
