#! FIELDS timestep dup_succ dup_attempts kill_succ kill_attempts
#! SET timestep 0.5
#! SET kernel_bandwidth [1. 1.]
#! SET kt 1.0
100 67 119 72 881
200 135 288 158 1712
300 218 530 251 2470
400 288 848 321 3152
500 337 1239 374 3761
600 374 1681 407 4319
700 394 2155 433 4845
800 416 2559 458 5441
900 430 2813 483 6187
1000 448 3016 506 6984
1100 476 3165 537 7835
1200 510 3320 579 8680
1300 536 3482 615 9518
1400 570 3663 657 10337
1500 615 3871 688 11129
1600 648 4117 733 11883
1700 680 4398 767 12602
1800 705 4711 803 13289
1900 735 5043 837 13957
2000 763 5409 862 14591
2100 784 5797 882 15203
2200 797 6175 912 15825
2300 809 6374 928 16626
2400 824 6795 942 17205
2500 829 7071 954 17929
2600 839 7288 965 18712
2700 841 7750 973 19250
2800 846 8229 986 19771
2900 853 8572 991 20428
3000 859 8879 993 21121
3100 862 9385 995 21615
3200 862 10012 998 21988
3300 865 10573 999 22427
3400 867 11011 999 22989
3500 867 11762 999 23238
3600 869 12030 1000 23970
3700 870 12561 1000 24439
3800 870 13101 1000 24899
3900 870 13630 1001 25370
4000 870 14114 1003 25886
4100 870 14617 1004 26383
4200 870 15117 1004 26883
4300 870 15594 1005 27406
4400 872 16112 1005 27888
4500 872 16860 1005 28140
4600 873 17392 1006 28608
4700 873 17820 1006 29180
4800 874 18353 1006 29647
4900 874 18875 1006 30125
5000 874 19567 1008 30433
5100 874 20060 1008 30940
5200 874 20640 1010 31360
5300 876 21282 1010 31718
5400 876 21801 1010 32199
5500 879 22372 1011 32628
5600 879 22848 1011 33152
5700 880 23249 1013 33751
5800 880 23713 1016 34287
5900 881 24236 1016 34764
6000 883 24755 1016 35245
6100 883 25088 1018 35912
6200 883 25686 1020 36314
6300 885 26259 1021 36741
6400 885 26736 1022 37264
6500 885 27229 1022 37771
6600 886 27731 1022 38269
6700 886 28394 1024 38606
6800 886 28848 1024 39152
6900 887 29424 1026 39576
7000 888 29906 1026 40094
7100 888 30404 1026 40596
7200 888 30781 1027 41219
7300 888 31325 1028 41675
7400 888 32056 1029 41944
7500 889 32542 1030 42458
7600 890 33039 1030 42961
7700 893 33481 1032 43519
7800 894 33980 1035 44020
7900 895 34462 1035 44538
8000 896 35040 1036 44960
8100 897 35519 1036 45481
8200 897 36002 1036 45998
8300 898 36380 1038 46620
8400 898 36900 1038 47100
8500 900 37411 1039 47589
8600 901 37906 1040 48094
8700 901 38400 1041 48600
8800 904 38908 1043 49092
8900 905 39390 1046 49610
9000 905 39897 1048 50103
9100 906 40379 1049 50621
9200 907 40930 1049 51070
9300 907 41340 1049 51660
9400 908 41919 1049 52081
9500 909 42365 1051 52635
9600 911 42862 1052 53138
9700 913 43337 1053 53663
9800 913 43855 1053 54145
9900 913 44565 1053 54435
10000 913 45115 1053 54885
10100 913 45765 1055 55235
10200 914 46281 1056 55719
10300 915 46744 1056 56256
10400 917 47273 1056 56727
10500 918 47760 1057 57240
10600 919 48319 1057 57681
10700 919 48889 1057 58111
10800 920 49216 1057 58784
10900 921 49866 1059 59134
11000 922 50395 1059 59605
11100 922 50697 1060 60303
11200 922 51359 1060 60641
11300 922 52015 1060 60985
11400 922 52541 1060 61459
11500 922 53115 1060 61885
11600 923 53654 1060 62346
11700 924 54048 1063 62952
11800 925 54575 1063 63425
11900 925 55007 1065 63993
12000 926 55502 1068 64498
12100 927 56145 1069 64855
12200 928 56592 1069 65408
12300 930 57140 1074 65860
12400 932 57626 1076 66374
12500 932 58124 1076 66876
12600 933 58631 1076 67369
12700 933 59178 1076 67822
12800 933 59582 1077 68418
12900 935 60116 1081 68884
13000 939 60471 1083 69529
13100 940 60975 1084 70025
13200 941 61351 1085 70649
13300 943 61851 1087 71149
13400 945 62415 1088 71585
13500 946 62916 1091 72084
13600 947 63414 1091 72586
13700 947 64088 1092 72912
13800 948 64457 1092 73543
13900 948 64910 1092 74090
14000 948 65330 1093 74670
14100 950 65799 1094 75201
14200 950 66269 1094 75731
14300 950 66702 1094 76298
14400 951 67201 1095 76799
14500 951 67677 1095 77323
14600 952 68316 1097 77684
14700 952 68824 1097 78176
14800 952 69491 1097 78509
14900 955 69982 1098 79018
15000 955 70556 1099 79444
15100 956 70959 1099 80041
15200 958 71605 1101 80395
15300 958 72103 1101 80897
15400 958 72692 1101 81308
15500 958 73333 1101 81667
15600 958 73995 1102 82005
15700 958 74436 1103 82564
15800 960 75019 1106 82981
15900 960 75477 1107 83523
16000 961 76005 1108 83995
16100 961 76479 1109 84521
16200 962 76974 1109 85026
16300 962 77490 1110 85510
16400 963 77995 1110 86005
16500 963 78498 1110 86502
16600 963 79022 1113 86978
16700 965 79435 1113 87565
16800 966 80065 1113 87935
16900 967 80756 1114 88244
17000 970 81486 1115 88514
17100 973 81979 1119 89021
17200 973 82473 1120 89527
17300 973 83047 1122 89953
17400 973 83457 1122 90543
17500 974 83950 1123 91050
17600 975 84270 1124 91730
17700 977 84613 1125 92387
17800 978 85067 1126 92933
17900 978 85546 1128 93454
18000 980 85999 1128 94001
18100 980 86496 1128 94504
18200 980 87007 1128 94993
18300 980 87481 1128 95519
18400 980 88013 1130 95987
18500 981 88522 1133 96478
18600 981 88933 1133 97067
18700 982 89540 1134 97460
18800 983 89915 1136 98085
18900 984 90404 1139 98596
19000 985 91095 1140 98905
19100 985 91497 1140 99503
19200 985 92024 1141 99976
19300 985 92639 1142 100361
19400 986 93358 1144 100642
19500 986 93969 1148 101031
19600 988 94396 1148 101604
19700 988 94810 1148 102190
19800 989 95382 1150 102618
19900 991 95879 1150 103121
20000 992 96366 1152 103634
20100 992 96976 1152 104024
20200 993 97373 1153 104627
20300 994 97890 1153 105110
20400 994 98515 1154 105485
20500 994 98970 1156 106030
20600 996 99532 1156 106468
20700 997 100077 1156 106923
20800 998 100420 1156 107580
20900 1000 100829 1158 108171
21000 1000 101200 1158 108800
21100 1001 101706 1159 109294
21200 1003 102142 1160 109858
21300 1003 102638 1160 110362
21400 1004 103047 1161 110953
21500 1004 103546 1162 111454
21600 1005 104234 1164 111766
21700 1005 104805 1166 112195
21800 1007 105092 1167 112908
21900 1009 105663 1169 113337
22000 1010 105916 1170 114084
22100 1010 106387 1170 114613
22200 1010 106841 1170 115159
22300 1010 107314 1171 115686
22400 1013 107717 1173 116283
22500 1013 108075 1176 116925
22600 1014 108524 1177 117476
22700 1015 109118 1177 117882
22800 1016 109570 1179 118430
22900 1016 110067 1179 118933
23000 1017 110567 1181 119433
23100 1018 111069 1181 119931
23200 1020 111595 1181 120405
23300 1021 112101 1181 120899
23400 1022 112499 1181 121501
23500 1022 112908 1182 122092
23600 1022 113462 1182 122538
23700 1022 113898 1184 123102
23800 1024 114378 1185 123622
23900 1024 114881 1186 124119
24000 1024 115405 1186 124595
24100 1029 115959 1187 125041
24200 1029 116417 1187 125583
24300 1029 116915 1190 126085
24400 1029 117389 1190 126611
24500 1032 117821 1191 127179
24600 1033 118116 1194 127884
24700 1036 118562 1195 128438
24800 1038 118996 1196 129004
24900 1038 119675 1197 129325
25000 1038 120404 1199 129596
25100 1039 120893 1199 130107
25200 1040 121366 1199 130634
25300 1043 121797 1200 131203
25400 1044 122374 1201 131626
25500 1045 122820 1202 132180
25600 1045 123207 1203 132793
25700 1046 123725 1204 133275
25800 1046 124164 1205 133836
25900 1047 124759 1206 134241
26000 1047 125480 1207 134520
26100 1048 125977 1207 135023
26200 1048 126528 1208 135472
26300 1050 127189 1210 135811
26400 1050 127753 1213 136247
26500 1050 128248 1214 136752
26600 1051 128982 1214 137018
26700 1051 129499 1214 137501
26800 1051 130043 1216 137957
26900 1052 130674 1217 138326
27000 1053 131080 1218 138920
27100 1056 131471 1220 139529
27200 1058 131934 1220 140066
27300 1058 132399 1220 140601
27400 1058 132879 1220 141121
27500 1058 133422 1221 141578
27600 1058 133983 1222 142017
27700 1058 134486 1224 142514
27800 1058 134787 1225 143213
27900 1059 135160 1227 143840
28000 1060 135656 1228 144344
28100 1061 136151 1230 144849
28200 1061 136663 1231 145337
28300 1063 137263 1232 145737
28400 1063 137825 1232 146175
28500 1063 138388 1232 146612
28600 1063 138874 1232 147126
28700 1063 139474 1232 147526
28800 1064 139951 1233 148049
28900 1065 140523 1234 148477
29000 1065 141048 1234 148952
29100 1065 141566 1234 149434
29200 1065 142100 1235 149900
29300 1067 142429 1236 150571
29400 1068 143009 1238 150991
29500 1069 143463 1238 151537
29600 1069 143968 1238 152032
29700 1069 144388 1238 152612
29800 1072 144882 1239 153118
29900 1072 145441 1239 153559
30000 1074 145927 1239 154073
30100 1075 146315 1241 154685
30200 1078 146809 1242 155191
30300 1080 147518 1243 155482
30400 1080 147976 1243 156024
30500 1080 148450 1244 156550
30600 1081 148963 1244 157037
30700 1081 149469 1244 157531
30800 1082 150039 1244 157961
30900 1084 150373 1245 158627
31000 1085 150945 1246 159055
31100 1086 151286 1247 159714
31200 1089 151815 1247 160185
31300 1090 152288 1247 160712
31400 1093 152775 1248 161225
31500 1096 153290 1249 161710
31600 1096 153831 1250 162169
31700 1098 154279 1251 162721
31800 1099 154564 1252 163436
31900 1100 155280 1254 163720
32000 1101 155940 1257 164060
32100 1101 156384 1257 164616
32200 1101 156956 1257 165044
32300 1102 157399 1259 165601
32400 1103 157808 1259 166192
32500 1104 158337 1259 166663
32600 1105 158817 1260 167183
32700 1107 159314 1264 167686
32800 1108 159801 1265 168199
32900 1109 160094 1268 168906
33000 1109 160591 1268 169409
33100 1111 161150 1268 169850
33200 1111 161608 1268 170392
33300 1113 162130 1268 170870
33400 1114 162805 1268 171195
33500 1115 163283 1269 171717
33600 1115 164012 1271 171988
33700 1116 164528 1271 172472
33800 1117 165035 1271 172965
33900 1117 165629 1271 173371
34000 1118 165970 1274 174030
34100 1121 166481 1277 174519
34200 1122 166834 1278 175166
34300 1123 167393 1279 175607
34400 1123 168098 1280 175902
34500 1126 168471 1280 176529
34600 1129 168936 1282 177064
34700 1129 169492 1283 177508
34800 1129 170140 1284 177860
34900 1130 170504 1287 178496
35000 1130 171002 1289 178998
35100 1133 171695 1292 179305
35200 1135 172276 1293 179724
35300 1135 172758 1294 180242
35400 1136 173162 1294 180838
35500 1136 173678 1295 181322
35600 1136 174164 1297 181836
35700 1136 174689 1298 182311
35800 1137 175186 1298 182814
35900 1138 175685 1300 183315
36000 1140 176183 1302 183817
36100 1141 176662 1304 184338
36200 1141 177171 1304 184829
36300 1141 177666 1304 185334
36400 1141 178154 1306 185846
36500 1141 178484 1306 186516
36600 1141 179060 1306 186940
36700 1141 179505 1306 187495
36800 1142 180020 1306 187980
36900 1142 180505 1306 188495
37000 1142 181049 1306 188951
37100 1142 181510 1308 189490
37200 1142 181978 1309 190022
37300 1145 182380 1309 190620
37400 1145 183053 1309 190947
37500 1146 183573 1311 191427
37600 1147 184032 1312 191968
37700 1149 184584 1315 192416
37800 1149 185003 1315 192997
37900 1149 185473 1315 193527
38000 1149 186119 1317 193881
38100 1149 186400 1317 194600
38200 1150 186910 1317 195090
38300 1150 187453 1318 195547
38400 1152 188001 1318 195999
38500 1154 188498 1321 196502
38600 1157 189004 1325 196996
38700 1157 189646 1329 197354
38800 1158 190129 1329 197871
38900 1159 190553 1331 198447
39000 1162 191060 1332 198940
39100 1162 191555 1334 199445
39200 1163 192024 1335 199976
39300 1164 192505 1336 200495
39400 1165 193073 1337 200927
39500 1165 193659 1337 201341
39600 1165 194107 1338 201893
39700 1166 194505 1338 202495
39800 1167 194971 1340 203029
39900 1168 195680 1342 203320
40000 1169 196145 1343 203855
40100 1169 196651 1343 204349
40200 1170 197146 1345 204854
40300 1170 197607 1345 205393
40400 1171 198095 1345 205905
40500 1171 198600 1347 206400
40600 1173 198976 1347 207024
40700 1176 199333 1348 207667
40800 1176 199768 1348 208232
40900 1176 200227 1348 208773
41000 1178 200714 1351 209286
41100 1179 201041 1352 209959
41200 1182 201757 1355 210243
41300 1183 202037 1355 210963
41400 1183 202623 1355 211377
41500 1184 203062 1356 211938
41600 1188 203541 1358 212459
41700 1188 203918 1358 213082
41800 1188 204317 1360 213683
41900 1189 204602 1360 214398
42000 1189 205042 1360 214958
42100 1191 205604 1360 215396
42200 1191 206093 1363 215907
42300 1193 206832 1365 216168
42400 1193 207291 1366 216709
42500 1193 207805 1366 217195
42600 1193 208246 1367 217754
42700 1194 208978 1369 218022
42800 1194 209449 1369 218551
42900 1194 209907 1372 219093
43000 1194 210364 1372 219636
43100 1196 210690 1373 220310
43200 1196 211315 1373 220685
43300 1197 211635 1374 221365
43400 1199 212165 1375 221835
43500 1199 212562 1375 222438
43600 1200 213057 1377 222943
43700 1201 213574 1378 223426
43800 1203 214026 1378 223974
43900 1203 214498 1380 224502
44000 1204 215019 1381 224981
44100 1204 215670 1381 225330
44200 1204 216177 1381 225823
44300 1205 216703 1382 226297
44400 1209 217234 1385 226766
44500 1210 217648 1385 227352
44600 1210 218148 1387 227852
44700 1211 218686 1387 228314
44800 1212 219395 1388 228605
44900 1212 219893 1390 229107
45000 1213 220396 1391 229604
45100 1217 220891 1394 230109
45200 1219 221376 1394 230624
45300 1219 221759 1398 231241
45400 1221 222338 1398 231662
45500 1221 222701 1399 232299
45600 1222 223181 1403 232819
45700 1223 223749 1406 233251
45800 1224 224275 1408 233725
45900 1224 224724 1409 234276
46000 1224 225252 1409 234748
46100 1224 225830 1411 235170
46200 1225 226324 1412 235676
46300 1225 227003 1412 235997
46400 1226 227475 1412 236525
46500 1227 228030 1412 236970
46600 1228 228597 1415 237403
46700 1228 229094 1416 237906
46800 1229 229631 1416 238369
46900 1230 229929 1417 239071
47000 1230 230427 1420 239573
47100 1230 231078 1420 239922
47200 1233 231678 1421 240322
47300 1233 232135 1422 240865
47400 1235 232625 1423 241375
47500 1237 232936 1425 242064
47600 1237 233488 1426 242512
47700 1241 234046 1429 242954
47800 1242 234648 1430 243352
47900 1243 235168 1431 243832
48000 1243 235768 1433 244232
48100 1246 236155 1434 244845
48200 1249 236647 1437 245353
48300 1250 237395 1439 245605
48400 1253 237887 1440 246113
48500 1256 238303 1443 246697
48600 1257 239001 1445 246999
48700 1258 239393 1447 247607
48800 1259 239885 1448 248115
48900 1262 240373 1448 248627
49000 1263 240864 1450 249136
49100 1264 241339 1452 249661
49200 1266 241845 1453 250155
49300 1268 242433 1453 250567
49400 1271 242935 1453 251065
49500 1272 243430 1458 251570
49600 1272 243904 1460 252096
49700 1272 244287 1463 252713
49800 1272 244853 1463 253147
49900 1273 245307 1464 253693
50000 1274 245804 1464 254196
50100 1275 246308 1464 254692
50200 1277 246806 1464 255194
50300 1279 247531 1464 255469
50400 1279 248107 1466 255893
50500 1280 248616 1466 256384
50600 1280 249119 1467 256881
50700 1281 249598 1468 257402
50800 1283 250016 1470 257984
50900 1283 250634 1470 258366
51000 1285 251352 1471 258648
51100 1287 251840 1474 259160
51200 1287 252468 1476 259532
51300 1290 252964 1478 260036
51400 1293 253483 1481 260517
51500 1293 254180 1481 260820
51600 1294 254787 1482 261213
51700 1294 255329 1483 261671
51800 1295 255862 1483 262138
51900 1296 256446 1483 262554
52000 1298 257131 1485 262869
52100 1298 257612 1485 263388
52200 1298 257900 1486 264100
52300 1298 258461 1486 264539
52400 1298 258796 1486 265204
52500 1299 259295 1486 265705
52600 1299 259848 1487 266152
52700 1299 260500 1487 266500
52800 1301 261078 1489 266922
52900 1301 261589 1491 267411
53000 1302 262138 1493 267862
53100 1303 262834 1493 268166
53200 1304 263331 1493 268669
53300 1304 263791 1495 269209
53400 1304 264288 1497 269712
53500 1307 264578 1497 270422
53600 1308 264990 1498 271010
53700 1308 265470 1499 271530
53800 1309 266057 1500 271943
53900 1311 266505 1501 272495
54000 1312 266983 1501 273017
54100 1314 267548 1502 273452
54200 1315 268061 1503 273939
54300 1319 268570 1504 274430
54400 1319 269011 1506 274989
54500 1321 269484 1509 275516
54600 1321 269922 1511 276078
54700 1322 270408 1511 276592
54800 1323 271036 1513 276964
54900 1323 271560 1514 277440
55000 1323 272190 1514 277810
55100 1324 272797 1515 278203
55200 1329 273231 1515 278769
55300 1330 273494 1515 279506
55400 1332 274124 1516 279876
55500 1335 274463 1519 280537
55600 1337 275031 1520 280969
55700 1340 275526 1520 281474
55800 1340 275818 1520 282182
55900 1340 276216 1522 282784
56000 1340 276602 1524 283398
56100 1340 277074 1524 283926
56200 1340 277618 1525 284382
56300 1340 278229 1526 284771
56400 1341 278731 1526 285269
56500 1342 279232 1526 285768
56600 1343 279773 1527 286227
56700 1343 280233 1528 286767
56800 1344 280954 1529 287046
56900 1344 281474 1530 287526
57000 1346 281949 1531 288051
57100 1346 282275 1531 288725
57200 1346 282625 1531 289375
57300 1348 283183 1532 289817
57400 1350 283675 1533 290325
57500 1350 284041 1534 290959
57600 1352 284465 1534 291535
57700 1352 284936 1534 292064
57800 1353 285442 1535 292558
57900 1353 285949 1539 293051
58000 1353 286444 1541 293556
58100 1355 286944 1543 294056
58200 1357 287432 1543 294568
58300 1359 287855 1547 295145
58400 1359 288294 1547 295706
58500 1361 288771 1549 296229
58600 1362 289259 1549 296741
58700 1364 289905 1552 297095
58800 1365 290484 1552 297516
58900 1365 290825 1555 298175
59000 1365 291204 1559 298796
59100 1365 291613 1559 299387
59200 1365 292016 1559 299984
59300 1365 292654 1560 300346
59400 1367 293082 1561 300918
59500 1368 293588 1562 301412
59600 1368 293998 1562 302002
59700 1368 294441 1562 302559
59800 1369 294933 1562 303067
59900 1370 295394 1566 303606
60000 1371 295971 1567 304029
60100 1371 296593 1569 304407
60200 1372 297096 1570 304904
60300 1373 297557 1571 305443
60400 1373 297949 1572 306051
60500 1375 298455 1572 306545
60600 1378 298981 1572 307019
60700 1379 299481 1573 307519
60800 1380 299904 1573 308096
60900 1381 300466 1573 308534
61000 1383 300981 1574 309019
61100 1386 301445 1575 309555
61200 1387 301952 1576 310048
61300 1387 302486 1576 310514
61400 1388 302807 1576 311193
61500 1388 303171 1576 311829
61600 1390 303647 1577 312353
61700 1390 304354 1577 312646
61800 1394 304857 1578 313143
61900 1394 305481 1579 313519
62000 1396 306017 1580 313983
62100 1397 306508 1581 314492
62200 1398 307023 1583 314977
62300 1399 307393 1583 315607
62400 1402 307890 1585 316110
62500 1402 308389 1586 316611
62600 1402 308990 1589 317010
62700 1404 309660 1592 317340
62800 1406 310111 1592 317889
62900 1407 310444 1592 318556
63000 1408 310922 1592 319078
63100 1408 311433 1592 319567
63200 1409 311916 1595 320084
63300 1410 312414 1599 320586
63400 1410 312922 1599 321078
63500 1411 313388 1600 321612
63600 1412 313934 1600 322066
63700 1413 314436 1600 322564
63800 1414 314964 1600 323036
63900 1417 315445 1600 323555
64000 1417 316043 1600 323957
64100 1419 316541 1604 324459
64200 1422 317222 1605 324778
64300 1422 317939 1607 325061
64400 1423 318442 1607 325558
64500 1424 318780 1610 326220
64600 1424 319388 1611 326612
64700 1425 319930 1613 327070
64800 1427 320624 1613 327376
64900 1427 321003 1613 327997
65000 1429 321486 1614 328514
65100 1431 321982 1616 329018
65200 1435 322517 1617 329483
65300 1435 323112 1617 329888
65400 1435 323676 1620 330324
65500 1435 324173 1621 330827
65600 1435 324691 1622 331309
65700 1437 325276 1625 331724
65800 1437 325776 1625 332224
65900 1437 326176 1629 332824
66000 1438 326630 1631 333370
66100 1438 327065 1632 333935
66200 1438 327523 1632 334477
66300 1439 328000 1634 335000
66400 1440 328507 1634 335493
66500 1443 329055 1634 335945
66600 1447 329496 1636 336504
66700 1449 330129 1638 336871
66800 1450 330589 1638 337411
66900 1451 331039 1639 337961
67000 1451 331605 1640 338395
67100 1451 332248 1640 338752
67200 1451 332746 1641 339254
67300 1451 333351 1643 339649
67400 1451 333915 1644 340085
67500 1452 334372 1645 340628
67600 1452 334822 1646 341178
67700 1453 335438 1647 341562
67800 1454 336184 1647 341816
67900 1454 336671 1647 342329
68000 1455 337167 1648 342833
68100 1455 337705 1648 343295
68200 1457 338053 1650 343947
68300 1460 338619 1650 344381
68400 1461 339117 1651 344883
68500 1463 339511 1652 345489
68600 1465 339990 1653 346010
68700 1465 340243 1653 346757
68800 1468 340572 1655 347428
68900 1469 341033 1656 347967
69000 1471 341494 1656 348506
69100 1471 342035 1658 348965
69200 1471 342557 1658 349443
69300 1472 343033 1660 349967
69400 1473 343510 1660 350490
69500 1474 344005 1660 350995
69600 1475 344340 1662 351660
69700 1477 344836 1663 352164
69800 1479 345249 1664 352751
69900 1479 345722 1665 353278
70000 1480 346193 1667 353807
70100 1482 346689 1668 354311
70200 1483 347205 1669 354795
70300 1483 347700 1670 355300
70400 1484 348182 1671 355818
70500 1484 348718 1673 356282
70600 1484 349012 1673 356988
70700 1486 349309 1674 357691
70800 1486 349853 1674 358147
70900 1487 350571 1677 358429
71000 1491 351034 1677 358966
71100 1492 351530 1678 359470
71200 1495 352134 1679 359866
71300 1497 352411 1681 360589
71400 1499 353008 1681 360992
71500 1499 353454 1681 361546
71600 1502 353947 1684 362053
71700 1504 354469 1686 362531
71800 1504 354994 1687 363006
71900 1505 355268 1688 363732
72000 1506 355526 1690 364474
72100 1508 355901 1690 365099
72200 1509 356403 1690 365597
72300 1510 356952 1690 366048
72400 1511 357459 1690 366541
72500 1511 358164 1691 366836
72600 1511 358665 1693 367335
72700 1512 359410 1694 367590
72800 1512 359694 1696 368306
72900 1512 360253 1699 368747
73000 1514 360752 1701 369248
73100 1516 361259 1702 369741
73200 1516 361894 1702 370106
73300 1517 362439 1702 370561
73400 1518 362779 1703 371221
73500 1518 363208 1706 371792
73600 1519 363758 1706 372242
73700 1519 364331 1706 372669
73800 1519 364703 1707 373297
73900 1519 365341 1708 373659
74000 1521 365982 1709 374018
74100 1522 366686 1710 374314
74200 1522 367272 1711 374728
74300 1522 367898 1712 375102
74400 1525 368370 1715 375630
74500 1527 368867 1716 376133
74600 1529 369220 1718 376780
74700 1530 369693 1721 377307
74800 1531 370138 1723 377862
74900 1532 370542 1726 378458
75000 1532 370989 1728 379011
75100 1533 371501 1729 379499
75200 1535 372008 1732 379992
75300 1536 372344 1732 380656
75400 1536 372839 1732 381161
75500 1536 373282 1732 381718
75600 1539 373787 1732 382213
75700 1540 374284 1735 382716
75800 1541 374578 1735 383422
75900 1541 375042 1735 383958
76000 1543 375695 1736 384305
76100 1545 376311 1737 384689
76200 1545 377009 1737 384991
76300 1547 377429 1738 385571
76400 1548 377925 1739 386075
76500 1551 378343 1739 386657
76600 1553 378666 1741 387334
76700 1553 379075 1741 387925
76800 1556 379617 1741 388383
76900 1556 380142 1741 388858
77000 1557 380717 1742 389283
77100 1557 381419 1744 389581
77200 1558 381968 1745 390032
77300 1559 382477 1746 390523
77400 1561 382944 1748 391056
77500 1562 383423 1749 391577
77600 1562 383870 1750 392130
77700 1562 384490 1750 392510
77800 1563 385152 1750 392848
77900 1564 385699 1753 393301
78000 1564 386173 1753 393827
78100 1564 386665 1753 394335
78200 1567 387160 1754 394840
78300 1568 387793 1755 395207
78400 1568 388359 1755 395641
78500 1568 389087 1755 395913
78600 1569 389828 1756 396172
78700 1570 390259 1757 396741
78800 1571 390981 1760 397019
78900 1573 391451 1761 397549
79000 1576 392062 1762 397938
79100 1579 392559 1764 398441
79200 1579 393022 1764 398978
79300 1579 393442 1765 399558
79400 1579 393978 1765 400022
79500 1579 394273 1766 400727
79600 1579 394793 1766 401207
79700 1579 395219 1766 401781
79800 1582 395713 1768 402287
79900 1583 396306 1768 402694
80000 1585 396827 1770 403173
80100 1585 397335 1771 403665
80200 1585 397874 1772 404126
80300 1585 398451 1772 404549
80400 1586 399057 1773 404943
80500 1588 399652 1774 405348
80600 1591 400125 1777 405875
80700 1591 400660 1777 406340
80800 1592 401363 1777 406637
80900 1592 401902 1779 407098
81000 1594 402401 1780 407599
81100 1596 402866 1781 408134
81200 1599 403326 1784 408674
81300 1601 403939 1784 409061
81400 1602 404502 1784 409498
81500 1602 405092 1784 409908
81600 1602 405434 1784 410566
81700 1607 405763 1786 411237
81800 1608 406242 1788 411758
81900 1609 406789 1788 412211
82000 1612 407285 1789 412715
82100 1614 407798 1789 413202
82200 1614 408301 1790 413699
82300 1616 408966 1791 414034
82400 1617 409393 1793 414607
82500 1618 409882 1794 415118
82600 1619 410509 1794 415491
82700 1620 411040 1796 415960
82800 1620 411556 1798 416444
82900 1623 412051 1799 416949
83000 1623 412617 1799 417383
83100 1623 413118 1799 417882
83200 1625 413799 1800 418201
83300 1626 414457 1800 418543
83400 1628 414975 1801 419025
83500 1629 415463 1803 419537
83600 1630 416180 1804 419820
83700 1632 416678 1807 420322
83800 1632 417350 1809 420650
83900 1633 417924 1811 421076
84000 1636 418368 1813 421632
84100 1636 418867 1817 422133
84200 1636 419406 1818 422594
84300 1636 420146 1819 422854
84400 1636 420632 1819 423368
84500 1636 421119 1821 423881
84600 1636 421626 1822 424374
84700 1637 422256 1822 424744
84800 1637 422561 1823 425439
84900 1637 423097 1823 425903
85000 1637 423569 1823 426431
85100 1637 423950 1824 427050
85200 1637 424533 1825 427467
85300 1638 425121 1825 427879
85400 1639 425683 1825 428317
85500 1640 426199 1826 428801
85600 1640 426782 1826 429218
85700 1640 427313 1826 429687
85800 1640 427820 1828 430180
85900 1641 428398 1828 430602
86000 1641 428899 1828 431101
86100 1642 429406 1829 431594
86200 1642 429669 1831 432331
86300 1645 430181 1831 432819
86400 1646 430749 1831 433251
86500 1646 431224 1832 433776
86600 1649 431734 1833 434266
86700 1650 432128 1833 434872
86800 1650 432773 1836 435227
86900 1651 433295 1836 435705
87000 1652 433792 1838 436208
87100 1652 434286 1839 436714
87200 1654 434558 1839 437442
87300 1654 434909 1839 438091
87400 1654 435453 1839 438547
87500 1656 435829 1839 439171
87600 1658 436327 1839 439673
87700 1659 436804 1841 440196
87800 1659 437178 1843 440822
87900 1659 437641 1843 441359
88000 1661 438119 1843 441881
88100 1663 438803 1843 442197
88200 1664 439297 1844 442703
88300 1664 439727 1845 443273
88400 1664 440229 1847 443771
88500 1666 440741 1849 444259
88600 1666 441301 1849 444699
88700 1667 441958 1849 445042
88800 1669 442451 1851 445549
88900 1669 442809 1851 446191
89000 1669 443216 1851 446784
89100 1669 443740 1851 447260
89200 1671 444280 1851 447720
89300 1671 444820 1853 448180
89400 1674 445382 1855 448618
89500 1675 445789 1855 449211
89600 1677 446103 1855 449897
89700 1679 446477 1857 450523
89800 1681 446949 1858 451051
89900 1683 447516 1860 451484
90000 1685 448223 1860 451777
90100 1686 448698 1861 452302
90200 1687 449186 1862 452814
90300 1693 449681 1865 453319
90400 1694 449965 1865 454035
90500 1696 450371 1865 454629
90600 1697 450900 1867 455100
90700 1699 451400 1867 455600
90800 1700 451829 1867 456171
90900 1700 452258 1867 456742
91000 1703 452764 1869 457236
91100 1705 453124 1872 457876
91200 1710 453623 1874 458377
91300 1711 453984 1877 459016
91400 1712 454527 1877 459473
91500 1712 454882 1879 460118
91600 1712 455398 1881 460602
91700 1712 456037 1881 460963
91800 1713 456442 1881 461558
91900 1714 457060 1881 461940
92000 1715 457550 1883 462450
92100 1717 458096 1885 462904
92200 1718 458539 1887 463461
92300 1718 458858 1887 464142
92400 1720 459323 1887 464677
92500 1722 459776 1889 465224
92600 1722 460115 1889 465885
92700 1722 460561 1889 466439
92800 1724 461070 1890 466930
92900 1724 461507 1890 467493
93000 1724 462034 1891 467966
93100 1724 462636 1891 468364
93200 1724 462995 1891 469005
93300 1724 463395 1892 469605
93400 1724 463827 1892 470173
93500 1724 464323 1894 470677
93600 1724 464819 1894 471181
93700 1724 465315 1895 471685
93800 1726 465676 1896 472324
93900 1726 466150 1897 472850
94000 1726 466770 1899 473230
94100 1726 467232 1901 473768
94200 1728 467768 1902 474232
94300 1728 468038 1903 474962
94400 1730 468353 1904 475647
94500 1730 468916 1904 476084
94600 1730 469592 1904 476408
94700 1730 470150 1909 476850
94800 1731 470652 1913 477348
94900 1736 471141 1914 477859
95000 1737 471632 1917 478368
95100 1738 472334 1917 478666
95200 1739 472808 1917 479192
95300 1740 473336 1918 479664
95400 1744 473799 1918 480201
95500 1745 474473 1919 480527
95600 1746 475024 1920 480976
95700 1746 475368 1923 481632
95800 1747 475896 1923 482104
95900 1747 476368 1923 482632
96000 1748 476915 1923 483085
96100 1748 477387 1924 483613
96200 1749 477890 1924 484110
96300 1749 478176 1924 484824
96400 1752 478665 1924 485335
96500 1752 479173 1924 485827
96600 1756 479556 1925 486444
96700 1757 479927 1926 487073
96800 1759 480454 1926 487546
96900 1761 480909 1929 488091
97000 1761 481353 1930 488647
97100 1761 481836 1930 489164
97200 1761 482356 1930 489644
97300 1762 482999 1931 490001
97400 1762 483605 1932 490395
97500 1763 483994 1933 491006
97600 1763 484509 1933 491491
97700 1763 485103 1934 491897
97800 1764 485602 1935 492398
97900 1767 486132 1935 492868
98000 1768 486866 1935 493134
98100 1768 487354 1935 493646
98200 1769 487859 1937 494141
98300 1769 488354 1939 494646
98400 1771 488968 1943 495032
98500 1771 489488 1944 495512
98600 1773 489957 1945 496043
98700 1775 490452 1945 496548
98800 1776 490930 1946 497070
98900 1776 491451 1949 497549
99000 1778 491942 1950 498058
99100 1778 492352 1951 498648
99200 1780 492852 1951 499148
99300 1781 493321 1953 499679
99400 1782 493711 1953 500289
99500 1785 494093 1954 500907
99600 1787 494586 1956 501414
99700 1787 494988 1956 502012
99800 1787 495447 1959 502553
99900 1789 496052 1960 502948
100000 1789 496712 1961 503288
100100 1791 497440 1963 503560
100200 1792 497897 1964 504103
100300 1793 498346 1966 504654
100400 1793 498841 1969 505159
100500 1793 499430 1971 505570
100600 1795 499777 1973 506223
100700 1796 500284 1974 506716
100800 1798 500745 1975 507255
100900 1798 501319 1975 507681
101000 1799 501760 1975 508240
101100 1799 502376 1975 508624
101200 1801 502774 1975 509226
101300 1802 503302 1975 509698
101400 1803 503598 1976 510402
101500 1803 503959 1976 511041
101600 1804 504394 1978 511606
101700 1807 504869 1980 512131
101800 1807 505366 1981 512634
101900 1808 505926 1982 513074
102000 1808 506423 1982 513577
102100 1809 506917 1982 514083
102200 1809 507583 1982 514417
102300 1813 508039 1984 514961
102400 1816 508414 1987 515586
102500 1817 508836 1987 516164
102600 1817 509317 1987 516683
102700 1817 509677 1988 517323
102800 1818 510136 1989 517864
102900 1818 510769 1990 518231
103000 1818 511267 1990 518733
103100 1818 511746 1992 519254
103200 1818 512171 1993 519829
103300 1819 512726 1996 520274
103400 1820 513287 1997 520713
103500 1820 513777 1997 521223
103600 1821 514429 1998 521571
103700 1821 514979 1998 522021
103800 1822 515479 1998 522521
103900 1822 515868 2000 523132
104000 1823 516397 2000 523603
104100 1826 517090 2001 523910
104200 1827 517460 2001 524540
104300 1827 517965 2001 525035
104400 1828 518470 2001 525530
104500 1828 518946 2001 526054
104600 1828 519259 2002 526741
104700 1829 519762 2002 527238
104800 1830 520209 2002 527791
104900 1830 520669 2002 528331
105000 1830 521070 2004 528930
105100 1831 521538 2004 529462
105200 1832 522034 2005 529966
105300 1832 522492 2007 530508
105400 1832 522990 2007 531010
105500 1833 523256 2007 531744
105600 1834 523735 2007 532265
105700 1835 524177 2007 532823
105800 1835 524729 2008 533271
105900 1836 525419 2008 533581
106000 1836 525975 2008 534025
106100 1837 526721 2010 534279
106200 1839 527318 2010 534682
106300 1839 527914 2010 535086
106400 1840 528334 2013 535666
106500 1841 528781 2015 536219
106600 1841 529349 2015 536651
106700 1841 529934 2015 537066
106800 1843 530424 2017 537576
106900 1843 531032 2019 537968
107000 1843 531599 2019 538401
107100 1844 532106 2021 538894
107200 1849 532544 2022 539456
107300 1849 532997 2026 540003
107400 1849 533585 2027 540415
107500 1851 534198 2028 540802
107600 1851 534716 2028 541284
107700 1852 535235 2030 541765
107800 1852 535850 2032 542150
107900 1852 536315 2033 542685
108000 1853 536806 2034 543194
108100 1854 537207 2036 543793
108200 1854 537698 2037 544302
108300 1856 538206 2038 544794
108400 1856 538538 2038 545462
108500 1857 538914 2040 546086
108600 1857 539384 2040 546616
108700 1858 539864 2040 547136
108800 1859 540356 2041 547644
108900 1859 540840 2042 548160
109000 1863 541337 2042 548663
109100 1865 541914 2043 549086
109200 1868 542421 2044 549579
109300 1868 542938 2045 550062
109400 1870 543592 2049 550408
109500 1870 544083 2049 550917
109600 1873 544581 2051 551419
109700 1875 545099 2051 551901
109800 1876 545596 2052 552404
109900 1876 546107 2052 552893
110000 1877 546648 2053 553352
110100 1877 546949 2053 554051
110200 1878 547487 2054 554513
110300 1880 547993 2054 555007
110400 1881 548712 2054 555288
110500 1887 549191 2058 555809
110600 1887 549670 2058 556330
110700 1890 550194 2062 556806
110800 1892 550852 2065 557148
110900 1893 551376 2066 557624
111000 1894 551857 2066 558143
111100 1894 552341 2066 558659
111200 1895 552773 2067 559227
111300 1895 553286 2067 559714
111400 1896 553838 2070 560162
111500 1898 554387 2071 560613
111600 1899 554735 2072 561265
111700 1900 555184 2072 561816
111800 1903 555536 2072 562464
111900 1904 555868 2073 563132
112000 1905 556337 2073 563663
112100 1908 557070 2073 563930
112200 1908 557507 2073 564493
112300 1908 558002 2076 564998
112400 1908 558265 2076 565735
112500 1909 558828 2077 566172
112600 1910 559423 2078 566577
112700 1910 559967 2078 567033
112800 1910 560405 2078 567595
112900 1911 560907 2079 568093
113000 1911 561319 2079 568681
113100 1916 561835 2081 569165
113200 1916 562356 2081 569644
113300 1917 562750 2082 570250
113400 1918 563492 2083 570508
113500 1919 564021 2084 570979
113600 1919 564431 2085 571569
113700 1921 564805 2086 572195
113800 1922 565362 2087 572638
113900 1922 565732 2087 573268
114000 1923 566271 2087 573729
114100 1924 566769 2089 574231
114200 1925 567303 2091 574697
114300 1926 567767 2093 575233
114400 1927 568264 2093 575736
114500 1929 568781 2093 576219
114600 1929 569042 2094 576958
114700 1930 569675 2094 577325
114800 1931 570282 2095 577718
114900 1933 570827 2095 578173
115000 1933 571366 2095 578634
115100 1933 571791 2097 579209
115200 1934 572318 2097 579682
115300 1936 572947 2099 580053
115400 1936 573354 2100 580646
115500 1937 573684 2102 581316
115600 1940 574328 2103 581672
115700 1940 574874 2103 582126
115800 1941 575235 2104 582765
115900 1941 575668 2104 583332
116000 1942 576256 2104 583744
116100 1944 576961 2104 584039
116200 1944 577242 2108 584758
116300 1944 577572 2110 585428
116400 1945 578141 2111 585859
116500 1948 578735 2112 586265
116600 1951 579405 2114 586595
116700 1952 579897 2119 587103
116800 1953 580425 2119 587575
116900 1954 580920 2124 588080
117000 1958 581416 2124 588584
117100 1960 581977 2124 589023
117200 1963 582460 2124 589540
117300 1963 582955 2124 590045
117400 1964 583453 2125 590547
117500 1965 583953 2127 591047
117600 1966 584342 2129 591658
117700 1967 584794 2129 592206
117800 1968 585339 2129 592661
117900 1972 585704 2129 593296
118000 1974 586344 2129 593656
118100 1976 586849 2132 594151
118200 1976 587494 2135 594506
118300 1977 588082 2136 594918
118400 1977 588548 2136 595452
118500 1978 589014 2137 595986
118600 1978 589345 2137 596655
118700 1979 589830 2137 597170
118800 1980 590320 2138 597680
118900 1982 590633 2139 598367
119000 1985 591135 2139 598865
119100 1987 591700 2141 599300
119200 1988 592227 2141 599773
119300 1988 592664 2141 600336
119400 1988 593083 2141 600917
119500 1989 593696 2141 601304
119600 1990 594261 2143 601739
119700 1991 594529 2144 602471
119800 1991 594937 2146 603063
119900 1991 595576 2146 603424
120000 1991 596070 2146 603930
120100 1991 596456 2147 604544
120200 1991 596977 2148 605023
120300 1992 597568 2148 605432
120400 1993 598066 2148 605934
120500 1994 598555 2149 606445
120600 1995 598880 2149 607120
120700 1995 599580 2149 607420
120800 1997 600169 2149 607831
120900 2000 600655 2149 608345
121000 2000 601104 2151 608896
121100 2003 601675 2151 609325
121200 2004 602087 2151 609913
121300 2004 602585 2152 610415
121400 2004 603030 2153 610970
121500 2005 603572 2153 611428
121600 2005 604074 2154 611926
121700 2005 604554 2155 612446
121800 2006 605008 2156 612992
121900 2006 605470 2156 613530
122000 2008 606147 2159 613853
122100 2009 606655 2159 614345
122200 2011 607123 2160 614877
122300 2012 607548 2161 615452
122400 2013 608065 2164 615935
122500 2015 608557 2164 616443
122600 2016 608982 2164 617018
122700 2016 609395 2166 617605
122800 2016 609944 2167 618056
122900 2018 610494 2167 618506
123000 2019 611019 2167 618981
123100 2020 611611 2168 619389
123200 2022 612097 2168 619903
123300 2023 612538 2169 620462
123400 2023 613050 2171 620950
123500 2024 613367 2173 621633
123600 2024 613804 2173 622196
123700 2026 614356 2173 622644
123800 2026 614758 2175 623242
123900 2029 615257 2176 623743
124000 2032 615756 2176 624244
124100 2032 616265 2178 624735
124200 2032 616723 2178 625277
124300 2032 617200 2179 625800
124400 2032 617780 2181 626220
124500 2033 618314 2182 626686
124600 2037 619052 2184 626948
124700 2037 619382 2186 627618
124800 2040 619877 2188 628123
124900 2042 620250 2189 628750
125000 2044 620670 2190 629330
125100 2044 621044 2190 629956
125200 2044 621515 2195 630485
125300 2045 622036 2198 630964
125400 2049 622439 2198 631561
125500 2050 622935 2198 632065
125600 2050 623455 2201 632545
125700 2051 624034 2202 632966
125800 2052 624397 2202 633603
125900 2053 624698 2204 634302
126000 2053 625207 2204 634793
126100 2054 625576 2206 635424
126200 2056 626124 2206 635876
126300 2057 626799 2207 636201
126400 2057 627338 2208 636662
126500 2058 627750 2209 637250
126600 2058 628260 2211 637740
126700 2059 628637 2212 638363
126800 2060 629105 2213 638895
126900 2062 629578 2213 639422
127000 2062 630122 2214 639878
127100 2062 630385 2216 640615
127200 2065 630880 2217 641120
127300 2066 631176 2220 641824
127400 2066 631745 2220 642255
127500 2067 632188 2222 642812
127600 2068 632656 2225 643344
127700 2068 633041 2225 643959
127800 2068 633540 2225 644460
127900 2071 634048 2228 644952
128000 2072 634462 2230 645538
128100 2074 634974 2230 646026
128200 2074 635482 2230 646518
128300 2075 636095 2233 646905
128400 2076 636696 2236 647304
128500 2077 637365 2238 647635
128600 2079 637782 2238 648218
128700 2080 638282 2239 648718
128800 2080 638602 2239 649398
128900 2080 639088 2239 649912
129000 2080 639560 2240 650440
129100 2080 640005 2240 650995
129200 2082 640723 2241 651277
129300 2083 641159 2243 651841
129400 2084 641561 2246 652439
129500 2085 641897 2247 653103
129600 2085 642452 2251 653548
129700 2085 643028 2253 653972
129800 2086 643499 2253 654501
129900 2087 644195 2254 654805
130000 2088 644901 2256 655099
130100 2088 645519 2257 655481
130200 2090 646033 2257 655967
130300 2090 646363 2258 656637
130400 2090 646991 2258 657009
130500 2093 647509 2260 657491
130600 2095 647997 2260 658003
130700 2098 648463 2260 658537
130800 2098 648951 2260 659049
130900 2098 649448 2262 659552
131000 2098 650020 2265 659980
131100 2098 650516 2266 660484
131200 2098 651050 2267 660950
131300 2098 651552 2267 661448
131400 2099 652047 2271 661953
131500 2103 652757 2274 662243
131600 2103 653362 2275 662638
131700 2104 653989 2275 663011
131800 2104 654603 2275 663397
131900 2105 655073 2275 663927
132000 2108 655811 2276 664189
132100 2108 656361 2277 664639
132200 2110 656890 2278 665110
132300 2111 657270 2281 665730
132400 2111 657780 2281 666220
132500 2112 658334 2284 666666
132600 2112 658799 2284 667201
132700 2113 659301 2284 667699
132800 2113 659861 2284 668139
132900 2114 660287 2284 668713
133000 2115 661006 2284 668994
133100 2115 661732 2285 669268
133200 2116 662117 2287 669883
133300 2118 662613 2289 670387
133400 2119 663278 2290 670722
133500 2119 663798 2290 671202
133600 2120 664373 2291 671627
133700 2122 664866 2292 672134
133800 2125 665377 2293 672623
133900 2126 665825 2293 673175
134000 2126 666225 2293 673775
134100 2127 666697 2294 674303
134200 2128 667117 2298 674883
134300 2130 667539 2301 675461
134400 2131 668092 2302 675908
134500 2131 668577 2303 676423
134600 2133 669314 2304 676686
134700 2138 670001 2305 676999
134800 2139 670499 2305 677501
134900 2141 671030 2306 677970
135000 2142 671521 2307 678479
135100 2144 672241 2308 678759
135200 2147 672604 2309 679396
135300 2149 673090 2310 679910
135400 2152 673621 2310 680379
135500 2152 673903 2310 681097
135600 2154 674232 2310 681768
135700 2155 674741 2310 682259
135800 2157 675248 2314 682752
135900 2158 675778 2315 683222
136000 2159 676310 2315 683690
136100 2159 676869 2316 684131
136200 2161 677416 2317 684584
136300 2162 677977 2318 685023
136400 2164 678491 2320 685509
136500 2165 678985 2321 686015
136600 2165 679473 2321 686527
136700 2165 679975 2321 687025
136800 2165 680260 2324 687740
136900 2165 680712 2324 688288
137000 2165 681375 2325 688625
137100 2166 681825 2325 689175
137200 2167 682337 2325 689663
137300 2167 682720 2326 690280
137400 2168 683071 2326 690929
137500 2169 683646 2326 691354
137600 2169 684142 2327 691858
137700 2169 684655 2330 692345
137800 2169 685292 2331 692708
137900 2170 685770 2333 693230
138000 2170 686267 2333 693733
138100 2172 686856 2334 694144
138200 2172 687330 2334 694670
138300 2172 688045 2335 694955
138400 2173 688609 2335 695391
138500 2175 689025 2337 695975
138600 2177 689522 2337 696478
138700 2178 690019 2338 696981
138800 2179 690589 2339 697411
138900 2181 691267 2339 697733
139000 2181 691929 2340 698071
139100 2181 692430 2340 698570
139200 2181 692865 2343 699135
139300 2184 693389 2345 699611
139400 2187 693943 2346 700057
139500 2188 694446 2347 700554
139600 2189 694922 2350 701078
139700 2191 695512 2352 701488
139800 2193 696160 2354 701840
139900 2193 696826 2354 702174
140000 2195 697573 2354 702427
140100 2200 698077 2355 702923
140200 2200 698714 2355 703286
140300 2200 699228 2355 703772
140400 2201 699792 2356 704208
140500 2202 700280 2356 704720
140600 2202 700809 2356 705191
140700 2204 701432 2356 705568
140800 2205 701797 2358 706203
140900 2205 702237 2359 706763
141000 2207 702547 2360 707453
141100 2207 703218 2362 707782
141200 2207 703785 2363 708215
141300 2209 704406 2363 708594
141400 2209 704770 2363 709230
141500 2211 705518 2365 709482
141600 2213 706018 2365 709982
141700 2214 706403 2365 710597
141800 2216 706908 2366 711092
141900 2216 707457 2366 711543
142000 2217 707898 2367 712102
142100 2217 708408 2370 712592
142200 2218 708947 2370 713053
142300 2218 709447 2371 713553
142400 2218 710042 2371 713958
142500 2218 710633 2372 714367
142600 2220 711163 2374 714837
142700 2221 711439 2374 715561
142800 2224 711719 2375 716281
142900 2226 712139 2376 716861
143000 2227 712597 2376 717403
143100 2228 713010 2377 717990
143200 2231 713525 2379 718475
143300 2234 714117 2379 718883
143400 2234 714378 2380 719622
143500 2235 714818 2383 720182
143600 2235 715305 2384 720695
143700 2235 715812 2385 721188
143800 2235 716363 2385 721637
143900 2235 716834 2386 722166
144000 2235 717388 2388 722612
144100 2238 717859 2389 723141
144200 2238 718245 2389 723755
144300 2239 718777 2390 724223
144400 2240 719328 2391 724672
144500 2240 719837 2392 725163
144600 2241 720084 2392 725916
144700 2243 720378 2392 726622
144800 2243 720892 2395 727108
144900 2243 721388 2398 727612
145000 2243 721647 2398 728353
145100 2244 722006 2398 728994
145200 2244 722663 2398 729337
145300 2245 723236 2400 729764
145400 2248 723741 2400 730259
145500 2250 724193 2401 730807
145600 2251 724879 2401 731121
145700 2251 725431 2401 731569
145800 2251 725944 2402 732056
145900 2251 726689 2403 732311
146000 2251 727209 2405 732791
146100 2252 727499 2408 733501
146200 2252 727745 2409 734255
146300 2253 728073 2410 734927
146400 2253 728575 2410 735425
146500 2254 729185 2412 735815
146600 2255 729660 2414 736340
146700 2255 730117 2415 736883
146800 2257 730626 2415 737374
146900 2257 731147 2415 737853
147000 2257 731510 2415 738490
147100 2257 732029 2416 738971
147200 2257 732521 2417 739479
147300 2257 732952 2418 740048
147400 2257 733332 2419 740668
147500 2258 733762 2420 741238
147600 2259 734046 2421 741954
147700 2259 734525 2421 742475
147800 2259 735048 2421 742952
147900 2260 735546 2421 743454
148000 2261 736170 2421 743830
148100 2261 736783 2424 744217
148200 2262 737044 2425 744956
148300 2262 737492 2425 745508
148400 2262 737813 2427 746187
148500 2263 738316 2430 746684
148600 2263 738799 2430 747201
148700 2266 739321 2430 747679
148800 2266 740039 2431 747961
148900 2266 740476 2431 748524
149000 2267 741181 2431 748819
149100 2270 741880 2434 749120
149200 2274 742562 2437 749438
149300 2274 743077 2438 749923
149400 2275 743562 2439 750438
149500 2276 744059 2439 750941
149600 2279 744560 2440 751440
149700 2280 744939 2442 752061
149800 2281 745465 2442 752535
149900 2282 745958 2442 753042
150000 2284 746455 2443 753545
150100 2287 746887 2444 754113
150200 2288 747357 2446 754643
150300 2288 747786 2447 755214
150400 2289 748510 2447 755490
150500 2289 748915 2447 756085
150600 2294 749392 2449 756608
150700 2296 750045 2451 756955
150800 2296 750460 2451 757540
150900 2296 751100 2451 757900
151000 2297 751557 2451 758443
151100 2300 752016 2451 758984
151200 2300 752493 2452 759507
151300 2300 752994 2452 760006
151400 2300 753590 2454 760410
151500 2301 754080 2455 760920
151600 2302 754496 2456 761504
151700 2303 754854 2457 762146
151800 2303 755496 2457 762504
151900 2304 755994 2458 763006
152000 2305 756423 2459 763577
152100 2306 756923 2461 764077
152200 2307 757522 2461 764478
152300 2309 758270 2461 764730
152400 2313 758739 2463 765261
152500 2314 759287 2464 765713
152600 2314 759784 2464 766216
152700 2314 760186 2465 766814
152800 2314 760714 2466 767286
152900 2314 761197 2466 767803
153000 2317 761885 2466 768115
153100 2318 762461 2468 768539
153200 2318 762743 2468 769257
153300 2321 763005 2468 769995
153400 2321 763607 2470 770393
153500 2321 764188 2471 770812
153600 2322 764703 2474 771297
153700 2322 765328 2474 771672
153800 2323 765756 2474 772244
153900 2325 766242 2474 772758
154000 2325 766700 2475 773300
154100 2325 767108 2475 773892
154200 2325 767503 2475 774497
154300 2325 767834 2475 775166
154400 2326 768497 2476 775503
154500 2326 768951 2478 776049
154600 2326 769465 2479 776535
154700 2327 769761 2480 777239
154800 2328 770213 2480 777787
154900 2328 770803 2480 778197
155000 2329 771272 2480 778728
155100 2331 771750 2480 779250
155200 2331 772246 2481 779754
155300 2333 772741 2483 780259
155400 2333 773270 2483 780730
155500 2333 773751 2485 781249
155600 2335 774278 2490 781722
155700 2335 774615 2490 782385
155800 2336 775097 2490 782903
155900 2336 775593 2490 783407
156000 2340 776088 2491 783912
156100 2343 776607 2493 784393
156200 2343 777048 2494 784952
156300 2344 777527 2494 785473
156400 2345 777901 2494 786099
156500 2345 778349 2494 786651
156600 2348 778846 2500 787154
156700 2349 779553 2500 787447
156800 2350 780032 2500 787968
156900 2350 780594 2501 788406
157000 2350 781202 2502 788798
157100 2351 781751 2502 789249
157200 2355 782278 2504 789722
157300 2355 782796 2504 790204
157400 2359 783266 2505 790734
157500 2359 783739 2506 791261
157600 2361 784213 2507 791787
157700 2362 784697 2507 792303
157800 2363 785191 2508 792809
157900 2365 785689 2509 793311
158000 2365 786178 2510 793822
158100 2365 786701 2510 794299
158200 2365 787217 2511 794783
158300 2367 787790 2511 795210
158400 2367 788247 2511 795753
158500 2367 788885 2512 796115
158600 2367 789389 2512 796611
158700 2371 789996 2517 797004
158800 2372 790492 2518 797508
158900 2374 790923 2520 798077
159000 2375 791421 2522 798579
159100 2375 791962 2522 799038
159200 2376 792709 2522 799291
159300 2377 793208 2524 799792
159400 2379 793709 2524 800291
159500 2379 794176 2524 800824
159600 2379 794697 2526 801303
159700 2380 795265 2527 801735
159800 2380 795776 2529 802224
159900 2380 796520 2529 802480
160000 2381 797159 2530 802841
160100 2382 797887 2532 803113
160200 2383 798339 2533 803661
160300 2383 799082 2533 803918
160400 2385 799609 2535 804391
160500 2386 800332 2535 804668
160600 2388 800591 2537 805409
160700 2389 801037 2537 805963
160800 2392 801485 2540 806515
160900 2392 802028 2541 806972
161000 2393 802519 2542 807481
161100 2395 803214 2542 807786
161200 2398 803713 2543 808287
161300 2398 804261 2545 808739
161400 2398 804610 2546 809390
161500 2398 805130 2547 809870
161600 2399 805534 2548 810466
161700 2399 806069 2548 810931
161800 2399 806697 2548 811303
161900 2402 807354 2550 811646
162000 2405 807736 2553 812264
162100 2406 808181 2553 812819
162200 2406 808746 2554 813254
162300 2409 809271 2556 813729
162400 2409 809965 2556 814035
162500 2410 810283 2557 814717
162600 2410 810915 2558 815085
162700 2411 811557 2558 815443
162800 2414 812172 2558 815828
162900 2415 812645 2559 816355
163000 2416 813151 2562 816849
163100 2419 813687 2563 817313
163200 2419 813981 2563 818019
163300 2422 814371 2563 818629
163400 2423 814997 2563 819003
163500 2424 815251 2564 819749
163600 2424 815558 2565 820442
163700 2426 815972 2566 821028
163800 2426 816506 2566 821494
163900 2427 816906 2568 822094
164000 2428 817406 2570 822594
164100 2430 817909 2571 823091
164200 2431 818425 2571 823575
164300 2432 818975 2575 824025
164400 2433 819226 2576 824774
164500 2436 819543 2576 825457
164600 2437 819935 2576 826065
164700 2438 820455 2577 826545
164800 2440 820872 2578 827128
164900 2441 821297 2578 827703
165000 2442 821792 2578 828208
165100 2444 822407 2579 828593
165200 2444 822925 2580 829075
165300 2444 823473 2582 829527
165400 2444 823896 2582 830104
165500 2445 824372 2584 830628
165600 2445 824779 2584 831221
165700 2448 825275 2584 831725
165800 2448 825681 2586 832319
165900 2448 826203 2587 832797
166000 2449 826701 2588 833299
166100 2450 827192 2592 833808
166200 2451 827485 2593 834515
166300 2451 827815 2593 835185
166400 2453 828213 2593 835787
166500 2455 828710 2596 836290
166600 2455 828955 2597 837045
166700 2458 829208 2599 837792
166800 2459 829928 2602 838072
166900 2460 830483 2603 838517
167000 2463 830957 2604 839043
167100 2464 831418 2604 839582
167200 2466 831891 2605 840109
167300 2467 832573 2605 840427
167400 2469 832882 2605 841118
167500 2469 833349 2605 841651
167600 2469 833735 2606 842265
167700 2470 834280 2606 842720
167800 2471 834864 2607 843136
167900 2472 835581 2607 843419
168000 2473 835989 2607 844011
168100 2473 836474 2608 844526
168200 2477 837101 2610 844899
168300 2478 837676 2610 845324
168400 2478 838107 2610 845893
168500 2478 838679 2613 846321
168600 2481 839227 2615 846773
168700 2484 839671 2617 847329
168800 2486 840168 2618 847832
168900 2490 840668 2622 848332
169000 2490 841226 2622 848774
169100 2490 841730 2624 849270
169200 2491 842065 2626 849935
169300 2494 842601 2631 850399
169400 2495 843097 2635 850903
169500 2497 843546 2637 851454
169600 2498 844115 2638 851885
169700 2500 844607 2639 852393
169800 2500 845286 2639 852714
169900 2501 845910 2639 853090
170000 2502 846486 2639 853514
170100 2503 846982 2641 854018
170200 2504 847493 2642 854507
170300 2505 848081 2642 854919
170400 2506 848494 2643 855506
170500 2507 849176 2644 855824
170600 2508 849459 2646 856541
170700 2508 849982 2646 857018
170800 2510 850535 2646 857465
170900 2511 851034 2648 857966
171000 2511 851520 2649 858480
171100 2511 851985 2649 859015
171200 2513 852594 2649 859406
171300 2513 853073 2652 859927
171400 2515 853610 2652 860390
171500 2515 854102 2652 860898
171600 2517 854693 2655 861307
171700 2518 855289 2656 861711
171800 2519 855974 2656 862026
171900 2519 856567 2656 862433
172000 2519 856979 2657 863021
172100 2520 857437 2658 863563
172200 2523 857942 2660 864058
172300 2523 858519 2661 864481
172400 2524 859027 2662 864973
172500 2526 859342 2663 865658
172600 2526 860001 2664 865999
172700 2526 860696 2664 866304
172800 2528 861192 2665 866808
172900 2529 861825 2665 867175
173000 2529 862275 2667 867725
173100 2532 862823 2667 868177
173200 2534 863329 2667 868671
173300 2534 863797 2668 869203
173400 2534 864154 2669 869846
173500 2535 864658 2670 870342
173600 2536 865297 2671 870703
173700 2536 865855 2671 871145
173800 2536 866299 2671 871701
173900 2537 866789 2674 872211
174000 2537 867287 2676 872713
174100 2537 867735 2677 873265
174200 2539 868293 2678 873707
174300 2540 868849 2679 874151
174400 2542 869345 2684 874655
174500 2543 869693 2685 875307
174600 2546 870192 2687 875808
174700 2547 870840 2688 876160
174800 2547 871092 2688 876908
174900 2548 871576 2689 877424
175000 2548 872185 2689 877815
175100 2549 872660 2690 878340
175200 2552 873205 2691 878795
175300 2553 873663 2692 879337
175400 2555 874225 2694 879775
175500 2555 874930 2694 880070
175600 2557 875427 2697 880573
175700 2558 875935 2697 881065
175800 2559 876422 2697 881578
175900 2559 876972 2698 882028
176000 2559 877429 2699 882571
176100 2559 877918 2699 883082
176200 2559 878356 2702 883644
176300 2561 878814 2702 884186
176400 2561 879193 2703 884807
176500 2561 879728 2704 885272
176600 2563 880252 2705 885748
176700 2563 880832 2705 886168
176800 2565 881178 2705 886822
176900 2566 881686 2706 887314
177000 2568 882201 2706 887799
177100 2568 882730 2708 888270
177200 2569 883269 2709 888731
177300 2571 883604 2709 889396
177400 2571 884054 2709 889946
177500 2572 884327 2709 890673
177600 2572 884970 2709 891030
177700 2574 885535 2709 891465
177800 2574 886136 2710 891864
177900 2574 886631 2710 892369
178000 2575 887263 2710 892737
178100 2577 887761 2710 893239
178200 2579 888228 2710 893772
178300 2581 888855 2712 894145
178400 2581 889438 2712 894562
178500 2581 889921 2712 895079
178600 2581 890500 2712 895500
178700 2582 891003 2712 895997
178800 2583 891503 2713 896497
178900 2588 892006 2714 896994
179000 2590 892590 2715 897410
179100 2590 893102 2717 897898
179200 2594 893591 2719 898409
179300 2595 893937 2720 899063
179400 2595 894385 2721 899615
179500 2595 894746 2722 900254
179600 2595 895222 2722 900778
179700 2596 895737 2722 901263
179800 2599 896332 2724 901668
179900 2602 896831 2725 902169
180000 2603 897258 2725 902742
180100 2605 897746 2726 903254
180200 2608 898203 2726 903797
180300 2609 898700 2726 904300
180400 2609 899246 2726 904754
180500 2609 899953 2728 905047
180600 2611 900496 2728 905504
180700 2612 900836 2729 906164
180800 2613 901334 2729 906666
180900 2613 901856 2730 907144
181000 2613 902167 2732 907833
181100 2613 902695 2732 908305
181200 2614 903235 2733 908765
181300 2616 903761 2734 909239
181400 2616 904413 2736 909587
181500 2617 905012 2738 909988
181600 2617 905489 2738 910511
181700 2617 905880 2740 911120
181800 2619 906309 2741 911691
181900 2619 906851 2744 912149
182000 2619 907162 2747 912838
182100 2622 907881 2750 913119
182200 2624 908455 2751 913545
182300 2624 908746 2753 914254
182400 2624 909276 2753 914724
182500 2625 909845 2754 915155
182600 2626 910345 2756 915655
182700 2626 910878 2757 916122
182800 2626 911405 2758 916595
182900 2627 911896 2759 917104
183000 2627 912417 2760 917583
183100 2628 912975 2762 918025
183200 2631 913442 2763 918558
183300 2632 914190 2764 918810
183400 2633 914683 2764 919317
183500 2634 915272 2764 919728
183600 2634 915727 2764 920273
183700 2635 916188 2766 920812
183800 2636 916651 2768 921349
183900 2637 917137 2768 921863
184000 2638 917669 2769 922331
184100 2641 918163 2770 922837
184200 2641 918570 2772 923430
184300 2647 919064 2773 923936
184400 2648 919562 2775 924438
184500 2650 919828 2776 925172
184600 2651 920223 2777 925777
184700 2652 920707 2777 926293
184800 2653 921215 2779 926785
184900 2655 921535 2780 927465
185000 2655 922051 2781 927949
185100 2655 922474 2782 928526
185200 2655 922817 2784 929183
185300 2657 923316 2786 929684
185400 2657 924028 2787 929972
185500 2657 924355 2787 930645
185600 2658 925017 2788 930983
185700 2658 925513 2788 931487
185800 2659 926018 2789 931982
185900 2661 926596 2791 932404
186000 2662 927149 2791 932851
186100 2664 927613 2793 933387
186200 2664 928114 2793 933886
186300 2665 928607 2794 934393
186400 2667 929009 2796 934991
186500 2670 929359 2796 935641
186600 2671 929925 2798 936075
186700 2671 930183 2798 936817
186800 2672 930763 2798 937237
186900 2672 931305 2798 937695
187000 2674 931993 2799 938007
187100 2674 932286 2799 938714
187200 2675 932659 2801 939341
187300 2676 933270 2802 939730
187400 2676 933729 2802 940271
187500 2677 934163 2803 940837
187600 2678 934653 2804 941347
187700 2680 935144 2808 941856
187800 2680 935613 2809 942387
187900 2683 936129 2812 942871
188000 2684 936601 2812 943399
188100 2684 937142 2814 943858
188200 2686 937615 2815 944385
188300 2687 938187 2817 944813
188400 2688 938575 2817 945425
188500 2690 938898 2817 946102
188600 2690 939151 2819 946849
188700 2690 939511 2819 947489
188800 2690 940205 2820 947795
188900 2690 940692 2820 948308
189000 2691 940985 2820 949015
189100 2693 941423 2821 949577
189200 2693 941790 2821 950210
189300 2694 942314 2821 950686
189400 2695 942871 2822 951129
189500 2695 943325 2822 951675
189600 2695 943831 2823 952169
189700 2695 944343 2823 952657
189800 2696 944802 2823 953198
189900 2696 945325 2823 953675
190000 2696 945806 2823 954194
190100 2699 946462 2823 954538
190200 2700 947053 2825 954947
190300 2702 947344 2828 955656
190400 2705 947977 2829 956023
190500 2705 948461 2829 956539
190600 2706 949126 2829 956874
190700 2706 949679 2829 957321
190800 2710 950118 2830 957882
190900 2712 950805 2831 958195
191000 2712 951411 2832 958589
191100 2713 951865 2833 959135
191200 2713 952300 2833 959700
191300 2714 952784 2835 960216
191400 2722 953100 2839 960900
191500 2725 953606 2839 961394
191600 2725 954103 2843 961897
191700 2727 954600 2843 962400
191800 2728 954880 2843 963120
191900 2730 955274 2847 963726
192000 2730 955829 2847 964171
192100 2730 956339 2848 964661
192200 2734 956860 2849 965140
192300 2734 957295 2852 965705
192400 2736 957768 2853 966232
192500 2737 958243 2854 966757
192600 2738 958817 2855 967183
192700 2738 959301 2855 967699
192800 2740 959797 2858 968203
192900 2741 960285 2860 968715
193000 2742 960775 2861 969225
193100 2744 961280 2861 969720
193200 2744 961775 2861 970225
193300 2744 962148 2861 970852
193400 2744 962730 2861 971270
193500 2747 963203 2862 971797
193600 2748 963715 2862 972285
193700 2749 964191 2862 972809
193800 2750 964694 2864 973306
193900 2752 965142 2865 973858
194000 2754 965667 2866 974333
194100 2755 966379 2866 974621
194200 2757 966753 2866 975247
194300 2759 967253 2867 975747
194400 2760 967745 2867 976255
194500 2760 968215 2867 976785
194600 2760 968766 2868 977234
194700 2765 969264 2870 977736
194800 2766 969875 2871 978125
194900 2766 970450 2871 978550
195000 2766 970940 2873 979060
195100 2767 971292 2874 979708
195200 2768 971791 2876 980209
195300 2769 972248 2878 980752
195400 2769 972735 2878 981265
195500 2769 973228 2879 981772
195600 2769 973718 2879 982282
195700 2771 974203 2879 982797
195800 2772 974775 2880 983225
195900 2773 975228 2882 983772
196000 2773 975753 2882 984247
196100 2774 976260 2883 984740
196200 2774 976777 2885 985223
196300 2774 977218 2885 985782
196400 2775 977799 2886 986201
196500 2776 978308 2887 986692
196600 2777 978868 2888 987132
196700 2778 979344 2889 987656
196800 2779 979838 2889 988162
196900 2780 980444 2889 988556
197000 2780 980938 2892 989062
197100 2781 981460 2894 989540
197200 2782 982043 2897 989957
197300 2782 982581 2898 990419
197400 2784 983105 2899 990895
197500 2785 983489 2900 991511
197600 2785 984005 2903 991995
197700 2785 984634 2905 992366
197800 2788 985175 2907 992825
197900 2788 985619 2908 993381
198000 2788 986044 2908 993956
198100 2789 986539 2909 994461
198200 2789 987051 2910 994949
198300 2793 987577 2911 995423
198400 2793 988100 2911 995900
198500 2794 988606 2911 996394
198600 2794 989236 2914 996764
198700 2795 989804 2914 997196
198800 2797 990490 2915 997510
198900 2797 991056 2916 997944
199000 2798 991596 2916 998404
199100 2798 992041 2916 998959
199200 2798 992755 2916 999245
199300 2800 993191 2917 999809
199400 2801 993578 2917 1000422
199500 2802 994106 2917 1000894
199600 2805 994507 2920 1001493
199700 2806 995000 2921 1002000
199800 2806 995512 2921 1002488
199900 2809 995775 2923 1003225
200000 2809 996182 2924 1003818
