#! FIELDS timestep dup_succ dup_attempts kill_succ kill_attempts
#! SET timestep 0.5
#! SET kernel_bandwidth [0.55 0.55]
#! SET kt 1.0
100 62 195 83 805
200 138 451 185 1549
300 233 779 288 2221
400 319 1237 377 2763
500 384 1753 443 3247
600 429 2272 485 3728
700 453 2757 508 4243
800 472 3222 533 4778
900 489 3599 545 5401
1000 501 4039 557 5961
1100 514 4543 566 6457
1200 520 5061 570 6939
1300 525 5601 574 7399
1400 534 6124 579 7876
1500 541 6634 582 8366
1600 549 7146 589 8854
1700 555 7572 593 9428
1800 557 8019 598 9981
1900 564 8514 607 10486
2000 567 8968 617 11032
2100 574 9443 628 11557
2200 584 9832 636 12168
2300 591 10365 638 12635
2400 595 10786 644 13214
2500 605 11246 650 13754
2600 610 11774 656 14226
2700 619 12239 668 14761
2800 625 12819 671 15181
2900 629 13371 673 15629
3000 641 13849 681 16151
3100 647 14357 685 16643
3200 651 14765 688 17235
3300 653 15168 691 17832
3400 657 15624 699 18376
3500 664 16075 707 18925
3600 669 16464 712 19536
3700 677 16995 717 20005
3800 686 17462 719 20538
3900 689 17993 723 21007
4000 698 18506 730 21494
4100 704 19013 736 21987
4200 710 19568 740 22432
4300 715 20062 751 22938
4400 718 20470 754 23530
4500 725 20894 757 24106
4600 730 21481 762 24519
4700 737 22067 771 24933
4800 746 22605 781 25395
4900 753 22933 784 26067
5000 765 23412 791 26588
5100 780 23874 800 27126
5200 781 24310 806 27690
5300 786 24828 813 28172
5400 792 25361 816 28639
5500 797 25957 827 29043
5600 800 26438 835 29562
5700 811 26942 845 30058
5800 816 27467 854 30533
5900 820 27954 858 31046
6000 828 28404 862 31596
6100 834 28910 867 32090
6200 842 29376 877 32624
6300 848 29860 883 33140
6400 854 30416 891 33584
6500 861 30903 902 34097
6600 866 31421 908 34579
6700 870 31829 912 35171
6800 876 32402 920 35598
6900 886 32902 923 36098
7000 893 33491 931 36509
7100 896 34038 934 36962
7200 901 34493 939 37507
7300 906 34965 946 38035
7400 910 35529 948 38471
7500 917 35981 953 39019
7600 925 36578 957 39422
7700 932 37136 967 39864
7800 938 37614 975 40386
7900 946 38133 978 40867
8000 950 38622 982 41378
8100 956 39045 989 41955
8200 963 39568 994 42432
8300 968 40075 1001 42925
8400 973 40497 1006 43503
8500 978 41037 1012 43963
8600 987 41582 1016 44418
8700 992 42055 1023 44945
8800 999 42570 1028 45430
8900 1004 43024 1031 45976
9000 1006 43516 1034 46484
9100 1012 44003 1039 46997
9200 1020 44456 1045 47544
9300 1025 44946 1051 48054
9400 1030 45493 1057 48507
9500 1036 45930 1067 49070
9600 1051 46394 1076 49606
9700 1057 46907 1081 50093
9800 1061 47452 1084 50548
9900 1066 47983 1089 51017
10000 1072 48585 1096 51415
10100 1079 49144 1100 51856
10200 1086 49700 1108 52300
10300 1095 50216 1115 52784
10400 1102 50741 1129 53259
10500 1112 51293 1132 53707
10600 1124 51769 1136 54231
10700 1127 52297 1141 54703
10800 1131 52805 1148 55195
10900 1138 53314 1163 55686
11000 1144 53707 1170 56293
11100 1156 54120 1176 56880
11200 1161 54665 1184 57335
11300 1162 55083 1188 57917
11400 1165 55611 1197 58389
11500 1169 56178 1208 58822
11600 1174 56775 1216 59225
11700 1183 57200 1220 59800
11800 1185 57621 1223 60379
11900 1186 58077 1225 60923
12000 1189 58644 1231 61356
12100 1196 59147 1234 61853
12200 1200 59796 1236 62204
12300 1209 60163 1240 62837
12400 1216 60627 1248 63373
12500 1218 61134 1252 63866
12600 1223 61609 1256 64391
12700 1231 62112 1260 64888
12800 1234 62604 1263 65396
12900 1240 63020 1273 65980
13000 1243 63581 1284 66419
13100 1247 64113 1289 66887
13200 1258 64597 1296 67403
13300 1261 65101 1301 67899
13400 1269 65553 1311 68447
13500 1276 66038 1314 68962
13600 1281 66562 1323 69438
13700 1288 67116 1329 69884
13800 1295 67662 1338 70338
13900 1303 68182 1348 70818
14000 1308 68680 1352 71320
14100 1311 69074 1360 71926
14200 1319 69504 1374 72496
14300 1325 69981 1381 73019
14400 1336 70473 1388 73527
14500 1342 71144 1395 73856
14600 1347 71726 1403 74274
14700 1349 72151 1407 74849
14800 1353 72546 1412 75454
14900 1360 73059 1421 75941
15000 1365 73525 1432 76475
15100 1380 74012 1443 76988
15200 1390 74584 1452 77416
15300 1399 75102 1458 77898
15400 1406 75569 1466 78431
15500 1411 76008 1470 78992
15600 1420 76468 1482 79532
15700 1425 77003 1488 79997
15800 1429 77541 1491 80459
15900 1436 78056 1497 80944
16000 1444 78482 1501 81518
16100 1450 79074 1511 81926
16200 1453 79521 1516 82479
16300 1455 80063 1519 82937
16400 1458 80534 1522 83466
16500 1461 80991 1524 84009
16600 1465 81402 1534 84598
16700 1470 81827 1542 85173
16800 1476 82279 1547 85721
16900 1483 82846 1552 86154
17000 1484 83355 1557 86645
17100 1490 83918 1563 87082
17200 1495 84427 1568 87573
17300 1505 84888 1571 88112
17400 1512 85360 1579 88640
17500 1519 85871 1587 89129
17600 1524 86328 1594 89672
17700 1527 86815 1603 90185
17800 1533 87375 1609 90625
17900 1541 87880 1618 91120
18000 1546 88429 1623 91571
18100 1550 88873 1628 92127
18200 1553 89446 1631 92554
18300 1559 89896 1635 93104
18400 1566 90348 1641 93652
18500 1573 90835 1649 94165
18600 1580 91280 1658 94720
18700 1589 91712 1666 95288
18800 1595 92198 1672 95802
18900 1601 92740 1676 96260
19000 1604 93140 1677 96860
19100 1607 93602 1683 97398
19200 1612 94128 1688 97872
19300 1617 94552 1696 98448
19400 1622 95103 1706 98897
19500 1626 95499 1708 99501
19600 1629 95988 1712 100012
19700 1638 96535 1722 100465
19800 1647 97022 1731 100978
19900 1655 97450 1738 101550
20000 1660 98002 1744 101998
20100 1672 98534 1754 102466
20200 1682 98917 1761 103083
20300 1690 99393 1769 103607
20400 1693 99977 1774 104023
20500 1707 100498 1781 104502
20600 1715 101048 1790 104952
20700 1721 101545 1798 105455
20800 1731 102079 1804 105921
20900 1734 102602 1812 106398
21000 1743 103016 1818 106984
21100 1754 103530 1823 107470
21200 1762 104040 1833 107960
21300 1771 104519 1838 108481
21400 1779 104977 1844 109023
21500 1785 105435 1853 109565
21600 1786 105947 1859 110053
21700 1791 106408 1867 110592
21800 1802 106940 1868 111060
21900 1809 107366 1875 111634
22000 1812 107797 1884 112203
22100 1823 108239 1889 112761
22200 1827 108791 1895 113209
22300 1834 109275 1899 113725
22400 1841 109802 1907 114198
22500 1850 110347 1909 114653
22600 1859 110835 1918 115165
22700 1866 111216 1924 115784
22800 1872 111670 1928 116330
22900 1884 112131 1935 116869
23000 1888 112634 1937 117366
23100 1896 113118 1946 117882
23200 1906 113487 1948 118513
23300 1909 113956 1952 119044
23400 1924 114460 1963 119540
23500 1934 114904 1973 120096
23600 1941 115340 1980 120660
23700 1949 115854 1986 121146
23800 1954 116391 1998 121609
23900 1962 116876 2008 122124
24000 1974 117416 2012 122584
24100 1984 118000 2022 123000
24200 1988 118506 2027 123494
24300 1994 119036 2034 123964
24400 1996 119486 2037 124514
24500 1998 119989 2045 125011
24600 2003 120484 2049 125516
24700 2013 121000 2053 126000
24800 2023 121458 2063 126542
24900 2028 121888 2065 127112
25000 2034 122402 2071 127598
25100 2040 122875 2073 128125
25200 2047 123357 2077 128643
25300 2059 123872 2091 129128
25400 2062 124383 2098 129617
25500 2065 124829 2101 130171
25600 2074 125371 2106 130629
25700 2081 125869 2116 131131
25800 2090 126374 2119 131626
25900 2099 126863 2123 132137
26000 2103 127349 2131 132651
26100 2107 127847 2139 133153
26200 2112 128391 2143 133609
26300 2118 128876 2157 134124
26400 2123 129480 2168 134520
26500 2131 130002 2170 134998
26600 2139 130448 2175 135552
26700 2148 130942 2181 136058
26800 2153 131455 2185 136545
26900 2164 131950 2192 137050
27000 2170 132483 2195 137517
27100 2176 133025 2201 137975
27200 2181 133525 2205 138475
27300 2187 133996 2211 139004
27400 2192 134573 2220 139427
27500 2196 135066 2228 139934
27600 2204 135519 2236 140481
27700 2213 136051 2246 140949
27800 2218 136612 2249 141388
27900 2223 137155 2253 141845
28000 2231 137570 2259 142430
28100 2240 138083 2265 142917
28200 2246 138603 2271 143397
28300 2249 139145 2274 143855
28400 2259 139646 2278 144354
28500 2264 140170 2284 144830
28600 2269 140733 2294 145267
28700 2279 141254 2298 145746
28800 2286 141824 2305 146176
28900 2293 142404 2311 146596
29000 2306 142881 2314 147119
29100 2314 143304 2316 147696
29200 2316 143741 2318 148259
29300 2323 144219 2327 148781
29400 2328 144770 2333 149230
29500 2335 145275 2338 149725
29600 2338 145745 2346 150255
29700 2344 146223 2358 150777
29800 2349 146760 2364 151240
29900 2351 147351 2370 151649
30000 2354 147782 2374 152218
30100 2357 148360 2378 152640
30200 2364 148895 2381 153105
30300 2371 149401 2390 153599
30400 2376 149907 2392 154093
30500 2386 150466 2403 154534
30600 2403 151039 2408 154961
30700 2410 151557 2416 155443
30800 2413 152040 2421 155960
30900 2420 152578 2430 156422
31000 2423 153059 2434 156941
31100 2426 153611 2439 157389
31200 2434 154131 2448 157869
31300 2438 154670 2452 158330
31400 2440 155197 2457 158803
31500 2442 155630 2462 159370
31600 2452 156177 2467 159823
31700 2459 156640 2477 160360
31800 2466 157113 2481 160887
31900 2469 157595 2485 161405
32000 2477 157980 2492 162020
32100 2485 158412 2504 162588
32200 2489 158930 2508 163070
32300 2497 159390 2511 163610
32400 2500 159925 2518 164075
32500 2504 160435 2525 164565
32600 2508 160946 2531 165054
32700 2513 161364 2534 165636
32800 2518 161818 2540 166182
32900 2521 162262 2549 166738
33000 2530 162766 2551 167234
33100 2537 163236 2556 167764
33200 2545 163713 2567 168287
33300 2556 164155 2577 168845
33400 2562 164655 2584 169345
33500 2572 165073 2592 169927
33600 2582 165583 2598 170417
33700 2587 166067 2605 170933
33800 2592 166540 2610 171460
33900 2601 167078 2618 171922
34000 2603 167616 2622 172384
34100 2605 168128 2635 172872
34200 2614 168582 2639 173418
34300 2622 169104 2649 173896
34400 2628 169553 2654 174447
34500 2631 170102 2664 174898
34600 2638 170632 2665 175368
34700 2642 171044 2670 175956
34800 2647 171554 2674 176446
34900 2652 172040 2678 176960
35000 2658 172435 2682 177565
35100 2662 172858 2687 178142
35200 2665 173318 2696 178682
35300 2668 173759 2704 179241
35400 2674 174236 2712 179764
35500 2682 174783 2718 180217
35600 2687 175322 2723 180678
35700 2695 175801 2733 181199
35800 2701 176276 2740 181724
35900 2710 176739 2744 182261
36000 2712 177223 2751 182777
36100 2714 177686 2753 183314
36200 2721 178164 2757 183836
36300 2723 178691 2763 184309
36400 2726 179095 2768 184905
36500 2738 179547 2773 185453
36600 2741 180043 2776 185957
36700 2747 180553 2781 186447
36800 2755 181030 2790 186970
36900 2763 181471 2799 187529
37000 2768 181944 2807 188056
37100 2783 182444 2818 188556
37200 2788 182899 2824 189101
37300 2789 183391 2827 189609
37400 2793 183931 2837 190069
37500 2797 184378 2844 190622
37600 2802 184865 2847 191135
37700 2810 185355 2853 191645
37800 2815 185888 2858 192112
37900 2817 186475 2861 192525
38000 2818 186910 2869 193090
38100 2822 187323 2874 193677
38200 2829 187691 2879 194309
38300 2840 188191 2885 194809
38400 2848 188675 2896 195325
38500 2856 189158 2902 195842
38600 2859 189649 2911 196351
38700 2866 190207 2919 196793
38800 2870 190759 2923 197241
38900 2876 191402 2930 197598
39000 2883 191825 2933 198175
39100 2894 192361 2940 198639
39200 2903 192833 2944 199167
39300 2914 193265 2950 199735
39400 2919 193627 2959 200373
39500 2926 194055 2968 200945
39600 2931 194579 2970 201421
39700 2938 195034 2977 201966
39800 2940 195529 2978 202471
39900 2946 196054 2983 202946
40000 2955 196458 2986 203542
40100 2964 196823 2997 204177
40200 2968 197395 3000 204605
40300 2975 197892 3008 205108
40400 2984 198427 3015 205573
40500 2993 198937 3020 206063
40600 2999 199481 3024 206519
40700 3004 199967 3027 207033
40800 3009 200510 3031 207490
40900 3021 201058 3038 207942
41000 3026 201538 3043 208462
41100 3033 201961 3048 209039
41200 3041 202392 3060 209608
41300 3046 202846 3067 210154
41400 3049 203290 3075 210710
41500 3057 203757 3084 211243
41600 3064 204254 3092 211746
41700 3072 204779 3095 212221
41800 3079 205364 3102 212636
41900 3086 205824 3111 213176
42000 3095 206277 3118 213723
42100 3099 206752 3128 214248
42200 3111 207224 3136 214776
42300 3119 207649 3147 215351
42400 3125 208117 3156 215883
42500 3132 208722 3162 216278
42600 3139 209210 3168 216790
42700 3147 209704 3178 217296
42800 3164 210187 3194 217813
42900 3167 210695 3199 218305
43000 3175 211183 3207 218817
43100 3185 211641 3213 219359
43200 3189 212103 3222 219897
43300 3194 212526 3226 220474
43400 3196 213074 3230 220926
43500 3205 213475 3240 221525
43600 3209 213977 3245 222023
43700 3214 214451 3259 222549
43800 3218 214838 3263 223162
43900 3224 215312 3268 223688
44000 3233 215721 3272 224279
44100 3234 216270 3281 224730
44200 3241 216736 3289 225264
44300 3247 217199 3298 225801
44400 3252 217706 3303 226294
44500 3257 218172 3307 226828
44600 3261 218580 3313 227420
44700 3268 219152 3319 227848
44800 3276 219604 3325 228396
44900 3280 220035 3329 228965
45000 3292 220548 3336 229452
45100 3296 221036 3341 229964
45200 3300 221545 3344 230455
45300 3308 222062 3345 230938
45400 3313 222553 3351 231447
45500 3320 223005 3358 231995
45600 3325 223481 3361 232519
45700 3330 223959 3366 233041
45800 3332 224466 3377 233534
45900 3335 224913 3383 234087
46000 3340 225375 3389 234625
46100 3346 225906 3395 235094
46200 3350 226377 3398 235623
46300 3355 226918 3407 236082
46400 3361 227452 3414 236548
46500 3368 227957 3417 237043
46600 3372 228466 3421 237534
46700 3378 228944 3429 238056
46800 3384 229403 3439 238597
46900 3393 229818 3450 239182
47000 3396 230289 3456 239711
47100 3403 230814 3461 240186
47200 3408 231304 3467 240696
47300 3413 231905 3475 241095
47400 3415 232447 3478 241553
47500 3428 232952 3487 242048
47600 3435 233422 3493 242578
47700 3446 233930 3500 243070
47800 3454 234457 3506 243543
47900 3460 234938 3512 244062
48000 3465 235407 3516 244593
48100 3473 235990 3524 245010
48200 3477 236641 3528 245359
48300 3490 237053 3541 245947
48400 3496 237495 3545 246505
48500 3499 237928 3554 247072
48600 3504 238389 3563 247611
48700 3506 238888 3568 248112
48800 3518 239397 3574 248603
48900 3522 239902 3581 249098
49000 3529 240456 3585 249544
49100 3537 240959 3591 250041
49200 3543 241447 3596 250553
49300 3556 241867 3602 251133
49400 3558 242303 3609 251697
49500 3564 242806 3617 252194
49600 3570 243278 3629 252722
49700 3586 243820 3633 253180
49800 3592 244329 3641 253671
49900 3601 244855 3649 254145
50000 3610 245354 3656 254646
50100 3616 245932 3659 255068
50200 3619 246423 3664 255577
50300 3623 246897 3670 256103
50400 3632 247304 3672 256696
50500 3638 247792 3680 257208
50600 3642 248217 3688 257783
50700 3650 248688 3692 258312
50800 3658 249179 3697 258821
50900 3662 249618 3700 259382
51000 3671 250165 3706 259835
51100 3676 250702 3709 260298
51200 3679 251169 3716 260831
51300 3687 251709 3722 261291
51400 3694 252192 3728 261808
51500 3699 252607 3731 262393
51600 3706 253059 3741 262941
51700 3709 253597 3747 263403
51800 3713 254122 3753 263878
51900 3717 254613 3760 264387
52000 3727 255148 3771 264852
52100 3730 255625 3776 265375
52200 3740 256099 3781 265901
52300 3745 256600 3786 266400
52400 3749 257065 3789 266935
52500 3756 257519 3799 267481
52600 3759 257998 3804 268002
52700 3766 258575 3813 268425
52800 3768 259038 3815 268962
52900 3777 259514 3822 269486
53000 3781 259973 3827 270027
53100 3787 260515 3829 270485
53200 3795 261072 3835 270928
53300 3804 261533 3842 271467
53400 3808 262011 3848 271989
53500 3813 262532 3851 272468
53600 3816 262930 3858 273070
53700 3820 263389 3866 273611
53800 3824 263960 3871 274040
53900 3826 264570 3875 274430
54000 3830 265040 3879 274960
54100 3834 265526 3884 275474
54200 3840 265938 3888 276062
54300 3844 266377 3894 276623
54400 3851 266848 3902 277152
54500 3860 267325 3910 277675
54600 3864 267780 3913 278220
54700 3871 268238 3917 278762
54800 3875 268699 3928 279301
54900 3877 269243 3929 279757
55000 3880 269646 3934 280354
55100 3884 270118 3937 280882
55200 3892 270627 3944 281373
55300 3900 271132 3952 281868
55400 3901 271648 3955 282352
55500 3906 272120 3958 282880
55600 3911 272680 3959 283320
55700 3915 273096 3964 283904
55800 3925 273483 3974 284517
55900 3931 274020 3985 284980
56000 3939 274499 3988 285501
56100 3949 275036 3998 285964
56200 3951 275465 4004 286535
56300 3957 276056 4009 286944
56400 3967 276563 4016 287437
56500 3975 277050 4025 287950
56600 3984 277505 4036 288495
56700 3996 278062 4047 288938
56800 3998 278434 4057 289566
56900 4005 278902 4061 290098
57000 4010 279462 4067 290538
57100 4012 280072 4074 290928
57200 4022 280557 4080 291443
57300 4032 281081 4093 291919
57400 4042 281492 4099 292508
57500 4046 281970 4103 293030
57600 4051 282422 4111 293578
57700 4054 282943 4116 294057
57800 4060 283405 4122 294595
57900 4066 283900 4128 295100
58000 4072 284411 4135 295589
58100 4074 284887 4138 296113
58200 4078 285311 4140 296689
58300 4086 285862 4151 297138
58400 4094 286333 4161 297667
58500 4098 286817 4165 298183
58600 4106 287310 4173 298690
58700 4111 287860 4178 299140
58800 4117 288414 4186 299586
58900 4127 288833 4189 300167
59000 4136 289392 4193 300608
59100 4143 289885 4197 301115
59200 4149 290358 4206 301642
59300 4156 290790 4212 302210
59400 4157 291292 4217 302708
59500 4163 291896 4221 303104
59600 4168 292410 4229 303590
59700 4175 292824 4237 304176
59800 4179 293319 4244 304681
59900 4190 293874 4253 305126
60000 4196 294388 4259 305612
60100 4202 294878 4266 306122
60200 4211 295415 4271 306585
60300 4220 295828 4280 307172
60400 4230 296340 4284 307660
60500 4234 296937 4286 308063
60600 4241 297431 4291 308569
60700 4246 297923 4298 309077
60800 4248 298437 4306 309563
60900 4256 298884 4317 310116
61000 4262 299383 4326 310617
61100 4269 299875 4333 311125
61200 4277 300320 4341 311680
61300 4284 300802 4349 312198
61400 4291 301264 4354 312736
61500 4301 301823 4364 313177
61600 4308 302324 4373 313676
61700 4319 302900 4382 314100
61800 4326 303422 4392 314578
61900 4333 303920 4401 315080
62000 4336 304350 4407 315650
62100 4339 304804 4411 316196
62200 4346 305240 4413 316760
62300 4350 305712 4423 317288
62400 4361 306205 4429 317795
62500 4366 306747 4437 318253
62600 4372 307219 4443 318781
62700 4377 307774 4453 319226
62800 4390 308287 4460 319713
62900 4392 308806 4462 320194
63000 4402 309315 4463 320685
63100 4406 309843 4466 321157
63200 4408 310360 4476 321640
63300 4414 310879 4482 322121
63400 4419 311363 4491 322637
63500 4421 311743 4494 323257
63600 4427 312272 4496 323728
63700 4432 312798 4506 324202
63800 4437 313359 4510 324641
63900 4443 313818 4514 325182
64000 4449 314229 4529 325771
64100 4454 314691 4532 326309
64200 4457 315158 4533 326842
64300 4463 315624 4539 327376
64400 4469 316093 4542 327907
64500 4476 316575 4544 328425
64600 4485 317014 4554 328986
64700 4496 317473 4559 329527
64800 4499 318088 4564 329912
64900 4501 318506 4571 330494
65000 4508 318917 4581 331083
65100 4514 319435 4588 331565
65200 4525 319948 4594 332052
65300 4532 320473 4598 332527
65400 4536 321026 4605 332974
65500 4540 321580 4610 333420
65600 4544 321977 4615 334023
65700 4548 322408 4621 334592
65800 4558 322877 4627 335123
65900 4564 323322 4634 335678
66000 4575 323803 4642 336197
66100 4585 324364 4645 336636
66200 4593 324859 4655 337141
66300 4599 325386 4659 337614
66400 4605 325901 4660 338099
66500 4610 326376 4669 338624
66600 4618 326872 4674 339128
66700 4625 327346 4681 339654
66800 4635 327802 4692 340198
66900 4639 328196 4694 340804
67000 4657 328623 4699 341377
67100 4663 329244 4710 341756
67200 4668 329747 4719 342253
67300 4675 330240 4720 342760
67400 4680 330722 4731 343278
67500 4684 331191 4734 343809
67600 4690 331676 4742 344324
67700 4695 332163 4749 344837
67800 4699 332681 4751 345319
67900 4705 333175 4759 345825
68000 4709 333734 4761 346266
68100 4714 334192 4763 346808
68200 4719 334671 4768 347329
68300 4729 335160 4776 347840
68400 4733 335614 4779 348386
68500 4735 336090 4785 348910
68600 4738 336577 4788 349423
68700 4744 336993 4795 350007
68800 4752 337458 4802 350542
68900 4759 337888 4808 351112
69000 4765 338460 4815 351540
69100 4773 339018 4822 351982
69200 4785 339471 4825 352529
69300 4789 339931 4830 353069
69400 4799 340398 4840 353602
69500 4813 340842 4844 354158
69600 4820 341316 4848 354684
69700 4824 341787 4855 355213
69800 4834 342311 4860 355689
69900 4840 342929 4867 356071
70000 4843 343377 4873 356623
70100 4850 343905 4878 357095
70200 4855 344475 4881 357525
70300 4867 345089 4884 357911
70400 4878 345522 4889 358478
70500 4884 345929 4892 359071
70600 4892 346397 4895 359603
70700 4895 346950 4902 360050
70800 4897 347361 4907 360639
70900 4899 347944 4911 361056
71000 4904 348532 4913 361468
71100 4913 348959 4926 362041
71200 4917 349401 4930 362599
71300 4921 349881 4938 363119
71400 4929 350405 4944 363595
71500 4941 350849 4950 364151
71600 4944 351400 4959 364600
71700 4949 351908 4969 365092
71800 4952 352485 4975 365515
71900 4955 352916 4980 366084
72000 4961 353411 4991 366589
72100 4966 353898 4998 367102
72200 4968 354415 5003 367585
72300 4970 354861 5006 368139
72400 4977 355333 5011 368667
72500 4980 355822 5018 369178
72600 4984 356301 5025 369699
72700 4994 356746 5030 370254
72800 5003 357237 5034 370763
72900 5009 357749 5040 371251
73000 5019 358183 5044 371817
73100 5028 358671 5052 372329
73200 5033 359223 5055 372777
73300 5034 359711 5062 373289
73400 5040 360190 5068 373810
73500 5044 360692 5072 374308
73600 5049 361159 5074 374841
73700 5054 361577 5085 375423
73800 5057 362052 5087 375948
73900 5062 362566 5097 376434
74000 5070 363049 5107 376951
74100 5074 363530 5115 377470
74200 5084 364018 5125 377982
74300 5099 364475 5130 378525
74400 5106 364971 5136 379029
74500 5110 365506 5141 379494
74600 5120 365964 5151 380036
74700 5127 366593 5156 380407
74800 5132 367083 5162 380917
74900 5137 367566 5163 381434
75000 5143 368101 5167 381899
75100 5148 368598 5169 382402
75200 5153 369135 5172 382865
75300 5162 369580 5178 383420
75400 5168 369996 5185 384004
75500 5175 370458 5194 384542
75600 5185 370971 5202 385029
75700 5198 371492 5207 385508
75800 5206 371926 5216 386074
75900 5212 372415 5219 386585
76000 5214 372990 5229 387010
76100 5219 373567 5232 387433
76200 5225 374140 5237 387860
76300 5231 374612 5241 388388
76400 5240 375120 5244 388880
76500 5249 375762 5252 389238
76600 5255 376265 5258 389735
76700 5260 376810 5264 390190
76800 5263 377269 5267 390731
76900 5266 377763 5271 391237
77000 5271 378319 5278 391681
77100 5282 378852 5284 392148
77200 5290 379334 5291 392666
77300 5294 379752 5299 393248
77400 5300 380323 5305 393677
77500 5305 380778 5309 394222
77600 5308 381219 5311 394781
77700 5313 381684 5319 395316
77800 5321 382222 5322 395778
77900 5328 382836 5329 396164
78000 5333 383267 5334 396733
78100 5346 383801 5340 397199
78200 5354 384326 5346 397674
78300 5362 384920 5349 398080
78400 5369 385431 5353 398569
78500 5372 385939 5353 399061
78600 5380 386371 5361 399629
78700 5383 386880 5366 400120
78800 5395 387424 5371 400576
78900 5399 387972 5374 401028
79000 5404 388510 5379 401490
79100 5408 388909 5385 402091
79200 5409 389420 5393 402580
79300 5418 389931 5399 403069
79400 5427 390395 5402 403605
79500 5436 390897 5409 404103
79600 5443 391389 5415 404611
79700 5450 391959 5424 405041
79800 5459 392427 5428 405573
79900 5471 392877 5434 406123
80000 5479 393358 5437 406642
80100 5490 393875 5448 407125
80200 5496 394345 5452 407655
80300 5504 394844 5456 408156
80400 5506 395313 5461 408687
80500 5515 395833 5467 409167
80600 5516 396284 5469 409716
80700 5524 396768 5474 410232
80800 5532 397282 5479 410718
80900 5538 397804 5483 411196
81000 5545 398269 5488 411731
81100 5551 398794 5497 412206
81200 5558 399282 5501 412718
81300 5566 399745 5507 413255
81400 5574 400318 5512 413682
81500 5580 400795 5516 414205
81600 5588 401272 5519 414728
81700 5594 401735 5532 415265
81800 5600 402273 5540 415727
81900 5612 402681 5550 416319
82000 5618 403150 5555 416850
82100 5625 403727 5561 417273
82200 5635 404240 5568 417760
82300 5637 404577 5572 418423
82400 5637 405124 5577 418876
82500 5643 405703 5582 419297
82600 5644 406255 5584 419745
82700 5651 406730 5587 420270
82800 5656 407317 5595 420683
82900 5660 407875 5600 421125
83000 5672 408456 5612 421544
83100 5678 408996 5618 422004
83200 5683 409609 5628 422391
83300 5685 410112 5633 422888
83400 5691 410669 5639 423331
83500 5701 411220 5650 423780
83600 5708 411642 5654 424358
83700 5715 412136 5663 424864
83800 5721 412651 5671 425349
83900 5728 413140 5682 425860
84000 5738 413612 5690 426388
84100 5744 413964 5694 427036
84200 5752 414547 5698 427453
84300 5757 415048 5704 427952
84400 5761 415635 5706 428365
84500 5769 416212 5717 428788
84600 5783 416827 5724 429173
84700 5788 417389 5731 429611
84800 5797 417969 5736 430031
84900 5803 418469 5743 430531
85000 5810 418975 5749 431025
85100 5814 419471 5754 431529
85200 5815 419961 5758 432039
85300 5821 420485 5766 432515
85400 5823 421011 5770 432989
85500 5835 421496 5773 433504
85600 5841 422031 5778 433969
85700 5843 422532 5783 434468
85800 5851 422965 5786 435035
85900 5853 423475 5791 435525
86000 5860 424070 5796 435930
86100 5863 424529 5800 436471
86200 5869 425034 5806 436966
86300 5878 425548 5814 437452
86400 5888 426043 5822 437957
86500 5892 426521 5832 438479
86600 5900 427062 5836 438938
86700 5906 427551 5844 439449
86800 5915 428024 5852 439976
86900 5922 428577 5870 440423
87000 5925 429022 5876 440978
87100 5929 429493 5886 441507
87200 5939 430042 5891 441958
87300 5940 430600 5898 442400
87400 5946 431101 5906 442899
87500 5951 431602 5909 443398
87600 5959 432128 5918 443872
87700 5963 432711 5919 444289
87800 5967 433299 5928 444701
87900 5972 433801 5939 445199
88000 5974 434286 5945 445714
88100 5980 434698 5949 446302
88200 5982 435269 5954 446731
88300 5987 435769 5957 447231
88400 5991 436418 5971 447582
88500 5992 436898 5979 448102
88600 5998 437427 5988 448573
88700 6004 437937 5995 449063
88800 6008 438334 6002 449666
88900 6010 438869 6005 450131
89000 6013 439458 6013 450542
89100 6015 439972 6017 451028
89200 6023 440494 6023 451506
89300 6030 441097 6034 451903
89400 6034 441566 6041 452434
89500 6043 442019 6054 452981
89600 6049 442541 6058 453459
89700 6052 443072 6063 453928
89800 6057 443482 6068 454518
89900 6065 444008 6072 454992
90000 6070 444496 6080 455504
90100 6076 444933 6084 456067
90200 6084 445364 6089 456636
90300 6091 445830 6095 457170
90400 6095 446280 6101 457720
90500 6103 446735 6109 458265
90600 6109 447184 6114 458816
90700 6115 447605 6123 459395
90800 6121 448099 6128 459901
90900 6126 448617 6133 460383
91000 6132 449131 6144 460869
91100 6140 449538 6149 461462
91200 6151 450071 6159 461929
91300 6161 450532 6169 462468
91400 6166 450958 6174 463042
91500 6174 451486 6178 463514
91600 6181 451873 6181 464127
91700 6190 452371 6186 464629
91800 6194 452893 6195 465107
91900 6197 453456 6200 465544
92000 6203 453977 6207 466023
92100 6206 454471 6212 466529
92200 6209 454885 6215 467115
92300 6211 455358 6218 467642
92400 6218 455830 6227 468170
92500 6229 456234 6234 468766
92600 6233 456794 6241 469206
92700 6237 457362 6248 469638
92800 6246 457819 6252 470181
92900 6258 458376 6263 470624
93000 6261 458909 6269 471091
93100 6272 459421 6277 471579
93200 6285 459992 6284 472008
93300 6298 460472 6294 472528
93400 6306 460951 6298 473049
93500 6314 461434 6308 473566
93600 6320 461992 6312 474008
93700 6323 462461 6318 474539
93800 6329 462936 6325 475064
93900 6338 463445 6341 475555
94000 6342 463886 6344 476114
94100 6345 464395 6351 476605
94200 6351 464932 6359 477068
94300 6357 465417 6366 477583
94400 6360 465939 6372 478061
94500 6362 466394 6374 478606
94600 6369 466840 6380 479160
94700 6375 467334 6388 479666
94800 6381 467771 6392 480229
94900 6384 468344 6397 480656
95000 6390 468772 6398 481228
95100 6393 469284 6405 481716
95200 6397 469721 6409 482279
95300 6406 470325 6412 482675
95400 6413 470845 6423 483155
95500 6419 471343 6428 483657
95600 6422 471886 6432 484114
95700 6429 472365 6442 484635
95800 6435 472817 6455 485183
95900 6437 473356 6457 485644
96000 6443 473818 6460 486182
96100 6447 474319 6468 486681
96200 6452 474839 6472 487161
96300 6456 475291 6477 487709
96400 6459 475856 6482 488144
96500 6464 476436 6487 488564
96600 6471 477018 6489 488982
96700 6479 477541 6494 489459
96800 6487 478097 6499 489903
96900 6496 478665 6503 490335
97000 6499 479147 6508 490853
97100 6505 479699 6512 491301
97200 6511 480231 6520 491769
97300 6515 480767 6525 492233
97400 6521 481289 6529 492711
97500 6525 481856 6533 493144
97600 6537 482340 6539 493660
97700 6549 482863 6545 494137
97800 6554 483356 6554 494644
97900 6563 483833 6560 495167
98000 6568 484316 6571 495684
98100 6579 484784 6580 496216
98200 6587 485390 6591 496610
98300 6593 485973 6600 497027
98400 6600 486487 6602 497513
98500 6604 487026 6607 497974
98600 6608 487565 6612 498435
98700 6616 488050 6619 498950
98800 6622 488605 6626 499395
98900 6635 489172 6631 499828
99000 6640 489736 6642 500264
99100 6643 490355 6647 500645
99200 6651 490809 6661 501191
99300 6655 491396 6664 501604
99400 6658 491859 6667 502141
99500 6662 492359 6669 502641
99600 6667 492797 6677 503203
99700 6670 493172 6682 503828
99800 6679 493515 6690 504485
99900 6687 494025 6696 504975
100000 6691 494506 6700 505494
100100 6695 494997 6708 506003
100200 6701 495441 6711 506559
100300 6705 495913 6721 507087
100400 6709 496343 6725 507657
100500 6712 496957 6731 508043
100600 6717 497490 6740 508510
100700 6726 498040 6743 508960
100800 6731 498511 6748 509489
100900 6738 499011 6758 509989
101000 6745 499587 6761 510413
101100 6750 500149 6766 510851
101200 6760 500723 6778 511277
101300 6770 501235 6787 511765
101400 6775 501698 6791 512302
101500 6783 502244 6800 512756
101600 6789 502749 6804 513251
101700 6796 503212 6814 513788
101800 6803 503732 6823 514268
101900 6810 504227 6832 514773
102000 6817 504679 6840 515321
102100 6825 505172 6850 515828
102200 6827 505718 6857 516282
102300 6831 506225 6863 516775
102400 6841 506696 6868 517304
102500 6846 507210 6877 517790
102600 6850 507710 6882 518290
102700 6857 508285 6888 518715
102800 6866 508709 6902 519291
102900 6869 509168 6904 519832
103000 6877 509634 6909 520366
103100 6883 510161 6918 520839
103200 6886 510659 6923 521341
103300 6892 511175 6935 521825
103400 6897 511702 6944 522298
103500 6902 512267 6954 522733
103600 6907 512725 6963 523275
103700 6923 513233 6970 523767
103800 6930 513765 6977 524235
103900 6941 514300 6980 524700
104000 6945 514704 6980 525296
104100 6957 515163 6985 525837
104200 6962 515655 6990 526345
104300 6968 516210 6994 526790
104400 6971 516730 7000 527270
104500 6971 517301 7003 527699
104600 6981 517809 7009 528191
104700 6984 518252 7013 528748
104800 6987 518692 7018 529308
104900 6993 519096 7031 529904
105000 6999 519721 7037 530279
105100 7008 520182 7041 530818
105200 7013 520666 7047 531334
105300 7021 521170 7050 531830
105400 7023 521728 7055 532272
105500 7034 522201 7067 532799
105600 7037 522696 7077 533304
105700 7047 523203 7078 533797
105800 7052 523758 7080 534242
105900 7061 524411 7084 534589
106000 7068 524878 7091 535122
106100 7070 525349 7096 535651
106200 7079 525837 7103 536163
106300 7087 526321 7106 536679
106400 7090 526860 7112 537140
106500 7097 527381 7123 537619
106600 7106 527847 7128 538153
106700 7111 528313 7135 538687
106800 7115 528790 7138 539210
106900 7124 529204 7143 539796
107000 7134 529636 7149 540364
107100 7140 530048 7154 540952
107200 7148 530473 7160 541527
107300 7157 530980 7168 542020
107400 7161 531425 7170 542575
107500 7169 531912 7177 543088
107600 7176 532333 7182 543667
107700 7187 532758 7196 544242
107800 7190 533170 7201 544830
107900 7198 533719 7206 545281
108000 7208 534243 7210 545757
108100 7212 534712 7212 546288
108200 7218 535158 7215 546842
108300 7222 535652 7225 547348
108400 7226 536225 7229 547775
108500 7233 536751 7234 548249
108600 7238 537191 7242 548809
108700 7246 537670 7249 549330
108800 7252 538195 7255 549805
108900 7255 538689 7257 550311
109000 7266 539229 7263 550771
109100 7274 539614 7265 551386
109200 7278 540189 7271 551811
109300 7289 540609 7281 552391
109400 7292 540993 7282 553007
109500 7298 541419 7292 553581
109600 7305 541874 7297 554126
109700 7309 542458 7299 554542
109800 7315 542910 7307 555090
109900 7320 543314 7312 555686
110000 7328 543798 7325 556202
110100 7330 544248 7330 556752
110200 7336 544693 7333 557307
110300 7339 545191 7337 557809
110400 7349 545689 7345 558311
110500 7350 546191 7348 558809
110600 7350 546715 7351 559285
110700 7358 547191 7360 559809
110800 7366 547705 7363 560295
110900 7372 548154 7378 560846
111000 7377 548660 7385 561340
111100 7384 549082 7396 561918
111200 7389 549567 7399 562433
111300 7396 550015 7402 562985
111400 7401 550447 7406 563553
111500 7407 550934 7411 564066
111600 7418 551450 7422 564550
111700 7427 551901 7429 565099
111800 7428 552408 7432 565592
111900 7435 552912 7438 566088
112000 7449 553274 7447 566726
112100 7458 553826 7455 567174
112200 7466 554307 7461 567693
112300 7474 554827 7466 568173
112400 7480 555364 7467 568636
112500 7485 555826 7471 569174
112600 7490 556361 7476 569639
112700 7495 556847 7481 570153
112800 7496 557390 7489 570610
112900 7500 557937 7493 571063
113000 7506 558510 7499 571490
113100 7513 559022 7505 571978
113200 7520 559549 7511 572451
113300 7529 560034 7516 572966
113400 7536 560676 7523 573324
113500 7540 561228 7533 573772
113600 7552 561731 7544 574269
113700 7561 562142 7554 574858
113800 7570 562576 7559 575424
113900 7577 563131 7565 575869
114000 7586 563641 7572 576359
114100 7593 564084 7581 576916
114200 7601 564658 7587 577342
114300 7603 565252 7591 577748
114400 7608 565709 7595 578291
114500 7616 566164 7598 578836
114600 7618 566670 7602 579330
114700 7624 567079 7608 579921
114800 7632 567645 7612 580355
114900 7639 568080 7617 580920
115000 7644 568502 7623 581498
115100 7652 568938 7629 582062
115200 7658 569454 7632 582546
115300 7662 569988 7635 583012
115400 7671 570440 7640 583560
115500 7678 570900 7649 584100
115600 7681 571338 7651 584662
115700 7688 571925 7658 585075
115800 7692 572452 7663 585548
115900 7699 572981 7668 586019
116000 7709 573488 7673 586512
116100 7721 573992 7683 587008
116200 7730 574509 7692 587491
116300 7737 575009 7702 587991
116400 7745 575542 7711 588458
116500 7754 576010 7719 588990
116600 7759 576483 7725 589517
116700 7766 577036 7737 589964
116800 7773 577500 7744 590500
116900 7777 578022 7749 590978
117000 7780 578575 7753 591425
117100 7787 579062 7760 591938
117200 7796 579546 7764 592454
117300 7800 579940 7773 593060
117400 7803 580449 7782 593551
117500 7809 580921 7790 594079
117600 7819 581423 7799 594577
117700 7824 581904 7807 595096
117800 7828 582352 7811 595648
117900 7835 582865 7819 596135
118000 7839 583374 7825 596626
118100 7843 583957 7829 597043
118200 7851 584428 7835 597572
118300 7857 584982 7841 598018
118400 7861 585449 7842 598551
118500 7865 585810 7846 599190
118600 7866 586288 7849 599712
118700 7873 586812 7858 600188
118800 7880 587248 7868 600752
118900 7888 587683 7877 601317
119000 7893 588268 7882 601732
119100 7897 588745 7887 602255
119200 7901 589204 7896 602796
119300 7904 589757 7898 603243
119400 7911 590269 7904 603731
119500 7922 590742 7908 604258
119600 7931 591205 7914 604795
119700 7936 591697 7921 605303
119800 7942 592204 7930 605796
119900 7949 592753 7940 606247
120000 7954 593189 7945 606811
120100 7962 593651 7951 607349
120200 7966 594178 7953 607822
120300 7975 594704 7958 608296
120400 7977 595222 7969 608778
120500 7981 595682 7975 609318
120600 7985 596139 7979 609861
120700 7991 596555 7982 610445
120800 7994 596982 7988 611018
120900 8001 597539 7997 611461
121000 8008 598080 8003 611920
121100 8013 598558 8008 612442
121200 8021 599102 8011 612898
121300 8026 599445 8018 613555
121400 8034 599854 8025 614146
121500 8038 600281 8030 614719
121600 8043 600746 8039 615254
121700 8053 601147 8045 615853
121800 8065 601583 8055 616417
121900 8075 602056 8063 616944
122000 8080 602538 8068 617462
122100 8084 602946 8072 618054
122200 8089 603491 8079 618509
122300 8095 603991 8086 619009
122400 8103 604450 8095 619550
122500 8111 604939 8105 620061
122600 8114 605503 8109 620497
122700 8118 606034 8117 620966
122800 8128 606530 8121 621470
122900 8135 607020 8130 621980
123000 8143 607473 8140 622527
123100 8149 607932 8143 623068
123200 8151 608474 8149 623526
123300 8153 609004 8152 623996
123400 8159 609515 8158 624485
123500 8170 610047 8161 624953
123600 8176 610532 8163 625468
123700 8183 611066 8172 625934
123800 8187 611534 8179 626466
123900 8203 612079 8190 626921
124000 8211 612529 8196 627471
124100 8216 613004 8201 627996
124200 8224 613525 8205 628475
124300 8234 613990 8208 629010
124400 8244 614479 8210 629521
124500 8245 614944 8213 630056
124600 8249 615445 8219 630555
124700 8253 615852 8228 631148
124800 8263 616257 8232 631743
124900 8274 616667 8234 632333
125000 8283 617052 8245 632948
125100 8291 617601 8255 633399
125200 8292 618149 8262 633851
125300 8296 618685 8265 634315
125400 8301 619226 8271 634774
125500 8305 619733 8275 635267
125600 8310 620199 8281 635801
125700 8315 620664 8284 636336
125800 8320 621198 8289 636802
125900 8325 621664 8293 637336
126000 8326 622243 8299 637757
126100 8335 622808 8306 638192
126200 8345 623223 8312 638777
126300 8352 623720 8326 639280
126400 8358 624198 8332 639802
126500 8366 624716 8337 640284
126600 8380 625226 8342 640774
126700 8383 625761 8347 641239
126800 8388 626271 8353 641729
126900 8393 626802 8358 642198
127000 8399 627196 8364 642804
127100 8408 627612 8371 643388
127200 8417 628098 8374 643902
127300 8421 628620 8378 644380
127400 8429 629275 8386 644725
127500 8439 629836 8394 645164
127600 8444 630303 8404 645697
127700 8448 630782 8410 646218
127800 8455 631324 8421 646676
127900 8462 631786 8429 647214
128000 8472 632341 8436 647659
128100 8478 632842 8442 648158
128200 8483 633357 8451 648643
128300 8491 633809 8458 649191
128400 8495 634368 8460 649632
128500 8501 634882 8467 650118
128600 8502 635428 8472 650572
128700 8506 635887 8477 651113
128800 8513 636298 8485 651702
128900 8518 636756 8488 652244
129000 8520 637273 8495 652727
129100 8531 637851 8501 653149
129200 8537 638357 8508 653643
129300 8540 638906 8517 654094
129400 8552 639371 8529 654629
129500 8556 639978 8536 655022
129600 8558 640528 8540 655472
129700 8567 640973 8544 656027
129800 8575 641481 8552 656519
129900 8585 642091 8561 656909
130000 8588 642558 8564 657442
130100 8593 643086 8568 657914
130200 8600 643568 8574 658432
130300 8607 644088 8583 658912
130400 8615 644584 8590 659416
130500 8620 645076 8597 659924
130600 8628 645623 8602 660377
130700 8633 646146 8606 660854
130800 8641 646594 8611 661406
130900 8646 646983 8616 662017
131000 8651 647484 8619 662516
131100 8658 647929 8625 663071
131200 8662 648437 8631 663563
131300 8667 648914 8641 664086
131400 8677 649396 8654 664604
131500 8679 649945 8658 665055
131600 8684 650485 8665 665515
131700 8688 650966 8671 666034
131800 8696 651484 8679 666516
131900 8700 652002 8681 666998
132000 8707 652536 8686 667464
132100 8716 653061 8695 667939
132200 8724 653523 8702 668477
132300 8724 653941 8709 669059
132400 8729 654445 8718 669555
132500 8738 654992 8723 670008
132600 8744 655505 8733 670495
132700 8753 655959 8736 671041
132800 8758 656434 8754 671566
132900 8768 656882 8761 672118
133000 8781 657336 8770 672664
133100 8788 657780 8774 673220
133200 8796 658348 8780 673652
133300 8806 658920 8789 674080
133400 8810 659475 8797 674525
133500 8814 659884 8804 675116
133600 8819 660352 8813 675648
133700 8825 660723 8821 676277
133800 8839 661216 8835 676784
133900 8841 661650 8840 677350
134000 8847 662163 8842 677837
134100 8855 662735 8846 678265
134200 8857 663172 8854 678828
134300 8861 663680 8863 679320
134400 8865 664120 8867 679880
134500 8872 664648 8877 680352
134600 8879 665143 8886 680857
134700 8883 665616 8891 681384
134800 8892 666082 8901 681918
134900 8898 666601 8908 682399
135000 8901 667114 8914 682886
135100 8909 667625 8921 683375
135200 8911 668143 8928 683857
135300 8915 668584 8932 684416
135400 8918 669096 8938 684904
135500 8924 669675 8944 685325
135600 8928 670249 8952 685751
135700 8933 670753 8958 686247
135800 8937 671270 8960 686730
135900 8946 671786 8968 687214
136000 8959 672315 8979 687685
136100 8973 672808 8986 688192
136200 8982 673238 8990 688762
136300 8986 673778 8990 689222
136400 8989 674292 8994 689708
136500 8995 674835 8997 690165
136600 9000 675350 9002 690650
136700 9002 675833 9007 691167
136800 9006 676257 9013 691743
136900 9013 676672 9021 692328
137000 9018 677156 9028 692844
137100 9022 677668 9031 693332
137200 9025 678247 9033 693753
137300 9035 678721 9039 694279
137400 9040 679269 9051 694731
137500 9051 679781 9064 695219
137600 9056 680280 9071 695720
137700 9061 680742 9084 696258
137800 9067 681180 9087 696820
137900 9071 681650 9094 697350
138000 9077 682064 9099 697936
138100 9083 682536 9103 698464
138200 9087 682984 9106 699016
138300 9091 683431 9110 699569
138400 9099 683923 9114 700077
138500 9105 684385 9119 700615
138600 9110 684909 9122 701091
138700 9114 685438 9128 701562
138800 9114 685961 9134 702039
138900 9122 686526 9139 702474
139000 9125 687045 9143 702955
139100 9132 687641 9148 703359
139200 9137 688196 9150 703804
139300 9141 688666 9156 704334
139400 9148 689264 9159 704736
139500 9152 689706 9164 705294
139600 9156 690269 9173 705731
139700 9162 690770 9174 706230
139800 9166 691254 9176 706746
139900 9171 691764 9188 707236
140000 9176 692334 9192 707666
140100 9184 692870 9199 708130
140200 9186 693356 9206 708644
140300 9191 693868 9211 709132
140400 9193 694444 9217 709556
140500 9202 694878 9221 710122
140600 9215 695383 9230 710617
140700 9217 695825 9237 711175
140800 9224 696228 9241 711772
140900 9232 696682 9247 712318
141000 9238 697101 9257 712899
141100 9246 697563 9260 713437
141200 9251 698010 9268 713990
141300 9254 698489 9275 714511
141400 9257 699017 9280 714983
141500 9260 699596 9286 715404
141600 9271 700127 9298 715873
141700 9278 700715 9304 716285
141800 9282 701253 9309 716747
141900 9288 701957 9314 717043
142000 9291 702546 9320 717454
142100 9298 703015 9327 717985
142200 9308 703502 9331 718498
142300 9310 704114 9334 718886
142400 9320 704643 9343 719357
142500 9324 705183 9356 719817
142600 9330 705711 9362 720289
142700 9336 706136 9369 720864
142800 9341 706687 9378 721313
142900 9346 707201 9380 721799
143000 9349 707677 9384 722323
143100 9357 708218 9392 722782
143200 9362 708725 9402 723275
143300 9367 709118 9404 723882
143400 9372 709592 9411 724408
143500 9379 710155 9415 724845
143600 9386 710646 9421 725354
143700 9392 711105 9428 725895
143800 9398 711611 9438 726389
143900 9400 712065 9443 726935
144000 9404 712561 9446 727439
144100 9411 713101 9452 727899
144200 9418 713589 9460 728411
144300 9419 714072 9462 728928
144400 9427 714559 9469 729441
144500 9429 715147 9473 729853
144600 9442 715678 9480 730322
144700 9450 716147 9484 730853
144800 9453 716621 9489 731379
144900 9458 716989 9495 732011
145000 9464 717482 9501 732518
145100 9468 717968 9513 733032
145200 9475 718490 9522 733510
145300 9479 719005 9527 733995
145400 9485 719549 9530 734451
145500 9489 720046 9536 734954
145600 9492 720517 9543 735483
145700 9500 721063 9551 735937
145800 9504 721546 9554 736454
145900 9510 721999 9559 737001
146000 9521 722493 9566 737507
146100 9524 722947 9576 738053
146200 9530 723372 9581 738628
146300 9531 723985 9588 739015
146400 9538 724548 9594 739452
146500 9542 725063 9602 739937
146600 9551 725512 9609 740488
146700 9558 725996 9615 741004
146800 9561 726492 9625 741508
146900 9573 727000 9636 742000
147000 9576 727498 9643 742502
147100 9584 728078 9648 742922
147200 9587 728533 9650 743467
147300 9594 729050 9657 743950
147400 9603 729475 9669 744525
147500 9606 729845 9675 745155
147600 9612 730377 9682 745623
147700 9618 730802 9689 746198
147800 9623 731253 9693 746747
147900 9631 731722 9698 747278
148000 9639 732281 9707 747719
148100 9640 732759 9708 748241
148200 9646 733483 9713 748517
148300 9649 733976 9715 749024
148400 9655 734446 9717 749554
148500 9663 734960 9724 750040
148600 9666 735478 9728 750522
148700 9672 735923 9736 751077
148800 9676 736463 9738 751537
148900 9683 736908 9746 752092
149000 9695 737422 9752 752578
149100 9697 737942 9756 753058
149200 9701 738557 9758 753443
149300 9710 739155 9761 753845
149400 9713 739690 9767 754310
149500 9717 740089 9774 754911
149600 9721 740529 9783 755471
149700 9727 740973 9795 756027
149800 9734 741377 9803 756623
149900 9742 741822 9809 757178
150000 9747 742333 9818 757667
150100 9752 742794 9828 758206
150200 9765 743241 9834 758759
150300 9771 743732 9841 759268
150400 9781 744146 9851 759854
150500 9786 744571 9858 760429
150600 9793 745190 9861 760810
150700 9800 745746 9870 761254
150800 9807 746312 9875 761688
150900 9816 746833 9881 762167
151000 9823 747351 9891 762649
151100 9826 747846 9895 763154
151200 9834 748479 9903 763521
151300 9840 749013 9907 763987
151400 9843 749504 9912 764496
151500 9849 750038 9923 764962
151600 9853 750558 9928 765442
151700 9864 751120 9932 765880
151800 9868 751674 9937 766326
151900 9870 752281 9940 766719
152000 9878 752730 9941 767270
152100 9881 753197 9947 767803
152200 9890 753690 9954 768310
152300 9891 754234 9959 768766
152400 9895 754816 9969 769184
152500 9899 755345 9976 769655
152600 9901 755879 9980 770121
152700 9906 756349 9983 770651
152800 9911 756915 9986 771085
152900 9917 757490 9988 771510
153000 9923 758062 9994 771938
153100 9932 758510 10002 772490
153200 9938 759047 10014 772953
153300 9945 759496 10018 773504
153400 9953 759976 10024 774024
153500 9966 760471 10027 774529
153600 9978 760984 10034 775016
153700 9988 761420 10044 775580
153800 9998 761877 10054 776123
153900 10010 762337 10059 776663
154000 10016 762901 10062 777099
154100 10017 763402 10069 777598
154200 10020 763884 10074 778116
154300 10023 764354 10080 778646
154400 10031 764883 10089 779117
154500 10033 765386 10094 779614
154600 10041 765834 10101 780166
154700 10048 766302 10112 780698
154800 10059 766784 10122 781216
154900 10061 767258 10128 781742
155000 10071 767743 10137 782257
155100 10079 768259 10144 782741
155200 10088 768762 10157 783238
155300 10096 769236 10167 783764
155400 10103 769678 10172 784322
155500 10109 770220 10177 784780
155600 10117 770712 10182 785288
155700 10128 771210 10194 785790
155800 10134 771716 10202 786284
155900 10139 772267 10207 786733
156000 10147 772727 10213 787273
156100 10154 773189 10217 787811
156200 10156 773701 10220 788299
156300 10162 774225 10224 788775
156400 10168 774721 10232 789279
156500 10171 775250 10236 789750
156600 10177 775762 10241 790238
156700 10188 776242 10251 790758
156800 10194 776732 10257 791268
156900 10198 777289 10261 791711
157000 10201 777721 10266 792279
157100 10209 778146 10269 792854
157200 10213 778694 10273 793306
157300 10221 779129 10277 793871
157400 10231 779590 10286 794410
157500 10233 779992 10287 795008
157600 10240 780493 10293 795507
157700 10247 781016 10296 795984
157800 10253 781497 10302 796503
157900 10264 782016 10311 796984
158000 10273 782437 10317 797563
158100 10274 782871 10330 798129
158200 10282 783324 10336 798676
158300 10285 783853 10344 799147
158400 10291 784412 10352 799588
158500 10294 784894 10359 800106
158600 10301 785311 10364 800689
158700 10312 785751 10371 801249
158800 10317 786221 10380 801779
158900 10324 786752 10383 802248
159000 10330 787364 10389 802636
159100 10337 787860 10397 803140
159200 10343 788325 10405 803675
159300 10353 788745 10410 804255
159400 10357 789201 10415 804799
159500 10365 789793 10425 805207
159600 10378 790326 10430 805674
159700 10380 790844 10438 806156
159800 10385 791357 10443 806643
159900 10391 791938 10449 807062
160000 10394 792413 10454 807587
160100 10398 792955 10459 808045
160200 10407 793416 10469 808584
160300 10413 793950 10472 809050
160400 10416 794374 10476 809626
160500 10419 794837 10479 810163
160600 10425 795269 10489 810731
160700 10430 795705 10498 811295
160800 10435 796196 10503 811804
160900 10441 796710 10513 812290
161000 10443 797164 10521 812836
161100 10447 797713 10530 813287
161200 10458 798184 10534 813816
161300 10470 798596 10548 814404
161400 10477 799078 10553 814922
161500 10485 799644 10559 815356
161600 10493 800091 10566 815909
161700 10494 800472 10570 816528
161800 10500 800998 10576 817002
161900 10508 801452 10580 817548
162000 10510 801878 10583 818122
162100 10516 802335 10592 818665
162200 10520 802805 10598 819195
162300 10532 803360 10604 819640
162400 10532 803802 10611 820198
162500 10539 804314 10621 820686
162600 10549 804844 10629 821156
162700 10556 805330 10635 821670
162800 10562 805912 10640 822088
162900 10565 806457 10646 822543
163000 10572 806932 10648 823068
163100 10576 807377 10649 823623
163200 10585 807858 10657 824142
163300 10588 808328 10661 824672
163400 10589 808811 10664 825189
163500 10597 809304 10672 825696
163600 10602 809727 10678 826273
163700 10609 810280 10683 826720
163800 10612 810825 10692 827175
163900 10617 811328 10694 827672
164000 10626 811831 10700 828169
164100 10633 812428 10708 828572
164200 10636 812952 10711 829048
164300 10641 813454 10715 829546
164400 10646 813975 10723 830025
164500 10650 814488 10726 830512
164600 10655 814932 10733 831068
164700 10664 815407 10736 831593
164800 10675 815789 10739 832211
164900 10684 816278 10746 832722
165000 10689 816800 10750 833200
165100 10699 817302 10755 833698
165200 10708 817871 10764 834129
165300 10714 818365 10770 834635
165400 10720 818827 10775 835173
165500 10729 819261 10785 835739
165600 10737 819735 10789 836265
165700 10741 820269 10793 836731
165800 10748 820801 10802 837199
165900 10753 821362 10809 837638
166000 10757 821874 10813 838126
166100 10761 822465 10819 838535
166200 10764 822965 10823 839035
166300 10768 823447 10828 839553
166400 10774 823912 10835 840088
166500 10779 824334 10836 840666
166600 10788 824781 10839 841219
166700 10801 825270 10843 841730
166800 10812 825684 10848 842316
166900 10815 826188 10857 842812
167000 10818 826637 10863 843363
167100 10820 827081 10869 843919
167200 10827 827545 10871 844455
167300 10834 828042 10880 844958
167400 10838 828512 10881 845488
167500 10844 829020 10886 845980
167600 10854 829546 10887 846454
167700 10863 829984 10891 847016
167800 10866 830500 10894 847500
167900 10870 831000 10899 848000
168000 10875 831507 10901 848493
168100 10879 831971 10908 849029
168200 10879 832445 10908 849555
168300 10884 832963 10913 850037
168400 10894 833438 10918 850562
168500 10899 833873 10924 851127
168600 10907 834343 10930 851657
168700 10913 834785 10936 852215
168800 10922 835302 10941 852698
168900 10932 835800 10945 853200
169000 10940 836277 10948 853723
169100 10946 836786 10954 854214
169200 10947 837273 10960 854727
169300 10954 837777 10968 855223
169400 10959 838248 10979 855752
169500 10967 838675 10984 856325
169600 10975 839114 10993 856886
169700 10982 839592 10999 857408
169800 10990 840130 11005 857870
169900 11000 840663 11013 858337
170000 11002 841174 11016 858826
170100 11011 841647 11023 859353
170200 11019 842163 11029 859837
170300 11035 842696 11040 860304
170400 11038 843161 11044 860839
170500 11044 843605 11047 861395
170600 11053 844147 11053 861853
170700 11061 844676 11054 862324
170800 11068 845297 11057 862703
170900 11076 845863 11064 863137
171000 11081 846367 11069 863633
171100 11089 846883 11076 864117
171200 11098 847379 11086 864621
171300 11104 847853 11093 865147
171400 11108 848416 11097 865584
171500 11119 848882 11101 866118
171600 11122 849437 11106 866563
171700 11124 850016 11110 866984
171800 11129 850492 11116 867508
171900 11133 850964 11121 868036
172000 11137 851448 11124 868552
172100 11138 851970 11132 869030
172200 11144 852469 11140 869531
172300 11147 852970 11149 870030
172400 11151 853522 11157 870478
172500 11157 854061 11162 870939
172600 11161 854505 11171 871495
172700 11165 854972 11173 872028
172800 11168 855498 11178 872502
172900 11174 856053 11180 872947
173000 11180 856528 11184 873472
173100 11191 857047 11192 873953
173200 11197 857614 11198 874386
173300 11205 858131 11206 874869
173400 11212 858625 11207 875375
173500 11226 859062 11212 875938
173600 11231 859516 11222 876484
173700 11242 860001 11230 876999
173800 11249 860551 11235 877449
173900 11255 861015 11248 877985
174000 11263 861520 11257 878480
174100 11267 861987 11269 879013
174200 11281 862458 11278 879542
174300 11289 862897 11282 880103
174400 11299 863298 11290 880702
174500 11303 863679 11297 881321
174600 11307 864211 11301 881789
174700 11315 864802 11302 882198
174800 11319 865323 11308 882677
174900 11326 865747 11316 883253
175000 11330 866213 11322 883787
175100 11337 866690 11327 884310
175200 11342 867199 11331 884801
175300 11350 867658 11337 885342
175400 11355 868175 11342 885825
175500 11358 868649 11350 886351
175600 11367 869126 11356 886874
175700 11378 869600 11360 887400
175800 11380 870144 11369 887856
175900 11386 870664 11372 888336
176000 11391 871213 11376 888787
176100 11394 871747 11384 889253
176200 11407 872334 11395 889666
176300 11411 872907 11401 890093
176400 11415 873477 11408 890523
176500 11420 873980 11414 891020
176600 11424 874421 11422 891579
176700 11427 874867 11425 892133
176800 11430 875337 11430 892663
176900 11436 875865 11433 893135
177000 11440 876352 11438 893648
177100 11445 876893 11442 894107
177200 11453 877342 11444 894658
177300 11460 877851 11450 895149
177400 11468 878355 11458 895645
177500 11479 878877 11472 896123
177600 11485 879398 11477 896602
177700 11489 879861 11478 897139
177800 11495 880317 11483 897683
177900 11501 880780 11490 898220
178000 11506 881250 11495 898750
178100 11509 881746 11496 899254
178200 11515 882247 11500 899753
178300 11524 882748 11508 900252
178400 11528 883179 11517 900821
178500 11531 883600 11521 901400
178600 11540 884165 11526 901835
178700 11544 884643 11535 902357
178800 11553 885225 11539 902775
178900 11563 885800 11543 903200
179000 11569 886348 11553 903652
179100 11577 886869 11555 904131
179200 11584 887370 11565 904630
179300 11590 887914 11570 905086
179400 11593 888398 11576 905602
179500 11596 888925 11585 906075
179600 11602 889467 11592 906533
179700 11606 890010 11601 906990
179800 11615 890473 11608 907527
179900 11624 890974 11613 908026
180000 11629 891508 11619 908492
180100 11632 892035 11623 908965
180200 11639 892509 11627 909491
180300 11644 893001 11633 909999
180400 11648 893471 11642 910529
180500 11653 893927 11645 911073
180600 11653 894412 11649 911588
180700 11656 894961 11655 912039
180800 11664 895492 11663 912508
180900 11666 896009 11668 912991
181000 11670 896612 11675 913388
181100 11673 897229 11681 913771
181200 11675 897704 11693 914296
181300 11684 898219 11698 914781
181400 11689 898722 11700 915278
181500 11691 899222 11707 915778
181600 11702 899722 11711 916278
181700 11708 900275 11715 916725
181800 11714 900814 11719 917186
181900 11719 901251 11722 917749
182000 11726 901695 11730 918305
182100 11729 902151 11734 918849
182200 11732 902662 11736 919338
182300 11737 903122 11740 919878
182400 11743 903551 11746 920449
182500 11746 904074 11751 920926
182600 11750 904569 11757 921431
182700 11756 905101 11759 921899
182800 11765 905571 11772 922429
182900 11769 906090 11773 922910
183000 11774 906503 11780 923497
183100 11777 907026 11787 923974
183200 11784 907419 11790 924581
183300 11791 907827 11796 925173
183400 11803 908352 11808 925648
183500 11805 908883 11816 926117
183600 11811 909362 11821 926638
183700 11816 909896 11828 927104
183800 11822 910539 11836 927461
183900 11832 911084 11842 927916
184000 11840 911581 11846 928419
184100 11849 912090 11849 928910
184200 11857 912632 11853 929368
184300 11865 913195 11863 929805
184400 11872 913724 11875 930276
184500 11876 914216 11881 930784
184600 11889 914674 11886 931326
184700 11895 915195 11887 931805
184800 11900 915758 11895 932242
184900 11905 916258 11904 932742
185000 11913 916723 11916 933277
185100 11922 917283 11924 933717
185200 11931 917859 11928 934141
185300 11938 918372 11936 934628
185400 11945 918846 11939 935154
185500 11956 919363 11951 935637
185600 11965 919821 11953 936179
185700 11968 920376 11956 936624
185800 11979 920892 11960 937108
185900 11987 921326 11963 937674
186000 11996 921832 11967 938168
186100 11997 922326 11972 938674
186200 12003 922806 11978 939194
186300 12009 923220 11984 939780
186400 12018 923697 11994 940303
186500 12021 924241 12001 940759
186600 12029 924703 12013 941297
186700 12036 925129 12021 941871
186800 12042 925573 12026 942427
186900 12050 926032 12032 942968
187000 12054 926516 12037 943484
187100 12056 927011 12041 943989
187200 12059 927440 12043 944560
187300 12066 927908 12050 945092
187400 12076 928412 12058 945588
187500 12082 928896 12064 946104
187600 12086 929428 12074 946572
187700 12088 929841 12076 947159
187800 12095 930306 12081 947694
187900 12102 930828 12087 948172
188000 12111 931307 12094 948693
188100 12113 931905 12099 949095
188200 12120 932424 12106 949576
188300 12126 932851 12112 950149
188400 12129 933335 12116 950665
188500 12134 933852 12124 951148
188600 12139 934466 12127 951534
188700 12145 935016 12130 951984
188800 12152 935485 12135 952515
188900 12158 936035 12140 952965
189000 12166 936562 12146 953438
189100 12170 937081 12151 953919
189200 12176 937593 12157 954407
189300 12188 938182 12158 954818
189400 12192 938634 12167 955366
189500 12195 939130 12170 955870
189600 12198 939573 12174 956427
189700 12204 940098 12179 956902
189800 12208 940681 12186 957319
189900 12213 941133 12193 957867
190000 12218 941620 12195 958380
190100 12225 942165 12203 958835
190200 12231 942679 12208 959321
190300 12236 943263 12219 959737
190400 12245 943840 12232 960160
190500 12251 944322 12239 960678
190600 12262 944807 12241 961193
190700 12269 945207 12249 961793
190800 12271 945666 12262 962334
190900 12277 946125 12269 962875
191000 12283 946583 12273 963417
191100 12292 947156 12282 963844
191200 12298 947578 12290 964422
191300 12306 948140 12295 964860
191400 12315 948664 12305 965336
191500 12317 949218 12308 965782
191600 12323 949749 12314 966251
191700 12334 950225 12324 966775
191800 12342 950653 12330 967347
191900 12348 951137 12333 967863
192000 12357 951694 12340 968306
192100 12363 952134 12346 968866
192200 12368 952611 12350 969389
192300 12374 953189 12356 969811
192400 12377 953698 12358 970302
192500 12383 954182 12361 970818
192600 12391 954773 12369 971227
192700 12397 955373 12376 971627
192800 12404 955842 12379 972158
192900 12409 956231 12380 972769
193000 12422 956613 12386 973387
193100 12430 957061 12390 973939
193200 12434 957538 12395 974462
193300 12437 957966 12404 975034
193400 12445 958472 12409 975528
193500 12456 958965 12417 976035
193600 12462 959501 12423 976499
193700 12471 960014 12430 976986
193800 12480 960503 12439 977497
193900 12486 960972 12445 978028
194000 12492 961479 12455 978521
194100 12500 961956 12460 979044
194200 12511 962486 12465 979514
194300 12523 963073 12477 979927
194400 12525 963589 12485 980411
194500 12533 964095 12490 980905
194600 12540 964536 12493 981464
194700 12547 965059 12501 981941
194800 12557 965572 12509 982428
194900 12560 966021 12515 982979
195000 12565 966524 12520 983476
195100 12571 967014 12525 983986
195200 12574 967414 12531 984586
195300 12580 967829 12540 985171
195400 12590 968293 12550 985707
195500 12601 968738 12555 986262
195600 12611 969185 12564 986815
195700 12617 969764 12566 987236
195800 12625 970246 12575 987754
195900 12633 970826 12587 988174
196000 12640 971287 12590 988713
196100 12642 971831 12592 989169
196200 12644 972340 12602 989660
196300 12648 972795 12604 990205
196400 12655 973371 12609 990629
196500 12662 973893 12617 991107
196600 12671 974371 12621 991629
196700 12677 974851 12628 992149
196800 12685 975312 12637 992688
196900 12690 975805 12648 993195
197000 12699 976322 12653 993678
197100 12702 976791 12659 994209
197200 12707 977228 12666 994772
197300 12715 977674 12675 995326
197400 12719 978139 12684 995861
197500 12729 978632 12684 996368
197600 12737 979132 12693 996868
197700 12742 979537 12699 997463
197800 12744 980051 12703 997949
197900 12749 980573 12714 998427
198000 12760 981128 12717 998872
198100 12767 981633 12725 999367
198200 12777 982148 12730 999852
198300 12789 982644 12745 1000356
198400 12797 983236 12748 1000764
198500 12800 983668 12754 1001332
198600 12809 984121 12766 1001879
198700 12816 984662 12777 1002338
198800 12817 985127 12781 1002873
198900 12823 985688 12788 1003312
199000 12832 986154 12792 1003846
199100 12833 986669 12798 1004331
199200 12835 987183 12802 1004817
199300 12837 987643 12805 1005357
199400 12842 988037 12809 1005963
199500 12848 988492 12813 1006508
199600 12855 988929 12817 1007071
199700 12859 989448 12821 1007552
199800 12867 989976 12829 1008024
199900 12872 990596 12834 1008404
200000 12876 991109 12840 1008891
