#! FIELDS timestep dup_succ dup_attempts kill_succ kill_attempts
#! SET timestep 0.5
#! SET kernel_bandwidth [0.75 0.75]
#! SET kt 1.0
100 54 160 78 840
200 131 408 171 1592
300 220 732 251 2268
400 301 1154 331 2846
500 363 1650 402 3350
600 400 2202 440 3798
700 422 2666 454 4334
800 442 3211 476 4789
900 461 3710 499 5290
1000 477 4196 509 5804
1100 491 4662 520 6338
1200 503 5121 526 6879
1300 507 5597 531 7403
1400 516 6071 539 7929
1500 521 6579 544 8421
1600 530 7135 546 8865
1700 534 7725 547 9275
1800 536 8223 551 9777
1900 542 8723 559 10277
2000 547 9180 564 10820
2100 550 9692 568 11308
2200 554 10142 574 11858
2300 559 10537 577 12463
2400 562 11033 582 12967
2500 565 11479 587 13521
2600 570 11894 591 14106
2700 575 12292 595 14708
2800 578 12788 601 15212
2900 582 13247 605 15753
3000 589 13700 610 16300
3100 591 14160 612 16840
3200 592 14598 616 17402
3300 595 15087 620 17913
3400 600 15608 627 18392
3500 601 16078 631 18922
3600 604 16493 634 19507
3700 612 17041 636 19959
3800 614 17553 639 20447
3900 619 18014 643 20986
4000 624 18519 647 21481
4100 628 19024 653 21976
4200 631 19549 654 22451
4300 640 20131 662 22869
4400 642 20636 663 23364
4500 645 21142 667 23858
4600 645 21555 670 24445
4700 646 22037 672 24963
4800 656 22519 679 25481
4900 660 23090 684 25910
5000 661 23673 689 26327
5100 665 24156 691 26844
5200 667 24627 692 27373
5300 671 25025 695 27975
5400 677 25620 698 28380
5500 679 26211 703 28789
5600 686 26777 708 29223
5700 693 27288 710 29712
5800 695 27903 719 30097
5900 702 28337 721 30663
6000 703 28863 723 31137
6100 710 29377 726 31623
6200 716 29912 733 32088
6300 721 30264 739 32736
6400 725 30751 745 33249
6500 729 31274 750 33726
6600 732 31815 754 34185
6700 741 32325 760 34675
6800 747 32855 765 35145
6900 751 33388 770 35612
7000 753 33840 775 36160
7100 756 34389 777 36611
7200 758 34861 779 37139
7300 760 35317 782 37683
7400 764 35769 786 38231
7500 769 36301 790 38699
7600 778 36804 794 39196
7700 781 37208 803 39792
7800 783 37633 804 40367
7900 785 38186 809 40814
8000 790 38716 812 41284
8100 795 39323 819 41677
8200 797 39896 823 42104
8300 806 40332 828 42668
8400 808 40808 833 43192
8500 815 41220 837 43780
8600 819 41612 839 44388
8700 822 42179 842 44821
8800 826 42659 845 45341
8900 828 43181 850 45819
9000 834 43750 853 46250
9100 840 44222 854 46778
9200 845 44618 861 47382
9300 849 45057 864 47943
9400 851 45508 867 48492
9500 862 46052 871 48948
9600 863 46503 875 49497
9700 870 46994 880 50006
9800 873 47520 883 50480
9900 875 47983 889 51017
10000 876 48434 894 51566
10100 880 48906 899 52094
10200 883 49482 905 52518
10300 885 49872 909 53128
10400 890 50276 911 53724
10500 894 50740 915 54260
10600 899 51226 921 54774
10700 902 51669 927 55331
10800 906 52110 930 55890
10900 909 52579 932 56421
11000 919 53050 941 56950
11100 922 53493 944 57507
11200 928 53972 950 58028
11300 930 54475 955 58525
11400 933 54982 958 59018
11500 936 55373 961 59627
11600 939 55786 967 60214
11700 940 56262 972 60738
11800 944 56715 973 61285
11900 949 57137 976 61863
12000 954 57621 980 62379
12100 960 58096 989 62904
12200 964 58608 996 63392
12300 972 59136 1001 63864
12400 977 59632 1005 64368
12500 979 60169 1011 64831
12600 981 60711 1013 65289
12700 984 61189 1017 65811
12800 985 61660 1023 66340
12900 986 62143 1028 66857
13000 992 62628 1032 67372
13100 993 63167 1034 67833
13200 997 63620 1036 68380
13300 1003 64094 1044 68906
13400 1007 64587 1046 69413
13500 1011 65118 1049 69882
13600 1013 65649 1053 70351
13700 1019 66198 1057 70802
13800 1023 66697 1060 71303
13900 1024 67300 1060 71700
14000 1027 67814 1062 72186
14100 1034 68449 1064 72551
14200 1040 68969 1069 73031
14300 1047 69561 1077 73439
14400 1050 70090 1081 73910
14500 1051 70607 1085 74393
14600 1056 71101 1089 74899
14700 1059 71604 1091 75396
14800 1061 72112 1093 75888
14900 1062 72537 1098 76463
15000 1065 72974 1102 77026
15100 1073 73420 1106 77580
15200 1079 73899 1109 78101
15300 1082 74442 1112 78558
15400 1088 75097 1115 78903
15500 1090 75606 1115 79394
15600 1096 76026 1119 79974
15700 1101 76492 1125 80508
15800 1107 77126 1128 80874
15900 1110 77690 1130 81310
16000 1115 78245 1137 81755
16100 1118 78632 1143 82368
16200 1125 79143 1150 82857
16300 1128 79632 1157 83368
16400 1131 80118 1158 83882
16500 1132 80669 1161 84331
16600 1139 81110 1161 84890
16700 1140 81630 1164 85370
16800 1144 82183 1166 85817
16900 1144 82679 1167 86321
17000 1146 83072 1172 86928
17100 1150 83505 1173 87495
17200 1151 84061 1176 87939
17300 1155 84545 1178 88455
17400 1156 85058 1183 88942
17500 1159 85633 1185 89367
17600 1166 86192 1186 89808
17700 1171 86760 1191 90240
17800 1180 87361 1197 90639
17900 1188 87823 1200 91177
18000 1192 88309 1202 91691
18100 1196 88845 1204 92155
18200 1198 89420 1209 92580
18300 1200 89976 1210 93024
18400 1204 90478 1213 93522
18500 1210 90953 1222 94047
18600 1214 91407 1226 94593
18700 1225 91751 1232 95249
18800 1232 92256 1237 95744
18900 1238 92745 1240 96255
19000 1242 93110 1243 96890
19100 1244 93574 1247 97426
19200 1247 93965 1250 98035
19300 1253 94446 1256 98554
19400 1256 94956 1261 99044
19500 1259 95395 1266 99605
19600 1260 95835 1267 100165
19700 1262 96299 1270 100701
19800 1271 96825 1275 101175
19900 1275 97273 1279 101727
20000 1280 97753 1283 102247
20100 1285 98183 1287 102817
20200 1293 98643 1292 103357
20300 1296 99196 1298 103804
20400 1306 99736 1299 104264
20500 1314 100251 1306 104749
20600 1317 100755 1315 105245
20700 1320 101209 1316 105791
20800 1321 101683 1321 106317
20900 1323 102155 1328 106845
21000 1330 102637 1334 107363
21100 1336 103161 1335 107839
21200 1341 103621 1344 108379
21300 1344 104051 1345 108949
21400 1352 104533 1351 109467
21500 1362 104964 1353 110036
21600 1365 105373 1360 110627
21700 1372 105888 1366 111112
21800 1376 106357 1375 111643
21900 1383 106805 1380 112195
22000 1390 107431 1385 112569
22100 1392 107882 1388 113118
22200 1399 108432 1394 113568
22300 1402 108949 1398 114051
22400 1412 109322 1400 114678
22500 1415 109748 1401 115252
22600 1421 110173 1405 115827
22700 1424 110717 1412 116283
22800 1425 111160 1414 116840
22900 1428 111658 1418 117342
23000 1435 112157 1424 117843
23100 1436 112677 1426 118323
23200 1445 113217 1428 118783
23300 1447 113701 1432 119299
23400 1451 114122 1435 119878
23500 1453 114689 1440 120311
23600 1460 115187 1445 120813
23700 1463 115679 1451 121321
23800 1464 116151 1455 121849
23900 1469 116593 1460 122407
24000 1474 116979 1464 123021
24100 1478 117467 1471 123533
24200 1481 117859 1473 124141
24300 1484 118325 1476 124675
24400 1486 118768 1479 125232
24500 1490 119241 1481 125759
24600 1492 119671 1484 126329
24700 1496 120132 1489 126868
24800 1499 120612 1496 127388
24900 1502 120951 1501 128049
25000 1507 121359 1504 128641
25100 1508 121841 1509 129159
25200 1510 122351 1512 129649
25300 1514 122851 1517 130149
25400 1519 123336 1524 130664
25500 1521 123842 1530 131158
25600 1524 124343 1531 131657
25700 1527 124767 1532 132233
25800 1531 125173 1536 132827
25900 1534 125743 1536 133257
26000 1536 126249 1540 133751
26100 1540 126758 1547 134242
26200 1544 127288 1548 134712
26300 1547 127830 1550 135170
26400 1552 128329 1552 135671
26500 1555 128859 1554 136141
26600 1556 129411 1558 136589
26700 1557 129898 1559 137102
26800 1560 130509 1559 137491
26900 1562 131036 1565 137964
27000 1566 131509 1568 138491
27100 1569 132051 1576 138949
27200 1572 132631 1583 139369
27300 1577 133240 1587 139760
27400 1581 133671 1589 140329
27500 1584 134192 1592 140808
27600 1585 134687 1597 141313
27700 1589 135336 1599 141664
27800 1593 135847 1606 142153
27900 1596 136284 1611 142716
28000 1598 136750 1614 143250
28100 1600 137332 1618 143668
28200 1602 137781 1621 144219
28300 1603 138198 1622 144802
28400 1605 138522 1628 145478
28500 1609 138948 1634 146052
28600 1612 139409 1637 146591
28700 1615 139944 1639 147056
28800 1619 140440 1641 147560
28900 1621 140879 1643 148121
29000 1625 141357 1643 148643
29100 1630 141794 1648 149206
29200 1634 142257 1650 149743
29300 1634 142703 1654 150297
29400 1634 143227 1659 150773
29500 1639 143638 1664 151362
29600 1642 144148 1666 151852
29700 1645 144691 1668 152309
29800 1654 145204 1674 152796
29900 1657 145692 1676 153308
30000 1662 146094 1681 153906
30100 1664 146449 1684 154551
30200 1666 146906 1690 155094
30300 1670 147393 1692 155607
30400 1675 147905 1698 156095
30500 1679 148403 1700 156597
30600 1682 148916 1701 157084
30700 1683 149339 1703 157661
30800 1684 149820 1709 158180
30900 1690 150385 1711 158615
31000 1693 150734 1712 159266
31100 1700 151116 1714 159884
31200 1706 151594 1717 160406
31300 1712 152064 1724 160936
31400 1719 152550 1731 161450
31500 1726 153081 1740 161919
31600 1731 153582 1748 162418
31700 1735 154172 1752 162828
31800 1739 154697 1753 163303
31900 1743 155192 1758 163808
32000 1750 155637 1763 164363
32100 1752 156088 1771 164912
32200 1757 156451 1777 165549
32300 1762 156958 1780 166042
32400 1767 157497 1785 166503
32500 1771 157984 1790 167016
32600 1775 158474 1793 167526
32700 1778 158871 1795 168129
32800 1780 159261 1795 168739
32900 1784 159739 1799 169261
33000 1791 160201 1806 169799
33100 1798 160812 1815 170188
33200 1804 161260 1818 170740
33300 1808 161721 1823 171279
33400 1816 162268 1830 171732
33500 1824 162910 1834 172090
33600 1825 163398 1838 172602
33700 1835 163820 1842 173180
33800 1842 164290 1845 173710
33900 1846 164787 1855 174213
34000 1848 165344 1857 174656
34100 1850 165827 1863 175173
34200 1853 166278 1866 175722
34300 1860 166736 1871 176264
34400 1861 167269 1873 176731
34500 1865 167801 1873 177199
34600 1874 168255 1877 177745
34700 1882 168746 1880 178254
34800 1886 169140 1881 178860
34900 1888 169598 1882 179402
35000 1892 170150 1887 179850
35100 1894 170716 1893 180284
35200 1896 171260 1893 180740
35300 1896 171562 1894 181438
35400 1905 171939 1899 182061
35500 1908 172488 1904 182512
35600 1912 172895 1905 183105
35700 1918 173544 1907 183456
35800 1922 174035 1909 183965
35900 1928 174424 1911 184576
36000 1929 174869 1915 185131
36100 1933 175270 1920 185730
36200 1936 175780 1923 186220
36300 1938 176369 1925 186631
36400 1940 176913 1928 187087
36500 1943 177350 1931 187650
36600 1945 177744 1932 188256
36700 1952 178309 1940 188691
36800 1954 178751 1944 189249
36900 1955 179234 1946 189766
37000 1961 179694 1947 190306
37100 1964 180163 1952 190837
37200 1965 180578 1954 191422
37300 1971 181154 1956 191846
37400 1974 181705 1959 192295
37500 1977 182206 1965 192794
37600 1978 182771 1970 193229
37700 1982 183269 1974 193731
37800 1985 183716 1979 194284
37900 1988 184287 1983 194713
38000 1994 184772 1986 195228
38100 1998 185320 1992 195680
38200 2005 185780 1998 196220
38300 2007 186268 2000 196732
38400 2011 186824 2002 197176
38500 2011 187282 2002 197718
38600 2018 187674 2007 198326
38700 2021 188128 2008 198872
38800 2027 188601 2010 199399
38900 2032 189173 2015 199827
39000 2032 189738 2015 200262
39100 2034 190234 2017 200766
39200 2039 190759 2019 201241
39300 2044 191189 2024 201811
39400 2047 191701 2029 202299
39500 2052 192147 2030 202853
39600 2052 192575 2033 203425
39700 2054 192999 2041 204001
39800 2055 193505 2046 204495
39900 2059 194020 2049 204980
40000 2061 194405 2053 205595
40100 2067 194894 2059 206106
40200 2072 195404 2060 206596
40300 2077 195827 2065 207173
40400 2079 196276 2068 207724
40500 2081 196794 2072 208206
40600 2086 197260 2080 208740
40700 2089 197807 2082 209193
40800 2094 198275 2090 209725
40900 2095 198744 2092 210256
41000 2100 199198 2093 210802
41100 2102 199781 2099 211219
41200 2105 200436 2102 211564
41300 2108 200978 2105 212022
41400 2115 201501 2111 212499
41500 2119 201976 2115 213024
41600 2126 202396 2125 213604
41700 2129 202858 2127 214142
41800 2133 203426 2130 214574
41900 2142 203948 2135 215052
42000 2144 204425 2138 215575
42100 2149 204943 2146 216057
42200 2155 205527 2153 216473
42300 2156 206118 2156 216882
42400 2159 206560 2161 217440
42500 2164 207039 2166 217961
42600 2168 207639 2173 218361
42700 2171 208250 2176 218750
42800 2174 208711 2179 219289
42900 2179 209166 2188 219834
43000 2186 209558 2192 220442
43100 2190 210076 2199 220924
43200 2197 210639 2203 221361
43300 2204 211062 2208 221938
43400 2211 211572 2209 222428
43500 2214 211973 2215 223027
43600 2215 212471 2221 223529
43700 2217 212963 2225 224037
43800 2219 213563 2228 224437
43900 2221 214049 2230 224951
44000 2223 214667 2234 225333
44100 2232 215190 2239 225810
44200 2234 215667 2245 226333
44300 2236 216206 2253 226794
44400 2239 216738 2258 227262
44500 2246 217183 2264 227817
44600 2247 217724 2267 228276
44700 2248 218255 2273 228745
44800 2252 218742 2278 229258
44900 2255 219127 2281 229873
45000 2260 219618 2282 230382
45100 2263 220050 2284 230950
45200 2267 220486 2289 231514
45300 2269 220916 2291 232084
45400 2270 221456 2294 232544
45500 2271 221953 2298 233047
45600 2274 222425 2298 233575
45700 2279 222987 2303 234013
45800 2288 223498 2304 234502
45900 2291 223957 2306 235043
46000 2298 224500 2310 235500
46100 2302 224901 2316 236099
46200 2308 225273 2322 236727
46300 2311 225846 2325 237154
46400 2315 226318 2329 237682
46500 2317 226934 2334 238066
46600 2322 227366 2338 238634
46700 2325 227784 2342 239216
46800 2329 228316 2344 239684
46900 2332 228822 2349 240178
47000 2338 229348 2356 240652
47100 2346 229836 2365 241164
47200 2349 230274 2367 241726
47300 2354 230769 2372 242231
47400 2359 231390 2375 242610
47500 2366 231932 2380 243068
47600 2370 232421 2382 243579
47700 2371 233025 2385 243975
47800 2374 233493 2390 244507
47900 2379 234082 2397 244918
48000 2382 234555 2402 245445
48100 2385 235017 2403 245983
48200 2387 235482 2407 246518
48300 2391 236082 2412 246918
48400 2394 236610 2414 247390
48500 2396 237116 2420 247884
48600 2399 237564 2425 248436
48700 2402 238133 2429 248867
48800 2406 238643 2431 249357
48900 2407 239165 2436 249835
49000 2409 239632 2439 250368
49100 2414 240130 2445 250870
49200 2416 240716 2449 251284
49300 2416 241044 2456 251956
49400 2419 241512 2459 252488
49500 2427 242039 2463 252961
49600 2433 242584 2471 253416
49700 2437 243018 2471 253982
49800 2440 243487 2475 254513
49900 2445 244116 2480 254884
50000 2448 244622 2485 255378
50100 2451 245127 2487 255873
50200 2456 245587 2490 256413
50300 2466 245975 2499 257025
50400 2466 246379 2504 257621
50500 2470 246821 2510 258179
50600 2476 247234 2515 258766
50700 2479 247649 2520 259351
50800 2484 248096 2523 259904
50900 2489 248612 2527 260388
51000 2491 248997 2532 261003
51100 2496 249414 2539 261586
51200 2506 249832 2542 262168
51300 2510 250256 2543 262744
51400 2512 250830 2547 263170
51500 2517 251366 2549 263634
51600 2521 251795 2554 264205
51700 2527 252302 2560 264698
51800 2531 252894 2563 265106
51900 2540 253324 2567 265676
52000 2543 253670 2568 266330
52100 2549 254104 2569 266896
52200 2556 254534 2571 267466
52300 2562 254963 2580 268037
52400 2568 255478 2586 268522
52500 2574 256067 2592 268933
52600 2579 256485 2596 269515
52700 2582 256950 2603 270050
52800 2590 257461 2606 270539
52900 2596 258035 2608 270965
53000 2599 258440 2611 271560
53100 2603 259005 2611 271995
53200 2606 259589 2613 272411
53300 2613 260122 2617 272878
53400 2620 260672 2619 273328
53500 2625 261277 2624 273723
53600 2628 261783 2625 274217
53700 2629 262290 2628 274710
53800 2629 262782 2629 275218
53900 2641 263196 2630 275804
54000 2646 263682 2633 276318
54100 2648 264209 2637 276791
54200 2648 264688 2638 277312
54300 2651 265132 2640 277868
54400 2652 265555 2642 278445
54500 2655 266077 2646 278923
54600 2660 266602 2651 279398
54700 2665 267110 2652 279890
54800 2665 267698 2654 280302
54900 2666 268298 2655 280702
55000 2674 268890 2656 281110
55100 2682 269556 2659 281444
55200 2684 269943 2661 282057
55300 2687 270395 2666 282605
55400 2691 270957 2670 283043
55500 2696 271526 2677 283474
55600 2698 271984 2679 284016
55700 2702 272557 2683 284443
55800 2703 273032 2686 284968
55900 2707 273515 2688 285485
56000 2715 273864 2694 286136
56100 2722 274356 2696 286644
56200 2731 274855 2703 287145
56300 2736 275389 2703 287611
56400 2745 275889 2706 288111
56500 2749 276496 2708 288504
56600 2752 276986 2711 289014
56700 2761 277469 2719 289531
56800 2764 277975 2720 290025
56900 2771 278446 2722 290554
57000 2777 279027 2728 290973
57100 2780 279504 2729 291496
57200 2781 279884 2734 292116
57300 2787 280432 2743 292568
57400 2790 280874 2747 293126
57500 2792 281315 2751 293685
57600 2795 281805 2756 294195
57700 2799 282232 2762 294768
57800 2799 282759 2766 295241
57900 2806 283268 2769 295732
58000 2806 283834 2770 296166
58100 2808 284407 2774 296593
58200 2814 284899 2776 297101
58300 2818 285384 2781 297616
58400 2819 285920 2783 298080
58500 2822 286357 2786 298643
58600 2826 286932 2790 299068
58700 2830 287468 2793 299532
58800 2834 287986 2796 300014
58900 2835 288500 2801 300500
59000 2835 288959 2808 301041
59100 2836 289436 2813 301564
59200 2841 289900 2816 302100
59300 2849 290412 2819 302588
59400 2851 290992 2819 303008
59500 2859 291429 2826 303571
59600 2863 291937 2833 304063
59700 2865 292399 2836 304601
59800 2870 292853 2838 305147
59900 2875 293329 2842 305671
60000 2879 293738 2853 306262
60100 2885 294276 2858 306724
60200 2889 294825 2867 307175
60300 2894 295264 2869 307736
60400 2897 295775 2872 308225
60500 2902 296200 2873 308800
60600 2907 296705 2877 309295
60700 2910 297181 2881 309819
60800 2915 297598 2884 310402
60900 2919 297991 2884 311009
61000 2922 298436 2886 311564
61100 2924 298967 2890 312033
61200 2926 299507 2892 312493
61300 2932 299946 2897 313054
61400 2936 300430 2899 313570
61500 2941 300828 2903 314172
61600 2944 301332 2909 314668
61700 2945 301728 2911 315272
61800 2949 302122 2916 315878
61900 2956 302498 2919 316502
62000 2957 302988 2922 317012
62100 2958 303424 2927 317576
62200 2964 303849 2932 318151
62300 2966 304382 2938 318618
62400 2968 304866 2942 319134
62500 2970 305398 2951 319602
62600 2973 305927 2954 320073
62700 2977 306436 2957 320564
62800 2983 306891 2962 321109
62900 2986 307387 2964 321613
63000 2987 307939 2966 322061
63100 2993 308421 2968 322579
63200 2994 308951 2972 323049
63300 2996 309460 2982 323540
63400 2999 309904 2986 324096
63500 3003 310489 2993 324511
63600 3005 310853 2999 325147
63700 3012 311323 3003 325677
63800 3019 311825 3005 326175
63900 3024 312250 3009 326750
64000 3030 312661 3011 327339
64100 3036 313120 3012 327880
64200 3038 313710 3013 328290
64300 3046 314291 3019 328709
64400 3047 314843 3024 329157
64500 3047 315340 3028 329660
64600 3049 315868 3030 330132
64700 3055 316473 3038 330527
64800 3063 317008 3047 330992
64900 3065 317478 3052 331522
65000 3074 317917 3058 332083
65100 3079 318355 3063 332645
65200 3084 318807 3068 333193
65300 3091 319227 3071 333773
65400 3092 319789 3073 334211
65500 3097 320322 3076 334678
65600 3100 320851 3079 335149
65700 3102 321264 3082 335736
65800 3104 321751 3087 336249
65900 3105 322166 3090 336834
66000 3107 322686 3092 337314
66100 3111 323203 3095 337797
66200 3112 323701 3101 338299
66300 3115 324179 3106 338821
66400 3116 324680 3110 339320
66500 3121 325207 3115 339793
66600 3126 325730 3119 340270
66700 3129 326217 3120 340783
66800 3131 326746 3123 341254
66900 3138 327349 3132 341651
67000 3145 327796 3134 342204
67100 3147 328203 3139 342797
67200 3153 328791 3146 343209
67300 3156 329250 3149 343750
67400 3164 329642 3154 344358
67500 3166 330042 3157 344958
67600 3169 330613 3159 345387
67700 3171 331105 3163 345895
67800 3173 331691 3165 346309
67900 3179 332149 3170 346851
68000 3180 332717 3171 347283
68100 3181 333381 3172 347619
68200 3185 333915 3174 348085
68300 3186 334487 3177 348513
68400 3187 334996 3180 349004
68500 3192 335496 3182 349504
68600 3198 335864 3187 350136
68700 3201 336320 3188 350680
68800 3205 336871 3190 351129
68900 3212 337423 3190 351577
69000 3217 338051 3192 351949
69100 3218 338610 3196 352390
69200 3221 339095 3198 352905
69300 3228 339550 3202 353450
69400 3230 340067 3208 353933
69500 3233 340467 3210 354533
69600 3235 340903 3211 355097
69700 3236 341328 3214 355672
69800 3242 341791 3223 356209
69900 3250 342205 3234 356795
70000 3253 342501 3237 357499
70100 3258 342989 3242 358011
70200 3262 343543 3246 358457
70300 3268 344015 3248 358985
70400 3271 344485 3250 359515
70500 3281 344995 3254 360005
70600 3286 345506 3257 360494
70700 3299 346095 3261 360905
70800 3303 346562 3264 361438
70900 3305 347171 3267 361829
71000 3307 347732 3275 362268
71100 3310 348216 3277 362784
71200 3311 348677 3278 363323
71300 3311 349195 3282 363805
71400 3314 349813 3283 364187
71500 3318 350306 3290 364694
71600 3321 350814 3295 365186
71700 3324 351366 3299 365634
71800 3326 351804 3303 366196
71900 3331 352187 3305 366813
72000 3336 352663 3309 367337
72100 3339 353184 3313 367816
72200 3345 353669 3313 368331
72300 3350 354138 3315 368862
72400 3352 354722 3317 369278
72500 3358 355272 3320 369728
72600 3360 355752 3325 370248
72700 3363 356149 3328 370851
72800 3364 356657 3334 371343
72900 3367 357177 3338 371823
73000 3372 357657 3347 372343
73100 3377 358116 3355 372884
73200 3379 358591 3357 373409
73300 3381 359053 3361 373947
73400 3385 359570 3364 374430
73500 3390 360100 3368 374900
73600 3394 360606 3370 375394
73700 3395 361000 3374 376000
73800 3398 361518 3379 376482
73900 3403 361964 3382 377036
74000 3407 362512 3388 377488
74100 3414 363023 3393 377977
74200 3421 363471 3396 378529
74300 3426 363966 3401 379034
74400 3430 364408 3407 379592
74500 3431 364902 3410 380098
74600 3438 365367 3413 380633
74700 3441 365815 3415 381185
74800 3442 366318 3419 381682
74900 3443 366882 3421 382118
75000 3449 367413 3422 382587
75100 3452 368009 3426 382991
75200 3456 368448 3434 383552
75300 3459 368918 3435 384082
75400 3462 369341 3438 384659
75500 3464 369959 3441 385041
75600 3467 370515 3443 385485
75700 3472 371074 3446 385926
75800 3475 371550 3447 386450
75900 3479 372012 3451 386988
76000 3482 372411 3454 387589
76100 3486 372867 3456 388133
76200 3489 373373 3459 388627
76300 3492 373789 3463 389211
76400 3496 374268 3466 389732
76500 3496 374737 3467 390263
76600 3501 375218 3471 390782
76700 3507 375664 3473 391336
76800 3513 376122 3476 391878
76900 3518 376579 3485 392421
77000 3525 377109 3489 392891
77100 3534 377563 3494 393437
77200 3536 377994 3498 394006
77300 3540 378507 3504 394493
77400 3544 378905 3511 395095
77500 3551 379384 3519 395616
77600 3555 379908 3524 396092
77700 3557 380489 3529 396511
77800 3563 381006 3535 396994
77900 3566 381583 3536 397417
78000 3567 382053 3536 397947
78100 3569 382469 3546 398531
78200 3571 382940 3547 399060
78300 3574 383530 3551 399470
78400 3577 384074 3554 399926
78500 3584 384662 3557 400338
78600 3597 385260 3560 400740
78700 3599 385903 3569 401097
78800 3602 386403 3571 401597
78900 3605 386958 3580 402042
79000 3610 387469 3582 402531
79100 3613 387938 3584 403062
79200 3618 388518 3590 403482
79300 3621 388993 3594 404007
79400 3626 389519 3595 404481
79500 3628 389949 3599 405051
79600 3630 390455 3603 405545
79700 3636 391002 3608 405998
79800 3643 391363 3614 406637
79900 3646 391783 3617 407217
80000 3650 392242 3618 407758
80100 3653 392770 3621 408230
80200 3657 393244 3622 408756
80300 3663 393768 3634 409232
80400 3667 394305 3637 409695
80500 3668 394895 3641 410105
80600 3672 395446 3648 410554
80700 3674 395978 3651 411022
80800 3676 396488 3656 411512
80900 3681 397000 3660 412000
81000 3684 397532 3660 412468
81100 3693 397997 3662 413003
81200 3699 398457 3666 413543
81300 3703 398900 3669 414100
81400 3704 399263 3673 414737
81500 3708 399796 3680 415204
81600 3710 400321 3684 415679
81700 3715 400687 3689 416313
81800 3720 401124 3694 416876
81900 3723 401662 3702 417338
82000 3726 402206 3713 417794
82100 3730 402682 3716 418318
82200 3733 403075 3721 418925
82300 3735 403472 3727 419528
82400 3742 403977 3736 420023
82500 3745 404519 3737 420481
82600 3748 405108 3738 420892
82700 3754 405595 3742 421405
82800 3756 406171 3743 421829
82900 3760 406761 3750 422239
83000 3762 407349 3751 422651
83100 3767 407862 3758 423138
83200 3769 408452 3759 423548
83300 3770 408926 3759 424074
83400 3773 409457 3766 424543
83500 3776 410055 3770 424945
83600 3781 410534 3779 425466
83700 3784 411113 3781 425887
83800 3787 411559 3783 426441
83900 3799 412136 3791 426864
84000 3803 412685 3796 427315
84100 3813 413226 3804 427774
84200 3819 413733 3810 428267
84300 3827 414260 3818 428740
84400 3833 414788 3823 429212
84500 3838 415205 3828 429795
84600 3843 415720 3830 430280
84700 3843 416327 3835 430673
84800 3845 416842 3838 431158
84900 3849 417339 3845 431661
85000 3853 417824 3847 432176
85100 3855 418271 3850 432729
85200 3856 418868 3852 433132
85300 3861 419414 3854 433586
85400 3864 419976 3857 434024
85500 3867 420443 3861 434557
85600 3872 420944 3863 435056
85700 3876 421457 3867 435543
85800 3879 421970 3874 436030
85900 3880 422465 3877 436535
86000 3881 422976 3877 437024
86100 3884 423470 3879 437530
86200 3887 424072 3882 437928
86300 3888 424626 3888 438374
86400 3891 425077 3890 438923
86500 3899 425652 3894 439348
86600 3902 426127 3896 439873
86700 3906 426560 3898 440440
86800 3908 427069 3903 440931
86900 3913 427622 3913 441378
87000 3919 428137 3915 441863
87100 3921 428615 3921 442385
87200 3925 429172 3923 442828
87300 3926 429785 3928 443215
87400 3931 430260 3931 443740
87500 3932 430762 3936 444238
87600 3936 431263 3939 444737
87700 3940 431735 3943 445265
87800 3943 432222 3946 445778
87900 3945 432675 3949 446325
88000 3952 433186 3952 446814
88100 3957 433708 3960 447292
88200 3960 434117 3963 447883
88300 3963 434588 3967 448412
88400 3967 435132 3968 448868
88500 3972 435678 3970 449322
88600 3977 436210 3973 449790
88700 3980 436677 3976 450323
88800 3981 437139 3979 450861
88900 3981 437661 3985 451339
89000 3983 438158 3990 451842
89100 3986 438621 3990 452379
89200 3988 439078 3993 452922
89300 3990 439446 3997 453554
89400 3993 439965 4001 454035
89500 3996 440518 4008 454482
89600 4001 441016 4014 454984
89700 4006 441492 4018 455508
89800 4009 441976 4022 456024
89900 4012 442386 4024 456614
90000 4018 442862 4031 457138
90100 4022 443405 4036 457595
90200 4026 443891 4038 458109
90300 4028 444310 4043 458690
90400 4029 444761 4046 459239
90500 4032 445190 4054 459810
90600 4034 445845 4055 460155
90700 4040 446351 4065 460649
90800 4047 446721 4075 461279
90900 4050 447078 4079 461922
91000 4054 447516 4086 462484
91100 4059 447922 4089 463078
91200 4062 448617 4095 463383
91300 4065 449108 4097 463892
91400 4067 449598 4101 464402
91500 4068 450180 4102 464820
91600 4070 450668 4106 465332
91700 4075 451152 4109 465848
91800 4086 451639 4111 466361
91900 4088 452139 4118 466861
92000 4094 452626 4125 467374
92100 4103 453132 4133 467868
92200 4105 453572 4134 468428
92300 4112 454092 4138 468908
92400 4115 454565 4141 469435
92500 4120 455044 4145 469956
92600 4126 455589 4149 470411
92700 4128 456228 4150 470772
92800 4131 456683 4151 471317
92900 4135 457203 4155 471797
93000 4137 457752 4157 472248
93100 4141 458162 4165 472838
93200 4146 458630 4170 473370
93300 4152 459089 4175 473911
93400 4159 459514 4180 474486
93500 4163 459843 4181 475157
93600 4166 460387 4186 475613
93700 4171 460882 4190 476118
93800 4172 461413 4194 476587
93900 4179 461930 4196 477070
94000 4185 462459 4203 477541
94100 4192 463052 4210 477948
94200 4196 463586 4213 478414
94300 4201 464033 4224 478967
94400 4204 464527 4229 479473
94500 4206 465006 4232 479994
94600 4210 465572 4238 480428
94700 4214 466082 4244 480918
94800 4218 466556 4246 481444
94900 4218 467005 4249 481995
95000 4222 467404 4253 482596
95100 4227 467879 4258 483121
95200 4233 468320 4262 483680
95300 4237 468795 4264 484205
95400 4245 469254 4266 484746
95500 4248 469727 4270 485273
95600 4253 470168 4273 485832
95700 4258 470690 4276 486310
95800 4263 471174 4282 486826
95900 4264 471668 4285 487332
96000 4267 472201 4287 487799
96100 4270 472683 4291 488317
96200 4274 473150 4296 488850
96300 4280 473706 4304 489294
96400 4281 474277 4305 489723
96500 4283 474847 4308 490153
96600 4288 475429 4312 490571
96700 4294 475990 4320 491010
96800 4298 476510 4324 491490
96900 4302 477059 4327 491941
97000 4304 477565 4331 492435
97100 4306 478090 4335 492910
97200 4308 478484 4340 493516
97300 4310 479100 4343 493900
97400 4313 479669 4347 494331
97500 4316 480166 4353 494834
97600 4324 480547 4359 495453
97700 4331 480959 4366 496041
97800 4338 481388 4367 496612
97900 4344 481966 4371 497034
98000 4344 482550 4375 497450
98100 4348 483067 4380 497933
98200 4357 483600 4383 498400
98300 4362 484004 4388 498996
98400 4365 484556 4390 499444
98500 4368 485029 4394 499971
98600 4372 485555 4395 500445
98700 4375 485969 4399 501031
98800 4380 486345 4403 501655
98900 4384 486958 4406 502042
99000 4389 487490 4411 502510
99100 4393 487980 4411 503020
99200 4397 488446 4413 503554
99300 4401 488840 4416 504160
99400 4403 489391 4421 504609
99500 4406 489884 4424 505116
99600 4412 490386 4428 505614
99700 4417 490891 4436 506109
99800 4425 491240 4439 506760
99900 4429 491620 4443 507380
100000 4431 492087 4448 507913
100100 4434 492477 4450 508523
100200 4439 492977 4453 509023
100300 4442 493405 4455 509595
100400 4448 493951 4459 510049
100500 4452 494508 4462 510492
100600 4456 494979 4470 511021
100700 4465 495486 4476 511514
100800 4471 496000 4483 512000
100900 4473 496490 4487 512510
101000 4474 496974 4491 513026
101100 4477 497488 4497 513512
101200 4482 498054 4501 513946
101300 4482 498571 4504 514429
101400 4485 499106 4506 514894
101500 4486 499653 4511 515347
101600 4487 500131 4512 515869
101700 4490 500678 4516 516322
101800 4498 501236 4520 516764
101900 4507 501765 4522 517235
102000 4511 502276 4524 517724
102100 4518 502777 4525 518223
102200 4525 503220 4528 518780
102300 4531 503742 4536 519258
102400 4535 504292 4538 519708
102500 4545 504775 4540 520225
102600 4549 505357 4547 520643
102700 4557 505866 4552 521134
102800 4561 506518 4558 521482
102900 4565 507049 4560 521951
103000 4568 507563 4565 522437
103100 4577 508086 4572 522914
103200 4578 508568 4577 523432
103300 4583 508997 4587 524003
103400 4587 509462 4588 524538
103500 4588 509877 4590 525123
103600 4590 510441 4596 525559
103700 4591 511052 4599 525948
103800 4596 511637 4604 526363
103900 4601 512101 4612 526899
104000 4604 512738 4618 527262
104100 4606 513262 4625 527738
104200 4612 513625 4638 528375
104300 4619 514156 4644 528844
104400 4627 514616 4649 529384
104500 4629 515313 4652 529687
104600 4632 515766 4652 530234
104700 4635 516362 4653 530638
104800 4637 516855 4656 531145
104900 4642 517378 4660 531622
105000 4645 517852 4662 532148
105100 4652 518272 4666 532728
105200 4656 518745 4673 533255
105300 4661 519271 4675 533729
105400 4663 519826 4681 534174
105500 4664 520306 4682 534694
105600 4667 520831 4683 535169
105700 4670 521396 4685 535604
105800 4675 521920 4689 536080
105900 4676 522393 4690 536607
106000 4680 522842 4695 537158
106100 4691 523328 4698 537672
106200 4693 523934 4701 538066
106300 4694 524367 4706 538633
106400 4698 524892 4712 539108
106500 4703 525358 4718 539642
106600 4710 525926 4721 540074
106700 4717 526487 4725 540513
106800 4722 527027 4729 540973
106900 4724 527438 4735 541562
107000 4726 527934 4740 542066
107100 4734 528450 4742 542550
107200 4740 528971 4748 543029
107300 4742 529555 4752 543445
107400 4745 530209 4754 543791
107500 4749 530637 4759 544363
107600 4750 531059 4762 544941
107700 4756 531558 4765 545442
107800 4759 532002 4770 545998
107900 4763 532584 4774 546416
108000 4770 532990 4779 547010
108100 4774 533483 4780 547517
108200 4778 534027 4781 547973
108300 4783 534507 4783 548493
108400 4785 534997 4786 549003
108500 4791 535496 4789 549504
108600 4799 535953 4792 550047
108700 4802 536338 4794 550662
108800 4810 536674 4799 551326
108900 4811 537093 4802 551907
109000 4816 537646 4804 552354
109100 4819 538154 4813 552846
109200 4823 538639 4817 553361
109300 4829 539138 4821 553862
109400 4831 539629 4827 554371
109500 4832 540101 4828 554899
109600 4837 540613 4831 555387
109700 4837 541118 4833 555882
109800 4840 541527 4838 556473
109900 4841 542076 4844 556924
110000 4847 542547 4853 557453
110100 4852 542940 4860 558060
110200 4857 543344 4865 558656
110300 4861 543768 4869 559232
110400 4868 544274 4872 559726
110500 4871 544688 4881 560312
110600 4878 545264 4888 560736
110700 4887 545810 4893 561190
110800 4896 546406 4898 561594
110900 4905 546848 4903 562152
111000 4910 547341 4908 562659
111100 4911 547859 4910 563141
111200 4914 548353 4912 563647
111300 4920 548825 4920 564175
111400 4928 549292 4930 564708
111500 4935 549778 4939 565222
111600 4941 550339 4941 565661
111700 4951 550873 4944 566127
111800 4955 551368 4947 566632
111900 4958 551856 4950 567144
112000 4965 552188 4953 567812
112100 4971 552730 4963 568270
112200 4982 553226 4975 568774
112300 4983 553725 4978 569275
112400 4986 554230 4981 569770
112500 4988 554765 4981 570235
112600 4995 555258 4985 570742
112700 4996 555771 4989 571229
112800 5000 556376 4989 571624
112900 5003 556842 4994 572158
113000 5007 557445 4999 572555
113100 5017 557996 5006 573004
113200 5028 558580 5011 573420
113300 5044 559043 5023 573957
113400 5055 559620 5030 574380
113500 5057 560071 5041 574929
113600 5067 560493 5049 575507
113700 5071 560988 5052 576012
113800 5077 561417 5053 576583
113900 5079 561860 5061 577140
114000 5083 562305 5062 577695
114100 5085 562739 5066 578261
114200 5091 563196 5073 578804
114300 5093 563705 5077 579295
114400 5097 564254 5079 579746
114500 5100 564689 5079 580311
114600 5102 565123 5085 580877
114700 5105 565602 5089 581398
114800 5110 566101 5094 581899
114900 5114 566545 5096 582455
115000 5120 566865 5104 583135
115100 5122 567320 5105 583680
115200 5127 567745 5109 584255
115300 5127 568295 5110 584705
115400 5129 568774 5113 585226
115500 5132 569258 5114 585742
115600 5136 569765 5117 586235
115700 5141 570396 5119 586604
115800 5142 571048 5121 586952
115900 5145 571522 5122 587478
116000 5152 572005 5126 587995
116100 5157 572502 5128 588498
116200 5159 572967 5132 589033
116300 5162 573283 5137 589717
116400 5164 573815 5141 590185
116500 5168 574335 5142 590665
116600 5170 574780 5145 591220
116700 5177 575273 5147 591727
116800 5185 575776 5150 592224
116900 5189 576276 5153 592724
117000 5193 576740 5158 593260
117100 5198 577185 5160 593815
117200 5205 577645 5163 594355
117300 5211 578056 5171 594944
117400 5217 578561 5173 595439
117500 5224 579101 5175 595899
117600 5225 579526 5177 596474
117700 5225 579998 5178 597002
117800 5229 580536 5180 597464
117900 5234 580995 5182 598005
118000 5237 581502 5185 598498
118100 5240 582130 5187 598870
118200 5243 582613 5189 599387
118300 5243 583172 5190 599828
118400 5245 583678 5196 600322
118500 5250 584198 5199 600802
118600 5255 584647 5201 601353
118700 5258 585164 5203 601836
118800 5266 585632 5207 602368
118900 5271 586220 5211 602780
119000 5271 586787 5217 603213
119100 5272 587338 5218 603662
119200 5274 587793 5219 604207
119300 5277 588304 5222 604696
119400 5282 588771 5229 605229
119500 5287 589300 5233 605700
119600 5287 589705 5240 606295
119700 5293 590179 5243 606821
119800 5299 590691 5245 607309
119900 5301 591211 5249 607789
120000 5306 591755 5255 608245
120100 5308 592305 5264 608695
120200 5311 592790 5266 609210
120300 5315 593334 5267 609666
120400 5319 593969 5278 610031
120500 5324 594504 5283 610496
120600 5326 595030 5292 610970
120700 5329 595579 5297 611421
120800 5330 596114 5299 611886
120900 5333 596630 5303 612370
121000 5336 597124 5306 612876
121100 5339 597629 5306 613371
121200 5344 598205 5312 613795
121300 5353 598605 5325 614395
121400 5358 599036 5328 614964
121500 5362 599496 5332 615504
121600 5365 600027 5336 615973
121700 5366 600468 5338 616532
121800 5367 600970 5345 617030
121900 5369 601461 5347 617539
122000 5375 601845 5354 618155
122100 5378 602376 5355 618624
122200 5382 602922 5357 619078
122300 5383 603490 5358 619510
122400 5390 604042 5366 619958
122500 5400 604492 5374 620508
122600 5404 605004 5379 620996
122700 5405 605484 5381 621516
122800 5407 605949 5385 622051
122900 5408 606445 5386 622555
123000 5409 606987 5387 623013
123100 5412 607403 5391 623597
123200 5414 607875 5396 624125
123300 5423 608416 5397 624584
123400 5427 608966 5402 625034
123500 5433 609554 5409 625446
123600 5441 610099 5409 625901
123700 5449 610572 5413 626428
123800 5457 611105 5414 626895
123900 5463 611563 5419 627437
124000 5463 611921 5423 628079
124100 5468 612458 5426 628542
124200 5471 613037 5428 628963
124300 5475 613512 5431 629488
124400 5480 614030 5433 629970
124500 5482 614514 5438 630486
124600 5485 615026 5439 630974
124700 5486 615472 5441 631528
124800 5486 616020 5445 631980
124900 5487 616541 5445 632459
125000 5491 617080 5453 632920
125100 5494 617563 5454 633437
125200 5498 618055 5458 633945
125300 5500 618449 5463 634551
125400 5505 618894 5465 635106
125500 5506 619323 5468 635677
125600 5508 619787 5471 636213
125700 5510 620203 5481 636797
125800 5512 620605 5487 637395
125900 5515 620970 5490 638030
126000 5521 621464 5493 638536
126100 5526 621963 5496 639037
126200 5527 622409 5499 639591
126300 5530 622893 5504 640107
126400 5530 623509 5508 640491
126500 5533 623987 5514 641013
126600 5536 624488 5523 641512
126700 5538 625026 5524 641974
126800 5541 625563 5527 642437
126900 5543 626084 5533 642916
127000 5547 626530 5535 643470
127100 5550 627115 5539 643885
127200 5552 627678 5539 644322
127300 5554 628195 5542 644805
127400 5557 628598 5545 645402
127500 5560 629053 5549 645947
127600 5564 629469 5553 646531
127700 5568 629919 5558 647081
127800 5569 630353 5561 647647
127900 5574 630729 5564 648271
128000 5581 631319 5570 648681
128100 5587 631788 5574 649212
128200 5587 632265 5580 649735
128300 5592 632734 5586 650266
128400 5597 633166 5590 650834
128500 5601 633635 5596 651365
128600 5606 634092 5601 651908
128700 5614 634589 5603 652411
128800 5620 635063 5611 652937
128900 5630 635522 5617 653478
129000 5635 635963 5622 654037
129100 5642 636520 5624 654480
129200 5644 636957 5630 655043
129300 5646 637493 5642 655507
129400 5650 637987 5645 656013
129500 5654 638533 5647 656467
129600 5657 639033 5651 656967
129700 5659 639469 5652 657531
129800 5664 639924 5655 658076
129900 5668 640484 5657 658516
130000 5673 641048 5658 658952
130100 5676 641542 5662 659458
130200 5679 642036 5666 659964
130300 5681 642508 5670 660492
130400 5687 642944 5673 661056
130500 5693 643444 5675 661556
130600 5699 643896 5679 662104
130700 5701 644270 5683 662730
130800 5709 644668 5687 663332
130900 5714 645031 5692 663969
131000 5723 645525 5696 664475
131100 5728 645995 5700 665005
131200 5733 646469 5707 665531
131300 5740 646867 5711 666133
131400 5744 647273 5717 666727
131500 5749 647741 5721 667259
131600 5751 648270 5725 667730
131700 5755 648900 5729 668100
131800 5760 649411 5736 668589
131900 5765 649946 5743 669054
132000 5772 650432 5747 669568
132100 5780 651013 5755 669987
132200 5783 651647 5756 670353
132300 5787 652175 5760 670825
132400 5789 652625 5764 671375
132500 5800 653155 5773 671845
132600 5804 653747 5773 672253
132700 5810 654274 5778 672726
132800 5817 654851 5785 673149
132900 5823 655427 5786 673573
133000 5828 655957 5791 674043
133100 5831 656418 5797 674582
133200 5835 656893 5800 675107
133300 5839 657629 5801 675371
133400 5843 658277 5805 675723
133500 5850 658675 5809 676325
133600 5858 659121 5813 676879
133700 5865 659482 5817 677518
133800 5867 659909 5818 678091
133900 5870 660392 5827 678608
134000 5872 660932 5829 679068
134100 5876 661391 5831 679609
134200 5879 661907 5835 680093
134300 5883 662435 5842 680565
134400 5889 662977 5843 681023
134500 5900 663526 5847 681474
134600 5903 663891 5849 682109
134700 5904 664383 5852 682617
134800 5911 664760 5858 683240
134900 5920 665181 5866 683819
135000 5927 665636 5874 684364
135100 5932 666150 5875 684850
135200 5937 666682 5878 685318
135300 5941 667170 5878 685830
135400 5944 667710 5880 686290
135500 5947 668304 5886 686696
135600 5952 668817 5891 687183
135700 5957 669340 5899 687660
135800 5959 669831 5905 688169
135900 5962 670297 5907 688703
136000 5963 670845 5910 689155
136100 5965 671296 5914 689704
136200 5968 671798 5919 690202
136300 5976 672362 5921 690638
136400 5979 672851 5923 691149
136500 5980 673313 5925 691687
136600 5982 673749 5929 692251
136700 5983 674205 5930 692795
136800 5988 674702 5934 693298
136900 5995 675274 5937 693726
137000 6001 675802 5941 694198
137100 6009 676318 5943 694682
137200 6010 676834 5946 695166
137300 6010 677302 5949 695698
137400 6016 677747 5953 696253
137500 6019 678245 5957 696755
137600 6025 678742 5963 697258
137700 6034 679226 5970 697774
137800 6036 679695 5974 698305
137900 6039 680182 5976 698818
138000 6048 680656 5980 699344
138100 6052 681061 5984 699939
138200 6054 681482 5986 700518
138300 6059 681966 5987 701034
138400 6064 682400 5993 701600
138500 6068 682880 5997 702120
138600 6072 683374 6003 702626
138700 6074 683731 6003 703269
138800 6077 684201 6005 703799
138900 6080 684678 6009 704322
139000 6082 685199 6011 704801
139100 6085 685702 6015 705298
139200 6086 686187 6018 705813
139300 6091 686684 6023 706316
139400 6091 687131 6024 706869
139500 6092 687690 6027 707310
139600 6093 688193 6032 707807
139700 6094 688663 6034 708337
139800 6095 689012 6034 708988
139900 6097 689502 6035 709498
140000 6101 690033 6040 709967
140100 6105 690550 6042 710450
140200 6108 691026 6043 710974
140300 6112 691593 6045 711407
140400 6114 691986 6053 712014
140500 6120 692410 6056 712590
140600 6127 692878 6061 713122
140700 6128 693446 6064 713554
140800 6133 693998 6065 714002
140900 6136 694437 6068 714563
141000 6139 694901 6068 715099
141100 6141 695314 6073 715686
141200 6141 695856 6075 716144
141300 6145 696419 6078 716581
141400 6145 696913 6084 717087
141500 6147 697288 6087 717712
141600 6150 697744 6092 718256
141700 6153 698312 6096 718688
141800 6153 698788 6096 719212
141900 6154 699316 6096 719684
142000 6157 699797 6097 720203
142100 6161 700274 6102 720726
142200 6167 700953 6107 721047
142300 6171 701488 6111 721512
142400 6185 702057 6122 721943
142500 6190 702516 6124 722484
142600 6193 702989 6128 723011
142700 6198 703500 6130 723500
142800 6204 704108 6135 723892
142900 6208 704674 6145 724326
143000 6213 705194 6152 724806
143100 6215 705763 6164 725237
143200 6221 706215 6172 725785
143300 6224 706700 6179 726300
143400 6226 707250 6184 726750
143500 6228 707811 6185 727189
143600 6232 708198 6191 727802
143700 6236 708786 6192 728214
143800 6237 709275 6193 728725
143900 6239 709802 6200 729198
144000 6243 710413 6202 729587
144100 6249 710993 6207 730007
144200 6255 711411 6212 730589
144300 6263 711857 6215 731143
144400 6264 712333 6220 731667
144500 6271 712857 6225 732143
144600 6274 713328 6230 732672
144700 6276 713861 6231 733139
144800 6277 714410 6232 733590
144900 6280 714738 6235 734262
145000 6283 715147 6238 734853
145100 6286 715556 6241 735444
145200 6288 716003 6245 735997
145300 6293 716535 6248 736465
145400 6295 716935 6251 737065
145500 6297 717408 6254 737592
145600 6301 717908 6255 738092
145700 6305 718482 6259 738518
145800 6314 718923 6263 739077
145900 6314 719457 6265 739543
146000 6317 719816 6269 740184
146100 6323 720220 6272 740780
146200 6326 720707 6274 741293
146300 6327 721263 6276 741737
146400 6334 721743 6279 742257
146500 6337 722302 6283 742698
146600 6341 722795 6286 743205
146700 6345 723326 6289 743674
146800 6349 723885 6293 744115
146900 6357 724429 6294 744571
147000 6360 724853 6297 745147
147100 6362 725359 6306 745641
147200 6370 725906 6308 746094
147300 6372 726481 6312 746519
147400 6375 726987 6318 747013
147500 6383 727491 6323 747509
147600 6391 728018 6331 747982
147700 6397 728527 6335 748473
147800 6401 728902 6339 749098
147900 6405 729384 6344 749616
148000 6408 729846 6346 750154
148100 6418 730321 6355 750679
148200 6425 730801 6363 751199
148300 6428 731270 6365 751730
148400 6428 731717 6371 752283
148500 6430 732148 6376 752852
148600 6434 732649 6384 753351
148700 6438 733082 6387 753918
148800 6445 733677 6393 754323
148900 6450 734240 6395 754760
149000 6458 734701 6398 755299
149100 6460 735154 6398 755846
149200 6466 735719 6402 756281
149300 6472 736268 6406 756732
149400 6476 736780 6407 757220
149500 6479 737255 6415 757745
149600 6481 737711 6418 758289
149700 6483 738189 6426 758811
149800 6489 738637 6428 759363
149900 6493 739209 6428 759791
150000 6494 739705 6434 760295
150100 6499 740205 6439 760795
150200 6502 740601 6439 761399
150300 6508 741041 6443 761959
150400 6512 741507 6446 762493
150500 6515 741954 6454 763046
150600 6525 742430 6457 763570
150700 6528 742885 6460 764115
150800 6532 743382 6464 764618
150900 6535 743850 6465 765150
151000 6542 744261 6470 765739
151100 6547 744985 6471 766015
151200 6551 745495 6474 766505
151300 6555 746002 6479 766998
151400 6559 746435 6482 767565
151500 6562 746887 6488 768113
151600 6564 747304 6489 768696
151700 6564 747758 6489 769242
151800 6567 748322 6493 769678
151900 6569 748870 6494 770130
152000 6574 749416 6500 770584
152100 6581 749889 6501 771111
152200 6588 750349 6506 771651
152300 6594 750805 6514 772195
152400 6599 751320 6520 772680
152500 6606 751780 6521 773220
152600 6611 752173 6525 773827
152700 6613 752652 6527 774348
152800 6615 753165 6532 774835
152900 6619 753636 6537 775364
153000 6620 754019 6540 775981
153100 6624 754508 6543 776492
153200 6626 754993 6548 777007
153300 6632 755494 6553 777506
153400 6634 755939 6555 778061
153500 6643 756398 6562 778602
153600 6651 756964 6568 779036
153700 6654 757371 6571 779629
153800 6657 757750 6572 780250
153900 6659 758262 6576 780738
154000 6660 758771 6581 781229
154100 6663 759267 6585 781733
154200 6668 759741 6590 782259
154300 6671 760120 6591 782880
154400 6674 760640 6596 783360
154500 6676 761151 6596 783849
154600 6678 761672 6598 784328
154700 6686 762188 6599 784812
154800 6689 762677 6608 785323
154900 6689 763246 6611 785754
155000 6692 763676 6612 786324
155100 6697 764134 6614 786866
155200 6700 764609 6616 787391
155300 6707 765162 6619 787838
155400 6708 765747 6625 788253
155500 6709 766197 6629 788803
155600 6712 766687 6634 789313
155700 6715 767258 6636 789742
155800 6718 767742 6646 790258
155900 6724 768291 6653 790709
156000 6728 768770 6657 791230
156100 6731 769254 6663 791746
156200 6732 769715 6664 792285
156300 6738 770115 6669 792885
156400 6743 770583 6673 793417
156500 6748 771021 6680 793979
156600 6755 771433 6687 794567
156700 6760 771864 6696 795136
156800 6763 772260 6699 795740
156900 6765 772639 6700 796361
157000 6767 773290 6704 796710
157100 6771 773844 6706 797156
157200 6775 774350 6713 797650
157300 6780 774760 6715 798240
157400 6782 775316 6716 798684
157500 6785 775771 6721 799229
157600 6786 776347 6724 799653
157700 6789 777000 6730 800000
157800 6789 777491 6731 800509
157900 6792 777889 6735 801111
158000 6796 778347 6737 801653
158100 6799 778882 6737 802118
158200 6803 779468 6742 802532
158300 6806 779922 6743 803078
158400 6811 780373 6744 803627
158500 6816 780948 6748 804052
158600 6819 781468 6753 804532
158700 6828 781922 6756 805078
158800 6831 782470 6763 805530
158900 6837 783015 6768 805985
159000 6841 783637 6770 806363
159100 6843 784110 6772 806890
159200 6849 784530 6776 807470
159300 6856 785021 6779 807979
159400 6860 785520 6783 808480
159500 6866 786010 6789 808990
159600 6872 786461 6793 809539
159700 6876 787067 6798 809933
159800 6885 787576 6805 810424
159900 6892 788088 6810 810912
160000 6895 788628 6813 811372
160100 6901 789042 6816 811958
160200 6906 789553 6818 812447
160300 6914 790089 6822 812911
160400 6918 790522 6828 813478
160500 6920 791027 6832 813973
160600 6924 791568 6837 814432
160700 6927 792134 6843 814866
160800 6930 792712 6846 815288
160900 6936 793182 6848 815818
161000 6945 793719 6852 816281
161100 6947 794186 6859 816814
161200 6950 794833 6866 817167
161300 6954 795313 6868 817687
161400 6958 795855 6869 818145
161500 6964 796350 6872 818650
161600 6966 796842 6878 819158
161700 6970 797253 6881 819747
161800 6973 797786 6884 820214
161900 6978 798309 6888 820691
162000 6981 798743 6892 821257
162100 6987 799314 6895 821686
162200 6997 799821 6900 822179
162300 7004 800273 6906 822727
162400 7012 800856 6915 823144
162500 7014 801394 6922 823606
162600 7014 801945 6927 824055
162700 7022 802356 6937 824644
162800 7029 802845 6943 825155
162900 7032 803328 6948 825672
163000 7037 803824 6952 826176
163100 7044 804387 6960 826613
163200 7051 804957 6971 827043
163300 7056 805535 6977 827465
163400 7059 806014 6978 827986
163500 7062 806510 6981 828490
163600 7067 806960 6985 829040
163700 7071 807479 6988 829521
163800 7073 807921 6989 830079
163900 7074 808341 6989 830659
164000 7075 808802 6992 831198
164100 7078 809345 6994 831655
164200 7079 809946 6996 832054
164300 7085 810592 6999 832408
164400 7090 811152 7002 832848
164500 7095 811629 7009 833371
164600 7102 812154 7017 833846
164700 7116 812705 7022 834295
164800 7121 813308 7026 834692
164900 7130 813806 7028 835194
165000 7135 814357 7036 835643
165100 7135 814825 7041 836175
165200 7143 815293 7052 836707
165300 7144 815812 7052 837188
165400 7145 816336 7057 837664
165500 7153 816895 7061 838105
165600 7161 817413 7065 838587
165700 7165 817848 7068 839152
165800 7171 818196 7071 839804
165900 7174 818729 7072 840271
166000 7176 819251 7074 840749
166100 7177 819601 7078 841399
166200 7182 820240 7081 841760
166300 7186 820685 7086 842315
166400 7188 821123 7090 842877
166500 7190 821563 7094 843437
166600 7192 822042 7101 843958
166700 7199 822520 7103 844480
166800 7203 822930 7107 845070
166900 7206 823356 7109 845644
167000 7207 823849 7110 846151
167100 7211 824439 7112 846561
167200 7212 824990 7117 847010
167300 7217 825495 7122 847505
167400 7219 826051 7124 847949
167500 7222 826551 7128 848449
167600 7223 827059 7131 848941
167700 7226 827576 7136 849424
167800 7229 828100 7140 849900
167900 7234 828544 7147 850456
168000 7238 828986 7152 851014
168100 7241 829397 7158 851603
168200 7246 829855 7166 852145
168300 7248 830377 7171 852623
168400 7253 830864 7176 853136
168500 7254 831523 7177 853477
168600 7261 832003 7182 853997
168700 7261 832430 7182 854570
168800 7264 833059 7185 854941
168900 7270 833596 7190 855404
169000 7275 834102 7194 855898
169100 7278 834483 7196 856517
169200 7283 834978 7199 857022
169300 7285 835359 7201 857641
169400 7294 835790 7209 858210
169500 7297 836308 7214 858692
169600 7300 836765 7217 859235
169700 7306 837282 7219 859718
169800 7310 837820 7225 860180
169900 7314 838329 7229 860671
170000 7317 838892 7229 861108
170100 7324 839369 7232 861631
170200 7331 839819 7240 862181
170300 7333 840329 7245 862671
170400 7338 840772 7247 863228
170500 7341 841273 7256 863727
170600 7344 841826 7262 864174
170700 7347 842385 7263 864615
170800 7351 842942 7267 865058
170900 7354 843390 7267 865610
171000 7356 843847 7274 866153
171100 7358 844340 7280 866660
171200 7366 844847 7288 867153
171300 7368 845392 7290 867608
171400 7370 845895 7294 868105
171500 7375 846371 7295 868629
171600 7379 846912 7295 869088
171700 7383 847413 7301 869587
171800 7387 847940 7302 870060
171900 7389 848432 7303 870568
172000 7395 848856 7305 871144
172100 7401 849351 7313 871649
172200 7404 849887 7315 872113
172300 7405 850363 7316 872637
172400 7408 850789 7320 873211
172500 7410 851204 7323 873796
172600 7412 851583 7327 874417
172700 7416 852161 7327 874839
172800 7423 852665 7335 875335
172900 7426 853179 7342 875821
173000 7433 853682 7347 876318
173100 7439 854137 7357 876863
173200 7442 854537 7362 877463
173300 7446 854966 7373 878034
173400 7454 855502 7375 878498
173500 7458 856121 7382 878879
173600 7460 856580 7384 879420
173700 7467 857069 7387 879931
173800 7468 857683 7389 880317
173900 7473 858123 7392 880877
174000 7477 858685 7396 881315
174100 7481 859232 7404 881768
174200 7483 859641 7411 882359
174300 7485 860085 7411 882915
174400 7493 860537 7414 883463
174500 7495 861070 7416 883930
174600 7497 861572 7419 884428
174700 7505 862225 7420 884775
174800 7513 862804 7425 885196
174900 7521 863242 7429 885758
175000 7525 863779 7432 886221
175100 7529 864287 7440 886713
175200 7530 864859 7443 887141
175300 7533 865288 7449 887712
175400 7537 865787 7455 888213
175500 7542 866340 7456 888660
175600 7544 866907 7461 889093
175700 7548 867415 7465 889585
175800 7557 867868 7471 890132
175900 7561 868391 7475 890609
176000 7562 868777 7480 891223
176100 7570 869244 7482 891756
176200 7578 869743 7485 892257
176300 7584 870204 7488 892796
176400 7593 870702 7492 893298
176500 7598 871152 7496 893848
176600 7605 871620 7498 894380
176700 7609 872115 7498 894885
176800 7610 872781 7502 895219
176900 7613 873273 7503 895727
177000 7621 873761 7509 896239
177100 7633 874133 7519 896867
177200 7636 874691 7524 897309
177300 7639 875212 7532 897788
177400 7645 875714 7541 898286
177500 7647 876187 7546 898813
177600 7650 876645 7547 899355
177700 7652 877215 7548 899785
177800 7653 877658 7553 900342
177900 7657 878149 7555 900851
178000 7658 878595 7558 901405
178100 7666 879115 7561 901885
178200 7673 879577 7569 902423
178300 7678 880029 7569 902971
178400 7684 880444 7574 903556
178500 7685 880956 7575 904044
178600 7688 881421 7577 904579
178700 7691 881869 7584 905131
178800 7693 882401 7586 905599
178900 7697 882906 7590 906094
179000 7698 883366 7594 906634
179100 7699 883975 7601 907025
179200 7700 884522 7606 907478
179300 7703 884974 7612 908026
179400 7705 885449 7615 908551
179500 7709 885992 7616 909008
179600 7714 886461 7617 909539
179700 7718 886970 7621 910030
179800 7725 887466 7627 910534
179900 7729 887939 7634 911061
180000 7733 888409 7641 911591
180100 7738 888976 7648 912024
180200 7744 889487 7652 912513
180300 7747 889986 7659 913014
180400 7751 890522 7662 913478
180500 7758 891059 7665 913941
180600 7761 891581 7668 914419
180700 7764 892089 7678 914911
180800 7769 892547 7686 915453
180900 7771 893055 7687 915945
181000 7773 893558 7689 916442
181100 7777 894008 7693 916992
181200 7779 894483 7695 917517
181300 7781 895014 7698 917986
181400 7783 895540 7701 918460
181500 7786 895929 7702 919071
181600 7790 896354 7704 919646
181700 7796 896844 7707 920156
181800 7799 897313 7709 920687
181900 7804 897896 7713 921104
182000 7807 898471 7718 921529
182100 7812 899034 7721 921966
182200 7817 899639 7722 922361
182300 7820 900175 7727 922825
182400 7823 900698 7731 923302
182500 7829 901251 7737 923749
182600 7831 901798 7740 924202
182700 7832 902332 7741 924668
182800 7834 902921 7745 925079
182900 7836 903437 7750 925563
183000 7838 903897 7753 926103
183100 7838 904310 7754 926690
183200 7841 904729 7757 927271
183300 7844 905160 7761 927840
183400 7848 905668 7763 928332
183500 7850 906208 7766 928792
183600 7851 906791 7768 929209
183700 7855 907266 7772 929734
183800 7859 907793 7778 930207
183900 7864 908297 7781 930703
184000 7868 908792 7785 931208
184100 7872 909276 7787 931724
184200 7875 909835 7789 932165
184300 7881 910402 7797 932598
184400 7883 910925 7799 933075
184500 7892 911388 7800 933612
184600 7896 911869 7800 934131
184700 7900 912361 7803 934639
184800 7904 912905 7808 935095
184900 7909 913426 7814 935574
185000 7914 913944 7817 936056
185100 7916 914526 7821 936474
185200 7917 915052 7822 936948
185300 7924 915581 7823 937419
185400 7929 916087 7825 937913
185500 7931 916652 7832 938348
185600 7934 917144 7836 938856
185700 7938 917565 7842 939435
185800 7941 918092 7850 939908
185900 7943 918569 7858 940431
186000 7947 919056 7859 940944
186100 7952 919577 7863 941423
186200 7959 920091 7867 941909
186300 7961 920632 7873 942368
186400 7965 921049 7878 942951
186500 7976 921477 7882 943523
186600 7976 921962 7885 944038
186700 7983 922398 7891 944602
186800 7984 922828 7896 945172
186900 7993 923309 7900 945691
187000 7999 923893 7906 946107
187100 8002 924407 7907 946593
187200 8008 924826 7915 947174
187300 8008 925437 7923 947563
187400 8009 925913 7928 948087
187500 8014 926390 7931 948610
187600 8018 926876 7935 949124
187700 8022 927330 7938 949670
187800 8022 927869 7939 950131
187900 8028 928413 7943 950587
188000 8033 928871 7946 951129
188100 8033 929320 7946 951680
188200 8037 929705 7948 952295
188300 8043 930104 7951 952896
188400 8050 930596 7957 953404
188500 8054 930966 7961 954034
188600 8055 931512 7964 954488
188700 8060 931933 7968 955067
188800 8063 932432 7976 955568
188900 8073 932920 7981 956080
189000 8078 933465 7988 956535
189100 8078 933886 7988 957114
189200 8082 934368 7991 957632
189300 8091 934827 7992 958173
189400 8100 935294 7997 958706
189500 8103 935837 8000 959163
189600 8106 936315 8002 959685
189700 8110 936776 8003 960224
189800 8111 937345 8005 960655
189900 8117 937809 8006 961191
190000 8124 938351 8008 961649
190100 8129 938877 8008 962123
190200 8130 939315 8012 962685
190300 8135 939811 8014 963189
190400 8141 940346 8019 963654
190500 8147 940899 8022 964101
190600 8149 941526 8025 964474
190700 8152 942148 8032 964852
190800 8156 942690 8039 965310
190900 8160 943208 8039 965792
191000 8163 943737 8046 966263
191100 8166 944214 8051 966786
191200 8170 944727 8054 967273
191300 8173 945455 8057 967545
191400 8179 946034 8064 967966
191500 8184 946553 8065 968447
191600 8190 947064 8070 968936
191700 8196 947558 8078 969442
191800 8198 948055 8084 969945
191900 8201 948520 8090 970480
192000 8205 949002 8093 970998
192100 8209 949417 8096 971583
192200 8214 949916 8100 972084
192300 8220 950346 8104 972654
192400 8221 950750 8105 973250
192500 8223 951202 8106 973798
192600 8227 951703 8107 974297
192700 8236 952108 8118 974892
192800 8241 952534 8120 975466
192900 8246 953130 8124 975870
193000 8252 953634 8132 976366
193100 8258 954133 8133 976867
193200 8258 954622 8134 977378
193300 8261 955133 8139 977867
193400 8266 955586 8140 978414
193500 8268 956152 8142 978848
193600 8274 956621 8146 979379
193700 8278 957140 8148 979860
193800 8280 957584 8151 980416
193900 8281 958009 8155 980991
194000 8285 958439 8160 981561
194100 8288 958841 8168 982159
194200 8292 959456 8174 982544
194300 8300 960011 8181 982989
194400 8300 960505 8185 983495
194500 8304 961070 8188 983930
194600 8306 961588 8188 984412
194700 8309 962130 8193 984870
194800 8312 962692 8200 985308
194900 8319 963231 8206 985769
195000 8321 963671 8209 986329
195100 8328 964075 8213 986925
195200 8333 964594 8216 987406
195300 8338 965188 8220 987812
195400 8338 965815 8224 988185
195500 8342 966360 8226 988640
195600 8346 966866 8230 989134
195700 8348 967347 8233 989653
195800 8352 967917 8239 990083
195900 8355 968451 8242 990549
196000 8356 968891 8246 991109
196100 8358 969369 8251 991631
196200 8360 969781 8256 992219
196300 8366 970335 8261 992665
196400 8367 970788 8264 993212
196500 8370 971239 8269 993761
196600 8379 971742 8276 994258
196700 8386 972176 8279 994824
196800 8387 972668 8283 995332
196900 8396 973147 8288 995853
197000 8399 973655 8293 996345
197100 8400 974132 8295 996868
197200 8403 974624 8299 997376
197300 8408 975174 8301 997826
197400 8412 975743 8308 998257
197500 8414 976249 8312 998751
197600 8420 976724 8314 999276
197700 8426 977287 8317 999713
197800 8434 977870 8324 1000130
197900 8439 978374 8333 1000626
198000 8447 978851 8337 1001149
198100 8450 979426 8339 1001574
198200 8452 979971 8342 1002029
198300 8458 980496 8345 1002504
198400 8460 981096 8349 1002904
198500 8462 981556 8351 1003444
198600 8468 982076 8355 1003924
198700 8470 982728 8359 1004272
198800 8472 983287 8360 1004713
198900 8479 983808 8366 1005192
199000 8487 984333 8372 1005667
199100 8491 984832 8378 1006168
199200 8500 985317 8382 1006683
199300 8504 985879 8393 1007121
199400 8505 986334 8394 1007666
199500 8506 986847 8396 1008153
199600 8509 987344 8398 1008656
199700 8513 987806 8405 1009194
199800 8517 988208 8412 1009792
199900 8523 988810 8418 1010190
200000 8525 989275 8419 1010725
