#! FIELDS timestep dup_succ dup_attempts kill_succ kill_attempts
#! SET timestep 0.5
#! SET kernel_bandwidth [0.45 0.45]
#! SET kt 1.0
100 67 234 91 766
200 161 522 193 1478
300 264 864 304 2136
400 362 1322 398 2678
500 420 1838 467 3162
600 467 2181 502 3819
700 486 2574 524 4426
800 501 3039 541 4961
900 511 3547 558 5453
1000 525 4056 570 5944
1100 532 4520 584 6480
1200 546 5023 596 6977
1300 555 5559 609 7441
1400 565 6101 614 7899
1500 575 6621 620 8379
1600 582 7000 626 9000
1700 589 7509 632 9491
1800 594 7985 635 10015
1900 602 8541 640 10459
2000 613 9031 649 10969
2100 620 9518 657 11482
2200 626 9970 663 12030
2300 631 10466 665 12534
2400 634 10986 672 13014
2500 644 11462 680 13538
2600 651 11931 690 14069
2700 665 12339 700 14661
2800 671 12737 708 15263
2900 673 13172 712 15828
3000 688 13701 721 16299
3100 693 14174 727 16826
3200 700 14627 736 17373
3300 708 15107 744 17893
3400 716 15676 751 18324
3500 729 16175 761 18825
3600 746 16677 765 19323
3700 758 17103 771 19897
3800 766 17600 777 20400
3900 771 18113 786 20887
4000 780 18663 794 21337
4100 784 19158 802 21842
4200 795 19709 811 22291
4300 807 20153 823 22847
4400 817 20662 828 23338
4500 827 21171 838 23829
4600 832 21594 844 24406
4700 839 22049 850 24951
4800 848 22611 857 25389
4900 853 23111 863 25889
5000 860 23597 874 26403
5100 876 24049 883 26951
5200 879 24477 886 27523
5300 894 25009 895 27991
5400 903 25500 903 28500
5500 907 25929 910 29071
5600 913 26435 918 29565
5700 919 26929 932 30071
5800 925 27438 936 30562
5900 928 27955 945 31045
6000 935 28494 952 31506
6100 947 29030 960 31970
6200 958 29533 974 32467
6300 963 30055 984 32945
6400 974 30549 992 33451
6500 980 31017 1001 33983
6600 993 31515 1015 34485
6700 1004 32100 1023 34900
6800 1014 32702 1039 35298
6900 1024 33255 1044 35745
7000 1029 33788 1057 36212
7100 1030 34233 1063 36767
7200 1040 34729 1069 37271
7300 1049 35116 1081 37884
7400 1054 35609 1087 38391
7500 1060 36116 1092 38884
7600 1068 36543 1101 39457
7700 1074 37019 1112 39981
7800 1085 37468 1119 40532
7900 1090 38008 1128 40992
8000 1102 38516 1136 41484
8100 1111 39048 1143 41952
8200 1120 39546 1155 42454
8300 1128 40047 1163 42953
8400 1145 40619 1174 43381
8500 1155 40992 1180 44008
8600 1161 41470 1193 44530
8700 1168 41960 1202 45040
8800 1178 42554 1211 45446
8900 1182 43087 1219 45913
9000 1191 43566 1226 46434
9100 1196 44057 1234 46943
9200 1205 44503 1245 47497
9300 1217 45003 1254 47997
9400 1231 45498 1263 48502
9500 1241 46035 1272 48965
9600 1258 46507 1284 49493
9700 1262 47004 1294 49996
9800 1271 47472 1306 50528
9900 1279 47865 1312 51135
10000 1295 48256 1326 51744
10100 1309 48702 1331 52298
10200 1322 49197 1337 52803
10300 1333 49745 1352 53255
10400 1340 50277 1369 53723
10500 1351 50712 1375 54288
10600 1357 51176 1379 54824
10700 1366 51691 1387 55309
10800 1378 52189 1391 55811
10900 1387 52672 1406 56328
11000 1401 53168 1413 56832
11100 1407 53636 1421 57364
11200 1412 54193 1428 57807
11300 1420 54658 1441 58342
11400 1430 55094 1448 58906
11500 1439 55678 1457 59322
11600 1450 56096 1464 59904
11700 1455 56599 1473 60401
11800 1458 57095 1477 60905
11900 1466 57704 1485 61296
12000 1472 58175 1493 61825
12100 1478 58584 1503 62416
12200 1490 59003 1515 62997
12300 1501 59454 1527 63546
12400 1516 59945 1532 64055
12500 1525 60424 1542 64576
12600 1540 60914 1549 65086
12700 1544 61448 1555 65552
12800 1549 61866 1565 66134
12900 1558 62351 1572 66649
13000 1567 62852 1579 67148
13100 1567 63355 1581 67645
13200 1573 63909 1593 68091
13300 1579 64376 1596 68624
13400 1583 64846 1600 69154
13500 1592 65348 1607 69652
13600 1595 65853 1611 70147
13700 1604 66327 1619 70673
13800 1612 66830 1624 71170
13900 1623 67320 1635 71680
14000 1632 67797 1637 72203
14100 1645 68351 1650 72649
14200 1656 68842 1664 73158
14300 1664 69291 1673 73709
14400 1674 69743 1686 74257
14500 1685 70249 1698 74751
14600 1698 70785 1711 75215
14700 1710 71209 1717 75791
14800 1717 71664 1729 76336
14900 1725 72072 1744 76928
15000 1735 72550 1754 77450
15100 1741 73001 1760 77999
15200 1747 73503 1771 78497
15300 1758 73992 1776 79008
15400 1769 74395 1785 79605
15500 1776 74828 1795 80172
15600 1785 75308 1802 80692
15700 1794 75783 1807 81217
15800 1800 76329 1811 81671
15900 1813 76808 1815 82192
16000 1820 77322 1826 82678
16100 1829 77833 1836 83167
16200 1831 78293 1846 83707
16300 1838 78803 1851 84197
16400 1842 79333 1861 84667
16500 1845 79756 1866 85244
16600 1855 80211 1874 85789
16700 1864 80739 1880 86261
16800 1867 81168 1885 86832
16900 1873 81709 1892 87291
17000 1879 82178 1903 87822
17100 1887 82633 1915 88367
17200 1891 83117 1922 88883
17300 1900 83639 1929 89361
17400 1907 84103 1938 89897
17500 1915 84568 1946 90432
17600 1930 85095 1948 90905
17700 1936 85524 1958 91476
17800 1945 86009 1968 91991
17900 1961 86483 1980 92517
18000 1968 87001 1992 92999
18100 1975 87452 1994 93548
18200 1984 87992 2006 94008
18300 1995 88522 2010 94478
18400 2005 88981 2018 95019
18500 2013 89435 2022 95565
18600 2031 89890 2030 96110
18700 2040 90370 2042 96630
18800 2051 90824 2051 97176
18900 2057 91386 2057 97614
19000 2064 91912 2063 98088
19100 2072 92391 2071 98609
19200 2084 92877 2088 99123
19300 2095 93401 2104 99599
19400 2096 93992 2111 100008
19500 2104 94486 2118 100514
19600 2112 94996 2123 101004
19700 2128 95525 2131 101475
19800 2138 96049 2139 101951
19900 2142 96538 2144 102462
20000 2147 97021 2154 102979
20100 2158 97453 2167 103547
20200 2171 97883 2180 104117
20300 2181 98439 2192 104561
20400 2184 98891 2202 105109
20500 2192 99348 2209 105652
20600 2203 99855 2217 106145
20700 2219 100338 2225 106662
20800 2230 100855 2234 107145
20900 2235 101359 2241 107641
21000 2240 101799 2251 108201
21100 2245 102336 2254 108664
21200 2249 102803 2261 109197
21300 2258 103268 2268 109732
21400 2266 103721 2276 110279
21500 2277 104133 2291 110867
21600 2284 104613 2301 111387
21700 2292 105115 2308 111885
21800 2303 105654 2317 112346
21900 2308 106226 2330 112774
22000 2322 106811 2333 113189
22100 2328 107227 2339 113773
22200 2342 107762 2347 114238
22300 2352 108379 2357 114621
22400 2364 108916 2366 115084
22500 2369 109459 2372 115541
22600 2376 109871 2377 116129
22700 2386 110363 2382 116637
22800 2395 110883 2389 117117
22900 2405 111376 2397 117624
23000 2413 111892 2401 118108
23100 2418 112341 2403 118659
23200 2428 112789 2407 119211
23300 2438 113331 2421 119669
23400 2447 113832 2432 120168
23500 2455 114320 2443 120680
23600 2459 114722 2450 121278
23700 2467 115241 2458 121759
23800 2477 115737 2465 122263
23900 2483 116227 2470 122773
24000 2493 116756 2480 123244
24100 2501 117216 2490 123784
24200 2511 117735 2495 124265
24300 2515 118224 2498 124776
24400 2523 118704 2506 125296
24500 2536 119221 2516 125779
24600 2549 119688 2527 126312
24700 2558 120167 2533 126833
24800 2567 120596 2540 127404
24900 2574 121063 2546 127937
25000 2578 121569 2555 128431
25100 2586 122071 2565 128929
25200 2595 122515 2572 129485
25300 2597 123039 2580 129961
25400 2602 123535 2589 130465
25500 2610 123998 2594 131002
25600 2619 124394 2602 131606
25700 2623 124883 2611 132117
25800 2632 125449 2617 132551
25900 2645 125946 2624 133054
26000 2649 126473 2632 133527
26100 2654 126989 2646 134011
26200 2658 127363 2658 134637
26300 2668 127891 2669 135109
26400 2679 128365 2673 135635
26500 2686 128767 2679 136233
26600 2696 129222 2682 136778
26700 2702 129639 2687 137361
26800 2713 130097 2702 137903
26900 2723 130479 2717 138521
27000 2725 131000 2725 139000
27100 2733 131438 2731 139562
27200 2749 131862 2739 140138
27300 2755 132399 2745 140601
27400 2764 132886 2754 141114
27500 2772 133367 2764 141633
27600 2778 133846 2772 142154
27700 2787 134368 2776 142632
27800 2806 134853 2785 143147
27900 2819 135375 2799 143625
28000 2824 135726 2807 144274
28100 2829 136256 2814 144744
28200 2834 136734 2818 145266
28300 2837 137244 2827 145756
28400 2842 137735 2829 146265
28500 2856 138237 2838 146763
28600 2868 138772 2844 147228
28700 2874 139259 2845 147741
28800 2887 139700 2854 148300
28900 2890 140210 2860 148790
29000 2896 140710 2868 149290
29100 2902 141164 2872 149836
29200 2906 141654 2879 150346
29300 2914 142122 2883 150878
29400 2918 142627 2892 151373
29500 2929 143136 2901 151864
29600 2938 143681 2909 152319
29700 2944 144129 2916 152871
29800 2947 144613 2923 153387
29900 2956 145162 2930 153838
30000 2963 145704 2941 154296
30100 2975 146164 2953 154836
30200 2986 146695 2962 155305
30300 2993 147230 2970 155770
30400 3000 147790 2977 156210
30500 3008 148278 2980 156722
30600 3011 148778 2982 157222
30700 3023 149243 2988 157757
30800 3031 149699 2995 158301
30900 3035 150202 3001 158798
31000 3042 150727 3009 159273
31100 3049 151285 3015 159715
31200 3054 151821 3023 160179
31300 3061 152309 3026 160691
31400 3069 152799 3034 161201
31500 3074 153267 3044 161733
31600 3083 153700 3055 162300
31700 3084 154211 3058 162789
31800 3089 154749 3062 163251
31900 3098 155258 3072 163742
32000 3104 155800 3091 164200
32100 3114 156296 3099 164704
32200 3126 156818 3104 165182
32300 3132 157305 3110 165695
32400 3137 157733 3113 166267
32500 3142 158311 3125 166689
32600 3148 158839 3137 167161
32700 3163 159337 3143 167663
32800 3172 159785 3151 168215
32900 3178 160285 3159 168715
33000 3182 160812 3173 169188
33100 3191 161353 3182 169647
33200 3203 161870 3187 170130
33300 3212 162403 3193 170597
33400 3226 162911 3199 171089
33500 3237 163391 3213 171609
33600 3243 163880 3226 172120
33700 3250 164326 3236 172674
33800 3253 164832 3244 173168
33900 3264 165326 3252 173674
34000 3275 165795 3258 174205
34100 3281 166302 3266 174698
34200 3285 166700 3272 175300
34300 3293 167113 3284 175887
34400 3302 167615 3288 176385
34500 3312 168130 3295 176870
34600 3327 168553 3303 177447
34700 3338 168996 3318 178004
34800 3345 169496 3325 178504
34900 3347 169946 3329 179054
35000 3354 170356 3336 179644
35100 3365 170882 3340 180118
35200 3376 171438 3344 180562
35300 3385 171891 3354 181109
35400 3392 172517 3364 181483
35500 3404 173057 3372 181943
35600 3408 173547 3381 182453
35700 3412 174114 3391 182886
35800 3422 174660 3404 183340
35900 3433 175065 3408 183935
36000 3436 175498 3411 184502
36100 3442 175920 3416 185080
36200 3458 176461 3424 185539
36300 3466 176962 3427 186038
36400 3475 177432 3439 186568
36500 3476 177920 3444 187080
36600 3484 178517 3449 187483
36700 3494 179012 3457 187988
36800 3502 179574 3464 188426
36900 3511 180028 3476 188972
37000 3518 180514 3483 189486
37100 3519 180984 3488 190016
37200 3535 181472 3497 190528
37300 3542 181951 3500 191049
37400 3549 182460 3508 191540
37500 3556 182981 3518 192019
37600 3564 183484 3522 192516
37700 3570 183964 3526 193036
37800 3580 184574 3531 193426
37900 3588 185104 3537 193896
38000 3594 185583 3545 194417
38100 3599 186016 3553 194984
38200 3610 186457 3563 195543
38300 3619 186948 3567 196052
38400 3632 187443 3574 196557
38500 3645 187923 3583 197077
38600 3646 188374 3594 197626
38700 3652 188911 3600 198089
38800 3663 189543 3608 198457
38900 3671 190064 3622 198936
39000 3683 190566 3626 199434
39100 3693 191114 3637 199886
39200 3700 191597 3642 200403
39300 3708 192039 3655 200961
39400 3714 192562 3660 201438
39500 3731 193079 3675 201921
39600 3736 193643 3680 202357
39700 3739 194147 3693 202853
39800 3746 194604 3700 203396
39900 3752 195056 3707 203944
40000 3764 195423 3712 204577
40100 3773 195923 3726 205077
40200 3784 196424 3734 205576
40300 3795 197056 3740 205944
40400 3804 197495 3749 206505
40500 3804 197953 3750 207047
40600 3811 198408 3756 207592
40700 3821 198898 3764 208102
40800 3827 199437 3769 208563
40900 3831 199890 3778 209110
41000 3840 200377 3784 209623
41100 3848 200936 3787 210064
41200 3856 201447 3799 210553
41300 3862 201946 3806 211054
41400 3871 202410 3815 211590
41500 3885 202860 3831 212140
41600 3893 203289 3837 212711
41700 3902 203771 3847 213229
41800 3913 204264 3853 213736
41900 3917 204678 3858 214322
42000 3925 205218 3866 214782
42100 3928 205685 3876 215315
42200 3935 206114 3884 215886
42300 3942 206581 3890 216419
42400 3951 207072 3894 216928
42500 3957 207618 3908 217382
42600 3971 208067 3922 217933
42700 3982 208599 3933 218401
42800 3992 209163 3946 218837
42900 4006 209643 3958 219357
43000 4012 210049 3967 219951
43100 4021 210597 3971 220403
43200 4028 211126 3976 220874
43300 4039 211675 3986 221325
43400 4047 212194 3992 221806
43500 4057 212687 4004 222313
43600 4063 213218 4009 222782
43700 4069 213677 4016 223323
43800 4085 214124 4030 223876
43900 4094 214571 4032 224429
44000 4099 215076 4041 224924
44100 4108 215600 4047 225400
44200 4116 215957 4056 226043
44300 4120 216471 4065 226529
44400 4129 216926 4073 227074
44500 4137 217517 4077 227483
44600 4141 217979 4084 228021
44700 4143 218469 4099 228531
44800 4149 218955 4108 229045
44900 4155 219477 4112 229523
45000 4165 220029 4119 229971
45100 4176 220469 4126 230531
45200 4183 220991 4132 231009
45300 4188 221512 4145 231488
45400 4196 222066 4152 231934
45500 4200 222549 4159 232451
45600 4210 223060 4165 232940
45700 4217 223595 4170 233405
45800 4231 224115 4180 233885
45900 4236 224623 4192 234377
46000 4244 225079 4201 234921
46100 4255 225586 4210 235414
46200 4262 226073 4222 235927
46300 4271 226620 4226 236380
46400 4284 227120 4230 236880
46500 4289 227665 4240 237335
46600 4297 228228 4245 237772
46700 4302 228722 4252 238278
46800 4309 229252 4260 238748
46900 4329 229800 4275 239200
47000 4337 230179 4286 239821
47100 4348 230680 4295 240320
47200 4353 231165 4304 240835
47300 4368 231602 4310 241398
47400 4376 232022 4320 241978
47500 4387 232507 4326 242493
47600 4394 232925 4337 243075
47700 4401 233446 4343 243554
47800 4409 233931 4349 244069
47900 4421 234441 4361 244559
48000 4430 234876 4366 245124
48100 4452 235408 4380 245592
48200 4460 235892 4384 246108
48300 4463 236391 4389 246609
48400 4474 236930 4395 247070
48500 4480 237403 4407 247597
48600 4487 237918 4418 248082
48700 4495 238338 4433 248662
48800 4501 238796 4439 249204
48900 4506 239225 4445 249775
49000 4518 239737 4455 250263
49100 4528 240320 4461 250680
49200 4532 240793 4464 251207
49300 4542 241280 4470 251720
49400 4552 241739 4481 252261
49500 4555 242136 4488 252864
49600 4564 242594 4499 253406
49700 4572 243068 4504 253932
49800 4580 243511 4515 254489
49900 4592 243947 4522 255053
50000 4596 244468 4532 255532
50100 4602 244986 4536 256014
50200 4606 245401 4540 256599
50300 4614 245883 4545 257117
50400 4625 246262 4550 257738
50500 4631 246720 4563 258280
50600 4647 247089 4574 258911
50700 4651 247586 4585 259414
50800 4656 248118 4595 259882
50900 4664 248591 4600 260409
51000 4674 249102 4611 260898
51100 4680 249517 4621 261483
51200 4690 250031 4630 261969
51300 4700 250515 4637 262485
51400 4714 251125 4651 262875
51500 4720 251574 4655 263426
51600 4723 251987 4663 264013
51700 4727 252511 4674 264489
51800 4734 252935 4685 265065
51900 4745 253454 4695 265546
52000 4750 253974 4702 266026
52100 4755 254470 4707 266530
52200 4760 254955 4713 267045
52300 4768 255441 4723 267559
52400 4774 255888 4725 268112
52500 4780 256296 4730 268704
52600 4784 256756 4736 269244
52700 4791 257297 4745 269703
52800 4798 257742 4755 270258
52900 4809 258243 4765 270757
53000 4819 258706 4774 271294
53100 4827 259150 4785 271850
53200 4836 259732 4797 272268
53300 4841 260262 4801 272738
53400 4848 260757 4809 273243
53500 4854 261222 4811 273778
53600 4858 261744 4815 274256
53700 4863 262232 4818 274768
53800 4875 262778 4831 275222
53900 4879 263240 4837 275760
54000 4888 263730 4844 276270
54100 4901 264161 4858 276839
54200 4909 264614 4870 277386
54300 4922 265119 4880 277881
54400 4927 265576 4884 278424
54500 4941 266146 4894 278854
54600 4953 266704 4899 279296
54700 4956 267265 4909 279735
54800 4961 267686 4913 280314
54900 4966 268072 4921 280928
55000 4977 268544 4927 281456
55100 4985 269014 4932 281986
55200 4990 269519 4941 282481
55300 4995 269955 4945 283045
55400 5014 270414 4953 283586
55500 5029 270811 4958 284189
55600 5035 271280 4971 284720
55700 5043 271774 4980 285226
55800 5053 272321 4988 285679
55900 5067 272889 4998 286111
56000 5073 273348 5001 286652
56100 5083 273874 5010 287126
56200 5097 274322 5017 287678
56300 5105 274797 5025 288203
56400 5112 275308 5038 288692
56500 5122 275768 5046 289232
56600 5125 276296 5055 289704
56700 5133 276856 5062 290144
56800 5148 277367 5075 290633
56900 5152 277870 5081 291130
57000 5158 278363 5087 291637
57100 5162 278747 5094 292253
57200 5170 279272 5100 292728
57300 5176 279752 5108 293248
57400 5183 280242 5113 293758
57500 5187 280723 5120 294277
57600 5197 281255 5127 294745
57700 5207 281696 5136 295304
57800 5211 282224 5145 295776
57900 5218 282708 5147 296292
58000 5230 283187 5156 296813
58100 5243 283682 5167 297318
58200 5250 284149 5179 297851
58300 5256 284675 5190 298325
58400 5264 285222 5199 298778
58500 5274 285665 5204 299335
58600 5283 286180 5210 299820
58700 5296 286725 5218 300275
58800 5308 287294 5233 300706
58900 5317 287786 5250 301214
59000 5324 288180 5259 301820
59100 5328 288607 5266 302393
59200 5336 289054 5277 302946
59300 5345 289567 5282 303433
59400 5354 290179 5293 303821
59500 5361 290646 5299 304354
59600 5370 291182 5316 304818
59700 5382 291679 5327 305321
59800 5388 292187 5337 305813
59900 5397 292678 5346 306322
60000 5400 293073 5353 306927
60100 5404 293530 5361 307470
60200 5412 294037 5372 307963
60300 5415 294436 5376 308564
60400 5421 294907 5386 309093
60500 5426 295412 5393 309588
60600 5434 295849 5397 310151
60700 5438 296388 5399 310612
60800 5447 296902 5405 311098
60900 5454 297438 5417 311562
61000 5466 297871 5427 312129
61100 5476 298489 5430 312511
61200 5485 298980 5434 313020
61300 5491 299431 5448 313569
61400 5496 299939 5454 314061
61500 5504 300539 5463 314461
61600 5511 301061 5472 314939
61700 5521 301536 5481 315464
61800 5529 302010 5489 315990
61900 5535 302478 5505 316522
62000 5541 303013 5512 316987
62100 5554 303517 5516 317483
62200 5566 304025 5521 317975
62300 5574 304522 5523 318478
62400 5578 305022 5529 318978
62500 5584 305476 5541 319524
62600 5592 305948 5547 320052
62700 5600 306336 5557 320664
62800 5620 306772 5562 321228
62900 5627 307251 5567 321749
63000 5634 307740 5581 322260
63100 5641 308267 5594 322733
63200 5645 308746 5596 323254
63300 5651 309290 5603 323710
63400 5661 309871 5610 324129
63500 5666 310378 5616 324622
63600 5672 310828 5623 325172
63700 5689 311183 5638 325817
63800 5702 311655 5643 326345
63900 5708 312131 5650 326869
64000 5714 312671 5659 327329
64100 5723 313158 5668 327842
64200 5731 313606 5675 328394
64300 5745 314151 5684 328849
64400 5756 314575 5689 329425
64500 5763 315052 5696 329948
64600 5772 315555 5701 330445
64700 5785 316056 5708 330944
64800 5791 316592 5714 331408
64900 5797 317113 5725 331887
65000 5806 317580 5731 332420
65100 5814 318063 5741 332937
65200 5825 318605 5746 333395
65300 5829 319064 5751 333936
65400 5832 319591 5762 334409
65500 5843 320021 5773 334979
65600 5847 320472 5783 335528
65700 5858 320994 5791 336006
65800 5871 321489 5796 336511
65900 5885 321977 5809 337023
66000 5891 322501 5822 337499
66100 5899 323025 5824 337975
66200 5907 323607 5829 338393
66300 5919 324129 5839 338871
66400 5922 324655 5850 339345
66500 5938 325131 5863 339869
66600 5945 325606 5868 340394
66700 5953 326089 5878 340911
66800 5958 326569 5885 341431
66900 5964 327075 5891 341925
67000 5971 327519 5901 342481
67100 5981 328016 5914 342984
67200 5990 328577 5917 343423
67300 5997 329151 5925 343849
67400 6002 329655 5931 344345
67500 6011 330104 5940 344896
67600 6019 330660 5943 345340
67700 6022 331118 5947 345882
67800 6027 331588 5954 346412
67900 6034 332045 5966 346955
68000 6040 332599 5974 347401
68100 6045 333094 5983 347906
68200 6050 333601 5993 348399
68300 6056 334135 5999 348865
68400 6063 334672 6013 349328
68500 6070 335204 6023 349796
68600 6079 335693 6030 350307
68700 6089 336170 6034 350830
68800 6099 336634 6043 351366
68900 6103 337172 6051 351828
69000 6116 337709 6063 352291
69100 6124 338229 6072 352771
69200 6134 338738 6085 353262
69300 6141 339205 6091 353795
69400 6148 339714 6109 354286
69500 6156 340217 6112 354783
69600 6158 340727 6117 355273
69700 6163 341321 6123 355679
69800 6167 341863 6129 356137
69900 6176 342475 6130 356525
70000 6184 343085 6140 356915
70100 6189 343602 6149 357398
70200 6193 344172 6153 357828
70300 6202 344628 6156 358372
70400 6205 345128 6165 358872
70500 6215 345602 6176 359398
70600 6223 346194 6186 359806
70700 6229 346683 6194 360317
70800 6235 347216 6207 360784
70900 6245 347660 6208 361340
71000 6251 348255 6214 361745
71100 6262 348784 6220 362216
71200 6269 349301 6236 362699
71300 6282 349689 6251 363311
71400 6289 350267 6261 363733
71500 6301 350814 6271 364186
71600 6309 351356 6279 364644
71700 6318 351804 6283 365196
71800 6325 352323 6292 365677
71900 6333 352899 6301 366101
72000 6340 353370 6312 366630
72100 6347 353862 6319 367138
72200 6355 354361 6323 367639
72300 6362 354807 6335 368193
72400 6369 355391 6341 368609
72500 6374 355911 6350 369089
72600 6383 356418 6365 369582
72700 6400 356860 6373 370140
72800 6409 357355 6377 370645
72900 6416 357904 6380 371096
73000 6421 358456 6385 371544
73100 6425 358936 6392 372064
73200 6431 359472 6400 372528
73300 6436 359940 6404 373060
73400 6445 360478 6407 373522
73500 6449 360981 6408 374019
73600 6463 361424 6417 374576
73700 6474 361994 6426 375006
73800 6481 362481 6428 375519
73900 6494 363035 6437 375965
74000 6506 363457 6446 376543
74100 6515 363897 6454 377103
74200 6527 364321 6458 377679
74300 6539 364779 6476 378221
74400 6548 365341 6484 378659
74500 6555 365930 6489 379070
74600 6561 366450 6498 379550
74700 6569 366860 6508 380140
74800 6571 367357 6516 380643
74900 6574 367932 6526 381068
75000 6580 368434 6541 381566
75100 6584 368976 6548 382024
75200 6592 369417 6557 382583
75300 6598 369881 6562 383119
75400 6612 370359 6573 383641
75500 6621 370857 6580 384143
75600 6631 371354 6592 384646
75700 6640 371771 6600 385229
75800 6649 372224 6611 385776
75900 6657 372754 6615 386246
76000 6667 373261 6622 386739
76100 6673 373743 6639 387257
76200 6683 374230 6655 387770
76300 6692 374775 6667 388225
76400 6694 375306 6670 388694
76500 6700 375837 6674 389163
76600 6704 376370 6675 389630
76700 6716 376945 6678 390055
76800 6726 377391 6689 390609
76900 6735 377891 6699 391109
77000 6738 378352 6702 391648
77100 6743 378821 6714 392179
77200 6751 379303 6725 392697
77300 6755 379832 6732 393168
77400 6765 380283 6741 393717
77500 6777 380740 6757 394260
77600 6788 381278 6764 394722
77700 6797 381820 6769 395180
77800 6808 382231 6777 395769
77900 6825 382685 6784 396315
78000 6832 383186 6789 396814
78100 6842 383696 6803 397304
78200 6846 384206 6803 397794
78300 6856 384738 6812 398262
78400 6865 385314 6824 398686
78500 6875 385833 6834 399167
78600 6887 386399 6843 399601
78700 6895 386945 6853 400055
78800 6907 387514 6859 400486
78900 6915 388000 6870 401000
79000 6926 388510 6878 401490
79100 6932 389014 6883 401986
79200 6936 389544 6892 402456
79300 6943 390114 6902 402886
79400 6943 390585 6909 403415
79500 6954 391053 6924 403947
79600 6964 391546 6928 404454
79700 6972 392114 6932 404886
79800 6981 392600 6943 405400
79900 6987 393135 6950 405865
80000 6998 393669 6958 406331
80100 7001 394186 6963 406814
80200 7005 394710 6969 407290
80300 7007 395175 6976 407825
80400 7014 395666 6980 408334
80500 7021 396201 6984 408799
80600 7028 396623 6991 409377
80700 7034 397113 6999 409887
80800 7046 397540 7008 410460
80900 7059 397981 7016 411019
81000 7070 398443 7023 411557
81100 7081 398939 7029 412061
81200 7091 399379 7040 412621
81300 7102 399903 7056 413097
81400 7108 400480 7063 413520
81500 7117 400940 7067 414060
81600 7127 401451 7078 414549
81700 7137 401966 7084 415034
81800 7140 402540 7096 415460
81900 7153 402992 7109 416008
82000 7159 403513 7117 416487
82100 7176 403961 7125 417039
82200 7183 404391 7131 417609
82300 7194 404918 7138 418082
82400 7198 405419 7145 418581
82500 7201 405919 7147 419081
82600 7213 406420 7157 419580
82700 7218 406920 7162 420080
82800 7232 407403 7176 420597
82900 7244 407802 7189 421198
83000 7255 408306 7193 421694
83100 7261 408760 7204 422240
83200 7267 409205 7207 422795
83300 7277 409769 7214 423231
83400 7285 410263 7221 423737
83500 7298 410807 7231 424193
83600 7305 411341 7240 424659
83700 7315 411733 7246 425267
83800 7324 412223 7253 425777
83900 7335 412719 7270 426281
84000 7342 413186 7290 426814
84100 7350 413659 7307 427341
84200 7361 414258 7313 427742
84300 7367 414842 7317 428158
84400 7374 415254 7330 428746
84500 7387 415770 7339 429230
84600 7397 416331 7350 429669
84700 7408 416909 7359 430091
84800 7414 417327 7361 430673
84900 7428 417767 7365 431233
85000 7438 418217 7372 431783
85100 7444 418695 7379 432305
85200 7449 419208 7386 432792
85300 7454 419710 7394 433290
85400 7460 420257 7404 433743
85500 7465 420729 7410 434271
85600 7472 421356 7419 434644
85700 7476 421858 7426 435142
85800 7478 422329 7431 435671
85900 7486 422806 7437 436194
86000 7492 423380 7445 436620
86100 7503 423851 7448 437149
86200 7510 424330 7457 437670
86300 7521 424750 7466 438250
86400 7529 425185 7476 438815
86500 7536 425652 7486 439348
86600 7542 426183 7494 439817
86700 7551 426707 7502 440293
86800 7567 427205 7514 440795
86900 7579 427683 7527 441317
87000 7588 428174 7535 441826
87100 7592 428652 7539 442348
87200 7603 429159 7550 442841
87300 7608 429732 7554 443268
87400 7615 430228 7559 443772
87500 7624 430640 7571 444360
87600 7629 431127 7576 444873
87700 7633 431550 7582 445450
87800 7642 432037 7589 445963
87900 7654 432466 7595 446534
88000 7658 433043 7605 446957
88100 7672 433549 7614 447451
88200 7685 434061 7622 447939
88300 7690 434591 7626 448409
88400 7697 435133 7635 448867
88500 7700 435630 7640 449370
88600 7707 436115 7651 449885
88700 7719 436548 7660 450452
88800 7729 437070 7667 450930
88900 7730 437637 7672 451363
89000 7737 438112 7680 451888
89100 7745 438640 7696 452360
89200 7753 439115 7699 452885
89300 7755 439566 7707 453434
89400 7761 440004 7714 453996
89500 7771 440521 7727 454479
89600 7778 441040 7738 454960
89700 7782 441489 7746 455511
89800 7792 441958 7762 456042
89900 7800 442457 7769 456543
90000 7806 443000 7774 457000
90100 7810 443444 7784 457556
90200 7815 443999 7794 458001
90300 7827 444505 7804 458495
90400 7832 444992 7816 459008
90500 7837 445509 7822 459491
90600 7850 446000 7827 460000
90700 7858 446528 7834 460472
90800 7868 446967 7842 461033
90900 7876 447454 7853 461546
91000 7885 447928 7859 462072
91100 7899 448450 7872 462550
91200 7908 448945 7883 463055
91300 7918 449472 7889 463528
91400 7925 449971 7902 464029
91500 7938 450454 7906 464546
91600 7946 450979 7914 465021
91700 7957 451539 7919 465461
91800 7961 452071 7926 465929
91900 7964 452568 7935 466432
92000 7973 453131 7944 466869
92100 7984 453664 7955 467336
92200 7991 454164 7960 467836
92300 7998 454656 7966 468344
92400 8007 455039 7974 468961
92500 8018 455533 7986 469467
92600 8024 456024 7990 469976
92700 8032 456610 7995 470390
92800 8038 457113 8007 470887
92900 8047 457548 8015 471452
93000 8058 458058 8024 471942
93100 8069 458574 8032 472426
93200 8077 459024 8042 472976
93300 8083 459506 8050 473494
93400 8095 459962 8059 474038
93500 8107 460411 8067 474589
93600 8110 460955 8075 475045
93700 8114 461433 8085 475567
93800 8122 461945 8091 476055
93900 8132 462379 8098 476621
94000 8137 462868 8106 477132
94100 8142 463326 8111 477674
94200 8150 463792 8121 478208
94300 8159 464279 8129 478721
94400 8170 464885 8138 479115
94500 8184 465348 8147 479652
94600 8189 465830 8154 480170
94700 8200 466244 8159 480756
94800 8208 466621 8166 481379
94900 8215 467151 8171 481849
95000 8226 467634 8185 482366
95100 8230 468201 8193 482799
95200 8237 468669 8198 483331
95300 8247 469210 8212 483790
95400 8255 469704 8221 484296
95500 8263 470194 8229 484806
95600 8267 470701 8237 485299
95700 8272 471239 8246 485761
95800 8279 471757 8257 486243
95900 8285 472277 8271 486723
96000 8297 472748 8275 487252
96100 8302 473272 8279 487728
96200 8313 473809 8285 488191
96300 8321 474373 8292 488627
96400 8329 474900 8306 489100
96500 8335 475404 8316 489596
96600 8339 475990 8322 490010
96700 8353 476523 8332 490477
96800 8367 476993 8345 491007
96900 8377 477524 8352 491476
97000 8384 477969 8363 492031
97100 8393 478428 8378 492572
97200 8399 478960 8395 493040
97300 8413 479537 8406 493463
97400 8423 480054 8420 493946
97500 8440 480522 8428 494478
97600 8457 481079 8438 494921
97700 8465 481565 8445 495435
97800 8469 482054 8449 495946
97900 8473 482573 8456 496427
98000 8480 483081 8461 496919
98100 8487 483588 8470 497412
98200 8492 484131 8473 497869
98300 8495 484663 8479 498337
98400 8501 485200 8483 498800
98500 8505 485700 8493 499300
98600 8514 486234 8503 499766
98700 8520 486713 8511 500287
98800 8529 487193 8521 500807
98900 8534 487655 8529 501345
99000 8545 488122 8541 501878
99100 8549 488626 8553 502374
99200 8559 489137 8559 502863
99300 8573 489623 8575 503377
99400 8579 490069 8581 503931
99500 8589 490512 8587 504488
99600 8602 490973 8593 505027
99700 8614 491507 8603 505493
99800 8623 491958 8609 506042
99900 8627 492427 8616 506573
100000 8632 492900 8622 507100
100100 8635 493376 8631 507624
100200 8642 493839 8641 508161
100300 8649 494408 8644 508592
100400 8659 494966 8656 509034
100500 8669 495488 8670 509512
100600 8676 495986 8679 510014
100700 8689 496569 8684 510431
100800 8699 497042 8695 510958
100900 8709 497507 8703 511493
101000 8717 497985 8712 512015
101100 8727 498437 8721 512563
101200 8739 498923 8730 513077
101300 8751 499462 8744 513538
101400 8758 499952 8754 514048
101500 8767 500538 8764 514462
101600 8771 501037 8774 514963
101700 8783 501522 8781 515478
101800 8791 502004 8789 515996
101900 8800 502477 8796 516523
102000 8808 502904 8806 517096
102100 8815 503349 8812 517651
102200 8818 503800 8820 518200
102300 8829 504284 8829 518716
102400 8832 504782 8832 519218
102500 8839 505194 8840 519806
102600 8844 505706 8847 520294
102700 8848 506263 8852 520737
102800 8857 506815 8860 521185
102900 8869 507342 8867 521658
103000 8876 507858 8874 522142
103100 8881 508453 8879 522547
103200 8889 508851 8891 523149
103300 8894 509390 8894 523610
103400 8899 509915 8901 524085
103500 8906 510352 8906 524648
103600 8918 510855 8912 525145
103700 8927 511369 8919 525631
103800 8933 511874 8926 526126
103900 8939 512366 8928 526634
104000 8947 512826 8938 527174
104100 8964 513405 8945 527595
104200 8972 513958 8957 528042
104300 8985 514417 8968 528583
104400 8990 514905 8980 529095
104500 9003 515367 8989 529633
104600 9013 515892 8996 530108
104700 9023 516364 9006 530636
104800 9031 516878 9015 531122
104900 9043 517327 9027 531673
105000 9053 517747 9040 532253
105100 9069 518144 9049 532856
105200 9077 518606 9055 533394
105300 9080 519136 9062 533864
105400 9093 519643 9065 534357
105500 9109 520258 9073 534742
105600 9117 520709 9084 535291
105700 9123 521218 9095 535782
105800 9135 521723 9107 536277
105900 9142 522306 9117 536694
106000 9153 522792 9128 537208
106100 9165 523324 9134 537676
106200 9169 523854 9144 538146
106300 9179 524307 9148 538693
106400 9189 524865 9156 539135
106500 9196 525380 9161 539620
106600 9204 525886 9169 540114
106700 9215 526335 9182 540665
106800 9225 526829 9191 541171
106900 9233 527359 9199 541641
107000 9240 527945 9201 542055
107100 9252 528499 9217 542501
107200 9264 529084 9227 542916
107300 9271 529602 9232 543398
107400 9281 530098 9242 543902
107500 9289 530622 9249 544378
107600 9297 530990 9252 545010
107700 9302 531516 9262 545484
107800 9320 532036 9269 545964
107900 9329 532571 9277 546429
108000 9340 533051 9285 546949
108100 9344 533564 9290 547436
108200 9351 534071 9299 547929
108300 9358 534608 9303 548392
108400 9367 535065 9310 548935
108500 9373 535595 9316 549405
108600 9384 536118 9324 549882
108700 9392 536555 9338 550445
108800 9400 537013 9347 550987
108900 9408 537463 9351 551537
109000 9416 537982 9367 552018
109100 9422 538545 9379 552455
109200 9429 539055 9391 552945
109300 9443 539543 9402 553457
109400 9451 540026 9408 553974
109500 9457 540489 9422 554511
109600 9470 541007 9428 554993
109700 9481 541418 9436 555582
109800 9486 541868 9445 556132
109900 9494 542440 9451 556560
110000 9505 542921 9456 557079
110100 9510 543386 9465 557614
110200 9519 543911 9474 558089
110300 9524 544418 9484 558582
110400 9530 544908 9495 559092
110500 9540 545424 9503 559576
110600 9550 546014 9512 559986
110700 9558 546513 9518 560487
110800 9565 546951 9528 561049
110900 9572 547428 9539 561572
111000 9582 547934 9552 562066
111100 9601 548450 9564 562550
111200 9607 549008 9569 562992
111300 9617 549466 9578 563534
111400 9622 549933 9587 564067
111500 9636 550460 9591 564540
111600 9639 550978 9595 565022
111700 9642 551438 9604 565562
111800 9650 551976 9617 566024
111900 9653 552512 9624 566488
112000 9661 552927 9635 567073
112100 9669 553433 9642 567567
112200 9685 553827 9653 568173
112300 9692 554323 9667 568677
112400 9700 554783 9678 569217
112500 9715 555289 9691 569711
112600 9725 555754 9702 570246
112700 9730 556178 9718 570822
112800 9741 556643 9730 571357
112900 9750 557077 9739 571923
113000 9758 557463 9746 572537
113100 9766 557991 9757 573009
113200 9779 558524 9762 573476
113300 9790 559004 9769 573996
113400 9798 559546 9784 574454
113500 9807 560065 9795 574935
113600 9816 560541 9801 575459
113700 9828 561028 9807 575972
113800 9835 561500 9816 576500
113900 9843 561891 9828 577109
114000 9851 562455 9834 577545
114100 9862 562975 9843 578025
114200 9870 563418 9852 578582
114300 9874 563926 9862 579074
114400 9883 564496 9864 579504
114500 9889 565003 9873 579997
114600 9900 565576 9881 580424
114700 9911 566125 9884 580875
114800 9919 566637 9895 581363
114900 9935 567104 9904 581896
115000 9943 567595 9913 582405
115100 9949 568067 9920 582933
115200 9957 568522 9929 583478
115300 9964 569047 9936 583953
115400 9972 569557 9943 584443
115500 9987 570118 9947 584882
115600 9994 570539 9959 585461
115700 10000 570974 9969 586026
115800 10007 571520 9977 586480
115900 10013 572007 9990 586993
116000 10022 572414 9998 587586
116100 10032 572898 10011 588102
116200 10044 573441 10020 588559
116300 10054 573896 10030 589104
116400 10062 574406 10040 589594
116500 10065 574921 10044 590079
116600 10066 575414 10054 590586
116700 10077 575908 10065 591092
116800 10082 576466 10072 591534
116900 10092 576979 10081 592021
117000 10100 577513 10084 592487
117100 10104 577983 10090 593017
117200 10112 578441 10098 593559
117300 10123 578959 10106 594041
117400 10129 579422 10110 594578
117500 10137 579881 10113 595119
117600 10141 580502 10118 595498
117700 10147 580999 10126 596001
117800 10159 581498 10130 596502
117900 10162 581923 10139 597077
118000 10169 582436 10146 597564
118100 10178 582922 10154 598078
118200 10193 583401 10164 598599
118300 10206 583847 10180 599153
118400 10217 584350 10190 599650
118500 10230 584872 10191 600128
118600 10236 585341 10203 600659
118700 10239 585834 10211 601166
118800 10250 586367 10218 601633
118900 10257 586934 10234 602066
119000 10267 587474 10245 602526
119100 10273 587920 10247 603080
119200 10283 588383 10255 603617
119300 10298 588901 10261 604099
119400 10303 589407 10269 604593
119500 10312 589921 10275 605079
119600 10319 590396 10281 605604
119700 10325 590892 10284 606108
119800 10329 591367 10293 606633
119900 10336 591827 10300 607173
120000 10341 592242 10306 607758
120100 10355 592705 10318 608295
120200 10357 593218 10331 608782
120300 10369 593724 10350 609276
120400 10376 594181 10362 609819
120500 10379 594612 10370 610388
120600 10386 595139 10376 610861
120700 10389 595695 10388 611305
120800 10399 596196 10400 611804
120900 10401 596779 10409 612221
121000 10408 597251 10416 612749
121100 10415 597753 10419 613247
121200 10424 598294 10427 613706
121300 10434 598775 10437 614225
121400 10444 599360 10452 614640
121500 10448 599863 10461 615137
121600 10454 600294 10464 615706
121700 10459 600768 10474 616232
121800 10469 601290 10482 616710
121900 10477 601758 10490 617242
122000 10484 602227 10494 617773
122100 10487 602725 10501 618275
122200 10494 603160 10507 618840
122300 10504 603672 10518 619328
122400 10512 604121 10526 619879
122500 10522 604615 10535 620385
122600 10535 605074 10544 620926
122700 10541 605535 10547 621465
122800 10546 605959 10553 622041
122900 10556 606409 10560 622591
123000 10562 606997 10569 623003
123100 10573 607548 10579 623452
123200 10585 608091 10588 623909
123300 10598 608589 10599 624411
123400 10610 609092 10605 624908
123500 10622 609574 10610 625426
123600 10632 609996 10618 626004
123700 10641 610450 10625 626550
123800 10656 610972 10633 627028
123900 10676 611489 10646 627511
124000 10686 612044 10651 627956
124100 10700 612541 10660 628459
124200 10704 613037 10669 628963
124300 10719 613517 10675 629483
124400 10729 613967 10686 630033
124500 10740 614433 10693 630567
124600 10743 614913 10698 631087
124700 10756 615360 10707 631640
124800 10758 615931 10715 632069
124900 10764 616371 10719 632629
125000 10772 616922 10731 633078
125100 10784 617417 10740 633583
125200 10794 617957 10745 634043
125300 10808 618469 10756 634531
125400 10822 618969 10761 635031
125500 10832 619503 10769 635497
125600 10841 619915 10775 636085
125700 10853 620448 10786 636552
125800 10861 620978 10791 637022
125900 10868 621497 10802 637503
126000 10876 621951 10808 638049
126100 10880 622442 10811 638558
126200 10886 622940 10815 639060
126300 10891 623502 10821 639498
126400 10897 623964 10826 640036
126500 10903 624473 10839 640527
126600 10914 624958 10853 641042
126700 10920 625452 10863 641548
126800 10927 625972 10869 642028
126900 10935 626476 10880 642524
127000 10944 626979 10892 643021
127100 10953 627467 10896 643533
127200 10965 627987 10902 644013
127300 10975 628449 10913 644551
127400 10981 628994 10920 645006
127500 10990 629476 10927 645524
127600 10999 629915 10936 646085
127700 11002 630338 10939 646662
127800 11004 630768 10942 647232
127900 11011 631353 10946 647647
128000 11021 631899 10957 648101
128100 11033 632439 10959 648561
128200 11041 632848 10972 649152
128300 11052 633399 10984 649601
128400 11060 633943 10992 650057
128500 11067 634402 11003 650598
128600 11069 634873 11008 651127
128700 11075 635364 11019 651636
128800 11087 635844 11029 652156
128900 11095 636343 11036 652657
129000 11102 636827 11046 653173
129100 11109 637291 11058 653709
129200 11114 637672 11066 654328
129300 11126 638215 11078 654785
129400 11132 638741 11085 655259
129500 11137 639266 11094 655734
129600 11146 639790 11107 656210
129700 11158 640406 11118 656594
129800 11167 640859 11125 657141
129900 11176 641405 11131 657595
130000 11185 641918 11143 658082
130100 11194 642413 11158 658587
130200 11205 642928 11167 659072
130300 11211 643475 11171 659525
130400 11224 643976 11179 660024
130500 11234 644434 11185 660566
130600 11241 644902 11191 661098
130700 11248 645437 11201 661563
130800 11259 645843 11207 662157
130900 11262 646318 11216 662682
131000 11268 646777 11226 663223
131100 11276 647196 11232 663804
131200 11287 647735 11239 664265
131300 11291 648277 11242 664723
131400 11299 648843 11248 665157
131500 11309 649345 11260 665655
131600 11315 649880 11264 666120
131700 11318 650317 11274 666683
131800 11330 650882 11279 667118
131900 11338 651364 11290 667636
132000 11349 651913 11300 668087
132100 11358 652332 11307 668668
132200 11376 652817 11313 669183
132300 11385 653282 11319 669718
132400 11389 653766 11323 670234
132500 11401 654335 11331 670665
132600 11404 654826 11337 671174
132700 11417 655380 11342 671620
132800 11431 655910 11351 672090
132900 11437 656462 11359 672538
133000 11448 657006 11369 672994
133100 11456 657501 11375 673499
133200 11471 658006 11383 673994
133300 11474 658508 11388 674492
133400 11480 658994 11395 675006
133500 11484 659399 11402 675601
133600 11491 659897 11409 676103
133700 11504 660407 11417 676593
133800 11509 660967 11422 677033
133900 11519 661557 11424 677443
134000 11531 662058 11432 677942
134100 11537 662579 11437 678421
134200 11549 663102 11446 678898
134300 11561 663605 11451 679395
134400 11572 664126 11457 679874
134500 11584 664655 11472 680345
134600 11588 665234 11481 680766
134700 11596 665755 11485 681245
134800 11604 666228 11493 681772
134900 11617 666652 11503 682348
135000 11628 667120 11514 682880
135100 11635 667539 11521 683461
135200 11641 668079 11529 683921
135300 11651 668620 11535 684380
135400 11659 669126 11543 684874
135500 11665 669654 11555 685346
135600 11673 670203 11564 685797
135700 11680 670655 11569 686345
135800 11692 671163 11580 686837
135900 11701 671608 11586 687392
136000 11710 672087 11596 687913
136100 11718 672557 11601 688443
136200 11728 673153 11607 688847
136300 11737 673736 11613 689264
136400 11739 674245 11620 689755
136500 11742 674717 11625 690283
136600 11754 675252 11629 690748
136700 11764 675671 11642 691329
136800 11771 676078 11647 691922
136900 11778 676624 11652 692376
137000 11786 677148 11658 692852
137100 11794 677648 11670 693352
137200 11803 678102 11682 693898
137300 11812 678599 11688 694401
137400 11823 679070 11694 694930
137500 11825 679643 11700 695357
137600 11831 680143 11707 695857
137700 11838 680585 11713 696415
137800 11846 681059 11718 696941
137900 11859 681531 11730 697469
138000 11868 682034 11742 697966
138100 11874 682451 11751 698549
138200 11882 682974 11760 699026
138300 11894 683501 11765 699499
138400 11903 684052 11772 699948
138500 11908 684550 11777 700450
138600 11919 685050 11780 700950
138700 11923 685619 11785 701381
138800 11931 686124 11788 701876
138900 11938 686613 11793 702387
139000 11947 687107 11796 702893
139100 11956 687589 11807 703411
139200 11965 688034 11818 703966
139300 11977 688517 11830 704483
139400 11987 689024 11849 704976
139500 11997 689461 11857 705539
139600 12005 689999 11864 706001
139700 12012 690500 11868 706500
139800 12014 691004 11877 706996
139900 12023 691460 11888 707540
140000 12027 691960 11892 708040
140100 12034 692462 11898 708538
140200 12041 693001 11905 708999
140300 12048 693515 11911 709485
140400 12052 693992 11915 710008
140500 12058 694488 11923 710512
140600 12062 694927 11934 711073
140700 12067 695369 11936 711631
140800 12070 695892 11939 712108
140900 12078 696348 11945 712652
141000 12094 696772 11956 713228
141100 12103 697306 11968 713694
141200 12112 697869 11978 714131
141300 12115 698398 11984 714602
141400 12124 698902 11990 715098
141500 12133 699480 12001 715520
141600 12138 699944 12013 716056
141700 12149 700347 12025 716653
141800 12158 700910 12033 717090
141900 12165 701340 12047 717660
142000 12171 701837 12059 718163
142100 12180 702338 12068 718662
142200 12185 702883 12070 719117
142300 12194 703342 12077 719658
142400 12205 703806 12084 720194
142500 12218 704293 12093 720707
142600 12230 704834 12103 721166
142700 12242 705470 12122 721530
142800 12255 705946 12139 722054
142900 12268 706462 12146 722538
143000 12281 707018 12154 722982
143100 12288 707525 12165 723475
143200 12295 707954 12170 724046
143300 12303 708448 12178 724552
143400 12312 709026 12185 724974
143500 12320 709538 12194 725462
143600 12323 709997 12200 726003
143700 12335 710490 12207 726510
143800 12341 710960 12210 727040
143900 12349 711405 12219 727595
144000 12356 711973 12224 728027
144100 12368 712521 12235 728479
144200 12374 712924 12242 729076
144300 12382 713359 12250 729641
144400 12394 713857 12261 730143
144500 12396 714309 12267 730691
144600 12403 714716 12276 731284
144700 12410 715217 12289 731783
144800 12416 715647 12293 732353
144900 12422 716105 12302 732895
145000 12437 716565 12307 733435
145100 12441 717026 12315 733974
145200 12454 717481 12322 734519
145300 12464 717940 12326 735060
145400 12472 718387 12338 735613
145500 12478 718881 12344 736119
145600 12483 719344 12350 736656
145700 12486 719869 12357 737131
145800 12493 720341 12364 737659
145900 12499 720923 12371 738077
146000 12507 721379 12377 738621
146100 12515 721815 12390 739185
146200 12527 722311 12401 739689
146300 12537 722735 12406 740265
146400 12545 723290 12417 740710
146500 12551 723812 12429 741188
146600 12564 724273 12447 741727
146700 12579 724827 12468 742173
146800 12586 725319 12479 742681
146900 12595 725778 12492 743222
147000 12605 726285 12501 743715
147100 12612 726779 12508 744221
147200 12627 727216 12518 744784
147300 12639 727734 12531 745266
147400 12649 728261 12538 745739
147500 12658 728792 12546 746208
147600 12664 729303 12552 746697
147700 12674 729735 12558 747265
147800 12680 730218 12569 747782
147900 12690 730802 12583 748198
148000 12705 731225 12592 748775
148100 12712 731689 12599 749311
148200 12722 732101 12606 749899
148300 12732 732620 12610 750380
148400 12741 733014 12619 750986
148500 12752 733519 12625 751481
148600 12759 733958 12629 752042
148700 12763 734463 12632 752537
148800 12770 734954 12639 753046
148900 12778 735390 12650 753610
149000 12788 735843 12657 754157
149100 12800 736353 12664 754647
149200 12809 736897 12670 755103
149300 12824 737422 12678 755578
149400 12837 737907 12688 756093
149500 12841 738280 12695 756720
149600 12846 738786 12705 757214
149700 12855 739262 12711 757738
149800 12861 739729 12720 758271
149900 12874 740263 12739 758737
150000 12886 740841 12750 759159
150100 12893 741332 12753 759668
150200 12903 741862 12759 760138
150300 12916 742301 12765 760699
150400 12924 742799 12775 761201
150500 12937 743312 12787 761688
150600 12949 743854 12797 762146
150700 12960 744405 12810 762595
150800 12968 744933 12819 763067
150900 12978 745443 12828 763557
151000 12985 745988 12842 764012
151100 12991 746562 12852 764438
151200 12999 747072 12860 764928
151300 13007 747594 12867 765406
151400 13020 748219 12875 765781
151500 13028 748674 12882 766326
151600 13035 749205 12884 766795
151700 13042 749715 12893 767285
151800 13051 750243 12897 767757
151900 13060 750777 12902 768223
152000 13064 751229 12911 768771
152100 13072 751695 12919 769305
152200 13081 752225 12929 769775
152300 13089 752786 12939 770214
152400 13100 753308 12951 770692
152500 13106 753840 12958 771160
152600 13114 754322 12969 771678
152700 13122 754745 12975 772255
152800 13126 755223 12982 772777
152900 13135 755714 12990 773286
153000 13142 756185 12993 773815
153100 13150 756542 13003 774458
153200 13159 756977 13011 775023
153300 13171 757524 13019 775476
153400 13180 758047 13023 775953
153500 13182 758561 13028 776439
153600 13188 758985 13036 777015
153700 13197 759505 13047 777495
153800 13202 759983 13055 778017
153900 13209 760463 13059 778537
154000 13221 760947 13068 779053
154100 13231 761462 13076 779538
154200 13241 761934 13088 780066
154300 13254 762423 13099 780577
154400 13268 762990 13110 781010
154500 13273 763584 13120 781416
154600 13281 764040 13136 781960
154700 13292 764545 13144 782455
154800 13304 765021 13155 782979
154900 13317 765542 13167 783458
155000 13326 766044 13175 783956
155100 13331 766494 13185 784506
155200 13341 766990 13199 785010
155300 13347 767523 13206 785477
155400 13355 768017 13215 785983
155500 13368 768533 13225 786467
155600 13377 769015 13238 786985
155700 13381 769394 13248 787606
155800 13383 769903 13252 788097
155900 13390 770368 13267 788632
156000 13397 770914 13275 789086
156100 13409 771366 13283 789634
156200 13417 771850 13288 790150
156300 13424 772303 13295 790697
156400 13428 772787 13303 791213
156500 13434 773270 13308 791730
156600 13443 773700 13316 792300
156700 13448 774139 13320 792861
156800 13453 774721 13325 793279
156900 13457 775187 13330 793813
157000 13466 775688 13339 794312
157100 13477 776172 13346 794828
157200 13483 776639 13357 795361
157300 13495 777151 13365 795849
157400 13503 777669 13376 796331
157500 13505 778092 13382 796908
157600 13513 778609 13389 797391
157700 13523 779082 13402 797918
157800 13534 779608 13413 798392
157900 13540 780081 13422 798919
158000 13550 780557 13434 799443
158100 13559 781120 13439 799880
158200 13565 781704 13451 800296
158300 13582 782182 13463 800818
158400 13594 782695 13473 801305
158500 13599 783239 13485 801761
158600 13607 783712 13489 802288
158700 13613 784132 13494 802868
158800 13621 784655 13497 803345
158900 13630 785181 13504 803819
159000 13634 785700 13514 804300
159100 13640 786259 13519 804741
159200 13648 786719 13523 805281
159300 13654 787314 13531 805686
159400 13662 787904 13538 806096
159500 13667 788399 13543 806601
159600 13679 788861 13549 807139
159700 13689 789383 13556 807617
159800 13696 789918 13569 808082
159900 13703 790450 13575 808550
160000 13710 790935 13581 809065
160100 13717 791350 13588 809650
160200 13727 791849 13598 810151
160300 13730 792334 13608 810666
160400 13749 792893 13626 811107
160500 13761 793500 13635 811500
160600 13773 794009 13646 811991
160700 13785 794503 13656 812497
160800 13801 794988 13669 813012
160900 13808 795541 13676 813459
161000 13814 796024 13685 813976
161100 13827 796591 13695 814409
161200 13836 797070 13711 814930
161300 13848 797585 13722 815415
161400 13853 798045 13730 815955
161500 13867 798579 13739 816421
161600 13871 799085 13752 816915
161700 13880 799575 13758 817425
161800 13889 800188 13760 817812
161900 13897 800670 13766 818330
162000 13909 801147 13777 818853
162100 13913 801615 13787 819385
162200 13919 802064 13795 819936
162300 13924 802563 13802 820437
162400 13937 803056 13816 820944
162500 13942 803576 13828 821424
162600 13943 804172 13838 821828
162700 13959 804488 13845 822512
162800 13964 804930 13855 823070
162900 13979 805413 13870 823587
163000 13988 805938 13880 824062
163100 13998 806464 13888 824536
163200 14008 807052 13896 824948
163300 14016 807520 13903 825480
163400 14021 807970 13911 826030
163500 14026 808424 13917 826576
163600 14031 808939 13923 827061
163700 14037 809404 13929 827596
163800 14048 809980 13941 828020
163900 14054 810483 13952 828517
164000 14063 810962 13959 829038
164100 14073 811469 13972 829531
164200 14078 811932 13978 830068
164300 14080 812451 13982 830549
164400 14082 812974 13988 831026
164500 14086 813443 13996 831557
164600 14093 813883 14006 832117
164700 14096 814366 14012 832634
164800 14102 814825 14017 833175
164900 14109 815334 14021 833666
165000 14119 815823 14025 834177
165100 14127 816330 14035 834670
165200 14132 816825 14044 835175
165300 14138 817321 14048 835679
165400 14142 817790 14055 836210
165500 14152 818336 14060 836664
165600 14157 818873 14069 837127
165700 14162 819470 14080 837530
165800 14169 819861 14084 838139
165900 14177 820403 14093 838597
166000 14185 820897 14100 839103
166100 14194 821406 14108 839594
166200 14202 821941 14116 840059
166300 14212 822428 14126 840572
166400 14220 822942 14134 841058
166500 14230 823420 14142 841580
166600 14236 823964 14145 842036
166700 14242 824511 14151 842489
166800 14251 825010 14156 842990
166900 14256 825492 14161 843508
167000 14260 826014 14166 843986
167100 14266 826463 14172 844537
167200 14276 826956 14183 845044
167300 14284 827377 14191 845623
167400 14290 827835 14202 846165
167500 14300 828271 14210 846729
167600 14310 828733 14214 847267
167700 14318 829193 14220 847807
167800 14327 829654 14231 848346
167900 14338 830116 14231 848884
168000 14347 830621 14245 849379
168100 14353 831182 14259 849818
168200 14363 831744 14266 850256
168300 14369 832294 14272 850706
168400 14375 832829 14286 851171
168500 14382 833298 14301 851702
168600 14390 833781 14310 852219
168700 14401 834329 14319 852671
168800 14408 834828 14331 853172
168900 14415 835336 14343 853664
169000 14425 835867 14349 854133
169100 14430 836331 14360 854669
169200 14432 836773 14370 855227
169300 14441 837224 14382 855776
169400 14447 837800 14391 856200
169500 14452 838323 14401 856677
169600 14460 838715 14413 857285
169700 14470 839156 14421 857844
169800 14477 839609 14431 858391
169900 14484 840052 14440 858948
170000 14491 840489 14445 859511
170100 14498 841000 14449 860000
170200 14506 841526 14456 860474
170300 14512 842055 14468 860945
170400 14524 842566 14481 861434
170500 14532 842974 14488 862026
170600 14538 843420 14499 862580
170700 14543 843921 14501 863079
170800 14551 844428 14505 863572
170900 14559 844916 14511 864084
171000 14565 845414 14519 864586
171100 14572 845890 14529 865110
171200 14573 846441 14539 865559
171300 14581 846845 14543 866155
171400 14593 847344 14549 866656
171500 14598 847838 14553 867162
171600 14611 848246 14563 867754
171700 14619 848712 14571 868288
171800 14626 849237 14577 868763
171900 14631 849762 14584 869238
172000 14635 850194 14589 869806
172100 14640 850711 14594 870289
172200 14649 851191 14604 870809
172300 14656 851735 14613 871265
172400 14662 852349 14627 871651
172500 14668 852867 14634 872133
172600 14683 853338 14649 872662
172700 14691 853908 14664 873092
172800 14701 854370 14672 873630
172900 14715 854873 14680 874127
173000 14731 855305 14687 874695
173100 14742 855746 14692 875254
173200 14750 856138 14708 875862
173300 14763 856637 14720 876363
173400 14767 857220 14729 876780
173500 14777 857746 14735 877254
173600 14784 858253 14744 877747
173700 14792 858715 14749 878285
173800 14797 859239 14759 878761
173900 14802 859777 14765 879223
174000 14806 860269 14770 879731
174100 14810 860709 14778 880291
174200 14815 861256 14783 880744
174300 14821 861779 14789 881221
174400 14836 862167 14801 881833
174500 14849 862533 14813 882467
174600 14859 862972 14823 883028
174700 14867 863447 14830 883553
174800 14875 863923 14837 884077
174900 14880 864410 14844 884590
175000 14890 864896 14846 885104
175100 14900 865348 14856 885652
175200 14911 865869 14866 886131
175300 14918 866339 14878 886661
175400 14925 866878 14887 887122
175500 14932 867320 14900 887680
175600 14943 867805 14907 888195
175700 14957 868288 14919 888712
175800 14963 868802 14927 889198
175900 14968 869293 14932 889707
176000 14975 869830 14944 890170
176100 14986 870318 14958 890682
176200 14992 870861 14969 891139
176300 15000 871398 14974 891602
176400 15013 871937 14992 892063
176500 15020 872401 14997 892599
176600 15031 872940 15008 893060
176700 15042 873347 15017 893653
176800 15052 873762 15024 894238
176900 15057 874224 15033 894776
177000 15071 874718 15042 895282
177100 15079 875162 15049 895838
177200 15083 875690 15056 896310
177300 15092 876149 15065 896851
177400 15102 876585 15073 897415
177500 15112 877045 15082 897955
177600 15119 877543 15090 898457
177700 15128 877994 15099 899006
177800 15135 878531 15103 899469
177900 15139 879061 15116 899939
178000 15146 879619 15127 900381
178100 15150 880153 15129 900847
178200 15164 880649 15137 901351
178300 15177 881184 15151 901816
178400 15185 881648 15158 902352
178500 15193 882096 15165 902904
178600 15202 882639 15172 903361
178700 15205 883134 15184 903866
178800 15210 883622 15197 904378
178900 15216 884046 15207 904954
179000 15223 884534 15219 905466
179100 15229 884943 15225 906057
179200 15243 885430 15234 906570
179300 15254 885870 15240 907130
179400 15263 886292 15248 907708
179500 15274 886811 15256 908189
179600 15279 887288 15267 908712
179700 15283 887827 15274 909173
179800 15291 888369 15288 909631
179900 15303 888862 15296 910138
180000 15314 889335 15300 910665
180100 15324 889850 15309 911150
180200 15337 890338 15315 911662
180300 15345 890881 15321 912119
180400 15352 891392 15329 912608
180500 15363 891903 15339 913097
180600 15368 892320 15343 913680
180700 15376 892859 15349 914141
180800 15387 893387 15352 914613
180900 15394 893756 15356 915244
181000 15400 894173 15362 915827
181100 15407 894658 15370 916342
181200 15413 895186 15376 916814
181300 15417 895703 15378 917297
181400 15423 896244 15390 917756
181500 15430 896736 15399 918264
181600 15439 897211 15404 918789
181700 15452 897650 15411 919350
181800 15457 898176 15418 919824
181900 15469 898575 15423 920425
182000 15473 899073 15428 920927
182100 15481 899584 15436 921416
182200 15487 900063 15445 921937
182300 15492 900567 15448 922433
182400 15500 901128 15463 922872
182500 15514 901629 15472 923371
182600 15516 902072 15481 923928
182700 15526 902490 15495 924510
182800 15533 902966 15500 925034
182900 15542 903499 15506 925501
183000 15552 904106 15516 925894
183100 15558 904679 15524 926321
183200 15568 905286 15531 926714
183300 15573 905843 15540 927157
183400 15580 906296 15552 927704
183500 15590 906745 15560 928255
183600 15601 907206 15565 928794
183700 15606 907693 15573 929307
183800 15615 908156 15580 929844
183900 15626 908613 15587 930387
184000 15635 909093 15599 930907
184100 15646 909642 15608 931358
184200 15666 910154 15625 931846
184300 15673 910611 15636 932389
184400 15678 911063 15647 932937
184500 15685 911530 15652 933470
184600 15694 912055 15658 933945
184700 15703 912501 15664 934499
184800 15707 912897 15671 935103
184900 15717 913399 15678 935601
185000 15723 913989 15685 936011
185100 15735 914476 15694 936524
185200 15742 914976 15700 937024
185300 15751 915537 15717 937463
185400 15763 915960 15725 938040
185500 15773 916502 15731 938498
185600 15778 916948 15735 939052
185700 15789 917422 15745 939578
185800 15801 918020 15753 939980
185900 15809 918546 15758 940454
186000 15814 918999 15767 941001
186100 15828 919524 15781 941476
186200 15836 920006 15793 941994
186300 15842 920505 15798 942495
186400 15849 920938 15803 943062
186500 15860 921440 15813 943560
186600 15870 921950 15819 944050
186700 15877 922414 15827 944586
186800 15887 922932 15834 945068
186900 15899 923444 15845 945556
187000 15904 923978 15848 946022
187100 15910 924493 15855 946507
187200 15913 924997 15856 947003
187300 15926 925501 15869 947499
187400 15935 925967 15881 948033
187500 15941 926455 15889 948545
187600 15957 926983 15899 949017
187700 15960 927429 15903 949571
187800 15969 927888 15912 950112
187900 15980 928421 15916 950579
188000 15986 928905 15919 951095
188100 15991 929396 15931 951604
188200 15999 929850 15940 952150
188300 16006 930375 15950 952625
188400 16015 930915 15953 953085
188500 16021 931402 15960 953598
188600 16025 931923 15966 954077
188700 16029 932395 15976 954605
188800 16034 932810 15983 955190
188900 16040 933189 15990 955811
189000 16045 933574 16003 956426
189100 16056 934060 16017 956940
189200 16061 934576 16033 957424
189300 16067 935056 16041 957944
189400 16074 935563 16045 958437
189500 16086 936074 16056 958926
189600 16099 936593 16068 959407
189700 16113 937144 16076 959856
189800 16125 937696 16086 960304
189900 16131 938168 16093 960832
190000 16138 938640 16105 961360
190100 16143 939094 16111 961906
190200 16156 939573 16125 962427
190300 16169 940081 16132 962919
190400 16179 940615 16141 963385
190500 16185 941185 16149 963815
190600 16187 941687 16154 964313
190700 16192 942251 16158 964749
190800 16200 942753 16173 965247
190900 16209 943238 16176 965762
191000 16217 943751 16182 966249
191100 16223 944236 16193 966764
191200 16229 944694 16203 967306
191300 16233 945232 16212 967768
191400 16243 945730 16218 968270
191500 16248 946204 16224 968796
191600 16258 946705 16234 969295
191700 16265 947171 16242 969829
191800 16270 947620 16253 970380
191900 16275 948153 16261 970847
192000 16286 948601 16267 971399
192100 16295 949144 16277 971856
192200 16302 949594 16282 972406
192300 16308 950089 16289 972911
192400 16316 950598 16300 973402
192500 16326 951082 16309 973918
192600 16338 951561 16321 974439
192700 16346 952065 16328 974935
192800 16355 952451 16339 975549
192900 16365 952925 16354 976075
193000 16374 953356 16362 976644
193100 16378 953865 16368 977135
193200 16385 954376 16383 977624
193300 16398 954908 16388 978092
193400 16409 955508 16400 978492
193500 16419 956073 16404 978927
193600 16425 956702 16411 979298
193700 16433 957140 16418 979860
193800 16443 957620 16424 980380
193900 16451 958163 16430 980837
194000 16464 958625 16437 981375
194100 16472 959183 16447 981817
194200 16481 959680 16452 982320
194300 16494 960184 16458 982816
194400 16500 960690 16461 983310
194500 16508 961202 16468 983798
194600 16515 961729 16480 984271
194700 16522 962292 16491 984708
194800 16529 962771 16503 985229
194900 16539 963247 16508 985753
195000 16548 963735 16514 986265
195100 16559 964187 16524 986813
195200 16564 964654 16526 987346
195300 16571 965152 16541 987848
195400 16580 965675 16546 988325
195500 16589 966149 16552 988851
195600 16601 966574 16561 989426
195700 16609 967106 16567 989894
195800 16624 967618 16576 990382
195900 16628 968195 16586 990805
196000 16640 968628 16594 991372
196100 16650 969064 16603 991936
196200 16658 969637 16611 992363
196300 16669 970150 16620 992850
196400 16675 970700 16627 993300
196500 16684 971270 16636 993730
196600 16690 971771 16653 994229
196700 16696 972326 16655 994674
196800 16702 972843 16663 995157
196900 16706 973364 16674 995636
197000 16714 973883 16682 996117
197100 16721 974394 16691 996606
197200 16734 974882 16708 997118
197300 16742 975335 16714 997665
197400 16748 975761 16719 998239
197500 16753 976320 16727 998680
197600 16758 976751 16737 999249
197700 16776 977215 16753 999785
197800 16786 977772 16768 1000228
197900 16798 978293 16781 1000707
198000 16805 978886 16790 1001114
198100 16810 979430 16799 1001570
198200 16816 980066 16807 1001934
198300 16826 980633 16810 1002367
198400 16834 981098 16823 1002902
198500 16843 981558 16832 1003442
198600 16854 982040 16839 1003960
198700 16859 982538 16839 1004462
198800 16871 983096 16848 1004904
198900 16880 983540 16854 1005460
199000 16887 984025 16857 1005975
199100 16898 984530 16867 1006470
199200 16909 985055 16880 1006945
199300 16921 985518 16887 1007482
199400 16933 985948 16898 1008052
199500 16941 986422 16906 1008578
199600 16950 986986 16912 1009014
199700 16956 987456 16921 1009544
199800 16958 988063 16927 1009937
199900 16969 988656 16939 1010344
200000 16983 989062 16949 1010938
