#! FIELDS timestep dup_succ dup_attempts kill_succ kill_attempts
#! SET timestep 0.5
#! SET kernel_bandwidth [0.65 0.65]
#! SET kt 1.0
100 58 168 79 832
200 129 426 176 1574
300 214 748 274 2252
400 290 1176 371 2824
500 355 1695 441 3305
600 399 2255 492 3745
700 421 2722 518 4278
800 447 3122 547 4878
900 469 3508 563 5492
1000 490 3904 575 6096
1100 502 4372 582 6628
1200 507 4890 587 7110
1300 511 5400 590 7600
1400 517 5976 600 8024
1500 527 6520 606 8480
1600 530 7058 612 8942
1700 534 7596 615 9404
1800 536 8144 619 9856
1900 544 8717 623 10283
2000 546 9273 627 10727
2100 549 9715 633 11285
2200 557 10197 638 11803
2300 562 10731 648 12269
2400 564 11146 650 12854
2500 568 11644 656 13356
2600 572 12127 660 13873
2700 575 12673 666 14327
2800 580 13140 671 14860
2900 582 13635 673 15365
3000 589 14085 679 15915
3100 592 14554 683 16446
3200 597 14990 689 17010
3300 600 15605 691 17395
3400 605 16171 699 17829
3500 609 16684 704 18316
3600 615 17090 708 18910
3700 625 17566 711 19434
3800 632 18017 714 19983
3900 636 18633 714 20367
4000 638 19061 720 20939
4100 641 19470 728 21530
4200 647 20006 729 21994
4300 650 20483 729 22517
4400 653 21035 731 22965
4500 658 21509 736 23491
4600 661 21936 746 24064
4700 664 22557 746 24443
4800 672 23162 751 24838
4900 677 23752 753 25248
5000 687 24219 755 25781
5100 690 24774 762 26226
5200 692 25161 765 26839
5300 697 25676 768 27324
5400 702 26080 773 27920
5500 704 26505 776 28495
5600 710 27027 780 28973
5700 717 27466 787 29534
5800 723 27913 793 30087
5900 731 28469 796 30531
6000 737 29041 801 30959
6100 741 29597 806 31403
6200 746 30128 813 31872
6300 752 30517 820 32483
6400 755 31054 826 32946
6500 765 31612 829 33388
6600 769 32162 833 33838
6700 776 32640 841 34360
6800 784 33170 848 34830
6900 793 33651 851 35349
7000 796 34114 853 35886
7100 805 34578 857 36422
7200 806 35143 861 36857
7300 811 35689 867 37311
7400 812 36116 872 37884
7500 814 36615 876 38385
7600 815 37050 877 38950
7700 819 37660 878 39340
7800 820 38084 882 39916
7900 831 38584 883 40416
8000 837 39102 894 40898
8100 847 39470 897 41530
8200 854 40014 900 41986
8300 862 40455 909 42545
8400 866 40941 912 43059
8500 873 41365 918 43635
8600 875 41950 920 44050
8700 879 42485 923 44515
8800 883 42986 927 45014
8900 890 43445 930 45555
9000 892 43961 931 46039
9100 896 44461 937 46539
9200 899 44909 939 47091
9300 904 45414 943 47586
9400 912 45912 948 48088
9500 915 46377 956 48623
9600 916 46879 961 49121
9700 928 47339 965 49661
9800 933 47914 966 50086
9900 936 48439 971 50561
10000 943 48956 977 51044
10100 947 49470 985 51530
10200 950 49948 991 52052
10300 953 50464 1000 52536
10400 957 51032 1007 52968
10500 961 51567 1008 53433
10600 966 52059 1016 53941
10700 971 52540 1020 54460
10800 979 52980 1029 55020
10900 985 53502 1036 55498
11000 998 54077 1038 55923
11100 1004 54575 1040 56425
11200 1008 54982 1041 57018
11300 1009 55424 1047 57576
11400 1009 55907 1050 58093
11500 1014 56385 1056 58615
11600 1021 56870 1062 59130
11700 1026 57401 1067 59599
11800 1028 57897 1075 60103
11900 1029 58341 1077 60659
12000 1036 58910 1081 61090
12100 1041 59431 1089 61569
12200 1046 59871 1092 62129
12300 1056 60263 1101 62737
12400 1061 60755 1106 63245
12500 1062 61224 1109 63776
12600 1067 61899 1110 64101
12700 1070 62565 1117 64435
12800 1075 63077 1119 64923
12900 1080 63644 1122 65356
13000 1086 64153 1127 65847
13100 1088 64718 1131 66282
13200 1093 65172 1133 66828
13300 1100 65668 1136 67332
13400 1110 66157 1142 67843
13500 1111 66674 1144 68326
13600 1117 67199 1151 68801
13700 1125 67738 1161 69262
13800 1129 68191 1166 69809
13900 1132 68579 1175 70421
14000 1139 69063 1179 70937
14100 1144 69445 1182 71555
14200 1152 69972 1189 72028
14300 1159 70489 1197 72511
14400 1160 71104 1203 72896
14500 1167 71574 1212 73426
14600 1171 72096 1215 73904
14700 1177 72670 1219 74330
14800 1178 73138 1228 74862
14900 1185 73641 1232 75359
15000 1192 74132 1236 75868
15100 1202 74585 1248 76415
15200 1207 75100 1256 76900
15300 1211 75590 1258 77410
15400 1218 76068 1259 77932
15500 1221 76514 1262 78486
15600 1230 77034 1268 78966
15700 1235 77587 1272 79413
15800 1239 78058 1277 79942
15900 1242 78590 1282 80410
16000 1247 79081 1292 80919
16100 1253 79564 1298 81436
16200 1257 80142 1300 81858
16300 1259 80530 1305 82470
16400 1265 81040 1307 82960
16500 1268 81516 1312 83484
16600 1273 81845 1318 84155
16700 1277 82287 1326 84713
16800 1282 82756 1331 85244
16900 1287 83227 1334 85773
17000 1289 83613 1335 86387
17100 1293 84054 1340 86946
17200 1300 84579 1343 87421
17300 1304 85003 1349 87997
17400 1308 85544 1354 88456
17500 1312 86108 1356 88892
17600 1316 86645 1367 89355
17700 1323 87170 1370 89830
17800 1330 87589 1374 90411
17900 1334 88163 1378 90837
18000 1342 88642 1382 91358
18100 1344 89221 1386 91779
18200 1345 89655 1388 92345
18300 1347 90290 1391 92710
18400 1353 90828 1399 93172
18500 1361 91297 1404 93703
18600 1365 91827 1407 94173
18700 1376 92250 1413 94750
18800 1380 92815 1420 95185
18900 1381 93254 1420 95746
19000 1384 93630 1423 96370
19100 1390 94264 1427 96736
19200 1393 94817 1430 97183
19300 1396 95316 1437 97684
19400 1398 95832 1447 98168
19500 1406 96276 1453 98724
19600 1407 96623 1454 99377
19700 1412 97105 1460 99895
19800 1420 97575 1469 100425
19900 1421 98078 1480 100922
20000 1428 98496 1485 101504
20100 1429 98957 1491 102043
20200 1444 99480 1502 102520
20300 1453 99951 1508 103049
20400 1459 100473 1510 103527
20500 1467 101009 1521 103991
20600 1473 101541 1529 104459
20700 1476 102067 1531 104933
20800 1478 102555 1535 105445
20900 1480 103026 1537 105974
21000 1485 103528 1544 106472
21100 1493 104062 1553 106938
21200 1493 104530 1557 107470
21300 1498 104973 1560 108027
21400 1503 105508 1565 108492
21500 1507 106033 1572 108967
21600 1510 106462 1577 109538
21700 1511 106909 1584 110091
21800 1517 107346 1588 110654
21900 1522 107783 1593 111217
22000 1529 108256 1607 111744
22100 1532 108744 1614 112256
22200 1543 109301 1626 112699
22300 1547 109840 1626 113160
22400 1551 110336 1627 113664
22500 1560 110850 1631 114150
22600 1564 111321 1637 114679
22700 1567 111876 1641 115124
22800 1573 112397 1648 115603
22900 1578 112920 1651 116080
23000 1584 113426 1653 116574
23100 1585 113856 1656 117144
23200 1591 114378 1659 117622
23300 1594 114832 1661 118168
23400 1596 115282 1668 118718
23500 1606 115801 1673 119199
23600 1610 116397 1675 119603
23700 1611 116840 1678 120160
23800 1618 117293 1680 120707
23900 1625 117715 1690 121285
24000 1628 118196 1697 121804
24100 1635 118718 1706 122282
24200 1640 119182 1710 122818
24300 1643 119689 1713 123311
24400 1646 120126 1719 123874
24500 1649 120681 1720 124319
24600 1651 121192 1726 124808
24700 1656 121733 1733 125267
24800 1660 122220 1740 125780
24900 1666 122637 1742 126363
25000 1669 123181 1746 126819
25100 1672 123610 1751 127390
25200 1674 123988 1754 128012
25300 1677 124455 1756 128545
25400 1681 124950 1763 129050
25500 1682 125374 1769 129626
25600 1687 125746 1771 130254
25700 1692 126209 1776 130791
25800 1700 126688 1783 131312
25900 1703 127216 1788 131784
26000 1706 127649 1791 132351
26100 1712 128154 1798 132846
26200 1716 128641 1803 133359
26300 1718 129156 1808 133844
26400 1728 129658 1813 134342
26500 1732 130129 1815 134871
26600 1742 130595 1818 135405
26700 1746 131071 1819 135929
26800 1750 131591 1822 136409
26900 1754 132149 1829 136851
27000 1760 132683 1833 137317
27100 1766 133197 1836 137803
27200 1771 133725 1842 138275
27300 1773 134184 1844 138816
27400 1778 134700 1846 139300
27500 1782 135101 1851 139899
27600 1786 135503 1861 140497
27700 1793 136106 1870 140894
27800 1797 136581 1878 141419
27900 1801 137019 1881 141981
28000 1803 137534 1888 142466
28100 1807 138004 1893 142996
28200 1813 138479 1897 143521
28300 1820 138947 1901 144053
28400 1823 139422 1905 144578
28500 1835 139895 1909 145105
28600 1840 140453 1913 145547
28700 1849 140969 1915 146031
28800 1857 141440 1921 146560
28900 1861 141884 1923 147116
29000 1864 142394 1930 147606
29100 1866 142826 1934 148174
29200 1868 143414 1936 148586
29300 1873 144009 1936 148991
29400 1878 144604 1946 149396
29500 1883 145102 1951 149898
29600 1886 145619 1953 150381
29700 1892 146083 1957 150917
29800 1897 146580 1960 151420
29900 1902 147094 1966 151906
30000 1903 147589 1972 152411
30100 1906 148045 1974 152955
30200 1909 148600 1974 153400
30300 1915 149027 1981 153973
30400 1922 149475 1986 154525
30500 1925 149907 1988 155093
30600 1933 150345 1997 155655
30700 1941 150819 2006 156181
30800 1945 151321 2013 156679
30900 1948 151810 2015 157190
31000 1954 152375 2020 157625
31100 1959 152878 2023 158122
31200 1966 153375 2027 158625
31300 1972 153911 2032 159089
31400 1973 154439 2036 159561
31500 1974 154929 2037 160071
31600 1980 155413 2043 160587
31700 1985 155892 2044 161108
31800 1992 156442 2049 161558
31900 1997 156992 2053 162008
32000 2003 157531 2062 162469
32100 2007 158037 2063 162963
32200 2013 158522 2066 163478
32300 2021 159021 2073 163979
32400 2026 159488 2076 164512
32500 2029 159984 2082 165016
32600 2030 160476 2085 165524
32700 2034 160993 2088 166007
32800 2043 161465 2093 166535
32900 2046 161855 2100 167145
33000 2050 162320 2105 167680
33100 2058 162798 2110 168202
33200 2059 163346 2114 168654
33300 2065 163891 2119 169109
33400 2068 164277 2122 169723
33500 2072 164826 2125 170174
33600 2079 165259 2131 170741
33700 2085 165743 2136 171257
33800 2091 166237 2144 171763
33900 2097 166794 2155 172206
34000 2098 167221 2159 172779
34100 2105 167622 2163 173378
34200 2112 168137 2169 173863
34300 2113 168554 2174 174446
34400 2115 169124 2178 174876
34500 2118 169585 2178 175415
34600 2123 170064 2184 175936
34700 2127 170497 2188 176503
34800 2134 171013 2189 176987
34900 2138 171491 2196 177509
35000 2144 171851 2204 178149
35100 2144 172275 2209 178725
35200 2146 172748 2209 179252
35300 2156 173233 2214 179767
35400 2162 173742 2219 180258
35500 2170 174285 2226 180715
35600 2179 174783 2232 181217
35700 2181 175279 2237 181721
35800 2182 175728 2244 182272
35900 2185 176172 2247 182828
36000 2187 176652 2253 183348
36100 2193 177164 2254 183836
36200 2197 177687 2256 184313
36300 2197 178168 2261 184832
36400 2201 178634 2265 185366
36500 2205 179110 2270 185890
36600 2212 179644 2276 186356
36700 2216 180162 2281 186838
36800 2217 180690 2284 187310
36900 2223 181280 2288 187720
37000 2226 181697 2291 188303
37100 2230 182210 2293 188790
37200 2234 182685 2303 189315
37300 2239 183166 2309 189834
37400 2241 183729 2312 190271
37500 2251 184300 2320 190700
37600 2255 184697 2322 191303
37700 2257 185240 2329 191760
37800 2262 185802 2335 192198
37900 2265 186338 2337 192662
38000 2268 186831 2341 193169
38100 2277 187317 2350 193683
38200 2283 187772 2355 194228
38300 2287 188328 2357 194672
38400 2289 188909 2360 195091
38500 2293 189410 2370 195590
38600 2297 189839 2371 196161
38700 2304 190376 2375 196624
38800 2313 190898 2381 197102
38900 2318 191379 2388 197621
39000 2324 191917 2391 198083
39100 2327 192475 2400 198525
39200 2335 192988 2404 199012
39300 2338 193506 2408 199494
39400 2342 193990 2410 200010
39500 2348 194411 2415 200589
39600 2349 194838 2420 201162
39700 2351 195280 2424 201720
39800 2355 195792 2426 202208
39900 2357 196393 2431 202607
40000 2365 196881 2435 203119
40100 2376 197316 2441 203684
40200 2381 197806 2448 204194
40300 2387 198228 2455 204772
40400 2400 198763 2459 205237
40500 2401 199249 2464 205751
40600 2410 199718 2467 206282
40700 2415 200260 2471 206740
40800 2421 200587 2472 207413
40900 2426 201028 2476 207972
41000 2427 201557 2481 208443
41100 2428 202042 2485 208958
41200 2430 202629 2486 209371
41300 2434 203096 2489 209904
41400 2438 203524 2496 210476
41500 2444 203941 2499 211059
41600 2452 204447 2507 211553
41700 2454 204919 2509 212081
41800 2462 205388 2513 212612
41900 2464 205958 2518 213042
42000 2467 206441 2523 213559
42100 2472 207004 2524 213996
42200 2473 207521 2534 214479
42300 2478 208072 2539 214928
42400 2486 208545 2549 215455
42500 2489 209045 2550 215955
42600 2496 209576 2555 216424
42700 2506 210184 2562 216816
42800 2513 210758 2564 217242
42900 2519 211198 2567 217802
43000 2531 211582 2572 218418
43100 2539 212081 2575 218919
43200 2543 212552 2581 219448
43300 2550 212982 2588 220018
43400 2553 213515 2593 220485
43500 2555 214013 2595 220987
43600 2556 214504 2598 221496
43700 2562 215009 2605 221991
43800 2567 215523 2609 222477
43900 2571 215977 2612 223023
44000 2578 216408 2617 223592
44100 2590 216958 2622 224042
44200 2593 217463 2632 224537
44300 2599 217953 2636 225047
44400 2603 218478 2640 225522
44500 2612 218984 2646 226016
44600 2614 219530 2647 226470
44700 2619 219962 2652 227038
44800 2625 220480 2653 227520
44900 2628 220988 2657 228012
45000 2634 221417 2661 228583
45100 2636 221937 2666 229063
45200 2639 222398 2670 229602
45300 2645 222911 2674 230089
45400 2649 223450 2676 230550
45500 2654 223879 2679 231121
45600 2660 224397 2685 231603
45700 2665 224887 2691 232113
45800 2670 225445 2696 232555
45900 2676 225900 2698 233100
46000 2687 226333 2701 233667
46100 2694 226680 2709 234320
46200 2700 227171 2713 234829
46300 2706 227638 2718 235362
46400 2707 228209 2718 235791
46500 2709 228695 2728 236305
46600 2715 229207 2733 236793
46700 2720 229597 2736 237403
46800 2723 229900 2739 238100
46900 2729 230334 2743 238666
47000 2738 230768 2747 239232
47100 2743 231222 2749 239778
47200 2746 231713 2753 240287
47300 2754 232208 2763 240792
47400 2759 232655 2766 241345
47500 2761 233166 2771 241834
47600 2765 233624 2773 242376
47700 2773 233994 2782 243006
47800 2779 234422 2788 243578
47900 2786 234990 2795 244010
48000 2790 235595 2799 244405
48100 2794 236039 2803 244961
48200 2801 236440 2808 245560
48300 2805 237037 2811 245963
48400 2809 237537 2816 246463
48500 2813 238015 2825 246985
48600 2814 238584 2827 247416
48700 2819 239140 2836 247860
48800 2823 239557 2845 248443
48900 2826 240164 2851 248836
49000 2829 240759 2856 249241
49100 2835 241386 2858 249614
49200 2837 241868 2859 250132
49300 2841 242223 2863 250777
49400 2848 242673 2866 251327
49500 2854 243253 2872 251747
49600 2859 243861 2875 252139
49700 2862 244321 2879 252679
49800 2865 244811 2881 253189
49900 2872 245309 2887 253691
50000 2880 245811 2889 254189
50100 2888 246347 2896 254653
50200 2893 246882 2904 255118
50300 2895 247373 2908 255627
50400 2902 247841 2915 256159
50500 2908 248325 2918 256675
50600 2915 248811 2923 257189
50700 2922 249340 2927 257660
50800 2927 249820 2937 258180
50900 2930 250322 2942 258678
51000 2934 250787 2947 259213
51100 2937 251364 2951 259636
51200 2942 251869 2955 260131
51300 2947 252404 2958 260596
51400 2953 252952 2962 261048
51500 2959 253461 2965 261539
51600 2965 253939 2972 262061
51700 2969 254543 2975 262457
51800 2975 255056 2984 262944
51900 2979 255562 2987 263438
52000 2985 256011 2989 263989
52100 2992 256486 2995 264514
52200 2998 256903 3002 265097
52300 3002 257348 3010 265652
52400 3007 257834 3015 266166
52500 3012 258408 3021 266592
52600 3017 258890 3027 267110
52700 3021 259447 3035 267553
52800 3023 259965 3041 268035
52900 3030 260439 3050 268561
53000 3032 260952 3054 269048
53100 3038 261460 3057 269540
53200 3044 261934 3063 270066
53300 3047 262434 3070 270566
53400 3052 262907 3087 271093
53500 3056 263408 3091 271592
53600 3063 264012 3099 271988
53700 3066 264496 3107 272504
53800 3070 265004 3110 272996
53900 3076 265490 3117 273510
54000 3080 265902 3122 274098
54100 3081 266364 3126 274636
54200 3086 266851 3127 275149
54300 3091 267259 3129 275741
54400 3096 267650 3133 276350
54500 3099 268120 3138 276880
54600 3103 268640 3139 277360
54700 3106 269137 3142 277863
54800 3110 269610 3146 278390
54900 3113 270082 3150 278918
55000 3123 270612 3158 279388
55100 3126 271038 3159 279962
55200 3128 271494 3166 280506
55300 3134 271976 3171 281024
55400 3143 272454 3176 281546
55500 3146 272994 3186 282006
55600 3149 273532 3189 282468
55700 3150 273983 3191 283017
55800 3154 274590 3196 283410
55900 3160 275176 3206 283824
56000 3166 275663 3212 284337
56100 3170 276131 3218 284869
56200 3177 276541 3223 285459
56300 3180 276980 3232 286020
56400 3186 277458 3236 286542
56500 3189 277932 3241 287068
56600 3191 278421 3245 287579
56700 3194 278901 3251 288099
56800 3198 279361 3256 288639
56900 3209 279871 3262 289129
57000 3216 280425 3265 289575
57100 3220 280960 3265 290040
57200 3224 281394 3272 290606
57300 3228 281933 3276 291067
57400 3234 282447 3282 291553
57500 3241 282897 3287 292103
57600 3246 283447 3290 292553
57700 3250 283968 3293 293032
57800 3254 284488 3299 293512
57900 3256 284893 3299 294107
58000 3257 285371 3305 294629
58100 3262 285813 3308 295187
58200 3270 286274 3312 295726
58300 3274 286764 3312 296236
58400 3277 287295 3314 296705
58500 3286 287788 3321 297212
58600 3288 288241 3325 297759
58700 3293 288730 3328 298270
58800 3297 289238 3335 298762
58900 3299 289741 3339 299259
59000 3308 290244 3343 299756
59100 3311 290681 3348 300319
59200 3313 291200 3352 300800
59300 3317 291633 3355 301367
59400 3325 292085 3364 301915
59500 3330 292696 3367 302304
59600 3335 293185 3373 302815
59700 3344 293637 3379 303363
59800 3345 294186 3386 303814
59900 3352 294713 3393 304287
60000 3358 295120 3396 304880
60100 3365 295632 3402 305368
60200 3368 296138 3409 305862
60300 3371 296596 3412 306404
60400 3376 297123 3419 306877
60500 3379 297525 3426 307475
60600 3383 298030 3428 307970
60700 3386 298444 3430 308556
60800 3390 298865 3434 309135
60900 3394 299382 3436 309618
61000 3397 299824 3439 310176
61100 3399 300334 3444 310666
61200 3402 300856 3450 311144
61300 3409 301356 3459 311644
61400 3415 301781 3468 312219
61500 3418 302204 3475 312796
61600 3421 302859 3478 313141
61700 3430 303374 3484 313626
61800 3438 303943 3488 314057
61900 3441 304449 3492 314551
62000 3446 304909 3495 315091
62100 3454 305545 3497 315455
62200 3459 305969 3499 316031
62300 3461 306417 3503 316583
62400 3466 306906 3508 317094
62500 3471 307340 3511 317660
62600 3477 307840 3516 318160
62700 3482 308317 3521 318683
62800 3486 308740 3525 319260
62900 3489 309105 3529 319895
63000 3497 309581 3535 320419
63100 3499 310112 3541 320888
63200 3505 310663 3543 321337
63300 3509 311157 3547 321843
63400 3518 311593 3553 322407
63500 3525 312051 3563 322949
63600 3529 312584 3569 323416
63700 3530 313036 3572 323964
63800 3536 313571 3581 324429
63900 3543 314228 3588 324772
64000 3547 314736 3588 325264
64100 3550 315272 3594 325728
64200 3560 315694 3606 326306
64300 3566 316179 3610 326821
64400 3567 316746 3617 327254
64500 3572 317228 3619 327772
64600 3575 317726 3626 328274
64700 3576 318233 3628 328767
64800 3579 318701 3633 329299
64900 3590 319182 3637 329818
65000 3593 319621 3645 330379
65100 3598 320124 3650 330876
65200 3602 320615 3654 331385
65300 3605 321027 3655 331973
65400 3609 321495 3658 332505
65500 3612 322030 3659 332970
65600 3618 322434 3662 333566
65700 3624 322970 3664 334030
65800 3631 323534 3671 334466
65900 3632 324034 3675 334966
66000 3640 324507 3683 335493
66100 3644 325022 3686 335978
66200 3648 325557 3690 336443
66300 3654 326065 3691 336935
66400 3656 326627 3700 337373
66500 3662 327072 3707 337928
66600 3662 327506 3709 338494
66700 3673 327949 3713 339051
66800 3677 328525 3718 339475
66900 3682 329026 3724 339974
67000 3690 329496 3728 340504
67100 3699 329991 3730 341009
67200 3703 330499 3735 341501
67300 3704 331079 3739 341921
67400 3706 331589 3741 342411
67500 3708 332203 3746 342797
67600 3711 332733 3754 343267
67700 3717 333218 3761 343782
67800 3721 333674 3764 344326
67900 3722 334142 3766 344858
68000 3728 334587 3768 345413
68100 3733 335029 3770 345971
68200 3736 335507 3777 346493
68300 3742 335959 3780 347041
68400 3746 336406 3782 347594
68500 3750 336872 3785 348128
68600 3754 337318 3788 348682
68700 3758 337856 3796 349144
68800 3760 338325 3800 349675
68900 3763 338847 3806 350153
69000 3767 339354 3814 350646
69100 3768 339906 3818 351094
69200 3773 340429 3819 351571
69300 3778 340903 3823 352097
69400 3780 341371 3827 352629
69500 3784 341799 3829 353201
69600 3789 342196 3837 353804
69700 3793 342702 3842 354298
69800 3802 343121 3851 354879
69900 3808 343643 3856 355357
70000 3814 344032 3864 355968
70100 3815 344474 3869 356526
70200 3819 344962 3874 357038
70300 3821 345331 3877 357669
70400 3831 345783 3880 358217
70500 3839 346277 3885 358723
70600 3841 346765 3889 359235
70700 3842 347237 3890 359763
70800 3843 347819 3894 360181
70900 3850 348206 3900 360794
71000 3854 348746 3912 361254
71100 3857 349222 3914 361778
71200 3859 349780 3919 362220
71300 3866 350280 3921 362720
71400 3870 350726 3925 363274
71500 3879 351264 3930 363736
71600 3886 351715 3935 364285
71700 3888 352337 3935 364663
71800 3893 352782 3937 365218
71900 3896 353346 3942 365654
72000 3897 353782 3947 366218
72100 3898 354263 3951 366737
72200 3901 354613 3954 367387
72300 3904 355087 3958 367913
72400 3909 355646 3963 368354
72500 3914 356202 3969 368798
72600 3920 356720 3971 369280
72700 3931 357230 3976 369770
72800 3938 357699 3984 370301
72900 3942 358236 3990 370764
73000 3947 358726 3992 371274
73100 3951 359234 3995 371766
73200 3955 359691 4002 372309
73300 3958 360204 4006 372796
73400 3959 360712 4009 373288
73500 3962 361187 4014 373813
73600 3964 361686 4015 374314
73700 3966 362192 4021 374808
73800 3973 362666 4024 375334
73900 3978 363141 4025 375859
74000 3979 363622 4032 376378
74100 3981 364145 4034 376855
74200 3989 364589 4041 377411
74300 3997 365188 4050 377812
74400 3999 365672 4058 378328
74500 4001 366127 4064 378873
74600 4004 366641 4065 379359
74700 4009 367220 4068 379780
74800 4016 367777 4072 380223
74900 4025 368290 4076 380710
75000 4029 368760 4080 381240
75100 4033 369257 4085 381743
75200 4039 369735 4090 382265
75300 4042 370273 4093 382727
75400 4048 370728 4097 383272
75500 4058 371309 4102 383691
75600 4066 371885 4111 384115
75700 4072 372493 4116 384507
75800 4077 372999 4123 385001
75900 4078 373464 4127 385536
76000 4085 373978 4129 386022
76100 4086 374502 4130 386498
76200 4088 374875 4134 387125
76300 4094 375289 4137 387711
76400 4099 375759 4142 388241
76500 4107 376229 4143 388771
76600 4113 376720 4146 389280
76700 4123 377225 4153 389775
76800 4127 377781 4156 390219
76900 4132 378274 4162 390726
77000 4137 378795 4167 391205
77100 4143 379222 4173 391778
77200 4146 379735 4177 392265
77300 4149 380169 4181 392831
77400 4157 380711 4186 393289
77500 4160 381242 4192 393758
77600 4165 381721 4196 394279
77700 4168 382203 4200 394797
77800 4174 382698 4207 395302
77900 4176 383134 4214 395866
78000 4179 383624 4216 396376
78100 4186 384090 4219 396910
78200 4190 384565 4224 397435
78300 4193 385089 4229 397911
78400 4195 385515 4236 398485
78500 4200 386046 4241 398954
78600 4203 386559 4246 399441
78700 4209 387080 4251 399920
78800 4212 387600 4251 400400
78900 4214 388053 4256 400947
79000 4219 388402 4257 401598
79100 4221 388827 4262 402173
79200 4227 389282 4263 402718
79300 4231 389746 4266 403254
79400 4239 390310 4271 403690
79500 4242 390765 4272 404235
79600 4249 391291 4280 404709
79700 4256 391806 4287 405194
79800 4262 392301 4292 405699
79900 4270 392781 4296 406219
80000 4276 393287 4298 406713
80100 4284 393774 4304 407226
80200 4295 394241 4309 407759
80300 4301 394658 4314 408342
80400 4312 395201 4325 408799
80500 4322 395784 4329 409216
80600 4327 396254 4335 409746
80700 4337 396744 4340 410256
80800 4344 397328 4343 410672
80900 4346 397876 4348 411124
81000 4351 398381 4355 411619
81100 4354 398857 4357 412143
81200 4358 399285 4366 412715
81300 4364 399750 4372 413250
81400 4365 400163 4380 413837
81500 4371 400511 4384 414489
81600 4373 400974 4392 415026
81700 4376 401581 4395 415419
81800 4382 402104 4405 415896
81900 4389 402653 4410 416347
82000 4395 403074 4414 416926
82100 4398 403479 4422 417521
82200 4406 403952 4430 418048
82300 4414 404394 4433 418606
82400 4417 405021 4436 418979
82500 4427 405584 4447 419416
82600 4433 406093 4451 419907
82700 4438 406556 4458 420444
82800 4442 407121 4464 420879
82900 4446 407636 4467 421364
83000 4449 408243 4468 421757
83100 4450 408787 4476 422213
83200 4454 409319 4481 422681
83300 4457 409845 4485 423155
83400 4460 410304 4490 423696
83500 4462 410751 4494 424249
83600 4462 411235 4497 424765
83700 4470 411739 4505 425261
83800 4479 412266 4512 425734
83900 4484 412747 4521 426253
84000 4493 413193 4528 426807
84100 4500 413588 4532 427412
84200 4504 414004 4541 427996
84300 4511 414396 4545 428604
84400 4515 414945 4553 429055
84500 4516 415459 4557 429541
84600 4519 415901 4563 430099
84700 4524 416421 4569 430579
84800 4526 416835 4576 431165
84900 4530 417423 4582 431577
85000 4533 417841 4587 432159
85100 4537 418501 4589 432499
85200 4546 419031 4596 432969
85300 4551 419537 4597 433463
85400 4554 420002 4599 433998
85500 4556 420442 4600 434558
85600 4559 420952 4608 435048
85700 4560 421439 4611 435561
85800 4565 421966 4616 436034
85900 4568 422485 4617 436515
86000 4569 422919 4619 437081
86100 4570 423396 4622 437604
86200 4571 424019 4624 437981
86300 4578 424553 4630 438447
86400 4581 425104 4636 438896
86500 4585 425651 4638 439349
86600 4589 426124 4642 439876
86700 4593 426650 4644 440350
86800 4600 427146 4651 440854
86900 4610 427678 4657 441322
87000 4616 428220 4659 441780
87100 4619 428686 4665 442314
87200 4627 429227 4670 442773
87300 4630 429774 4673 443226
87400 4635 430190 4677 443810
87500 4639 430698 4683 444302
87600 4642 431175 4684 444825
87700 4651 431769 4686 445231
87800 4655 432295 4687 445705
87900 4659 432664 4693 446336
88000 4664 433197 4700 446803
88100 4667 433671 4700 447329
88200 4672 434086 4702 447914
88300 4676 434634 4711 448366
88400 4680 435225 4713 448775
88500 4685 435830 4716 449170
88600 4688 436334 4719 449666
88700 4692 436823 4725 450177
88800 4699 437231 4729 450769
88900 4704 437707 4738 451293
89000 4708 438235 4745 451765
89100 4712 438731 4751 452269
89200 4718 439275 4755 452725
89300 4720 439734 4760 453266
89400 4723 440156 4764 453844
89500 4727 440699 4770 454301
89600 4729 441288 4771 454712
89700 4733 441752 4775 455248
89800 4738 442232 4783 455768
89900 4743 442601 4788 456399
90000 4746 442983 4789 457017
90100 4747 443451 4796 457549
90200 4748 444028 4800 457972
90300 4754 444523 4807 458477
90400 4756 445058 4808 458942
90500 4761 445570 4811 459430
90600 4769 446003 4820 459997
90700 4776 446520 4826 460480
90800 4784 447027 4829 460973
90900 4789 447521 4832 461479
91000 4794 448043 4840 461957
91100 4799 448484 4842 462516
91200 4803 449015 4843 462985
91300 4808 449442 4848 463558
91400 4816 449911 4853 464089
91500 4820 450403 4860 464597
91600 4825 450989 4863 465011
91700 4831 451525 4866 465475
91800 4839 452058 4877 465942
91900 4840 452603 4883 466397
92000 4845 453129 4884 466871
92100 4853 453760 4888 467240
92200 4856 454263 4890 467737
92300 4861 454808 4896 468192
92400 4865 455163 4898 468837
92500 4870 455607 4907 469393
92600 4876 456005 4910 469995
92700 4881 456519 4913 470481
92800 4884 457053 4916 470947
92900 4887 457514 4920 471486
93000 4888 457981 4923 472019
93100 4893 458448 4935 472552
93200 4897 459031 4942 472969
93300 4904 459480 4944 473520
93400 4906 459989 4946 474011
93500 4911 460436 4947 474564
93600 4918 460968 4954 475032
93700 4920 461445 4960 475555
93800 4927 462014 4966 475986
93900 4929 462500 4970 476500
94000 4935 463146 4979 476854
94100 4939 463683 4982 477317
94200 4948 464158 4987 477842
94300 4953 464641 4992 478359
94400 4958 465135 4996 478865
94500 4969 465650 5001 479350
94600 4979 466189 5004 479811
94700 4981 466607 5009 480393
94800 4987 467038 5015 480962
94900 4994 467556 5019 481444
95000 4998 467972 5022 482028
95100 5007 468464 5028 482536
95200 5014 469030 5033 482970
95300 5016 469485 5037 483515
95400 5020 469924 5042 484076
95500 5027 470358 5048 484642
95600 5038 470849 5054 485151
95700 5043 471297 5061 485703
95800 5044 471731 5066 486269
95900 5046 472150 5071 486850
96000 5048 472673 5076 487327
96100 5055 473179 5083 487821
96200 5062 473662 5090 488338
96300 5064 474225 5094 488775
96400 5068 474749 5099 489251
96500 5077 475214 5103 489786
96600 5083 475742 5107 490258
96700 5090 476338 5111 490662
96800 5093 476824 5115 491176
96900 5097 477393 5120 491607
97000 5101 477820 5128 492180
97100 5103 478275 5133 492725
97200 5107 478824 5137 493176
97300 5110 479478 5145 493522
97400 5117 480046 5154 493954
97500 5120 480478 5154 494522
97600 5124 480977 5162 495023
97700 5131 481425 5166 495575
97800 5134 481965 5169 496035
97900 5138 482544 5178 496456
98000 5142 483172 5179 496828
98100 5147 483640 5184 497360
98200 5154 484104 5189 497896
98300 5160 484589 5199 498411
98400 5166 485060 5203 498940
98500 5168 485445 5206 499555
98600 5173 485885 5211 500115
98700 5180 486361 5220 500639
98800 5184 486817 5225 501183
98900 5190 487286 5235 501714
99000 5195 487735 5238 502265
99100 5203 488175 5242 502825
99200 5206 488683 5249 503317
99300 5209 489171 5255 503829
99400 5210 489630 5261 504370
99500 5214 490201 5263 504799
99600 5221 490738 5271 505262
99700 5224 491258 5276 505742
99800 5228 491802 5281 506198
99900 5236 492354 5285 506646
100000 5241 492772 5290 507228
100100 5249 493284 5295 507716
100200 5257 493766 5301 508234
100300 5262 494333 5301 508667
100400 5264 494792 5308 509208
100500 5276 495304 5316 509696
100600 5287 495684 5323 510316
100700 5294 496145 5328 510855
100800 5294 496637 5328 511363
100900 5299 497111 5331 511889
101000 5305 497591 5339 512409
101100 5314 498079 5344 512921
101200 5322 498673 5351 513327
101300 5326 499088 5355 513912
101400 5328 499558 5359 514442
101500 5337 500091 5365 514909
101600 5342 500625 5371 515375
101700 5347 501099 5378 515901
101800 5352 501561 5380 516439
101900 5356 502108 5384 516892
102000 5360 502623 5392 517377
102100 5371 503073 5399 517927
102200 5375 503537 5403 518463
102300 5381 503966 5408 519034
102400 5382 504432 5411 519568
102500 5389 504899 5421 520101
102600 5394 505452 5425 520548
102700 5397 505949 5430 521051
102800 5398 506432 5434 521568
102900 5403 506931 5435 522069
103000 5404 507433 5441 522567
103100 5413 507935 5450 523065
103200 5416 508281 5450 523719
103300 5421 508727 5459 524273
103400 5427 509299 5464 524701
103500 5435 509834 5475 525166
103600 5442 510346 5487 525654
103700 5450 510909 5488 526091
103800 5454 511381 5492 526619
103900 5456 511840 5499 527160
104000 5461 512310 5504 527690
104100 5464 512839 5508 528161
104200 5470 513328 5512 528672
104300 5475 513814 5516 529186
104400 5483 514280 5522 529720
104500 5487 514819 5526 530181
104600 5489 515351 5529 530649
104700 5491 515906 5532 531094
104800 5498 516372 5536 531628
104900 5504 516840 5542 532160
105000 5513 517327 5548 532673
105100 5517 517794 5557 533206
105200 5522 518328 5566 533672
105300 5525 518766 5567 534234
105400 5527 519289 5569 534711
105500 5532 519953 5572 535047
105600 5534 520448 5576 535552
105700 5535 520899 5578 536101
105800 5538 521396 5581 536604
105900 5544 522015 5590 536985
106000 5552 522577 5599 537423
106100 5557 523070 5604 537930
106200 5558 523607 5609 538393
106300 5564 524153 5616 538847
106400 5566 524673 5623 539327
106500 5579 525203 5627 539797
106600 5584 525677 5637 540323
106700 5591 526135 5641 540865
106800 5594 526608 5648 541392
106900 5602 526947 5656 542053
107000 5609 527362 5667 542638
107100 5614 527845 5670 543155
107200 5616 528298 5675 543702
107300 5623 528822 5681 544178
107400 5624 529297 5688 544703
107500 5628 529844 5696 545156
107600 5635 530318 5704 545682
107700 5640 530820 5709 546180
107800 5643 531387 5713 546613
107900 5644 531924 5718 547076
108000 5651 532426 5722 547574
108100 5654 532963 5726 548037
108200 5656 533463 5731 548537
108300 5662 533826 5737 549174
108400 5664 534363 5741 549637
108500 5667 534854 5742 550146
108600 5673 535364 5747 550636
108700 5678 535914 5754 551086
108800 5680 536512 5758 551488
108900 5687 537078 5759 551922
109000 5690 537557 5762 552443
109100 5694 537998 5768 553002
109200 5700 538473 5773 553527
109300 5704 538988 5773 554012
109400 5707 539470 5778 554530
109500 5712 540065 5782 554935
109600 5716 540624 5785 555376
109700 5721 541112 5787 555888
109800 5726 541636 5794 556364
109900 5732 542022 5800 556978
110000 5738 542587 5805 557413
110100 5743 543026 5807 557974
110200 5749 543480 5814 558520
110300 5753 544032 5819 558968
110400 5756 544548 5827 559452
110500 5759 545007 5832 559993
110600 5768 545464 5836 560536
110700 5775 546012 5848 560988
110800 5779 546578 5857 561422
110900 5784 546928 5858 562072
111000 5790 547390 5864 562610
111100 5799 547864 5869 563136
111200 5808 548443 5874 563557
111300 5817 548962 5883 564038
111400 5821 549454 5886 564546
111500 5824 549893 5890 565107
111600 5829 550306 5891 565694
111700 5832 550808 5894 566192
111800 5836 551224 5897 566776
111900 5842 551677 5902 567323
112000 5854 552095 5912 567905
112100 5858 552651 5922 568349
112200 5866 553160 5931 568840
112300 5869 553756 5939 569244
112400 5875 554339 5949 569661
112500 5883 554803 5954 570197
112600 5884 555303 5959 570697
112700 5887 555750 5963 571250
112800 5891 556244 5969 571756
112900 5896 556760 5972 572240
113000 5904 557156 5978 572844
113100 5913 557594 5991 573406
113200 5916 558015 6000 573985
113300 5922 558539 6005 574461
113400 5931 559041 6015 574959
113500 5934 559563 6018 575437
113600 5940 560032 6022 575968
113700 5945 560555 6025 576445
113800 5952 561088 6028 576912
113900 5953 561600 6033 577400
114000 5958 562116 6040 577884
114100 5960 562612 6043 578388
114200 5967 563067 6046 578933
114300 5976 563650 6053 579350
114400 5977 564069 6057 579931
114500 5986 564585 6063 580415
114600 5996 565090 6068 580910
114700 5997 565564 6073 581436
114800 6004 566072 6078 581928
114900 6007 566533 6082 582467
115000 6013 567025 6091 582975
115100 6015 567322 6097 583678
115200 6018 567877 6099 584123
115300 6022 568455 6102 584545
115400 6028 569005 6107 584995
115500 6034 569579 6109 585421
115600 6037 570083 6113 585917
115700 6042 570678 6115 586322
115800 6054 571181 6120 586819
115900 6059 571764 6128 587236
116000 6062 572318 6129 587682
116100 6070 572918 6132 588082
116200 6073 573450 6136 588550
116300 6079 573930 6140 589070
116400 6083 574367 6149 589633
116500 6089 574835 6155 590165
116600 6092 575304 6158 590696
116700 6100 575839 6162 591161
116800 6103 576401 6169 591599
116900 6108 576849 6174 592151
117000 6120 577366 6183 592634
117100 6127 577900 6187 593100
117200 6133 578350 6192 593650
117300 6137 578816 6196 594184
117400 6138 579420 6198 594580
117500 6143 579900 6204 595100
117600 6148 580406 6209 595594
117700 6157 580939 6219 596061
117800 6165 581427 6221 596573
117900 6170 582001 6225 596999
118000 6174 582446 6227 597554
118100 6176 582974 6231 598026
118200 6183 583536 6234 598464
118300 6190 584051 6238 598949
118400 6190 584459 6241 599541
118500 6196 584957 6241 600043
118600 6201 585417 6246 600583
118700 6206 585951 6250 601049
118800 6217 586420 6254 601580
118900 6219 586998 6257 602002
119000 6224 587494 6262 602506
119100 6229 587916 6268 603084
119200 6240 588345 6276 603655
119300 6243 588827 6281 604173
119400 6244 589403 6282 604597
119500 6247 589785 6288 605215
119600 6253 590186 6296 605814
119700 6258 590675 6298 606325
119800 6266 591138 6308 606862
119900 6278 591657 6316 607343
120000 6284 592206 6324 607794
120100 6289 592677 6327 608323
120200 6292 593111 6334 608889
120300 6297 593559 6340 609441
120400 6298 594048 6346 609952
120500 6303 594537 6350 610463
120600 6309 595028 6352 610972
120700 6313 595555 6357 611445
120800 6324 596052 6364 611948
120900 6327 596669 6368 612331
121000 6329 597201 6374 612799
121100 6334 597689 6379 613311
121200 6337 598088 6386 613912
121300 6341 598619 6389 614381
121400 6348 599196 6395 614804
121500 6355 599765 6404 615235
121600 6362 600307 6411 615693
121700 6364 600775 6414 616225
121800 6370 601300 6425 616700
121900 6372 601696 6432 617304
122000 6377 602211 6436 617789
122100 6379 602668 6441 618332
122200 6385 603113 6445 618887
122300 6390 603621 6453 619379
122400 6393 604088 6460 619912
122500 6399 604588 6463 620412
122600 6408 605022 6466 620978
122700 6413 605673 6472 621327
122800 6420 606102 6479 621898
122900 6424 606579 6487 622421
123000 6426 607155 6492 622845
123100 6429 607745 6494 623255
123200 6432 608208 6500 623792
123300 6438 608618 6510 624382
123400 6446 609144 6517 624856
123500 6455 609695 6522 625305
123600 6459 610144 6529 625856
123700 6463 610600 6531 626400
123800 6466 611092 6540 626908
123900 6473 611555 6550 627445
124000 6475 612036 6557 627964
124100 6478 612575 6562 628425
124200 6483 613089 6565 628911
124300 6488 613562 6568 629438
124400 6494 613935 6571 630065
124500 6498 614449 6572 630551
124600 6504 614898 6575 631102
124700 6507 615415 6577 631585
124800 6512 615916 6583 632084
124900 6517 616460 6586 632540
125000 6523 616962 6593 633038
125100 6530 617434 6596 633566
125200 6533 617951 6600 634049
125300 6536 618419 6605 634581
125400 6545 618953 6612 635047
125500 6550 619473 6621 635527
125600 6554 619886 6624 636114
125700 6556 620238 6630 636762
125800 6564 620639 6637 637361
125900 6571 621205 6640 637795
126000 6579 621733 6646 638267
126100 6584 622177 6646 638823
126200 6588 622661 6652 639339
126300 6596 623042 6659 639958
126400 6599 623500 6665 640500
126500 6611 623927 6669 641073
126600 6616 624365 6678 641635
126700 6627 624833 6685 642167
126800 6628 625295 6686 642705
126900 6632 625772 6688 643228
127000 6640 626266 6693 643734
127100 6644 626834 6696 644166
127200 6649 627262 6700 644738
127300 6654 627657 6702 645343
127400 6658 628194 6711 645806
127500 6661 628684 6721 646316
127600 6665 629019 6727 646981
127700 6667 629493 6729 647507
127800 6671 630048 6736 647952
127900 6678 630497 6739 648503
128000 6682 630914 6743 649086
128100 6686 631335 6746 649665
128200 6696 631772 6750 650228
128300 6703 632216 6754 650784
128400 6708 632753 6760 651247
128500 6710 633240 6763 651760
128600 6714 633728 6767 652272
128700 6718 634229 6771 652771
128800 6720 634753 6773 653247
128900 6725 635309 6776 653691
129000 6731 635818 6780 654182
129100 6738 636313 6788 654687
129200 6743 636736 6800 655264
129300 6745 637267 6805 655733
129400 6748 637847 6809 656153
129500 6753 638361 6816 656639
129600 6761 638881 6823 657119
129700 6768 639379 6827 657621
129800 6769 639855 6830 658145
129900 6775 640330 6832 658670
130000 6784 640796 6837 659204
130100 6795 641266 6840 659734
130200 6800 641693 6844 660307
130300 6803 642264 6850 660736
130400 6805 642654 6852 661346
130500 6811 643101 6856 661899
130600 6817 643538 6862 662462
130700 6823 644101 6872 662899
130800 6826 644582 6877 663418
130900 6831 645054 6886 663946
131000 6837 645597 6890 664403
131100 6847 646083 6896 664917
131200 6852 646654 6902 665346
131300 6856 647156 6907 665844
131400 6865 647644 6913 666356
131500 6868 648118 6924 666882
131600 6877 648598 6930 667402
131700 6888 649139 6933 667861
131800 6895 649686 6939 668314
131900 6896 650263 6939 668737
132000 6900 650796 6942 669204
132100 6905 651381 6944 669619
132200 6910 651857 6950 670143
132300 6912 652406 6955 670594
132400 6916 652830 6957 671170
132500 6924 653284 6966 671716
132600 6928 653786 6974 672214
132700 6933 654277 6982 672723
132800 6940 654678 6994 673322
132900 6941 655208 7004 673792
133000 6945 655772 7010 674228
133100 6947 656218 7016 674782
133200 6952 656624 7017 675376
133300 6953 657144 7021 675856
133400 6960 657621 7027 676379
133500 6966 658037 7031 676963
133600 6975 658486 7040 677514
133700 6978 658923 7046 678077
133800 6981 659449 7049 678551
133900 6981 659909 7056 679091
134000 6984 660445 7060 679555
134100 6988 660927 7066 680073
134200 6994 661477 7071 680523
134300 6996 662024 7077 680976
134400 6998 662501 7078 681499
134500 7003 663082 7084 681918
134600 7010 663557 7091 682443
134700 7012 664086 7097 682914
134800 7018 664487 7100 683513
134900 7025 665038 7107 683962
135000 7031 665533 7120 684467
135100 7036 666014 7126 684986
135200 7042 666487 7129 685513
135300 7051 666998 7133 686002
135400 7054 667522 7140 686478
135500 7057 667949 7145 687051
135600 7066 668491 7154 687509
135700 7067 668968 7157 688032
135800 7071 669540 7161 688460
135900 7074 669988 7164 689012
136000 7077 670542 7169 689458
136100 7084 671078 7172 689922
136200 7092 671635 7174 690365
136300 7097 672119 7184 690881
136400 7102 672641 7193 691359
136500 7109 673156 7195 691844
136600 7111 673813 7199 692187
136700 7115 674375 7201 692625
136800 7118 674846 7202 693154
136900 7120 675346 7204 693654
137000 7126 675963 7207 694037
137100 7132 676503 7208 694497
137200 7134 677045 7211 694955
137300 7137 677531 7214 695469
137400 7144 678000 7217 696000
137500 7145 678504 7217 696496
137600 7149 679030 7223 696970
137700 7154 679471 7233 697529
137800 7160 679938 7239 698062
137900 7165 680469 7241 698531
138000 7174 680957 7246 699043
138100 7183 681409 7253 699591
138200 7189 681949 7255 700051
138300 7191 682408 7259 700592
138400 7194 682903 7259 701097
138500 7197 683346 7265 701654
138600 7199 683746 7269 702254
138700 7206 684225 7274 702775
138800 7212 684788 7279 703212
138900 7217 685265 7283 703735
139000 7220 685703 7284 704297
139100 7224 686074 7293 704926
139200 7227 686535 7301 705465
139300 7230 687086 7309 705914
139400 7237 687610 7313 706390
139500 7242 688038 7321 706962
139600 7244 688552 7321 707448
139700 7250 689045 7324 707955
139800 7252 689539 7331 708461
139900 7257 690000 7335 709000
140000 7259 690517 7338 709483
140100 7263 690986 7345 710014
140200 7269 691500 7347 710500
140300 7273 691990 7352 711010
140400 7280 692461 7358 711539
140500 7287 692943 7362 712057
140600 7289 693434 7366 712566
140700 7290 693965 7368 713035
140800 7294 694570 7371 713430
140900 7295 695048 7373 713952
141000 7300 695513 7387 714487
141100 7303 695980 7393 715020
141200 7310 696449 7395 715551
141300 7314 697026 7398 715974
141400 7321 697483 7406 716517
141500 7323 698002 7409 716998
141600 7325 698635 7413 717365
141700 7335 699075 7417 717925
141800 7337 699697 7421 718303
141900 7339 700237 7424 718763
142000 7340 700749 7428 719251
142100 7347 701201 7435 719799
142200 7352 701691 7441 720309
142300 7359 702174 7447 720826
142400 7365 702650 7453 721350
142500 7370 703101 7457 721899
142600 7376 703637 7462 722363
142700 7379 704086 7469 722914
142800 7386 704598 7478 723402
142900 7389 705091 7482 723909
143000 7396 705594 7489 724406
143100 7399 706083 7495 724917
143200 7404 706583 7499 725417
143300 7405 707090 7504 725910
143400 7408 707580 7507 726420
143500 7414 708180 7513 726820
143600 7422 708587 7518 727413
143700 7427 709137 7524 727863
143800 7429 709719 7527 728281
143900 7437 710216 7531 728784
144000 7443 710836 7533 729164
144100 7450 711432 7545 729568
144200 7454 711906 7550 730094
144300 7458 712403 7557 730597
144400 7462 712922 7563 731078
144500 7467 713382 7569 731618
144600 7476 713811 7580 732189
144700 7477 714300 7583 732700
144800 7483 714760 7589 733240
144900 7487 715223 7598 733777
145000 7490 715728 7601 734272
145100 7495 716216 7603 734784
145200 7498 716724 7610 735276
145300 7499 717361 7617 735639
145400 7503 717874 7622 736126
145500 7506 718249 7632 736751
145600 7509 718776 7638 737224
145700 7518 719332 7643 737668
145800 7525 719942 7648 738058
145900 7531 720376 7655 738624
146000 7535 720889 7656 739111
146100 7543 721280 7660 739720
146200 7545 721737 7668 740263
146300 7550 722176 7672 740824
146400 7553 722628 7674 741372
146500 7561 723147 7676 741853
146600 7564 723704 7683 742296
146700 7567 724303 7690 742697
146800 7572 724823 7690 743177
146900 7577 725365 7695 743635
147000 7580 725822 7699 744178
147100 7590 726377 7708 744623
147200 7594 726904 7718 745096
147300 7599 727420 7728 745580
147400 7606 727877 7739 746123
147500 7611 728422 7748 746578
147600 7615 728950 7752 747050
147700 7619 729496 7756 747504
147800 7629 730016 7767 747984
147900 7637 730469 7772 748531
148000 7644 731066 7778 748934
148100 7649 731622 7783 749378
148200 7652 732167 7788 749833
148300 7655 732681 7793 750319
148400 7661 733208 7797 750792
148500 7669 733754 7799 751246
148600 7671 734282 7803 751718
148700 7672 734732 7805 752268
148800 7674 735316 7806 752684
148900 7680 735836 7815 753164
149000 7682 736282 7824 753718
149100 7684 736673 7827 754327
149200 7692 737089 7831 754911
149300 7695 737574 7833 755426
149400 7696 738089 7836 755911
149500 7699 738529 7839 756471
149600 7705 738902 7842 757098
149700 7710 739375 7844 757625
149800 7716 739809 7848 758191
149900 7718 740253 7848 758747
150000 7729 740766 7856 759234
150100 7737 741201 7867 759799
150200 7742 741649 7874 760351
150300 7749 742211 7878 760789
150400 7753 742714 7882 761286
150500 7756 743202 7888 761798
150600 7762 743651 7894 762349
150700 7767 744083 7897 762917
150800 7771 744652 7904 763348
150900 7775 745165 7909 763835
151000 7779 745755 7914 764245
151100 7783 746358 7919 764642
151200 7799 746957 7926 765043
151300 7805 747360 7932 765640
151400 7807 747909 7933 766091
151500 7811 748428 7935 766572
151600 7817 748883 7937 767117
151700 7824 749387 7942 767613
151800 7828 749919 7944 768081
151900 7833 750440 7949 768560
152000 7837 750952 7959 769048
152100 7842 751465 7962 769535
152200 7845 752049 7967 769951
152300 7852 752557 7969 770443
152400 7855 753060 7972 770940
152500 7859 753539 7975 771461
152600 7870 754112 7983 771888
152700 7875 754729 7988 772271
152800 7880 755281 7990 772719
152900 7884 755827 7992 773173
153000 7888 756315 7997 773685
153100 7888 756774 8001 774226
153200 7889 757290 8012 774710
153300 7894 757675 8018 775325
153400 7898 758099 8021 775901
153500 7901 758542 8024 776458
153600 7906 759021 8028 776979
153700 7908 759465 8033 777535
153800 7916 759837 8040 778163
153900 7918 760323 8047 778677
154000 7925 760746 8052 779254
154100 7932 761282 8058 779718
154200 7938 761725 8065 780275
154300 7941 762170 8069 780830
154400 7945 762679 8072 781321
154500 7948 763134 8075 781866
154600 7951 763605 8078 782395
154700 7955 764110 8084 782890
154800 7958 764657 8092 783343
154900 7961 765237 8098 783763
155000 7966 765642 8105 784358
155100 7970 766122 8110 784878
155200 7973 766614 8112 785386
155300 7981 767083 8119 785917
155400 7987 767599 8127 786401
155500 7993 768114 8132 786886
155600 7998 768542 8136 787458
155700 8001 769099 8144 787901
155800 8008 769588 8155 788412
155900 8015 770103 8159 788897
156000 8021 770634 8161 789366
156100 8029 771251 8166 789749
156200 8031 771754 8172 790246
156300 8034 772270 8179 790730
156400 8036 772723 8190 791277
156500 8039 773178 8199 791822
156600 8048 773624 8206 792376
156700 8055 774113 8212 792887
156800 8060 774670 8217 793330
156900 8063 775146 8220 793854
157000 8067 775695 8225 794305
157100 8072 776171 8229 794829
157200 8078 776648 8237 795352
157300 8084 777221 8240 795779
157400 8088 777829 8250 796171
157500 8094 778414 8250 796586
157600 8096 778842 8252 797158
157700 8099 779326 8258 797674
157800 8103 779838 8264 798162
157900 8109 780354 8269 798646
158000 8110 780887 8269 799113
158100 8115 781423 8270 799577
158200 8117 781980 8275 800020
158300 8123 782453 8278 800547
158400 8128 782942 8283 801058
158500 8131 783577 8295 801423
158600 8138 784247 8300 801753
158700 8144 784834 8304 802166
158800 8147 785359 8304 802641
158900 8149 785935 8307 803065
159000 8153 786507 8307 803493
159100 8154 786959 8312 804041
159200 8159 787393 8319 804607
159300 8161 787966 8325 805034
159400 8163 788447 8328 805553
159500 8172 788974 8334 806026
159600 8177 789459 8336 806541
159700 8179 789908 8340 807092
159800 8188 790396 8345 807604
159900 8195 790931 8351 808069
160000 8200 791400 8356 808600
160100 8207 791888 8361 809112
160200 8215 792472 8363 809528
160300 8220 792943 8366 810057
160400 8222 793442 8369 810558
160500 8227 793934 8373 811066
160600 8240 794473 8377 811527
160700 8252 794930 8386 812070
160800 8258 795457 8392 812543
160900 8265 796085 8396 812915
161000 8268 796533 8398 813467
161100 8271 797047 8403 813953
161200 8274 797571 8411 814429
161300 8277 797935 8417 815065
161400 8287 798414 8420 815586
161500 8293 798976 8426 816024
161600 8297 799397 8430 816603
161700 8303 799866 8443 817134
161800 8307 800417 8449 817583
161900 8312 800941 8453 818059
162000 8315 801447 8457 818553
162100 8318 802024 8464 818976
162200 8320 802512 8466 819488
162300 8325 802980 8469 820020
162400 8330 803417 8476 820583
162500 8334 803972 8480 821028
162600 8339 804439 8485 821561
162700 8342 804793 8494 822207
162800 8350 805217 8500 822783
162900 8359 805715 8508 823285
163000 8368 806136 8517 823864
163100 8372 806538 8518 824462
163200 8375 807036 8522 824964
163300 8377 807557 8532 825443
163400 8381 808073 8541 825927
163500 8386 808548 8544 826452
163600 8387 809021 8549 826979
163700 8396 809430 8552 827570
163800 8398 809933 8559 828067
163900 8400 810444 8560 828556
164000 8404 811027 8562 828973
164100 8406 811571 8567 829429
164200 8410 812003 8576 829997
164300 8416 812483 8580 830517
164400 8426 812960 8580 831040
164500 8432 813468 8582 831532
164600 8436 813948 8585 832052
164700 8440 814435 8590 832565
164800 8441 814993 8593 833007
164900 8448 815509 8595 833491
165000 8451 816002 8597 833998
165100 8453 816491 8604 834509
165200 8463 817035 8609 834965
165300 8469 817549 8619 835451
165400 8473 818005 8625 835995
165500 8477 818440 8629 836560
165600 8479 818918 8630 837082
165700 8484 819475 8632 837525
165800 8490 819963 8637 838037
165900 8496 820501 8641 838499
166000 8504 820918 8645 839082
166100 8508 821431 8650 839569
166200 8512 821902 8653 840098
166300 8514 822276 8658 840724
166400 8523 822781 8662 841219
166500 8525 823307 8666 841693
166600 8528 823781 8672 842219
166700 8528 824240 8678 842760
166800 8533 824706 8684 843294
166900 8540 825218 8689 843782
167000 8549 825781 8695 844219
167100 8550 826389 8696 844611
167200 8557 826870 8697 845130
167300 8560 827392 8702 845608
167400 8563 827895 8707 846105
167500 8570 828418 8716 846582
167600 8574 829044 8720 846956
167700 8579 829586 8722 847414
167800 8585 830045 8732 847955
167900 8591 830569 8733 848431
168000 8599 831113 8736 848887
168100 8605 831669 8741 849331
168200 8610 832196 8747 849804
168300 8614 832666 8751 850334
168400 8617 833171 8753 850829
168500 8621 833746 8755 851254
168600 8627 834248 8762 851752
168700 8634 834725 8764 852275
168800 8634 835259 8769 852741
168900 8643 835693 8777 853307
169000 8644 836112 8781 853888
169100 8650 836664 8789 854336
169200 8654 837074 8796 854926
169300 8666 837411 8805 855589
169400 8677 837878 8812 856122
169500 8681 838316 8815 856684
169600 8688 838849 8821 857151
169700 8690 839397 8822 857603
169800 8693 839867 8826 858133
169900 8698 840426 8828 858574
170000 8704 841053 8834 858947
170100 8705 841462 8837 859538
170200 8706 841937 8838 860063
170300 8710 842446 8841 860554
170400 8713 843009 8848 860991
170500 8717 843571 8850 861429
170600 8722 844168 8853 861832
170700 8727 844665 8857 862335
170800 8732 845198 8862 862802
170900 8736 845626 8868 863374
171000 8742 846073 8871 863927
171100 8749 846555 8879 864445
171200 8751 847092 8883 864908
171300 8757 847488 8887 865512
171400 8767 847926 8893 866074
171500 8772 848434 8896 866566
171600 8774 849017 8900 866983
171700 8774 849527 8904 867473
171800 8779 850000 8909 868000
171900 8780 850486 8909 868514
172000 8781 850983 8916 869017
172100 8785 851427 8922 869573
172200 8789 851913 8923 870087
172300 8792 852467 8927 870533
172400 8795 852986 8931 871014
172500 8799 853542 8933 871458
172600 8805 854020 8938 871980
172700 8810 854595 8942 872405
172800 8818 855126 8948 872874
172900 8822 855584 8952 873416
173000 8829 856072 8958 873928
173100 8837 856511 8969 874489
173200 8844 857028 8971 874972
173300 8848 857483 8973 875517
173400 8855 858007 8974 875993
173500 8857 858619 8976 876381
173600 8865 859162 8980 876838
173700 8868 859581 8985 877419
173800 8872 860112 8991 877888
173900 8876 860622 8992 878378
174000 8877 861148 8995 878852
174100 8885 861583 9001 879417
174200 8887 862127 9005 879873
174300 8891 862615 9011 880385
174400 8900 863166 9013 880834
174500 8905 863592 9016 881408
174600 8909 864142 9025 881858
174700 8917 864710 9034 882290
174800 8920 865324 9038 882676
174900 8927 865809 9045 883191
175000 8930 866425 9053 883575
175100 8932 866875 9054 884125
175200 8935 867224 9059 884776
175300 8935 867658 9062 885342
175400 8940 868190 9067 885810
175500 8946 868728 9071 886272
175600 8948 869301 9075 886699
175700 8954 869798 9075 887202
175800 8960 870333 9082 887667
175900 8968 870836 9088 888164
176000 8971 871399 9095 888601
176100 8975 871936 9103 889064
176200 8982 872549 9107 889451
176300 8986 873054 9109 889946
176400 8992 873553 9113 890447
176500 8996 874109 9118 890891
176600 8999 874645 9126 891355
176700 9006 875188 9134 891812
176800 9009 875688 9134 892312
176900 9013 876311 9137 892689
177000 9017 876816 9144 893184
177100 9022 877309 9148 893691
177200 9024 877824 9153 894176
177300 9029 878290 9153 894710
177400 9036 878774 9161 895226
177500 9044 879208 9176 895792
177600 9047 879633 9176 896367
177700 9048 880053 9182 896947
177800 9052 880490 9189 897510
177900 9059 881023 9197 897977
178000 9067 881549 9206 898451
178100 9071 882019 9211 898981
178200 9076 882527 9214 899473
178300 9081 883001 9218 899999
178400 9085 883442 9223 900558
178500 9088 883948 9224 901052
178600 9090 884394 9226 901606
178700 9092 884973 9231 902027
178800 9099 885532 9231 902468
178900 9107 886051 9237 902949
179000 9111 886553 9242 903447
179100 9114 887129 9242 903871
179200 9121 887715 9245 904285
179300 9124 888097 9249 904903
179400 9129 888539 9255 905461
179500 9132 889077 9257 905923
179600 9136 889606 9261 906394
179700 9138 890149 9264 906851
179800 9140 890638 9274 907362
179900 9145 891120 9284 907880
180000 9151 891516 9287 908484
180100 9157 891949 9294 909051
180200 9159 892423 9295 909577
180300 9164 892933 9303 910067
180400 9167 893308 9313 910692
180500 9172 893780 9317 911220
180600 9176 894277 9325 911723
180700 9180 894746 9327 912254
180800 9187 895250 9338 912750
180900 9190 895728 9342 913272
181000 9198 896204 9343 913796
181100 9199 896658 9345 914342
181200 9200 897160 9350 914840
181300 9204 897625 9356 915375
181400 9205 898037 9358 915963
181500 9207 898539 9361 916461
181600 9213 899059 9362 916941
181700 9218 899588 9364 917412
181800 9225 900095 9364 917905
181900 9233 900534 9370 918466
182000 9237 901033 9372 918967
182100 9246 901473 9376 919527
182200 9255 901898 9379 920102
182300 9258 902464 9380 920536
182400 9259 902994 9383 921006
182500 9266 903469 9388 921531
182600 9271 903903 9394 922097
182700 9274 904338 9401 922662
182800 9278 904877 9401 923123
182900 9282 905412 9403 923588
183000 9288 905907 9406 924093
183100 9298 906480 9409 924520
183200 9303 907061 9412 924939
183300 9312 907652 9414 925348
183400 9316 908207 9417 925793
183500 9320 908833 9422 926167
183600 9324 909358 9424 926642
183700 9329 909902 9433 927098
183800 9334 910491 9436 927509
183900 9340 910944 9441 928056
184000 9343 911407 9444 928593
184100 9345 911878 9448 929122
184200 9348 912426 9449 929574
184300 9353 912955 9451 930045
184400 9357 913472 9456 930528
184500 9361 913944 9459 931056
184600 9365 914393 9467 931607
184700 9368 914954 9471 932046
184800 9369 915528 9473 932472
184900 9372 915981 9481 933019
185000 9381 916498 9491 933502
185100 9385 916930 9492 934070
185200 9393 917441 9498 934559
185300 9398 918006 9502 934994
185400 9405 918474 9507 935526
185500 9412 918935 9519 936065
185600 9423 919552 9523 936448
185700 9425 919956 9530 937044
185800 9429 920458 9534 937542
185900 9435 920915 9536 938085
186000 9438 921517 9540 938483
186100 9442 922050 9547 938950
186200 9444 922576 9550 939424
186300 9446 923070 9554 939930
186400 9452 923561 9559 940439
186500 9455 924058 9559 940942
186600 9461 924499 9568 941501
186700 9463 925014 9570 941986
186800 9472 925497 9577 942503
186900 9478 925963 9582 943037
187000 9480 926453 9585 943547
187100 9488 926911 9589 944089
187200 9498 927438 9597 944562
187300 9505 927968 9606 945032
187400 9508 928485 9611 945515
187500 9512 928973 9616 946027
187600 9520 929493 9621 946507
187700 9525 929989 9624 947011
187800 9530 930435 9630 947565
187900 9535 930935 9635 948065
188000 9541 931452 9646 948548
188100 9549 931976 9649 949024
188200 9551 932551 9653 949449
188300 9555 933042 9658 949958
188400 9557 933560 9664 950440
188500 9558 934112 9669 950888
188600 9566 934548 9671 951452
188700 9569 934948 9672 952052
188800 9577 935429 9674 952571
188900 9581 935905 9682 953095
189000 9586 936422 9690 953578
189100 9593 936894 9694 954106
189200 9597 937317 9699 954683
189300 9603 937896 9705 955104
189400 9605 938359 9710 955641
189500 9609 938844 9719 956156
189600 9619 939230 9723 956770
189700 9620 939704 9724 957296
189800 9625 940287 9729 957713
189900 9633 940796 9731 958204
190000 9635 941344 9738 958656
190100 9637 941752 9740 959248
190200 9639 942244 9747 959756
190300 9642 942756 9752 960244
190400 9648 943276 9755 960724
190500 9655 943756 9766 961244
190600 9662 944168 9775 961832
190700 9669 944605 9784 962395
190800 9672 945006 9790 962994
190900 9675 945579 9792 963421
191000 9680 946127 9796 963873
191100 9684 946682 9797 964318
191200 9686 947122 9807 964878
191300 9695 947678 9815 965322
191400 9698 948212 9821 965788
191500 9701 948769 9829 966231
191600 9708 949236 9833 966764
191700 9717 949770 9844 967230
191800 9724 950243 9849 967757
191900 9732 950750 9857 968250
192000 9742 951269 9864 968731
192100 9744 951806 9868 969194
192200 9746 952324 9874 969676
192300 9749 952812 9883 970188
192400 9755 953251 9892 970749
192500 9761 953715 9894 971285
192600 9766 954186 9902 971814
192700 9769 954654 9909 972346
192800 9772 955085 9916 972915
192900 9776 955521 9923 973479
193000 9778 955988 9928 974012
193100 9783 956468 9930 974532
193200 9787 956852 9941 975148
193300 9792 957374 9951 975626
193400 9797 957931 9960 976069
193500 9802 958465 9962 976535
193600 9805 958873 9967 977127
193700 9809 959307 9972 977693
193800 9811 959809 9976 978191
193900 9815 960235 9979 978765
194000 9817 960728 9985 979272
194100 9826 961087 9991 979913
194200 9830 961696 9995 980304
194300 9839 962263 10000 980737
194400 9850 962727 10008 981273
194500 9854 963261 10013 981739
194600 9855 963852 10015 982148
194700 9857 964335 10016 982665
194800 9861 964841 10020 983159
194900 9868 965327 10029 983673
195000 9875 965883 10039 984117
195100 9881 966452 10045 984548
195200 9887 966937 10047 985063
195300 9890 967379 10052 985621
195400 9893 967739 10055 986261
195500 9894 968215 10061 986785
195600 9903 968631 10065 987369
195700 9910 969131 10070 987869
195800 9912 969633 10076 988367
195900 9918 970085 10085 988915
196000 9922 970624 10091 989376
196100 9927 971118 10095 989882
196200 9933 971504 10098 990496
196300 9938 971910 10101 991090
196400 9943 972373 10105 991627
196500 9946 972886 10110 992114
196600 9948 973417 10114 992583
196700 9952 973972 10117 993028
196800 9958 974477 10120 993523
196900 9962 974998 10121 994002
197000 9968 975487 10133 994513
197100 9971 975933 10138 995067
197200 9975 976408 10140 995592
197300 9979 976965 10150 996035
197400 9987 977389 10158 996611
197500 9991 977889 10164 997111
197600 9996 978413 10168 997587
197700 10002 978907 10168 998093
197800 10002 979401 10172 998599
197900 10011 979838 10181 999162
198000 10013 980425 10184 999575
198100 10016 980907 10190 1000093
198200 10024 981432 10199 1000568
198300 10027 981944 10202 1001056
198400 10030 982578 10210 1001422
198500 10035 983129 10216 1001871
198600 10041 983594 10226 1002406
198700 10044 984101 10230 1002899
198800 10051 984542 10238 1003458
198900 10060 985001 10250 1003999
199000 10069 985436 10254 1004564
199100 10079 985921 10262 1005079
199200 10088 986510 10269 1005490
199300 10093 987007 10275 1005993
199400 10100 987421 10280 1006579
199500 10111 987882 10286 1007118
199600 10116 988370 10292 1007630
199700 10118 988744 10293 1008256
199800 10121 989205 10294 1008795
199900 10124 989646 10297 1009354
200000 10130 990154 10299 1009846
