#! FIELDS timestep dup_succ dup_attempts kill_succ kill_attempts
#! SET timestep 0.5
#! SET kernel_bandwidth [0.35 0.35]
#! SET kt 1.0
100 105 357 95 643
200 200 627 218 1373
300 293 970 328 2030
400 389 1374 414 2626
500 458 1665 502 3335
600 512 2015 568 3985
700 551 2395 615 4605
800 583 2833 651 5167
900 601 3171 670 5829
1000 615 3562 689 6438
1100 629 4075 701 6925
1200 638 4507 711 7493
1300 647 5002 722 7998
1400 657 5493 729 8507
1500 666 5998 735 9002
1600 677 6559 746 9441
1700 684 7135 756 9865
1800 692 7700 766 10300
1900 705 8191 774 10809
2000 715 8654 782 11346
2100 723 9129 791 11871
2200 735 9695 802 12305
2300 750 10194 814 12806
2400 759 10626 825 13374
2500 763 11122 833 13878
2600 772 11606 844 14394
2700 775 12183 848 14817
2800 789 12755 867 15245
2900 803 13276 877 15724
3000 815 13789 889 16211
3100 823 14322 896 16678
3200 836 14857 902 17143
3300 844 15330 909 17670
3400 852 15821 921 18179
3500 863 16366 929 18634
3600 871 16868 935 19132
3700 875 17407 940 19593
3800 888 17891 949 20109
3900 895 18380 964 20620
4000 900 18920 974 21080
4100 906 19399 982 21601
4200 913 19873 996 22127
4300 917 20326 1004 22674
4400 925 20795 1016 23205
4500 936 21196 1026 23804
4600 945 21695 1040 24305
4700 955 22113 1051 24887
4800 963 22537 1065 25463
4900 973 23045 1072 25955
5000 984 23646 1079 26354
5100 990 24181 1085 26819
5200 994 24604 1093 27396
5300 1000 25028 1103 27972
5400 1007 25539 1114 28461
5500 1014 25989 1124 29011
5600 1024 26402 1127 29598
5700 1037 26937 1138 30063
5800 1045 27437 1146 30563
5900 1059 27959 1155 31041
6000 1069 28464 1169 31536
6100 1077 28977 1186 32023
6200 1090 29477 1201 32523
6300 1103 29953 1209 33047
6400 1111 30428 1221 33572
6500 1121 30994 1224 34006
6600 1129 31490 1229 34510
6700 1141 31933 1243 35067
6800 1159 32360 1256 35640
6900 1168 32852 1267 36148
7000 1175 33377 1274 36623
7100 1179 33859 1280 37141
7200 1195 34356 1296 37644
7300 1202 34875 1307 38125
7400 1210 35476 1312 38524
7500 1223 35960 1321 39040
7600 1235 36446 1331 39554
7700 1247 36918 1346 40082
7800 1257 37362 1357 40638
7900 1270 37852 1367 41148
8000 1277 38317 1375 41683
8100 1286 38890 1384 42110
8200 1306 39454 1396 42546
8300 1315 39943 1402 43057
8400 1331 40518 1409 43482
8500 1340 41034 1416 43966
8600 1347 41514 1424 44486
8700 1358 42034 1437 44966
8800 1365 42569 1453 45431
8900 1373 43097 1465 45903
9000 1389 43653 1482 46347
9100 1397 44161 1490 46839
9200 1406 44701 1501 47299
9300 1410 45228 1509 47772
9400 1427 45774 1522 48226
9500 1437 46259 1537 48741
9600 1447 46750 1553 49250
9700 1456 47276 1563 49724
9800 1459 47737 1566 50263
9900 1466 48290 1575 50710
10000 1475 48763 1582 51237
10100 1487 49233 1589 51767
10200 1494 49701 1600 52299
10300 1502 50139 1610 52861
10400 1513 50675 1628 53325
10500 1520 51127 1631 53873
10600 1527 51629 1636 54371
10700 1533 52112 1646 54888
10800 1538 52633 1652 55367
10900 1547 53110 1669 55890
11000 1558 53551 1675 56449
11100 1563 54082 1683 56918
11200 1577 54580 1692 57420
11300 1589 55164 1700 57836
11400 1598 55680 1707 58320
11500 1604 56216 1715 58784
11600 1614 56761 1732 59239
11700 1623 57277 1741 59723
11800 1629 57826 1746 60174
11900 1640 58353 1754 60647
12000 1651 58843 1769 61157
12100 1658 59338 1783 61662
12200 1665 59802 1800 62198
12300 1674 60295 1811 62705
12400 1681 60754 1817 63246
12500 1689 61276 1823 63724
12600 1696 61739 1833 64261
12700 1710 62172 1841 64828
12800 1722 62702 1847 65298
12900 1729 63202 1858 65798
13000 1741 63722 1865 66278
13100 1747 64187 1873 66813
13200 1754 64647 1888 67353
13300 1766 65133 1901 67867
13400 1775 65553 1913 68447
13500 1783 66001 1924 68999
13600 1793 66500 1929 69500
13700 1803 67106 1933 69894
13800 1820 67701 1942 70299
13900 1826 68206 1955 70794
14000 1841 68687 1971 71313
14100 1853 69210 1989 71790
14200 1865 69887 2008 72113
14300 1873 70433 2025 72567
14400 1879 70979 2034 73021
14500 1887 71524 2050 73476
14600 1891 72019 2058 73981
14700 1904 72493 2073 74507
14800 1915 73003 2084 74997
14900 1927 73513 2094 75487
15000 1936 73949 2099 76051
15100 1941 74489 2110 76511
15200 1952 74918 2118 77082
15300 1958 75437 2128 77563
15400 1964 75926 2133 78074
15500 1970 76324 2141 78676
15600 1985 76809 2153 79191
15700 1993 77305 2169 79695
15800 2006 77850 2181 80150
15900 2016 78350 2187 80650
16000 2026 78871 2195 81129
16100 2040 79362 2200 81638
16200 2051 79769 2207 82231
16300 2060 80166 2216 82834
16400 2076 80610 2237 83390
16500 2089 81118 2249 83882
16600 2098 81586 2260 84414
16700 2109 82020 2266 84980
16800 2121 82568 2276 85432
16900 2126 83130 2287 85870
17000 2138 83598 2294 86402
17100 2145 84045 2301 86955
17200 2158 84618 2310 87382
17300 2168 85091 2320 87909
17400 2177 85599 2327 88401
17500 2186 86023 2337 88977
17600 2194 86583 2348 89417
17700 2205 87118 2358 89882
17800 2207 87574 2362 90426
17900 2214 88094 2369 90906
18000 2221 88601 2374 91399
18100 2225 89174 2382 91826
18200 2236 89655 2392 92345
18300 2243 90186 2398 92814
18400 2249 90715 2407 93285
18500 2259 91203 2410 93797
18600 2266 91752 2417 94248
18700 2276 92314 2426 94686
18800 2292 92736 2435 95264
18900 2300 93270 2447 95730
19000 2311 93714 2463 96286
19100 2323 94157 2472 96843
19200 2334 94618 2484 97382
19300 2342 95099 2491 97901
19400 2349 95563 2497 98437
19500 2355 95984 2508 99016
19600 2364 96465 2514 99535
19700 2372 96973 2523 100027
19800 2383 97486 2535 100514
19900 2401 98064 2545 100936
20000 2407 98523 2558 101477
20100 2415 99088 2571 101912
20200 2425 99490 2580 102510
20300 2432 99989 2589 103011
20400 2441 100487 2600 103513
20500 2445 100943 2608 104057
20600 2459 101475 2619 104525
20700 2466 101926 2626 105074
20800 2485 102384 2633 105616
20900 2495 102862 2640 106138
21000 2504 103368 2649 106632
21100 2509 103816 2654 107184
21200 2518 104294 2662 107706
21300 2529 104785 2672 108215
21400 2536 105217 2683 108783
21500 2541 105691 2692 109309
21600 2556 106127 2701 109873
21700 2564 106591 2708 110409
21800 2572 106979 2715 111021
21900 2580 107450 2725 111550
22000 2591 107944 2734 112056
22100 2597 108485 2744 112515
22200 2602 108941 2755 113059
22300 2606 109400 2759 113600
22400 2611 109869 2770 114131
22500 2623 110360 2775 114640
22600 2631 110864 2783 115136
22700 2638 111425 2787 115575
22800 2644 111930 2793 116070
22900 2653 112525 2805 116475
23000 2659 113030 2812 116970
23100 2674 113500 2827 117500
23200 2686 114010 2835 117990
23300 2698 114575 2847 118425
23400 2705 115019 2856 118981
23500 2710 115487 2867 119513
23600 2720 115976 2873 120024
23700 2736 116570 2884 120430
23800 2739 117140 2892 120860
23900 2750 117614 2899 121386
24000 2764 118075 2909 121925
24100 2773 118535 2917 122465
24200 2785 119028 2926 122972
24300 2795 119492 2935 123508
24400 2805 119991 2949 124009
24500 2812 120515 2956 124485
24600 2818 121113 2965 124887
24700 2825 121682 2968 125318
24800 2835 122097 2975 125903
24900 2848 122501 2984 126499
25000 2860 122914 2996 127086
25100 2867 123404 3010 127596
25200 2876 123881 3019 128119
25300 2892 124443 3031 128557
25400 2904 124939 3041 129061
25500 2911 125362 3049 129638
25600 2919 125792 3059 130208
25700 2936 126299 3068 130701
25800 2940 126770 3076 131230
25900 2948 127280 3088 131720
26000 2957 127830 3096 132170
26100 2969 128369 3103 132631
26200 2982 128912 3116 133088
26300 2990 129317 3122 133683
26400 3004 129820 3135 134180
26500 3012 130354 3141 134646
26600 3019 130883 3149 135117
26700 3024 131286 3155 135714
26800 3031 131832 3161 136168
26900 3037 132317 3168 136683
27000 3043 132838 3176 137162
27100 3058 133410 3186 137590
27200 3067 133896 3189 138104
27300 3072 134323 3195 138677
27400 3077 134731 3201 139269
27500 3085 135221 3215 139779
27600 3097 135720 3225 140280
27700 3103 136248 3242 140752
27800 3107 136748 3251 141252
27900 3114 137264 3255 141736
28000 3119 137815 3262 142185
28100 3128 138263 3270 142737
28200 3130 138790 3276 143210
28300 3137 139432 3281 143568
28400 3147 139917 3292 144083
28500 3156 140335 3293 144665
28600 3166 140790 3300 145210
28700 3181 141330 3310 145670
28800 3189 141805 3328 146195
28900 3193 142320 3336 146680
29000 3198 142919 3346 147081
29100 3205 143449 3352 147551
29200 3212 143943 3359 148057
29300 3220 144336 3370 148664
29400 3227 144837 3382 149163
29500 3236 145281 3391 149719
29600 3251 145727 3402 150273
29700 3255 146324 3413 150676
29800 3268 146796 3423 151204
29900 3279 147227 3440 151773
30000 3288 147628 3448 152372
30100 3298 148158 3457 152842
30200 3304 148693 3466 153307
30300 3309 149172 3475 153828
30400 3315 149719 3485 154281
30500 3327 150281 3492 154719
30600 3335 150721 3498 155279
30700 3347 151300 3508 155700
30800 3357 151909 3512 156091
30900 3367 152485 3522 156515
31000 3376 153003 3534 156997
31100 3385 153463 3551 157537
31200 3396 153859 3559 158141
31300 3407 154364 3571 158636
31400 3415 154817 3578 159183
31500 3425 155265 3586 159735
31600 3432 155724 3595 160276
31700 3434 156214 3599 160786
31800 3447 156774 3609 161226
31900 3459 157354 3622 161646
32000 3471 157889 3631 162111
32100 3479 158287 3637 162713
32200 3483 158800 3639 163200
32300 3492 159320 3643 163680
32400 3504 159828 3653 164172
32500 3515 160428 3664 164572
32600 3527 160912 3673 165088
32700 3534 161454 3675 165546
32800 3545 161926 3681 166074
32900 3554 162555 3690 166445
33000 3562 163141 3697 166859
33100 3571 163640 3706 167360
33200 3578 164115 3713 167885
33300 3585 164537 3717 168463
33400 3593 165027 3723 168973
33500 3599 165536 3734 169464
33600 3612 166003 3745 169997
33700 3621 166492 3758 170508
33800 3625 166923 3760 171077
33900 3632 167320 3768 171680
34000 3643 167783 3783 172217
34100 3658 168333 3798 172667
34200 3666 168861 3808 173139
34300 3683 169355 3820 173645
34400 3694 169826 3841 174174
34500 3714 170274 3855 174726
34600 3722 170823 3864 175177
34700 3736 171342 3875 175658
34800 3744 171856 3880 176144
34900 3752 172444 3891 176556
35000 3760 172889 3899 177111
35100 3773 173395 3906 177605
35200 3781 173893 3913 178107
35300 3787 174407 3925 178593
35400 3793 174906 3938 179094
35500 3803 175425 3945 179575
35600 3817 175866 3950 180134
35700 3826 176352 3959 180648
35800 3841 176833 3970 181167
35900 3850 177322 3984 181678
36000 3860 177724 3988 182276
36100 3870 178196 3995 182804
36200 3877 178737 4002 183263
36300 3887 179273 4016 183727
36400 3893 179718 4023 184282
36500 3909 180256 4032 184744
36600 3922 180764 4044 185236
36700 3931 181368 4055 185632
36800 3939 181835 4062 186165
36900 3948 182400 4071 186600
37000 3959 182882 4090 187118
37100 3968 183387 4101 187613
37200 3976 183835 4105 188165
37300 3985 184365 4115 188635
37400 3997 184804 4120 189196
37500 4005 185355 4133 189645
37600 4012 185850 4143 190150
37700 4021 186334 4150 190666
37800 4027 186763 4156 191237
37900 4033 187206 4166 191794
38000 4048 187613 4176 192387
38100 4057 188122 4186 192878
38200 4068 188597 4198 193403
38300 4073 189121 4210 193879
38400 4081 189670 4217 194330
38500 4090 190314 4229 194686
38600 4095 190875 4236 195125
38700 4100 191343 4242 195657
38800 4109 191823 4252 196177
38900 4113 192286 4261 196714
39000 4123 192817 4266 197183
39100 4130 193367 4274 197633
39200 4137 193852 4278 198148
39300 4145 194409 4287 198591
39400 4152 194911 4294 199089
39500 4166 195469 4308 199531
39600 4174 195991 4322 200009
39700 4182 196502 4333 200498
39800 4198 196984 4339 201016
39900 4209 197452 4347 201548
40000 4215 198013 4353 201987
40100 4225 198522 4359 202478
40200 4230 198984 4368 203016
40300 4238 199435 4382 203565
40400 4245 199858 4394 204142
40500 4247 200361 4403 204639
40600 4250 200861 4410 205139
40700 4256 201291 4413 205709
40800 4262 201780 4421 206220
40900 4275 202319 4428 206681
41000 4279 202839 4444 207161
41100 4288 203317 4455 207683
41200 4295 203782 4466 208218
41300 4301 204263 4476 208737
41400 4313 204723 4488 209277
41500 4327 205197 4495 209803
41600 4336 205729 4502 210271
41700 4348 206201 4510 210799
41800 4363 206651 4522 211349
41900 4366 207111 4531 211889
42000 4377 207576 4542 212424
42100 4391 208069 4548 212931
42200 4396 208521 4560 213479
42300 4400 208991 4567 214009
42400 4407 209469 4574 214531
42500 4414 209894 4582 215106
42600 4425 210375 4588 215625
42700 4433 210892 4595 216108
42800 4445 211407 4604 216593
42900 4453 211866 4610 217134
43000 4468 212345 4619 217655
43100 4477 212847 4623 218153
43200 4483 213325 4630 218675
43300 4487 213780 4642 219220
43400 4494 214212 4653 219788
43500 4508 214782 4660 220218
43600 4520 215279 4677 220721
43700 4530 215680 4686 221320
43800 4540 216159 4690 221841
43900 4551 216592 4701 222408
44000 4561 217061 4715 222939
44100 4567 217621 4716 223379
44200 4579 218120 4720 223880
44300 4586 218595 4725 224405
44400 4594 219053 4733 224947
44500 4604 219547 4739 225453
44600 4615 220155 4747 225845
44700 4623 220634 4753 226366
44800 4633 221121 4764 226879
44900 4639 221655 4770 227345
45000 4642 222208 4778 227792
45100 4650 222636 4788 228364
45200 4658 223157 4794 228843
45300 4670 223711 4804 229289
45400 4676 224199 4807 229801
45500 4680 224629 4812 230371
45600 4688 225053 4821 230947
45700 4695 225501 4829 231499
45800 4701 225978 4832 232022
45900 4708 226479 4846 232521
46000 4716 226960 4859 233040
46100 4722 227384 4868 233616
46200 4730 227901 4877 234099
46300 4743 228474 4887 234526
46400 4761 229024 4900 234976
46500 4770 229518 4906 235482
46600 4782 229986 4929 236014
46700 4793 230391 4940 236609
46800 4803 230887 4949 237113
46900 4818 231358 4958 237642
47000 4825 231952 4971 238048
47100 4836 232441 4985 238559
47200 4842 232880 4989 239120
47300 4853 233397 4998 239603
47400 4856 233798 5007 240202
47500 4862 234300 5017 240700
47600 4868 234826 5033 241174
47700 4878 235287 5043 241713
47800 4886 235746 5051 242254
47900 4899 236244 5071 242756
48000 4908 236744 5080 243256
48100 4918 237237 5087 243763
48200 4934 237676 5098 244324
48300 4941 238201 5104 244799
48400 4946 238712 5111 245288
48500 4954 239134 5126 245866
48600 4965 239707 5135 246293
48700 4976 240199 5141 246801
48800 4981 240651 5152 247349
48900 4986 241174 5156 247826
49000 4995 241626 5174 248374
49100 5005 242216 5184 248784
49200 5013 242697 5188 249303
49300 5020 243192 5196 249808
49400 5033 243626 5208 250374
49500 5044 244154 5224 250846
49600 5054 244616 5234 251384
49700 5063 245126 5237 251874
49800 5070 245530 5252 252470
49900 5083 245904 5259 253096
50000 5092 246317 5269 253683
50100 5104 246853 5279 254147
50200 5121 247293 5291 254707
50300 5133 247938 5298 255062
50400 5140 248456 5308 255544
50500 5154 249050 5321 255950
50600 5163 249570 5332 256430
50700 5171 250029 5344 256971
50800 5185 250506 5360 257494
50900 5191 250966 5373 258034
51000 5198 251503 5381 258497
51100 5201 251889 5387 259111
51200 5213 252350 5400 259650
51300 5224 252830 5405 260170
51400 5233 253384 5414 260616
51500 5240 253884 5424 261116
51600 5249 254375 5430 261625
51700 5253 254903 5437 262097
51800 5260 255495 5443 262505
51900 5274 256057 5453 262943
52000 5287 256619 5464 263381
52100 5299 257138 5475 263862
52200 5312 257623 5479 264377
52300 5327 258116 5488 264884
52400 5334 258605 5497 265395
52500 5340 259123 5504 265877
52600 5345 259625 5513 266375
52700 5356 260013 5521 266987
52800 5370 260473 5530 267527
52900 5385 260987 5536 268013
53000 5387 261538 5539 268462
53100 5396 262018 5550 268982
53200 5409 262547 5557 269453
53300 5425 263039 5570 269961
53400 5433 263563 5574 270437
53500 5442 264008 5585 270992
53600 5452 264501 5597 271499
53700 5461 264970 5603 272030
53800 5476 265429 5611 272571
53900 5483 265905 5624 273095
54000 5489 266440 5627 273560
54100 5501 266885 5639 274115
54200 5513 267404 5652 274596
54300 5527 267929 5660 275071
54400 5548 268433 5680 275567
54500 5566 268932 5691 276068
54600 5581 269382 5705 276618
54700 5583 269893 5717 277107
54800 5595 270308 5727 277692
54900 5601 270799 5733 278201
55000 5609 271262 5746 278738
55100 5615 271790 5751 279210
55200 5621 272303 5760 279697
55300 5628 272749 5769 280251
55400 5638 273185 5778 280815
55500 5648 273685 5790 281315
55600 5661 274250 5801 281750
55700 5670 274820 5815 282180
55800 5677 275338 5820 282662
55900 5686 275863 5825 283137
56000 5699 276335 5832 283665
56100 5708 276818 5842 284182
56200 5712 277267 5845 284733
56300 5722 277775 5851 285225
56400 5734 278234 5860 285766
56500 5741 278750 5865 286250
56600 5752 279243 5872 286757
56700 5757 279669 5882 287331
56800 5767 280236 5895 287764
56900 5779 280747 5902 288253
57000 5785 281264 5909 288736
57100 5790 281757 5921 289243
57200 5800 282304 5928 289696
57300 5814 282737 5940 290263
57400 5823 283267 5952 290733
57500 5831 283819 5961 291181
57600 5843 284335 5970 291665
57700 5848 284832 5981 292168
57800 5857 285441 5985 292559
57900 5869 285934 5996 293066
58000 5874 286456 6008 293544
58100 5883 287007 6021 293993
58200 5889 287474 6032 294526
58300 5900 288027 6040 294973
58400 5907 288510 6046 295490
58500 5916 288988 6054 296012
58600 5925 289493 6064 296507
58700 5929 290087 6073 296913
58800 5939 290590 6081 297410
58900 5951 291095 6094 297905
59000 5962 291662 6098 298338
59100 5966 292140 6108 298860
59200 5977 292642 6117 299358
59300 5991 293123 6122 299877
59400 5997 293589 6131 300411
59500 6006 294104 6138 300896
59600 6018 294581 6144 301419
59700 6027 295136 6152 301864
59800 6038 295601 6161 302399
59900 6047 295975 6179 303025
60000 6058 296464 6197 303536
60100 6068 296871 6212 304129
60200 6079 297409 6218 304591
60300 6090 297995 6228 305005
60400 6102 298549 6236 305451
60500 6107 299088 6245 305912
60600 6116 299595 6257 306405
60700 6125 300142 6273 306858
60800 6137 300678 6285 307322
60900 6150 301196 6295 307804
61000 6164 301648 6310 308352
61100 6184 302138 6319 308862
61200 6194 302612 6327 309388
61300 6200 303080 6335 309920
61400 6204 303627 6344 310373
61500 6212 304098 6348 310902
61600 6221 304654 6353 311346
61700 6229 305134 6363 311866
61800 6243 305638 6367 312362
61900 6255 306223 6375 312777
62000 6263 306797 6383 313203
62100 6273 307305 6394 313695
62200 6288 307784 6399 314216
62300 6296 308208 6414 314792
62400 6306 308757 6418 315243
62500 6316 309333 6428 315667
62600 6326 309847 6438 316153
62700 6336 310435 6443 316565
62800 6355 310955 6460 317045
62900 6367 311493 6472 317507
63000 6380 311937 6481 318063
63100 6383 312479 6489 318521
63200 6391 313035 6503 318965
63300 6401 313588 6515 319412
63400 6413 314085 6529 319915
63500 6422 314542 6541 320458
63600 6436 314989 6554 321011
63700 6443 315384 6566 321616
63800 6449 315855 6573 322145
63900 6453 316381 6589 322619
64000 6460 316885 6595 323115
64100 6464 317392 6604 323608
64200 6468 317813 6608 324187
64300 6478 318290 6615 324710
64400 6484 318798 6620 325202
64500 6498 319220 6632 325780
64600 6506 319789 6641 326211
64700 6510 320217 6654 326783
64800 6526 320756 6669 327244
64900 6545 321261 6682 327739
65000 6553 321739 6699 328261
65100 6565 322172 6705 328828
65200 6570 322722 6710 329278
65300 6581 323159 6723 329841
65400 6597 323698 6734 330302
65500 6606 324119 6744 330881
65600 6617 324692 6751 331308
65700 6623 325166 6759 331834
65800 6625 325636 6767 332364
65900 6637 326201 6773 332799
66000 6640 326665 6783 333335
66100 6648 327113 6791 333887
66200 6660 327665 6795 334335
66300 6668 328190 6808 334810
66400 6673 328674 6813 335326
66500 6683 329190 6822 335810
66600 6690 329732 6828 336268
66700 6707 330157 6833 336843
66800 6717 330614 6839 337386
66900 6726 331074 6842 337926
67000 6733 331510 6849 338490
67100 6750 332078 6866 338922
67200 6756 332536 6869 339464
67300 6763 333085 6881 339915
67400 6776 333591 6889 340409
67500 6792 334094 6897 340906
67600 6796 334535 6902 341465
67700 6806 334980 6914 342020
67800 6811 335418 6924 342582
67900 6817 335930 6933 343070
68000 6822 336407 6940 343593
68100 6839 336859 6945 344141
68200 6850 337356 6963 344644
68300 6856 337835 6972 345165
68400 6870 338316 6983 345684
68500 6876 338732 6990 346268
68600 6893 339261 6999 346739
68700 6899 339879 7008 347121
68800 6911 340306 7019 347694
68900 6926 340836 7027 348164
69000 6932 341294 7033 348706
69100 6941 341790 7039 349210
69200 6949 342293 7048 349707
69300 6958 342699 7053 350301
69400 6963 343257 7065 350743
69500 6977 343711 7078 351289
69600 6987 344189 7092 351811
69700 6996 344662 7103 352338
69800 7001 345196 7110 352804
69900 7010 345703 7116 353297
70000 7023 346256 7129 353744
70100 7034 346708 7135 354292
70200 7039 347213 7143 354787
70300 7052 347716 7147 355284
70400 7055 348221 7153 355779
70500 7059 348684 7160 356316
70600 7072 349150 7175 356850
70700 7081 349620 7181 357380
70800 7087 350142 7189 357858
70900 7097 350721 7196 358279
71000 7116 351206 7205 358794
71100 7129 351680 7215 359320
71200 7136 352227 7224 359773
71300 7139 352751 7235 360249
71400 7149 353258 7245 360742
71500 7160 353647 7251 361353
71600 7174 354120 7261 361880
71700 7180 354622 7266 362378
71800 7187 355056 7277 362944
71900 7193 355566 7284 363434
72000 7200 355974 7294 364026
72100 7211 356439 7307 364561
72200 7221 356901 7318 365099
72300 7229 357420 7328 365580
72400 7237 357894 7336 366106
72500 7249 358437 7339 366563
72600 7262 358967 7350 367033
72700 7270 359539 7362 367461
72800 7273 360094 7367 367906
72900 7278 360566 7373 368434
73000 7289 361014 7381 368986
73100 7299 361531 7396 369469
73200 7310 362081 7414 369919
73300 7319 362497 7423 370503
73400 7327 363004 7432 370996
73500 7333 363498 7443 371502
73600 7342 364023 7450 371977
73700 7349 364535 7456 372465
73800 7359 364934 7469 373066
73900 7367 365447 7476 373553
74000 7373 365897 7486 374103
74100 7377 366389 7494 374611
74200 7387 366937 7502 375063
74300 7392 367411 7512 375589
74400 7400 367932 7526 376068
74500 7410 368415 7537 376585
74600 7416 368813 7550 377187
74700 7423 369420 7563 377580
74800 7427 370009 7568 377991
74900 7433 370557 7584 378443
75000 7439 371087 7589 378913
75100 7452 371594 7596 379406
75200 7467 372124 7603 379876
75300 7476 372581 7613 380419
75400 7485 373136 7623 380864
75500 7492 373618 7635 381382
75600 7499 373984 7643 382016
75700 7512 374491 7651 382509
75800 7519 374975 7658 383025
75900 7531 375354 7666 383646
76000 7534 375858 7672 384142
76100 7544 376372 7678 384628
76200 7559 376889 7685 385111
76300 7568 377351 7701 385649
76400 7575 377769 7709 386231
76500 7592 378281 7718 386719
76600 7600 378842 7723 387158
76700 7616 379172 7736 387828
76800 7629 379670 7741 388330
76900 7641 380184 7754 388816
77000 7646 380738 7773 389262
77100 7656 381270 7786 389730
77200 7669 381740 7796 390260
77300 7677 382195 7804 390805
77400 7686 382718 7817 391282
77500 7696 383199 7824 391801
77600 7707 383683 7833 392317
77700 7723 384204 7841 392796
77800 7731 384694 7849 393306
77900 7741 385261 7855 393739
78000 7748 385768 7865 394232
78100 7760 386253 7875 394747
78200 7771 386700 7892 395300
78300 7787 387221 7898 395779
78400 7795 387704 7910 396296
78500 7802 388167 7916 396833
78600 7814 388711 7924 397289
78700 7834 389240 7936 397760
78800 7843 389826 7946 398174
78900 7848 390308 7951 398692
79000 7856 390825 7959 399175
79100 7865 391412 7971 399588
79200 7870 391915 7984 400085
79300 7873 392345 7989 400655
79400 7881 392883 8002 401117
79500 7898 393392 8014 401608
79600 7907 393920 8019 402080
79700 7921 394412 8029 402588
79800 7933 394880 8035 403120
79900 7939 395447 8045 403553
80000 7956 395887 8054 404113
80100 7961 396399 8061 404601
80200 7973 396993 8068 405007
80300 7979 397494 8078 405506
80400 7995 397935 8088 406065
80500 8004 398422 8104 406578
80600 8013 398901 8109 407099
80700 8021 399384 8125 407616
80800 8030 399907 8131 408093
80900 8038 400404 8140 408596
81000 8044 400924 8149 409076
81100 8053 401505 8152 409495
81200 8061 402095 8153 409905
81300 8071 402649 8157 410351
81400 8082 403182 8171 410818
81500 8091 403614 8175 411386
81600 8105 404014 8187 411986
81700 8109 404475 8196 412525
81800 8118 405011 8205 412989
81900 8127 405510 8212 413490
82000 8138 405993 8217 414007
82100 8151 406461 8229 414539
82200 8157 407056 8240 414944
82300 8170 407631 8249 415369
82400 8179 408060 8258 415940
82500 8192 408533 8267 416467
82600 8202 409063 8277 416937
82700 8216 409493 8288 417507
82800 8229 409954 8296 418046
82900 8238 410494 8305 418506
83000 8246 410978 8313 419022
83100 8252 411425 8317 419575
83200 8259 411932 8326 420068
83300 8268 412447 8334 420553
83400 8279 413058 8344 420942
83500 8285 413539 8349 421461
83600 8296 414041 8359 421959
83700 8305 414590 8375 422410
83800 8313 415037 8388 422963
83900 8321 415486 8397 423514
84000 8329 416033 8401 423967
84100 8337 416465 8408 424535
84200 8346 417030 8413 424970
84300 8354 417547 8423 425453
84400 8356 418051 8429 425949
84500 8369 418550 8443 426450
84600 8383 419065 8447 426935
84700 8396 419455 8464 427545
84800 8406 419907 8480 428093
84900 8415 420505 8492 428495
85000 8421 421011 8504 428989
85100 8428 421514 8511 429486
85200 8443 422024 8523 429976
85300 8456 422508 8531 430492
85400 8463 422988 8544 431012
85500 8474 423505 8551 431495
85600 8484 424033 8563 431967
85700 8489 424528 8574 432472
85800 8508 425027 8582 432973
85900 8520 425456 8587 433544
86000 8534 425892 8597 434108
86100 8540 426362 8606 434638
86200 8553 426945 8622 435055
86300 8559 427425 8626 435575
86400 8568 427904 8631 436096
86500 8580 428464 8643 436536
86600 8589 429021 8655 436979
86700 8596 429443 8660 437557
86800 8602 429939 8668 438061
86900 8615 430479 8683 438521
87000 8622 430942 8692 439058
87100 8629 431483 8706 439517
87200 8639 431998 8717 440002
87300 8647 432514 8723 440486
87400 8654 433088 8735 440912
87500 8662 433579 8745 441421
87600 8668 434045 8755 441955
87700 8682 434588 8770 442412
87800 8690 435068 8775 442932
87900 8702 435617 8780 443383
88000 8706 436126 8788 443874
88100 8714 436666 8799 444334
88200 8717 437169 8812 444831
88300 8722 437630 8819 445370
88400 8728 438147 8827 445853
88500 8731 438617 8838 446383
88600 8744 439128 8848 446872
88700 8758 439706 8854 447294
88800 8762 440236 8858 447764
88900 8766 440720 8867 448280
89000 8776 441290 8875 448710
89100 8783 441803 8881 449197
89200 8792 442245 8890 449755
89300 8803 442641 8899 450359
89400 8817 443082 8914 450918
89500 8823 443590 8920 451410
89600 8829 444084 8929 451916
89700 8837 444571 8938 452429
89800 8845 445020 8951 452980
89900 8855 445570 8964 453430
90000 8863 446016 8969 453984
90100 8870 446469 8979 454531
90200 8876 447023 8987 454977
90300 8887 447489 8990 455511
90400 8899 448008 9003 455992
90500 8910 448594 9014 456406
90600 8914 449170 9019 456830
90700 8919 449677 9036 457323
90800 8927 450181 9044 457819
90900 8935 450691 9049 458309
91000 8941 451220 9060 458780
91100 8953 451709 9072 459291
91200 8960 452224 9076 459776
91300 8969 452686 9083 460314
91400 8979 453236 9090 460764
91500 8986 453811 9100 461189
91600 9000 454356 9107 461644
91700 9013 454909 9118 462091
91800 9020 455440 9124 462560
91900 9033 455943 9130 463057
92000 9036 456485 9134 463515
92100 9045 457023 9146 463977
92200 9057 457494 9159 464506
92300 9065 458004 9172 464996
92400 9078 458493 9186 465507
92500 9086 459048 9195 465952
92600 9101 459521 9203 466479
92700 9110 459972 9214 467028
92800 9117 460369 9218 467631
92900 9130 460805 9230 468195
93000 9145 461345 9240 468655
93100 9160 461821 9251 469179
93200 9170 462413 9258 469587
93300 9176 462988 9264 470012
93400 9191 463554 9275 470446
93500 9199 464096 9285 470904
93600 9208 464658 9293 471342
93700 9214 465066 9300 471934
93800 9224 465600 9308 472400
93900 9233 466113 9316 472887
94000 9245 466578 9328 473422
94100 9254 467136 9332 473864
94200 9264 467618 9337 474382
94300 9273 468139 9350 474861
94400 9284 468596 9358 475404
94500 9298 469067 9372 475933
94600 9307 469585 9378 476415
94700 9312 470162 9386 476838
94800 9325 470630 9403 477370
94900 9343 471061 9413 477939
95000 9347 471455 9420 478545
95100 9350 471882 9431 479118
95200 9354 472338 9444 479662
95300 9362 472842 9452 480158
95400 9371 473264 9463 480736
95500 9379 473774 9474 481226
95600 9391 474229 9483 481771
95700 9401 474752 9495 482248
95800 9404 475252 9501 482748
95900 9410 475632 9507 483368
96000 9418 476136 9523 483864
96100 9427 476727 9539 484273
96200 9435 477231 9549 484769
96300 9449 477714 9564 485286
96400 9457 478259 9576 485741
96500 9466 478683 9585 486317
96600 9475 479178 9594 486822
96700 9477 479663 9600 487337
96800 9488 480144 9610 487856
96900 9495 480603 9620 488397
97000 9507 481154 9629 488846
97100 9518 481724 9636 489276
97200 9534 482164 9651 489836
97300 9545 482666 9654 490334
97400 9556 483155 9671 490845
97500 9568 483638 9681 491362
97600 9572 484052 9688 491948
97700 9581 484554 9703 492446
97800 9586 485121 9712 492879
97900 9594 485663 9715 493337
98000 9600 486160 9728 493840
98100 9603 486718 9734 494282
98200 9615 487246 9748 494754
98300 9623 487854 9754 495146
98400 9635 488357 9759 495643
98500 9648 488880 9767 496120
98600 9658 489431 9775 496569
98700 9669 489913 9791 497087
98800 9681 490440 9802 497560
98900 9696 490891 9810 498109
99000 9702 491317 9825 498683
99100 9722 491840 9830 499160
99200 9734 492303 9837 499697
99300 9745 492776 9847 500224
99400 9751 493225 9856 500775
99500 9765 493734 9870 501266
99600 9784 494213 9882 501787
99700 9790 494763 9894 502237
99800 9800 495232 9904 502768
99900 9809 495715 9915 503285
100000 9818 496292 9927 503708
100100 9823 496718 9936 504282
100200 9835 497193 9951 504807
100300 9840 497662 9959 505338
100400 9848 498034 9968 505966
100500 9859 498526 9978 506474
100600 9867 499037 9989 506963
100700 9875 499481 10001 507519
100800 9886 499887 10019 508113
100900 9898 500344 10028 508656
101000 9912 500772 10044 509228
101100 9920 501241 10052 509759
101200 9929 501744 10060 510256
101300 9941 502293 10073 510707
101400 9950 502865 10084 511135
101500 9962 503455 10094 511545
101600 9974 504011 10106 511989
101700 9980 504494 10109 512506
101800 9996 504965 10119 513035
101900 10006 505432 10125 513568
102000 10014 505896 10132 514104
102100 10020 506364 10140 514636
102200 10026 506857 10149 515143
102300 10036 507402 10156 515598
102400 10047 507934 10167 516066
102500 10054 508440 10179 516560
102600 10061 508903 10189 517097
102700 10069 509446 10196 517554
102800 10076 510019 10205 517981
102900 10086 510588 10218 518412
103000 10095 511067 10233 518933
103100 10107 511560 10239 519440
103200 10116 512040 10249 519960
103300 10124 512482 10258 520518
103400 10134 513015 10272 520985
103500 10141 513492 10277 521508
103600 10156 514088 10289 521912
103700 10158 514561 10296 522439
103800 10164 515056 10300 522944
103900 10168 515538 10310 523462
104000 10181 516053 10314 523947
104100 10185 516594 10320 524406
104200 10200 517126 10328 524874
104300 10206 517591 10337 525409
104400 10210 518098 10346 525902
104500 10224 518562 10354 526438
104600 10234 519052 10361 526948
104700 10249 519565 10371 527435
104800 10260 520067 10378 527933
104900 10267 520599 10386 528401
105000 10275 521190 10394 528810
105100 10283 521683 10404 529317
105200 10293 522095 10421 529905
105300 10300 522552 10431 530448
105400 10312 523054 10443 530946
105500 10320 523469 10449 531531
105600 10334 524013 10458 531987
105700 10343 524495 10464 532505
105800 10350 525035 10469 532965
105900 10359 525551 10476 533449
106000 10368 526043 10488 533957
106100 10380 526548 10493 534452
106200 10383 527031 10501 534969
106300 10389 527504 10513 535496
106400 10398 528009 10518 535991
106500 10409 528561 10531 536439
106600 10418 529129 10541 536871
106700 10423 529566 10553 537434
106800 10436 530115 10559 537885
106900 10444 530682 10570 538318
107000 10454 531201 10580 538799
107100 10469 531762 10585 539238
107200 10477 532314 10594 539686
107300 10490 532771 10603 540229
107400 10501 533311 10619 540689
107500 10508 533686 10627 541314
107600 10521 534163 10645 541837
107700 10530 534628 10649 542372
107800 10538 535163 10658 542837
107900 10555 535752 10671 543248
108000 10569 536295 10681 543705
108100 10579 536718 10690 544282
108200 10589 537136 10696 544864
108300 10597 537594 10711 545406
108400 10598 538104 10718 545896
108500 10613 538580 10727 546420
108600 10622 539036 10741 546964
108700 10629 539515 10751 547485
108800 10635 540038 10756 547962
108900 10645 540441 10765 548559
109000 10656 540934 10771 549066
109100 10660 541434 10783 549566
109200 10674 541878 10793 550122
109300 10683 542336 10800 550664
109400 10688 542810 10809 551190
109500 10699 543342 10815 551658
109600 10710 543828 10824 552172
109700 10717 544320 10835 552680
109800 10728 544799 10847 553201
109900 10740 545249 10856 553751
110000 10747 545709 10859 554291
110100 10758 546160 10861 554840
110200 10765 546646 10868 555354
110300 10770 547105 10877 555895
110400 10773 547686 10883 556314
110500 10783 548223 10904 556777
110600 10788 548624 10910 557376
110700 10791 549070 10914 557930
110800 10802 549504 10920 558496
110900 10810 549917 10927 559083
111000 10817 550375 10938 559625
111100 10827 550907 10948 560093
111200 10832 551408 10955 560592
111300 10840 551887 10966 561113
111400 10843 552385 10973 561615
111500 10854 552894 10981 562106
111600 10862 553384 10987 562616
111700 10873 553839 11001 563161
111800 10884 554309 11010 563691
111900 10900 554753 11018 564247
112000 10909 555293 11023 564707
112100 10917 555753 11032 565247
112200 10932 556209 11043 565791
112300 10941 556628 11054 566372
112400 10949 557130 11062 566870
112500 10958 557579 11064 567421
112600 10969 558120 11082 567880
112700 10982 558620 11088 568380
112800 10986 559026 11095 568974
112900 10993 559577 11110 569423
113000 11004 560038 11121 569962
113100 11014 560483 11129 570517
113200 11019 560969 11139 571031
113300 11027 561438 11146 571562
113400 11035 561954 11155 572046
113500 11046 562459 11168 572541
113600 11057 562995 11178 573005
113700 11068 563569 11187 573431
113800 11075 564059 11195 573941
113900 11086 564542 11207 574458
114000 11099 565013 11215 574987
114100 11108 565499 11224 575501
114200 11116 565995 11230 576005
114300 11127 566451 11249 576549
114400 11137 566946 11260 577054
114500 11150 567461 11271 577539
114600 11159 567854 11280 578146
114700 11164 568345 11289 578655
114800 11172 568847 11295 579153
114900 11176 569345 11304 579655
115000 11184 569857 11315 580143
115100 11192 570350 11323 580650
115200 11203 570835 11332 581165
115300 11208 571289 11341 581711
115400 11225 571748 11356 582252
115500 11234 572202 11373 582798
115600 11251 572642 11383 583358
115700 11266 573102 11391 583898
115800 11276 573621 11400 584379
115900 11295 574180 11409 584820
116000 11305 574709 11419 585291
116100 11317 575209 11430 585791
116200 11319 575704 11439 586296
116300 11332 576226 11456 586774
116400 11337 576663 11460 587337
116500 11348 577101 11463 587899
116600 11357 577624 11473 588376
116700 11377 578065 11486 588935
116800 11387 578503 11496 589497
116900 11397 578948 11502 590052
117000 11404 579433 11518 590567
117100 11411 579992 11525 591008
117200 11424 580519 11531 591481
117300 11435 581016 11541 591984
117400 11439 581499 11553 592501
117500 11450 581966 11558 593034
117600 11459 582496 11562 593504
117700 11471 582970 11570 594030
117800 11478 583502 11577 594498
117900 11487 583969 11590 595031
118000 11504 584422 11600 595578
118100 11508 584917 11603 596083
118200 11516 585403 11610 596597
118300 11524 585902 11621 597098
118400 11531 586329 11631 597671
118500 11540 586788 11639 598212
118600 11550 587233 11654 598767
118700 11554 587709 11668 599291
118800 11559 588122 11677 599878
118900 11569 588631 11695 600369
119000 11576 589121 11706 600879
119100 11578 589590 11715 601410
119200 11588 590056 11720 601944
119300 11601 590505 11732 602495
119400 11608 590972 11740 603028
119500 11611 591427 11746 603573
119600 11627 591951 11763 604049
119700 11636 592437 11772 604563
119800 11642 592993 11781 605007
119900 11655 593453 11792 605547
120000 11670 594060 11800 605940
120100 11678 594539 11810 606461
120200 11692 595105 11820 606895
120300 11697 595648 11824 607352
120400 11702 596190 11831 607810
120500 11706 596798 11838 608202
120600 11721 597349 11853 608651
120700 11731 597790 11862 609210
120800 11745 598376 11872 609624
120900 11764 598950 11891 610050
121000 11779 599451 11898 610549
121100 11792 599960 11907 611040
121200 11800 600418 11923 611582
121300 11810 600915 11930 612085
121400 11818 601360 11935 612640
121500 11828 601902 11944 613098
121600 11842 602353 11963 613647
121700 11851 602809 11970 614191
121800 11858 603328 11980 614672
121900 11872 603807 11991 615193
122000 11884 604268 12004 615732
122100 11899 604770 12015 616230
122200 11910 605309 12024 616691
122300 11920 605801 12036 617199
122400 11929 606389 12042 617611
122500 11938 606925 12053 618075
122600 11946 607349 12070 618651
122700 11952 607873 12073 619127
122800 11962 608394 12081 619606
122900 11972 608827 12090 620173
123000 11985 609280 12099 620720
123100 11999 609836 12103 621164
123200 12011 610386 12108 621614
123300 12025 610953 12117 622047
123400 12033 611469 12128 622531
123500 12041 612089 12138 622911
123600 12054 612599 12148 623401
123700 12065 613180 12157 623820
123800 12069 613771 12166 624229
123900 12075 614309 12177 624691
124000 12082 614793 12185 625207
124100 12089 615330 12191 625670
124200 12104 615762 12199 626238
124300 12118 616235 12217 626765
124400 12130 616736 12229 627264
124500 12139 617205 12241 627795
124600 12153 617672 12250 628328
124700 12166 618156 12261 628844
124800 12173 618657 12268 629343
124900 12185 619166 12274 629834
125000 12191 619649 12287 630351
125100 12199 620140 12294 630860
125200 12212 620631 12301 631369
125300 12220 621134 12317 631866
125400 12236 621616 12332 632384
125500 12240 622103 12341 632897
125600 12254 622635 12350 633365
125700 12266 623120 12362 633880
125800 12279 623646 12371 634354
125900 12284 624121 12381 634879
126000 12290 624616 12388 635384
126100 12308 625080 12402 635920
126200 12320 625577 12411 636423
126300 12327 626123 12417 636877
126400 12333 626604 12424 637396
126500 12351 627126 12433 637874
126600 12359 627621 12439 638379
126700 12365 628162 12444 638838
126800 12372 628737 12449 639263
126900 12381 629290 12458 639710
127000 12388 629830 12467 640170
127100 12402 630299 12474 640701
127200 12407 630773 12486 641227
127300 12421 631303 12496 641697
127400 12424 631741 12508 642259
127500 12432 632314 12518 642686
127600 12445 632816 12523 643184
127700 12448 633277 12530 643723
127800 12457 633867 12538 644133
127900 12467 634362 12544 644638
128000 12470 634865 12549 645135
128100 12482 635394 12564 645606
128200 12491 635892 12574 646108
128300 12500 636418 12582 646582
128400 12511 637032 12596 646968
128500 12523 637633 12609 647367
128600 12536 638137 12620 647863
128700 12546 638700 12630 648300
128800 12554 639166 12647 648834
128900 12559 639621 12654 649379
129000 12570 640187 12664 649813
129100 12577 640764 12671 650236
129200 12592 641187 12680 650813
129300 12604 641668 12692 651332
129400 12616 642239 12699 651761
129500 12624 642802 12712 652198
129600 12641 643325 12725 652675
129700 12651 643838 12746 653162
129800 12669 644245 12758 653755
129900 12674 644748 12765 654252
130000 12680 645235 12773 654765
130100 12686 645731 12790 655269
130200 12695 646251 12799 655749
130300 12698 646799 12807 656201
130400 12702 647312 12815 656688
130500 12710 647836 12820 657164
130600 12719 648356 12829 657644
130700 12732 648815 12842 658185
130800 12747 649421 12854 658579
130900 12754 649967 12861 659033
131000 12764 650423 12872 659577
131100 12773 650882 12880 660118
131200 12781 651361 12899 660639
131300 12792 651914 12915 661086
131400 12797 652350 12925 661650
131500 12801 652865 12937 662135
131600 12805 653361 12948 662639
131700 12821 653864 12955 663136
131800 12830 654411 12967 663589
131900 12840 654964 12975 664036
132000 12844 655468 12981 664532
132100 12861 655945 12993 665055
132200 12874 656424 12999 665576
132300 12883 656948 13013 666052
132400 12893 657610 13020 666390
132500 12899 658143 13028 666857
132600 12914 658672 13040 667328
132700 12916 659171 13049 667829
132800 12927 659772 13064 668228
132900 12933 660246 13075 668754
133000 12940 660723 13082 669277
133100 12954 661147 13088 669853
133200 12964 661706 13092 670294
133300 12974 662236 13104 670764
133400 12980 662716 13112 671284
133500 12984 663241 13119 671759
133600 12990 663780 13134 672220
133700 12997 664276 13142 672724
133800 13005 664808 13149 673192
133900 13011 665231 13161 673769
134000 13022 665761 13169 674239
134100 13029 666259 13180 674741
134200 13040 666667 13192 675333
134300 13048 667174 13199 675826
134400 13061 667635 13213 676365
134500 13071 668252 13219 676748
134600 13079 668751 13228 677249
134700 13085 669298 13232 677702
134800 13094 669805 13237 678195
134900 13099 670303 13243 678697
135000 13110 670816 13254 679184
135100 13118 671284 13263 679716
135200 13129 671795 13270 680205
135300 13143 672281 13283 680719
135400 13150 672835 13295 681165
135500 13160 673257 13308 681743
135600 13166 673756 13314 682244
135700 13176 674201 13321 682799
135800 13186 674610 13332 683390
135900 13192 675086 13336 683914
136000 13198 675632 13345 684368
136100 13207 676117 13360 684883
136200 13216 676599 13369 685401
136300 13227 677045 13375 685955
136400 13240 677636 13388 686364
136500 13249 678122 13398 686878
136600 13261 678649 13412 687351
136700 13272 679194 13425 687806
136800 13277 679698 13436 688302
136900 13286 680166 13448 688834
137000 13292 680566 13461 689434
137100 13303 680932 13472 690068
137200 13313 681469 13482 690531
137300 13318 682018 13486 690982
137400 13322 682544 13494 691456
137500 13333 683065 13508 691935
137600 13337 683576 13519 692424
137700 13342 684095 13533 692905
137800 13354 684616 13544 693384
137900 13362 685128 13553 693872
138000 13375 685673 13559 694327
138100 13393 686155 13570 694845
138200 13405 686699 13578 695301
138300 13408 687178 13586 695822
138400 13418 687723 13591 696277
138500 13425 688237 13599 696763
138600 13430 688775 13607 697225
138700 13438 689333 13614 697667
138800 13449 689793 13623 698207
138900 13461 690217 13635 698783
139000 13464 690729 13645 699271
139100 13472 691214 13649 699786
139200 13478 691698 13658 700302
139300 13486 692290 13672 700710
139400 13494 692746 13682 701254
139500 13497 693171 13691 701829
139600 13506 693703 13697 702297
139700 13517 694196 13704 702804
139800 13527 694699 13709 703301
139900 13534 695195 13724 703805
140000 13538 695648 13726 704352
140100 13545 696158 13737 704842
140200 13562 696640 13745 705360
140300 13571 697163 13754 705837
140400 13576 697624 13762 706376
140500 13589 698081 13772 706919
140600 13596 698591 13779 707409
140700 13607 699082 13795 707918
140800 13627 699637 13823 708363
140900 13638 700097 13836 708903
141000 13649 700494 13847 709506
141100 13660 701042 13856 709958
141200 13669 701555 13860 710445
141300 13673 702015 13872 710985
141400 13680 702631 13890 711369
141500 13697 703177 13897 711823
141600 13703 703700 13911 712300
141700 13717 704239 13919 712761
141800 13727 704685 13924 713315
141900 13736 705204 13934 713796
142000 13741 705753 13943 714247
142100 13757 706302 13951 714698
142200 13766 706836 13965 715164
142300 13771 707258 13974 715742
142400 13776 707796 13984 716204
142500 13783 708360 13993 716640
142600 13793 708877 14009 717123
142700 13804 709324 14019 717676
142800 13811 709800 14031 718200
142900 13823 710307 14042 718693
143000 13831 710846 14050 719154
143100 13839 711383 14068 719617
143200 13847 711828 14077 720172
143300 13864 712373 14086 720627
143400 13874 712898 14093 721102
143500 13883 713330 14103 721670
143600 13889 713716 14114 722284
143700 13896 714207 14118 722793
143800 13908 714717 14124 723283
143900 13912 715210 14137 723790
144000 13926 715756 14151 724244
144100 13931 716274 14161 724726
144200 13935 716794 14168 725206
144300 13940 717420 14177 725580
144400 13950 717969 14187 726031
144500 13957 718477 14195 726523
144600 13961 719022 14206 726978
144700 13969 719520 14216 727480
144800 13979 720077 14224 727923
144900 13986 720657 14232 728343
145000 13998 721266 14244 728734
145100 14008 721662 14250 729338
145200 14014 722085 14256 729915
145300 14024 722593 14266 730407
145400 14040 723118 14276 730882
145500 14044 723602 14279 731398
145600 14053 724023 14284 731977
145700 14057 724600 14289 732400
145800 14060 725093 14298 732907
145900 14070 725577 14302 733423
146000 14079 726059 14309 733941
146100 14086 726525 14317 734475
146200 14096 727055 14327 734945
146300 14103 727503 14333 735497
146400 14119 728044 14342 735956
146500 14125 728545 14349 736455
146600 14139 729004 14355 736996
146700 14143 729568 14360 737432
146800 14153 730149 14367 737851
146900 14163 730627 14379 738373
147000 14177 731062 14383 738938
147100 14189 731632 14388 739368
147200 14199 732137 14400 739863
147300 14208 732589 14413 740411
147400 14213 733127 14419 740873
147500 14223 733558 14427 741442
147600 14239 734099 14433 741901
147700 14246 734567 14435 742433
147800 14256 735086 14443 742914
147900 14268 735602 14455 743398
148000 14273 736114 14465 743886
148100 14281 736537 14474 744463
148200 14287 736994 14485 745006
148300 14296 737526 14496 745474
148400 14304 737992 14505 746008
148500 14316 738413 14516 746587
148600 14326 738901 14523 747099
148700 14337 739407 14530 747593
148800 14350 739967 14540 748033
148900 14359 740327 14545 748673
149000 14366 740794 14556 749206
149100 14371 741319 14561 749681
149200 14380 741829 14572 750171
149300 14386 742279 14583 750721
149400 14389 742873 14593 751127
149500 14399 743482 14601 751518
149600 14413 743997 14613 752003
149700 14422 744473 14617 752527
149800 14430 745009 14628 752991
149900 14434 745644 14637 753356
150000 14443 746094 14645 753906
150100 14449 746703 14659 754297
150200 14460 747187 14670 754813
150300 14468 747658 14681 755342
150400 14481 748190 14694 755810
150500 14486 748703 14708 756297
150600 14497 749068 14715 756932
150700 14503 749560 14725 757440
150800 14513 749990 14739 758010
150900 14521 750509 14747 758491
151000 14534 751052 14752 758948
151100 14541 751644 14763 759356
151200 14551 752160 14771 759840
151300 14559 752688 14779 760312
151400 14566 753180 14785 760820
151500 14570 753676 14788 761324
151600 14575 754141 14796 761859
151700 14581 754625 14804 762375
151800 14589 755110 14817 762890
151900 14599 755614 14827 763386
152000 14607 756037 14836 763963
152100 14617 756535 14851 764465
152200 14623 757127 14857 764873
152300 14631 757739 14867 765261
152400 14643 758220 14876 765780
152500 14653 758707 14880 766293
152600 14662 759187 14881 766813
152700 14673 759715 14892 767285
152800 14676 760181 14897 767819
152900 14683 760660 14907 768340
153000 14693 761213 14917 768787
153100 14700 761778 14925 769222
153200 14714 762332 14934 769668
153300 14723 762765 14945 770235
153400 14736 763276 14954 770724
153500 14744 763809 14968 771191
153600 14756 764367 14984 771633
153700 14766 764836 14998 772164
153800 14773 765277 15001 772723
153900 14783 765743 15009 773257
154000 14795 766252 15015 773748
154100 14803 766649 15021 774351
154200 14811 767207 15029 774793
154300 14817 767781 15038 775219
154400 14827 768257 15048 775743
154500 14830 768760 15053 776240
154600 14835 769256 15062 776744
154700 14845 769731 15071 777269
154800 14853 770195 15080 777805
154900 14869 770679 15089 778321
155000 14878 771142 15097 778858
155100 14889 771565 15107 779435
155200 14896 772084 15115 779916
155300 14900 772581 15123 780419
155400 14904 773035 15132 780965
155500 14906 773562 15141 781438
155600 14912 774102 15146 781898
155700 14915 774651 15150 782349
155800 14920 775108 15159 782892
155900 14926 775583 15171 783417
156000 14935 776043 15186 783957
156100 14945 776533 15192 784467
156200 14950 776999 15197 785001
156300 14956 777470 15205 785530
156400 14967 777919 15222 786081
156500 14975 778374 15232 786626
156600 14984 778826 15245 787174
156700 14995 779287 15252 787713
156800 15007 779785 15257 788215
156900 15015 780207 15262 788793
157000 15020 780695 15268 789305
157100 15027 781100 15278 789900
157200 15037 781509 15293 790491
157300 15045 781941 15306 791059
157400 15054 782465 15315 791535
157500 15064 782946 15322 792054
157600 15075 783467 15334 792533
157700 15084 783969 15343 793031
157800 15094 784489 15348 793511
157900 15103 785002 15357 793998
158000 15109 785589 15366 794411
158100 15118 786089 15370 794911
158200 15124 786567 15380 795433
158300 15131 787128 15387 795872
158400 15142 787661 15401 796339
158500 15152 788174 15407 796826
158600 15162 788754 15420 797246
158700 15168 789226 15427 797774
158800 15180 789716 15435 798284
158900 15188 790276 15444 798724
159000 15200 790810 15448 799190
159100 15205 791318 15456 799682
159200 15211 791816 15463 800184
159300 15221 792407 15469 800593
159400 15231 792968 15474 801032
159500 15238 793465 15482 801535
159600 15257 793987 15492 802013
159700 15272 794490 15503 802510
159800 15274 795016 15511 802984
159900 15291 795498 15520 803502
160000 15299 795995 15533 804005
160100 15307 796510 15538 804490
160200 15322 797088 15549 804912
160300 15325 797538 15556 805462
160400 15329 798062 15561 805938
160500 15335 798558 15566 806442
160600 15342 799011 15574 806989
160700 15354 799510 15590 807490
160800 15362 799937 15602 808063
160900 15375 800565 15620 808435
161000 15381 801102 15627 808898
161100 15385 801532 15633 809468
161200 15396 802028 15638 809972
161300 15400 802550 15648 810450
161400 15413 803081 15660 810919
161500 15421 803633 15666 811367
161600 15429 804099 15678 811901
161700 15439 804660 15684 812340
161800 15447 805147 15696 812853
161900 15456 805671 15704 813329
162000 15466 806142 15712 813858
162100 15481 806649 15721 814351
162200 15491 807143 15731 814857
162300 15501 807659 15746 815341
162400 15509 808237 15748 815763
162500 15516 808812 15753 816188
162600 15526 809296 15760 816704
162700 15541 809877 15769 817123
162800 15548 810468 15777 817532
162900 15558 810975 15785 818025
163000 15570 811540 15794 818460
163100 15581 812013 15812 818987
163200 15590 812528 15818 819472
163300 15605 812955 15835 820045
163400 15618 813422 15851 820578
163500 15624 813940 15855 821060
163600 15631 814487 15868 821513
163700 15640 815027 15878 821973
163800 15650 815535 15894 822465
163900 15657 816010 15902 822990
164000 15666 816510 15909 823490
164100 15673 817008 15919 823992
164200 15680 817405 15923 824595
164300 15693 817865 15937 825135
164400 15701 818324 15949 825676
164500 15706 818984 15962 826016
164600 15719 819536 15966 826464
164700 15726 819994 15973 827006
164800 15737 820566 15987 827434
164900 15748 821144 16003 827856
165000 15760 821619 16009 828381
165100 15767 822135 16027 828865
165200 15776 822651 16027 829349
165300 15793 823169 16038 829831
165400 15804 823652 16048 830348
165500 15821 824147 16062 830853
165600 15837 824650 16074 831350
165700 15843 825267 16088 831733
165800 15853 825704 16101 832296
165900 15863 826188 16110 832812
166000 15872 826653 16120 833347
166100 15879 827055 16126 833945
166200 15893 827491 16138 834509
166300 15898 827987 16147 835013
166400 15905 828483 16160 835517
166500 15918 828936 16172 836064
166600 15930 829471 16178 836529
166700 15944 829956 16187 837044
166800 15950 830522 16188 837478
166900 15959 831078 16199 837922
167000 15964 831574 16209 838426
167100 15972 832076 16216 838924
167200 15979 832669 16226 839331
167300 15986 833239 16234 839761
167400 15999 833811 16242 840189
167500 16008 834245 16250 840755
167600 16014 834832 16258 841168
167700 16021 835309 16261 841691
167800 16031 835724 16271 842276
167900 16039 836276 16283 842724
168000 16048 836797 16292 843203
168100 16062 837298 16301 843702
168200 16073 837812 16309 844188
168300 16081 838284 16323 844716
168400 16091 838910 16329 845090
168500 16106 839403 16341 845597
168600 16120 839994 16350 846006
168700 16131 840491 16363 846509
168800 16144 840991 16377 847009
168900 16152 841477 16384 847523
169000 16156 842035 16394 847965
169100 16162 842591 16405 848409
169200 16168 843148 16409 848852
169300 16178 843651 16421 849349
169400 16188 844120 16430 849880
169500 16198 844633 16444 850367
169600 16207 845088 16448 850912
169700 16217 845556 16455 851444
169800 16229 845997 16464 852003
169900 16238 846435 16471 852565
170000 16248 846925 16479 853075
170100 16253 847385 16486 853615
170200 16260 847920 16493 854080
170300 16266 848483 16504 854517
170400 16273 848932 16521 855068
170500 16281 849410 16532 855590
170600 16288 849935 16539 856065
170700 16298 850430 16553 856570
170800 16307 850878 16556 857122
170900 16319 851387 16572 857613
171000 16322 851892 16581 858108
171100 16332 852427 16590 858573
171200 16337 852832 16600 859168
171300 16346 853287 16606 859713
171400 16358 853720 16619 860280
171500 16367 854156 16628 860844
171600 16378 854595 16637 861405
171700 16385 855095 16644 861905
171800 16394 855557 16658 862443
171900 16409 855965 16672 863035
172000 16419 856409 16684 863591
172100 16427 856896 16695 864104
172200 16433 857397 16703 864603
172300 16446 857882 16714 865118
172400 16457 858306 16720 865694
172500 16470 858858 16728 866142
172600 16474 859398 16738 866602
172700 16489 859877 16747 867123
172800 16503 860358 16758 867642
172900 16510 860897 16765 868103
173000 16516 861403 16773 868597
173100 16524 861907 16791 869093
173200 16534 862469 16801 869531
173300 16542 862976 16813 870024
173400 16552 863385 16824 870615
173500 16561 863919 16842 871081
173600 16575 864344 16848 871656
173700 16582 864872 16864 872128
173800 16594 865401 16873 872599
173900 16601 865904 16883 873096
174000 16611 866312 16892 873688
174100 16623 866749 16909 874251
174200 16629 867210 16923 874790
174300 16636 867705 16930 875295
174400 16647 868238 16935 875762
174500 16656 868714 16950 876286
174600 16667 869202 16961 876798
174700 16679 869776 16970 877224
174800 16689 870327 16977 877673
174900 16698 870894 16984 878106
175000 16708 871341 17004 878659
175100 16716 871840 17013 879160
175200 16723 872282 17022 879718
175300 16731 872767 17030 880233
175400 16739 873187 17035 880813
175500 16747 873712 17043 881288
175600 16755 874156 17048 881844
175700 16763 874676 17054 882324
175800 16777 875302 17062 882698
175900 16783 875781 17070 883219
176000 16794 876193 17083 883807
176100 16799 876806 17087 884194
176200 16806 877327 17090 884673
176300 16819 877782 17097 885218
176400 16829 878275 17109 885725
176500 16840 878823 17124 886177
176600 16853 879302 17133 886698
176700 16862 879784 17144 887216
176800 16870 880258 17153 887742
176900 16883 880720 17170 888280
177000 16892 881231 17184 888769
177100 16900 881750 17190 889250
177200 16912 882226 17206 889774
177300 16926 882749 17217 890251
177400 16935 883159 17223 890841
177500 16942 883695 17235 891305
177600 16951 884214 17245 891786
177700 16959 884667 17252 892333
177800 16964 885135 17264 892865
177900 16976 885691 17278 893309
178000 16986 886231 17291 893769
178100 16994 886664 17304 894336
178200 17006 887160 17312 894840
178300 17014 887729 17325 895271
178400 17024 888215 17332 895785
178500 17038 888657 17348 896343
178600 17043 889163 17356 896837
178700 17050 889654 17369 897346
178800 17057 890142 17380 897858
178900 17060 890581 17389 898419
179000 17067 891055 17396 898945
179100 17080 891560 17414 899440
179200 17092 892070 17424 899930
179300 17100 892489 17431 900511
179400 17113 893019 17436 900981
179500 17123 893595 17446 901405
179600 17132 894074 17455 901926
179700 17142 894502 17465 902498
179800 17150 894989 17470 903011
179900 17164 895467 17476 903533
180000 17174 895977 17488 904023
180100 17182 896513 17492 904487
180200 17189 896982 17495 905018
180300 17206 897604 17510 905396
180400 17207 898132 17522 905868
180500 17216 898732 17526 906268
180600 17225 899216 17536 906784
180700 17236 899691 17546 907309
180800 17243 900198 17559 907802
180900 17257 900762 17570 908238
181000 17271 901292 17578 908708
181100 17275 901809 17587 909191
181200 17281 902338 17596 909662
181300 17292 902791 17602 910209
181400 17302 903350 17613 910650
181500 17325 903802 17633 911198
181600 17335 904267 17640 911733
181700 17342 904757 17649 912243
181800 17350 905214 17653 912786
181900 17358 905703 17669 913297
182000 17371 906194 17679 913806
182100 17379 906694 17691 914306
182200 17390 907188 17695 914812
182300 17399 907644 17705 915356
182400 17411 908093 17712 915907
182500 17421 908558 17717 916442
182600 17429 909102 17719 916898
182700 17436 909598 17726 917402
182800 17443 910053 17734 917947
182900 17453 910454 17742 918546
183000 17467 910947 17758 919053
183100 17477 911389 17770 919611
183200 17479 911801 17774 920199
183300 17488 912322 17783 920678
183400 17497 912857 17790 921143
183500 17504 913350 17798 921650
183600 17511 913830 17809 922170
183700 17519 914299 17820 922701
183800 17528 914834 17829 923166
183900 17538 915385 17839 923615
184000 17549 915917 17845 924083
184100 17560 916379 17853 924621
184200 17570 916934 17860 925066
184300 17580 917426 17870 925574
184400 17592 917987 17877 926013
184500 17598 918499 17883 926501
184600 17606 919066 17892 926934
184700 17614 919561 17904 927439
184800 17625 920061 17911 927939
184900 17634 920572 17925 928428
185000 17643 921065 17937 928935
185100 17654 921531 17946 929469
185200 17667 922021 17956 929979
185300 17681 922551 17968 930449
185400 17689 923076 17983 930924
185500 17701 923546 17994 931454
185600 17708 924020 18007 931980
185700 17719 924533 18014 932467
185800 17736 925073 18022 932927
185900 17739 925599 18028 933401
186000 17749 926054 18032 933946
186100 17750 926559 18037 934441
186200 17759 927092 18045 934908
186300 17764 927508 18051 935492
186400 17770 928005 18061 935995
186500 17783 928453 18071 936547
186600 17796 928945 18083 937055
186700 17802 929506 18089 937494
186800 17813 929993 18099 938007
186900 17821 930604 18109 938396
187000 17825 931167 18119 938833
187100 17837 931574 18126 939426
187200 17848 932107 18142 939893
187300 17853 932565 18147 940435
187400 17866 933057 18159 940943
187500 17872 933544 18166 941456
187600 17881 933972 18172 942028
187700 17889 934489 18180 942511
187800 17905 935068 18191 942932
187900 17911 935605 18199 943395
188000 17921 936062 18212 943938
188100 17925 936543 18220 944457
188200 17931 937067 18224 944933
188300 17937 937575 18235 945425
188400 17943 938082 18243 945918
188500 17956 938568 18252 946432
188600 17966 939066 18261 946934
188700 17975 939543 18270 947457
188800 17988 939996 18283 948004
188900 17994 940577 18289 948423
189000 18003 941076 18299 948924
189100 18011 941445 18306 949555
189200 18020 941920 18315 950080
189300 18024 942409 18321 950591
189400 18028 942961 18330 951039
189500 18031 943464 18346 951536
189600 18037 943921 18355 952079
189700 18043 944413 18363 952587
189800 18048 944795 18370 953205
189900 18054 945279 18374 953721
190000 18065 945741 18383 954259
190100 18079 946281 18394 954719
190200 18088 946736 18396 955264
190300 18100 947227 18407 955773
190400 18109 947755 18418 956245
190500 18122 948222 18424 956778
190600 18139 948707 18431 957293
190700 18148 949185 18441 957815
190800 18157 949707 18451 958293
190900 18161 950180 18457 958820
191000 18171 950650 18469 959350
191100 18178 951131 18476 959869
191200 18182 951706 18486 960294
191300 18188 952207 18492 960793
191400 18193 952743 18499 961257
191500 18202 953233 18510 961767
191600 18208 953657 18525 962343
191700 18222 954152 18541 962848
191800 18236 954709 18551 963291
191900 18248 955273 18557 963727
192000 18255 955775 18561 964225
192100 18261 956351 18569 964649
192200 18270 956858 18578 965142
192300 18281 957447 18587 965553
192400 18286 957890 18596 966110
192500 18299 958459 18603 966541
192600 18310 958952 18614 967048
192700 18322 959332 18625 967668
192800 18328 959796 18637 968204
192900 18334 960302 18646 968698
193000 18345 960836 18661 969164
193100 18352 961411 18667 969589
193200 18359 961899 18675 970101
193300 18368 962373 18685 970627
193400 18375 962908 18697 971092
193500 18388 963320 18709 971680
193600 18395 963786 18717 972214
193700 18401 964306 18724 972694
193800 18408 964824 18733 973176
193900 18422 965314 18738 973686
194000 18432 965959 18743 974041
194100 18442 966469 18754 974531
194200 18447 967018 18759 974982
194300 18457 967572 18767 975428
194400 18467 967996 18774 976004
194500 18473 968499 18780 976501
194600 18479 968921 18792 977079
194700 18485 969438 18802 977562
194800 18491 969950 18808 978050
194900 18508 970469 18815 978531
195000 18514 971016 18825 978984
195100 18523 971525 18838 979475
195200 18532 972042 18847 979958
195300 18541 972497 18856 980503
195400 18552 972992 18861 981008
195500 18566 973542 18881 981458
195600 18575 974057 18897 981943
195700 18582 974495 18905 982505
195800 18591 974998 18907 983002
195900 18600 975441 18914 983559
196000 18608 975926 18923 984074
196100 18610 976411 18938 984589
196200 18614 976919 18944 985081
196300 18623 977398 18953 985602
196400 18628 977830 18968 986170
196500 18642 978307 18982 986693
196600 18648 978828 18989 987172
196700 18656 979275 19004 987725
196800 18678 979727 19013 988273
196900 18690 980205 19025 988795
197000 18695 980755 19033 989245
197100 18704 981285 19044 989715
197200 18714 981855 19056 990145
197300 18724 982307 19074 990693
197400 18738 982902 19084 991098
197500 18750 983377 19095 991623
197600 18765 983950 19104 992050
197700 18773 984460 19114 992540
197800 18785 984995 19120 993005
197900 18802 985554 19127 993446
198000 18820 986121 19138 993879
198100 18829 986663 19153 994337
198200 18839 987198 19161 994802
198300 18851 987718 19170 995282
198400 18859 988211 19180 995789
198500 18874 988696 19199 996304
198600 18885 989236 19211 996764
198700 18903 989734 19224 997266
198800 18920 990198 19244 997802
198900 18925 990683 19254 998317
199000 18936 991194 19265 998806
199100 18945 991692 19277 999308
199200 18955 992194 19289 999806
199300 18965 992763 19297 1000237
199400 18973 993364 19309 1000636
199500 18981 993872 19314 1001128
199600 18993 994258 19327 1001742
199700 19004 994714 19332 1002286
199800 19015 995226 19341 1002774
199900 19024 995663 19347 1003337
200000 19031 996090 19358 1003910
