#! FIELDS timestep dup_succ dup_attempts kill_succ kill_attempts
#! SET timestep 0.5
#! SET kernel_bandwidth [0.5 0.5]
#! SET kt 1.0
100 63 207 83 793
200 156 485 177 1515
300 246 823 288 2177
400 340 1261 393 2739
500 411 1792 460 3208
600 449 2370 508 3630
700 467 2797 537 4203
800 482 3219 558 4781
900 495 3630 570 5370
1000 497 4189 574 5811
1100 508 4654 586 6346
1200 518 5191 592 6809
1300 526 5653 595 7347
1400 531 6127 609 7873
1500 536 6602 616 8398
1600 543 7082 618 8918
1700 549 7553 623 9447
1800 551 8014 628 9986
1900 559 8495 638 10505
2000 569 8988 649 11012
2100 576 9555 656 11445
2200 585 10078 663 11922
2300 592 10550 671 12450
2400 595 11036 674 12964
2500 604 11611 682 13389
2600 609 12107 692 13893
2700 622 12623 706 14377
2800 629 13107 715 14893
2900 634 13583 720 15417
3000 646 14187 728 15813
3100 650 14695 732 16305
3200 658 15215 739 16785
3300 665 15725 743 17275
3400 670 16284 748 17716
3500 680 16743 758 18257
3600 688 17292 762 18708
3700 694 17765 768 19235
3800 700 18180 771 19820
3900 709 18723 777 20277
4000 714 19249 789 20751
4100 720 19740 796 21260
4200 721 20254 802 21746
4300 735 20691 806 22309
4400 739 21201 813 22799
4500 753 21747 828 23253
4600 759 22296 842 23704
4700 763 22815 852 24185
4800 780 23309 859 24691
4900 787 23780 861 25220
5000 791 24273 862 25727
5100 797 24697 870 26303
5200 798 25213 876 26787
5300 809 25717 883 27283
5400 817 26192 887 27808
5500 825 26799 893 28201
5600 832 27287 898 28713
5700 837 27724 909 29276
5800 843 28249 916 29751
5900 845 28753 923 30247
6000 851 29274 929 30726
6100 856 29741 934 31259
6200 863 30234 949 31766
6300 866 30783 959 32217
6400 873 31271 965 32729
6500 876 31753 972 33247
6600 885 32207 986 33793
6700 889 32752 993 34248
6800 898 33192 1003 34808
6900 905 33556 1014 35444
7000 915 34005 1018 35995
7100 922 34529 1020 36471
7200 926 35079 1023 36921
7300 933 35506 1029 37494
7400 941 35986 1034 38014
7500 948 36498 1037 38502
7600 954 36923 1044 39077
7700 960 37376 1054 39624
7800 965 37859 1065 40141
7900 972 38408 1069 40592
8000 978 38857 1078 41143
8100 984 39294 1085 41706
8200 991 39773 1089 42227
8300 999 40302 1093 42698
8400 1001 40826 1100 43174
8500 1006 41342 1108 43658
8600 1015 41844 1115 44156
8700 1019 42292 1122 44708
8800 1025 42795 1126 45205
8900 1032 43333 1131 45667
9000 1037 43813 1136 46187
9100 1041 44413 1140 46587
9200 1048 44953 1147 47047
9300 1053 45340 1154 47660
9400 1058 45899 1160 48101
9500 1064 46396 1168 48604
9600 1072 46866 1184 49134
9700 1080 47371 1188 49629
9800 1084 47831 1193 50169
9900 1088 48435 1199 50565
10000 1098 48964 1211 51036
10100 1108 49476 1220 51524
10200 1120 49957 1230 52043
10300 1128 50396 1242 52604
10400 1141 50978 1258 53022
10500 1152 51542 1268 53458
10600 1161 52056 1272 53944
10700 1173 52591 1285 54409
10800 1180 53154 1297 54846
10900 1192 53560 1305 55440
11000 1203 54091 1310 55909
11100 1219 54630 1312 56370
11200 1228 55131 1316 56869
11300 1240 55611 1317 57389
11400 1246 56155 1323 57845
11500 1256 56777 1329 58223
11600 1264 57301 1334 58699
11700 1268 57801 1341 59199
11800 1274 58242 1344 59758
11900 1277 58703 1350 60297
12000 1285 59086 1353 60914
12100 1291 59492 1358 61508
12200 1296 59934 1364 62066
12300 1308 60468 1370 62532
12400 1316 61022 1376 62978
12500 1319 61566 1381 63434
12600 1324 62126 1385 63874
12700 1330 62590 1389 64410
12800 1335 63070 1393 64930
12900 1340 63573 1403 65427
13000 1344 64101 1415 65899
13100 1349 64566 1418 66434
13200 1361 65042 1424 66958
13300 1363 65497 1429 67503
13400 1372 65996 1435 68004
13500 1376 66486 1442 68514
13600 1385 66952 1445 69048
13700 1390 67463 1451 69537
13800 1398 67918 1453 70082
13900 1400 68428 1463 70572
14000 1404 68975 1469 71025
14100 1411 69492 1474 71508
14200 1423 70019 1484 71981
14300 1429 70494 1495 72506
14400 1438 70971 1503 73029
14500 1444 71515 1509 73485
14600 1452 71956 1514 74044
14700 1459 72375 1517 74625
14800 1465 72924 1525 75076
14900 1474 73476 1538 75524
15000 1480 73960 1551 76040
15100 1486 74539 1560 76461
15200 1492 75104 1565 76896
15300 1504 75687 1574 77313
15400 1514 76209 1579 77791
15500 1523 76741 1585 78259
15600 1530 77320 1597 78680
15700 1534 77850 1605 79150
15800 1543 78415 1612 79585
15900 1548 78965 1616 80035
16000 1553 79520 1624 80480
16100 1559 79928 1634 81072
16200 1565 80434 1638 81566
16300 1569 80909 1645 82091
16400 1574 81375 1654 82625
16500 1580 81863 1658 83137
16600 1588 82383 1663 83617
16700 1596 82792 1668 84208
16800 1599 83293 1674 84707
16900 1605 83728 1679 85272
17000 1611 84196 1685 85804
17100 1617 84671 1691 86329
17200 1621 85166 1701 86834
17300 1628 85673 1708 87327
17400 1635 86196 1713 87804
17500 1637 86706 1720 88294
17600 1640 87240 1723 88760
17700 1647 87738 1728 89262
17800 1655 88425 1733 89575
17900 1667 89024 1742 89976
18000 1668 89601 1749 90399
18100 1679 90093 1757 90907
18200 1686 90582 1762 91418
18300 1696 91022 1767 91978
18400 1703 91440 1775 92560
18500 1711 91963 1782 93037
18600 1719 92464 1790 93536
18700 1734 92993 1799 94007
18800 1740 93448 1805 94552
18900 1744 93970 1815 95030
19000 1749 94460 1821 95540
19100 1757 94944 1824 96056
19200 1769 95429 1828 96571
19300 1778 95919 1838 97081
19400 1785 96382 1845 97618
19500 1791 96868 1849 98132
19600 1795 97359 1852 98641
19700 1805 97854 1862 99146
19800 1815 98467 1872 99533
19900 1824 98991 1884 100009
20000 1829 99596 1889 100404
20100 1837 100144 1905 100856
20200 1857 100655 1914 101345
20300 1867 101168 1922 101832
20400 1878 101631 1932 102369
20500 1886 102039 1938 102961
20600 1889 102502 1942 103498
20700 1893 102960 1953 104040
20800 1895 103411 1959 104589
20900 1904 103840 1962 105160
21000 1910 104305 1974 105695
21100 1916 104719 1976 106281
21200 1924 105237 1985 106763
21300 1929 105745 1993 107255
21400 1938 106217 2003 107783
21500 1944 106702 2010 108298
21600 1953 107247 2023 108753
21700 1955 107741 2028 109259
21800 1963 108244 2038 109756
21900 1977 108772 2051 110228
22000 1982 109293 2056 110707
22100 1991 109769 2068 111231
22200 2002 110244 2076 111756
22300 2009 110760 2084 112240
22400 2015 111258 2089 112742
22500 2021 111740 2098 113260
22600 2030 112338 2106 113662
22700 2039 112862 2111 114138
22800 2045 113395 2114 114605
22900 2054 113857 2120 115143
23000 2062 114239 2126 115761
23100 2065 114766 2131 116234
23200 2068 115163 2136 116837
23300 2075 115648 2141 117352
23400 2082 116137 2154 117863
23500 2087 116683 2161 118317
23600 2098 117211 2168 118789
23700 2099 117567 2175 119433
23800 2111 118046 2185 119954
23900 2119 118519 2189 120481
24000 2129 119022 2200 120978
24100 2141 119635 2211 121365
24200 2150 120107 2220 121893
24300 2155 120601 2225 122399
24400 2157 121096 2226 122904
24500 2168 121650 2231 123350
24600 2178 122122 2238 123878
24700 2189 122622 2247 124378
24800 2194 123226 2256 124774
24900 2198 123686 2261 125314
25000 2200 124173 2271 125827
25100 2203 124692 2277 126308
25200 2210 125152 2286 126848
25300 2221 125670 2301 127330
25400 2226 126127 2307 127873
25500 2234 126677 2312 128323
25600 2245 127206 2319 128794
25700 2253 127755 2326 129245
25800 2261 128247 2337 129753
25900 2267 128721 2346 130279
26000 2269 129257 2352 130743
26100 2276 129691 2360 131309
26200 2280 130199 2363 131801
26300 2284 130790 2374 132210
26400 2287 131282 2380 132718
26500 2292 131833 2382 133167
26600 2300 132371 2389 133629
26700 2305 132822 2393 134178
26800 2310 133373 2402 134627
26900 2313 133933 2415 135067
27000 2322 134454 2420 135546
27100 2327 135005 2427 135995
27200 2335 135472 2433 136528
27300 2339 135947 2442 137053
27400 2343 136482 2446 137518
27500 2352 137009 2458 137991
27600 2361 137473 2467 138527
27700 2368 138045 2472 138955
27800 2372 138576 2473 139424
27900 2378 139009 2484 139991
28000 2385 139515 2490 140485
28100 2395 140072 2496 140928
28200 2401 140530 2504 141470
28300 2405 141016 2506 141984
28400 2415 141472 2518 142528
28500 2420 141925 2525 143075
28600 2434 142446 2528 143554
28700 2439 142932 2534 144068
28800 2444 143403 2544 144597
28900 2451 143814 2552 145186
29000 2454 144260 2558 145740
29100 2461 144757 2560 146243
29200 2463 145195 2565 146805
29300 2475 145575 2575 147425
29400 2479 146043 2580 147957
29500 2480 146550 2583 148450
29600 2486 147072 2592 148928
29700 2494 147545 2599 149455
29800 2498 148077 2604 149923
29900 2501 148600 2612 150400
30000 2506 149134 2618 150866
30100 2509 149610 2627 151390
30200 2514 150124 2637 151876
30300 2520 150630 2645 152370
30400 2523 151082 2660 152918
30500 2531 151485 2670 153515
30600 2537 152005 2680 153995
30700 2541 152467 2685 154533
30800 2546 152967 2688 155033
30900 2549 153523 2695 155477
31000 2554 154074 2700 155926
31100 2563 154600 2704 156400
31200 2566 155189 2712 156811
31300 2572 155721 2723 157279
31400 2576 156225 2729 157775
31500 2583 156805 2736 158195
31600 2588 157208 2741 158792
31700 2599 157689 2746 159311
31800 2607 158147 2750 159853
31900 2610 158559 2757 160441
32000 2625 159099 2770 160901
32100 2636 159532 2784 161468
32200 2642 160015 2793 161985
32300 2649 160435 2798 162565
32400 2653 160951 2799 163049
32500 2655 161451 2803 163549
32600 2666 161893 2812 164107
32700 2670 162365 2821 164635
32800 2680 162940 2826 165060
32900 2686 163576 2833 165424
33000 2692 164037 2841 165963
33100 2703 164504 2854 166496
33200 2708 164998 2866 167002
33300 2716 165485 2877 167515
33400 2724 165954 2882 168046
33500 2729 166397 2889 168603
33600 2737 166911 2901 169089
33700 2744 167431 2907 169569
33800 2752 167950 2912 170050
33900 2757 168419 2918 170581
34000 2762 168893 2926 171107
34100 2770 169385 2929 171615
34200 2773 169903 2935 172097
34300 2779 170353 2942 172647
34400 2798 170879 2948 173121
34500 2810 171415 2953 173585
34600 2818 171996 2962 174004
34700 2825 172443 2965 174557
34800 2834 172920 2971 175080
34900 2840 173438 2976 175562
35000 2843 173937 2982 176063
35100 2851 174436 2991 176564
35200 2863 174852 2998 177148
35300 2870 175287 3003 177713
35400 2875 175746 3015 178254
35500 2881 176246 3020 178754
35600 2887 176759 3023 179241
35700 2894 177242 3029 179758
35800 2903 177715 3039 180285
35900 2909 178241 3044 180759
36000 2913 178781 3048 181219
36100 2916 179264 3051 181736
36200 2922 179777 3057 182223
36300 2927 180224 3061 182776
36400 2932 180662 3071 183338
36500 2942 181177 3076 183823
36600 2950 181672 3080 184328
36700 2956 182196 3090 184804
36800 2967 182674 3099 185326
36900 2971 183173 3103 185827
37000 2979 183616 3115 186384
37100 2984 184151 3118 186849
37200 2985 184638 3123 187362
37300 2995 185166 3131 187834
37400 2999 185674 3137 188326
37500 3002 186170 3140 188830
37600 3012 186679 3150 189321
37700 3017 187163 3157 189837
37800 3020 187650 3163 190350
37900 3029 188167 3175 190833
38000 3036 188742 3185 191258
38100 3042 189289 3195 191711
38200 3044 189861 3198 192139
38300 3050 190391 3210 192609
38400 3053 190956 3215 193044
38500 3059 191476 3221 193524
38600 3065 191926 3239 194074
38700 3073 192333 3248 194667
38800 3075 192849 3250 195151
38900 3078 193357 3259 195643
39000 3087 193840 3268 196160
39100 3093 194367 3272 196633
39200 3101 194833 3276 197167
39300 3106 195327 3285 197673
39400 3114 195835 3289 198165
39500 3120 196352 3297 198648
39600 3131 196808 3310 199192
39700 3138 197295 3317 199705
39800 3140 197839 3324 200161
39900 3148 198328 3331 200672
40000 3155 198766 3339 201234
40100 3158 199222 3346 201778
40200 3168 199700 3353 202300
40300 3178 200119 3363 202881
40400 3184 200613 3370 203387
40500 3194 201012 3377 203988
40600 3199 201520 3379 204480
40700 3202 202046 3381 204954
40800 3208 202572 3390 205428
40900 3215 203085 3398 205915
41000 3221 203579 3410 206421
41100 3229 204083 3418 206917
41200 3237 204556 3429 207444
41300 3240 204895 3434 208105
41400 3247 205349 3442 208651
41500 3252 205787 3450 209213
41600 3261 206156 3459 209844
41700 3264 206602 3462 210398
41800 3270 207147 3473 210853
41900 3276 207660 3474 211340
42000 3281 208153 3479 211847
42100 3292 208629 3483 212371
42200 3297 209075 3491 212925
42300 3304 209438 3495 213562
42400 3315 209975 3503 214025
42500 3323 210512 3507 214488
42600 3331 211097 3514 214903
42700 3345 211665 3525 215335
42800 3352 212228 3534 215772
42900 3360 212704 3538 216296
43000 3369 213232 3547 216768
43100 3371 213713 3552 217287
43200 3376 214244 3556 217756
43300 3380 214715 3561 218285
43400 3384 215219 3570 218781
43500 3399 215654 3579 219346
43600 3409 216098 3584 219902
43700 3420 216584 3592 220416
43800 3425 217097 3599 220903
43900 3430 217567 3603 221433
44000 3443 218063 3608 221937
44100 3449 218566 3616 222434
44200 3460 218982 3622 223018
44300 3466 219478 3628 223522
44400 3472 220005 3633 223995
44500 3476 220537 3640 224463
44600 3478 220982 3648 225018
44700 3480 221451 3655 225549
44800 3488 222010 3659 225990
44900 3500 222435 3671 226565
45000 3504 222891 3676 227109
45100 3512 223324 3686 227676
45200 3519 223828 3693 228172
45300 3523 224364 3698 228636
45400 3531 224866 3707 229134
45500 3536 225383 3719 229617
45600 3540 225792 3722 230208
45700 3548 226267 3729 230733
45800 3559 226711 3736 231289
45900 3567 227209 3744 231791
46000 3578 227668 3755 232332
46100 3588 228112 3759 232888
46200 3595 228597 3761 233403
46300 3601 229087 3765 233913
46400 3606 229599 3771 234401
46500 3611 230158 3778 234842
46600 3614 230678 3786 235322
46700 3617 231230 3790 235770
46800 3631 231676 3801 236324
46900 3638 232216 3805 236784
47000 3650 232745 3819 237255
47100 3656 233246 3824 237754
47200 3666 233764 3832 238236
47300 3674 234317 3838 238683
47400 3682 234925 3847 239075
47500 3691 235559 3856 239441
47600 3700 236133 3864 239867
47700 3705 236644 3875 240356
47800 3713 237140 3881 240860
47900 3724 237673 3886 241327
48000 3732 238173 3894 241827
48100 3738 238696 3899 242304
48200 3748 239208 3910 242792
48300 3757 239701 3919 243299
48400 3764 240169 3922 243831
48500 3771 240597 3929 244403
48600 3780 241082 3933 244918
48700 3792 241537 3943 245463
48800 3798 242030 3956 245970
48900 3804 242555 3960 246445
49000 3808 243119 3969 246881
49100 3814 243626 3978 247374
49200 3819 244104 3984 247896
49300 3825 244693 3992 248307
49400 3831 245184 3997 248816
49500 3842 245672 4002 249328
49600 3846 246157 4009 249843
49700 3856 246686 4016 250314
49800 3863 247206 4027 250794
49900 3870 247670 4037 251330
50000 3878 248166 4043 251834
50100 3885 248715 4047 252285
50200 3892 249236 4053 252764
50300 3904 249715 4061 253285
50400 3911 250242 4072 253758
50500 3923 250746 4079 254254
50600 3929 251278 4087 254722
50700 3936 251761 4097 255239
50800 3945 252269 4107 255731
50900 3952 252750 4116 256250
51000 3959 253174 4122 256826
51100 3962 253662 4130 257338
51200 3969 254114 4135 257886
51300 3973 254617 4140 258383
51400 3979 255098 4148 258902
51500 3984 255565 4153 259435
51600 3992 256044 4159 259956
51700 3998 256479 4168 260521
51800 4007 257020 4174 260980
51900 4014 257517 4179 261483
52000 4022 258072 4190 261928
52100 4029 258587 4192 262413
52200 4034 259018 4199 262982
52300 4040 259431 4207 263569
52400 4045 259847 4215 264153
52500 4053 260410 4228 264590
52600 4060 260879 4232 265121
52700 4067 261347 4237 265653
52800 4071 261760 4241 266240
52900 4080 262311 4248 266689
53000 4086 262865 4258 267135
53100 4092 263345 4266 267655
53200 4095 263889 4274 268111
53300 4102 264390 4281 268610
53400 4108 264883 4294 269117
53500 4112 265405 4300 269595
53600 4124 265885 4308 270115
53700 4130 266434 4314 270566
53800 4132 267001 4325 270999
53900 4137 267528 4328 271472
54000 4140 268027 4332 271973
54100 4142 268499 4336 272501
54200 4146 269009 4341 272991
54300 4153 269484 4344 273516
54400 4158 269975 4348 274025
54500 4165 270453 4357 274547
54600 4173 270964 4360 275036
54700 4184 271491 4366 275509
54800 4188 271918 4372 276082
54900 4193 272385 4376 276615
55000 4201 272933 4381 277067
55100 4216 273528 4390 277472
55200 4225 274038 4398 277962
55300 4233 274480 4401 278520
55400 4237 274957 4408 279043
55500 4243 275324 4410 279676
55600 4257 275847 4416 280153
55700 4261 276347 4430 280653
55800 4268 276843 4446 281157
55900 4277 277453 4458 281547
56000 4281 277921 4468 282079
56100 4287 278319 4473 282681
56200 4293 278871 4478 283129
56300 4299 279361 4485 283639
56400 4313 279839 4489 284161
56500 4316 280342 4500 284658
56600 4324 280889 4512 285111
56700 4334 281347 4519 285653
56800 4343 281849 4525 286151
56900 4355 282366 4528 286634
57000 4361 282931 4529 287069
57100 4366 283452 4535 287548
57200 4379 284051 4546 287949
57300 4390 284554 4558 288446
57400 4394 285090 4563 288910
57500 4398 285540 4569 289460
57600 4401 286056 4571 289944
57700 4407 286660 4575 290340
57800 4414 287075 4587 290925
57900 4424 287524 4592 291476
58000 4426 288039 4593 291961
58100 4429 288521 4596 292479
58200 4436 288970 4607 293030
58300 4443 289499 4620 293501
58400 4445 290023 4628 293977
58500 4448 290448 4634 294552
58600 4448 290932 4640 295068
58700 4454 291408 4651 295592
58800 4463 291863 4670 296137
58900 4467 292265 4680 296735
59000 4476 292804 4687 297196
59100 4484 293145 4696 297855
59200 4492 293666 4702 298334
59300 4495 294171 4707 298829
59400 4502 294652 4710 299348
59500 4508 295126 4721 299874
59600 4515 295603 4729 300397
59700 4518 296110 4735 300890
59800 4526 296634 4739 301366
59900 4537 297116 4750 301884
60000 4544 297569 4753 302431
60100 4550 298034 4761 302966
60200 4558 298574 4769 303426
60300 4563 299020 4773 303980
60400 4571 299536 4779 304464
60500 4573 300087 4785 304913
60600 4579 300585 4790 305415
60700 4580 301073 4797 305927
60800 4583 301558 4801 306442
60900 4590 302154 4811 306846
61000 4598 302687 4822 307313
61100 4606 303178 4829 307822
61200 4613 303594 4839 308406
61300 4623 304149 4844 308851
61400 4631 304687 4853 309313
61500 4637 305107 4862 309893
61600 4642 305562 4866 310438
61700 4645 306066 4874 310934
61800 4655 306627 4883 311373
61900 4663 307110 4892 311890
62000 4673 307635 4903 312365
62100 4682 308178 4909 312822
62200 4691 308731 4916 313269
62300 4697 309235 4930 313765
62400 4707 309734 4937 314266
62500 4712 310225 4940 314775
62600 4718 310732 4946 315268
62700 4725 311197 4955 315803
62800 4729 311677 4961 316323
62900 4736 312142 4968 316858
63000 4745 312583 4974 317417
63100 4748 313032 4979 317968
63200 4751 313549 4990 318451
63300 4760 313982 4999 319018
63400 4762 314507 5003 319493
63500 4767 314995 5009 320005
63600 4772 315478 5018 320522
63700 4778 315942 5023 321058
63800 4782 316443 5028 321557
63900 4794 317007 5049 321993
64000 4804 317454 5055 322546
64100 4806 317893 5059 323107
64200 4808 318346 5061 323654
64300 4819 318775 5071 324225
64400 4827 319189 5076 324811
64500 4834 319778 5081 325222
64600 4848 320168 5092 325832
64700 4855 320565 5099 326435
64800 4862 321125 5106 326875
64900 4873 321531 5116 327469
65000 4879 322027 5123 327973
65100 4891 322462 5131 328538
65200 4897 322940 5137 329060
65300 4907 323422 5142 329578
65400 4918 323896 5149 330104
65500 4927 324455 5156 330545
65600 4930 325003 5163 330997
65700 4939 325414 5173 331586
65800 4946 325898 5178 332102
65900 4954 326384 5186 332616
66000 4958 326841 5189 333159
66100 4968 327483 5198 333517
66200 4971 328010 5205 333990
66300 4976 328546 5207 334454
66400 4982 329107 5212 334893
66500 4993 329557 5221 335443
66600 4998 330020 5228 335980
66700 5008 330566 5234 336434
66800 5015 331078 5238 336922
66900 5027 331596 5249 337404
67000 5037 332081 5261 337919
67100 5038 332635 5268 338365
67200 5044 333207 5273 338793
67300 5054 333759 5283 339241
67400 5062 334219 5286 339781
67500 5072 334690 5293 340310
67600 5078 335192 5301 340808
67700 5088 335577 5305 341423
67800 5098 335974 5310 342026
67900 5101 336541 5319 342459
68000 5104 337037 5325 342963
68100 5111 337575 5332 343425
68200 5117 338079 5335 343921
68300 5123 338602 5343 344398
68400 5136 339084 5355 344916
68500 5141 339590 5364 345410
68600 5147 340112 5378 345888
68700 5155 340612 5382 346388
68800 5160 340979 5386 347021
68900 5163 341425 5394 347575
69000 5172 341874 5408 348126
69100 5173 342403 5414 348597
69200 5180 342827 5419 349173
69300 5186 343307 5432 349693
69400 5199 343694 5445 350306
69500 5207 344141 5453 350859
69600 5213 344566 5464 351434
69700 5225 345058 5468 351942
69800 5241 345575 5473 352425
69900 5247 346100 5477 352900
70000 5254 346580 5487 353420
70100 5260 347042 5492 353958
70200 5271 347567 5503 354433
70300 5272 348098 5509 354902
70400 5275 348620 5512 355380
70500 5286 349052 5518 355948
70600 5292 349528 5520 356472
70700 5296 350005 5523 356995
70800 5300 350437 5528 357563
70900 5311 350944 5531 358056
71000 5321 351437 5541 358563
71100 5326 351933 5549 359067
71200 5334 352421 5555 359579
71300 5339 352949 5557 360051
71400 5353 353461 5569 360539
71500 5360 353916 5580 361084
71600 5369 354337 5589 361663
71700 5374 354888 5593 362112
71800 5380 355392 5600 362608
71900 5382 355924 5606 363076
72000 5385 356361 5613 363639
72100 5390 356941 5625 364059
72200 5394 357401 5629 364599
72300 5401 357784 5635 365216
72400 5407 358248 5640 365752
72500 5416 358727 5650 366273
72600 5426 359220 5657 366780
72700 5433 359680 5663 367320
72800 5447 360182 5671 367818
72900 5454 360599 5675 368401
73000 5460 361128 5678 368872
73100 5467 361625 5686 369375
73200 5470 362192 5692 369808
73300 5476 362836 5696 370164
73400 5480 363373 5700 370627
73500 5481 363810 5703 371190
73600 5494 364296 5706 371704
73700 5500 364776 5712 372224
73800 5506 365215 5719 372785
73900 5515 365754 5729 373246
74000 5519 366285 5734 373715
74100 5526 366834 5738 374166
74200 5532 367336 5747 374664
74300 5539 367784 5757 375216
74400 5548 368294 5761 375706
74500 5556 368794 5773 376206
74600 5565 369235 5779 376765
74700 5573 369733 5789 377267
74800 5576 370244 5796 377756
74900 5582 370762 5804 378238
75000 5590 371275 5812 378725
75100 5598 371876 5818 379124
75200 5606 372399 5823 379601
75300 5609 372855 5831 380145
75400 5620 373296 5840 380704
75500 5631 373866 5847 381134
75600 5637 374350 5857 381650
75700 5644 374874 5859 382126
75800 5650 375403 5863 382597
75900 5660 375837 5870 383163
76000 5666 376316 5888 383684
76100 5672 376786 5892 384214
76200 5676 377285 5898 384715
76300 5684 377779 5903 385221
76400 5687 378296 5907 385704
76500 5696 378807 5911 386193
76600 5706 379239 5918 386761
76700 5710 379719 5928 387281
76800 5713 380158 5932 387842
76900 5725 380617 5939 388383
77000 5736 381102 5950 388898
77100 5743 381629 5960 389371
77200 5746 382118 5967 389882
77300 5751 382543 5971 390457
77400 5756 383039 5978 390961
77500 5761 383509 5983 391491
77600 5764 384024 5986 391976
77700 5773 384548 5991 392452
77800 5780 385029 6005 392971
77900 5791 385588 6007 393412
78000 5802 386085 6020 393915
78100 5816 386565 6027 394435
78200 5824 387057 6030 394943
78300 5826 387491 6039 395509
78400 5829 387956 6042 396044
78500 5834 388420 6046 396580
78600 5840 388921 6051 397079
78700 5852 389533 6056 397467
78800 5859 390076 6060 397924
78900 5863 390523 6068 398477
79000 5875 391005 6074 398995
79100 5883 391463 6082 399537
79200 5889 391977 6093 400023
79300 5896 392361 6097 400639
79400 5901 392905 6103 401095
79500 5907 393448 6106 401552
79600 5916 394045 6113 401955
79700 5925 394523 6120 402477
79800 5934 394984 6129 403016
79900 5940 395437 6133 403563
80000 5949 395906 6149 404094
80100 5958 396360 6152 404640
80200 5966 396896 6159 405104
80300 5975 397394 6164 405606
80400 5977 397894 6167 406106
80500 5981 398392 6175 406608
80600 5985 398920 6184 407080
80700 5990 399407 6185 407593
80800 5999 399845 6191 408155
80900 6003 400303 6198 408697
81000 6013 400788 6207 409212
81100 6021 401325 6215 409675
81200 6038 401880 6226 410120
81300 6044 402338 6229 410662
81400 6056 402860 6237 411140
81500 6065 403420 6247 411580
81600 6068 403962 6252 412038
81700 6073 404478 6258 412522
81800 6083 405029 6268 412971
81900 6090 405502 6283 413498
82000 6094 406024 6288 413976
82100 6098 406476 6299 414524
82200 6104 406980 6307 415020
82300 6110 407481 6316 415519
82400 6119 407995 6322 416005
82500 6128 408475 6333 416525
82600 6134 409018 6338 416982
82700 6137 409507 6347 417493
82800 6147 409999 6357 418001
82900 6152 410523 6362 418477
83000 6161 411027 6369 418973
83100 6174 411543 6384 419457
83200 6182 412055 6390 419945
83300 6194 412560 6399 420440
83400 6199 413102 6408 420898
83500 6208 413607 6413 421393
83600 6215 414130 6420 421870
83700 6219 414688 6426 422312
83800 6228 415151 6431 422849
83900 6234 415675 6442 423325
84000 6241 416176 6449 423824
84100 6249 416689 6454 424311
84200 6254 417307 6461 424693
84300 6261 417800 6464 425200
84400 6266 418366 6470 425634
84500 6268 418933 6481 426067
84600 6275 419389 6485 426611
84700 6282 419885 6494 427115
84800 6292 420310 6499 427690
84900 6297 420845 6503 428155
85000 6304 421304 6509 428696
85100 6305 421726 6517 429274
85200 6313 422226 6528 429774
85300 6319 422725 6538 430275
85400 6324 423278 6543 430722
85500 6330 423732 6552 431268
85600 6341 424251 6560 431749
85700 6344 424779 6563 432221
85800 6354 425324 6568 432676
85900 6358 425849 6571 433151
86000 6363 426397 6576 433603
86100 6366 426813 6584 434187
86200 6372 427315 6596 434685
86300 6379 427762 6605 435238
86400 6388 428285 6610 435715
86500 6393 428761 6615 436239
86600 6401 429296 6621 436704
86700 6406 429780 6626 437220
86800 6412 430387 6634 437613
86900 6419 430871 6641 438129
87000 6429 431337 6646 438663
87100 6433 431911 6649 439089
87200 6442 432412 6656 439588
87300 6453 432969 6662 440031
87400 6457 433432 6672 440568
87500 6464 433846 6681 441154
87600 6469 434252 6688 441748
87700 6472 434739 6695 442261
87800 6482 435214 6705 442786
87900 6491 435691 6709 443309
88000 6494 436279 6716 443721
88100 6503 436845 6721 444155
88200 6511 437335 6729 444665
88300 6520 437797 6733 445203
88400 6524 438313 6741 445687
88500 6529 438859 6749 446141
88600 6531 439326 6754 446674
88700 6537 439729 6760 447271
88800 6542 440240 6763 447760
88900 6551 440760 6771 448240
89000 6556 441289 6777 448711
89100 6563 441812 6782 449188
89200 6567 442330 6787 449670
89300 6576 442780 6794 450220
89400 6584 443208 6804 450792
89500 6587 443746 6808 451254
89600 6594 444320 6812 451680
89700 6600 444771 6817 452229
89800 6605 445241 6824 452759
89900 6609 445709 6830 453291
90000 6617 446238 6832 453762
90100 6624 446730 6841 454270
90200 6632 447300 6847 454700
90300 6636 447726 6851 455274
90400 6641 448166 6853 455834
90500 6647 448592 6863 456408
90600 6653 449130 6870 456870
90700 6659 449641 6878 457359
90800 6667 450147 6882 457853
90900 6671 450648 6890 458352
91000 6678 451066 6897 458934
91100 6691 451588 6908 459412
91200 6708 452150 6913 459850
91300 6716 452625 6920 460375
91400 6722 453138 6930 460862
91500 6729 453601 6940 461399
91600 6745 454049 6951 461951
91700 6752 454470 6957 462530
91800 6757 454999 6961 463001
91900 6764 455447 6967 463553
92000 6768 455897 6975 464103
92100 6773 456349 6981 464651
92200 6782 456796 6990 465204
92300 6785 457250 6994 465750
92400 6789 457717 7000 466283
92500 6794 458227 7004 466773
92600 6798 458744 7012 467256
92700 6808 459289 7022 467711
92800 6816 459856 7031 468144
92900 6822 460413 7033 468587
93000 6826 460963 7046 469037
93100 6836 461435 7056 469565
93200 6843 461948 7062 470052
93300 6855 462422 7072 470578
93400 6860 462872 7081 471128
93500 6870 463298 7087 471702
93600 6875 463863 7095 472137
93700 6885 464366 7107 472634
93800 6894 464860 7111 473140
93900 6898 465490 7114 473510
94000 6907 465953 7122 474047
94100 6918 466428 7128 474572
94200 6922 466973 7134 475027
94300 6927 467490 7138 475510
94400 6930 467955 7139 476045
94500 6941 468480 7147 476520
94600 6951 468954 7153 477046
94700 6958 469479 7161 477521
94800 6965 469999 7166 478001
94900 6968 470589 7168 478411
95000 6981 471042 7175 478958
95100 6991 471593 7181 479407
95200 6997 472088 7191 479912
95300 7008 472534 7200 480466
95400 7011 472991 7204 481009
95500 7015 473451 7214 481549
95600 7023 473947 7226 482053
95700 7031 474501 7228 482499
95800 7038 475011 7232 482989
95900 7047 475413 7236 483587
96000 7053 475870 7244 484130
96100 7059 476342 7255 484658
96200 7065 476811 7263 485189
96300 7076 477315 7268 485685
96400 7079 477834 7278 486166
96500 7087 478261 7288 486739
96600 7097 478646 7294 487354
96700 7099 479113 7298 487887
96800 7117 479604 7301 488396
96900 7124 480160 7311 488840
97000 7130 480635 7315 489365
97100 7138 481114 7323 489886
97200 7146 481687 7330 490313
97300 7153 482279 7334 490721
97400 7164 482875 7340 491125
97500 7171 483369 7343 491631
97600 7183 483888 7350 492112
97700 7189 484359 7363 492641
97800 7195 484894 7371 493106
97900 7202 485306 7381 493694
98000 7212 485869 7385 494131
98100 7225 486417 7391 494583
98200 7238 486928 7398 495072
98300 7248 487383 7403 495617
98400 7252 487940 7409 496060
98500 7257 488393 7414 496607
98600 7260 489029 7421 496971
98700 7264 489517 7427 497483
98800 7271 489988 7436 498012
98900 7280 490447 7444 498553
99000 7285 490920 7448 499080
99100 7292 491412 7456 499588
99200 7297 491949 7465 500051
99300 7303 492495 7476 500505
99400 7312 492953 7480 501047
99500 7319 493440 7485 501560
99600 7328 493977 7494 502023
99700 7337 494461 7505 502539
99800 7347 495022 7510 502978
99900 7352 495530 7516 503470
100000 7359 496108 7520 503892
100100 7370 496647 7526 504353
100200 7374 497063 7531 504937
100300 7378 497564 7534 505436
100400 7385 498046 7538 505954
100500 7397 498560 7545 506440
100600 7402 499094 7554 506906
100700 7415 499594 7560 507406
100800 7419 500043 7566 507957
100900 7425 500484 7570 508516
101000 7436 501000 7577 509000
101100 7448 501538 7582 509462
101200 7456 502098 7591 509902
101300 7462 502623 7595 510377
101400 7472 503081 7605 510919
101500 7485 503604 7614 511396
101600 7496 504062 7623 511938
101700 7500 504652 7632 512348
101800 7507 505240 7639 512760
101900 7518 505765 7643 513235
102000 7533 506321 7649 513679
102100 7543 506916 7657 514084
102200 7550 507385 7661 514615
102300 7556 507962 7670 515038
102400 7563 508416 7671 515584
102500 7567 508962 7674 516038
102600 7577 509430 7683 516570
102700 7578 509933 7685 517067
102800 7587 510475 7695 517525
102900 7593 510959 7702 518041
103000 7602 511461 7707 518539
103100 7618 511928 7714 519072
103200 7623 512344 7723 519656
103300 7633 512756 7730 520244
103400 7642 513337 7733 520663
103500 7657 513861 7747 521139
103600 7665 514337 7766 521663
103700 7671 514785 7773 522215
103800 7681 515380 7781 522620
103900 7696 515814 7791 523186
104000 7706 516275 7795 523725
104100 7711 516756 7799 524244
104200 7717 517342 7805 524658
104300 7725 517872 7813 525128
104400 7737 518377 7822 525623
104500 7745 518956 7825 526044
104600 7752 519462 7830 526538
104700 7763 520021 7841 526979
104800 7768 520588 7850 527412
104900 7778 521134 7860 527866
105000 7782 521579 7871 528421
105100 7789 522035 7876 528965
105200 7797 522637 7885 529363
105300 7809 523112 7889 529888
105400 7814 523610 7896 530390
105500 7819 524099 7898 530901
105600 7822 524604 7906 531396
105700 7835 525126 7915 531874
105800 7850 525624 7921 532376
105900 7855 526147 7928 532853
106000 7860 526618 7936 533382
106100 7870 527159 7946 533841
106200 7876 527663 7954 534337
106300 7883 528104 7958 534896
106400 7894 528518 7968 535482
106500 7901 529023 7970 535977
106600 7903 529579 7973 536421
106700 7910 530100 7980 536900
106800 7921 530631 7986 537369
106900 7924 531149 7993 537851
107000 7927 531596 8003 538404
107100 7937 532098 8007 538902
107200 7944 532561 8019 539439
107300 7951 533080 8025 539920
107400 7957 533672 8030 540328
107500 7965 534281 8040 540719
107600 7967 534763 8049 541237
107700 7977 535287 8059 541713
107800 7981 535740 8066 542260
107900 7984 536269 8066 542731
108000 7987 536765 8074 543235
108100 7996 537280 8083 543720
108200 8004 537894 8089 544106
108300 8015 538393 8096 544607
108400 8021 538928 8102 545072
108500 8027 539529 8105 545471
108600 8039 540004 8114 545996
108700 8047 540512 8120 546488
108800 8056 541008 8128 546992
108900 8063 541531 8131 547469
109000 8075 542145 8137 547855
109100 8082 542637 8147 548363
109200 8087 543110 8152 548890
109300 8093 543663 8164 549337
109400 8096 544107 8172 549893
109500 8101 544581 8179 550419
109600 8111 545142 8190 550858
109700 8122 545610 8192 551390
109800 8128 546169 8198 551831
109900 8140 546757 8202 552243
110000 8151 547354 8207 552646
110100 8158 547921 8216 553079
110200 8165 548380 8223 553620
110300 8171 548950 8226 554050
110400 8176 549480 8238 554520
110500 8184 549958 8250 555042
110600 8189 550508 8259 555492
110700 8204 551032 8271 555968
110800 8211 551534 8278 556466
110900 8213 551940 8286 557060
111000 8218 552433 8291 557567
111100 8224 552996 8294 558004
111200 8225 553521 8300 558479
111300 8230 554062 8312 558938
111400 8239 554603 8319 559397
111500 8245 555051 8326 559949
111600 8248 555488 8331 560512
111700 8253 555951 8334 561049
111800 8264 556460 8346 561540
111900 8272 556998 8360 562002
112000 8281 557442 8364 562558
112100 8293 557888 8371 563112
112200 8302 558347 8381 563653
112300 8311 558782 8393 564218
112400 8322 559353 8402 564647
112500 8331 559848 8412 565152
112600 8337 560364 8421 565636
112700 8346 560860 8428 566140
112800 8357 561417 8434 566583
112900 8368 561912 8447 567088
113000 8379 562391 8458 567609
113100 8385 562941 8462 568059
113200 8392 563428 8469 568572
113300 8400 564067 8474 568933
113400 8405 564568 8484 569432
113500 8416 565019 8488 569981
113600 8427 565539 8497 570461
113700 8437 565983 8505 571017
113800 8449 566537 8509 571463
113900 8462 567002 8521 571998
114000 8472 567449 8531 572551
114100 8479 567912 8537 573088
114200 8488 568416 8555 573584
114300 8492 568927 8557 574073
114400 8500 569487 8569 574513
114500 8505 570016 8572 574984
114600 8508 570611 8576 575389
114700 8513 571081 8583 575919
114800 8519 571571 8589 576429
114900 8525 572127 8596 576873
115000 8530 572655 8603 577345
115100 8537 573134 8609 577866
115200 8543 573557 8619 578443
115300 8548 573997 8623 579003
115400 8557 574469 8628 579531
115500 8567 574923 8632 580077
115600 8570 575410 8638 580590
115700 8576 575872 8643 581128
115800 8585 576354 8648 581646
115900 8595 576820 8660 582180
116000 8604 577265 8669 582735
116100 8610 577701 8679 583299
116200 8617 578246 8690 583754
116300 8622 578749 8697 584251
116400 8638 579184 8709 584816
116500 8645 579591 8713 585409
116600 8654 580070 8718 585930
116700 8662 580556 8729 586444
116800 8670 581058 8732 586942
116900 8675 581633 8739 587367
117000 8684 582180 8750 587820
117100 8695 582681 8758 588319
117200 8703 583198 8771 588802
117300 8707 583676 8776 589324
117400 8717 584159 8782 589841
117500 8723 584636 8788 590364
117600 8730 585232 8793 590768
117700 8738 585797 8798 591203
117800 8741 586304 8804 591696
117900 8747 586787 8808 592213
118000 8757 587432 8811 592568
118100 8766 587918 8818 593082
118200 8778 588398 8823 593602
118300 8784 588910 8828 594090
118400 8790 589448 8833 594552
118500 8800 589948 8842 595052
118600 8810 590487 8849 595513
118700 8821 590915 8852 596085
118800 8824 591392 8857 596608
118900 8832 591951 8863 597049
119000 8838 592413 8871 597587
119100 8843 592897 8875 598103
119200 8851 593321 8884 598679
119300 8855 593767 8893 599233
119400 8862 594294 8904 599706
119500 8871 594797 8915 600203
119600 8878 595290 8923 600710
119700 8890 595884 8933 601116
119800 8897 596364 8945 601636
119900 8903 596867 8955 602133
120000 8908 597357 8959 602643
120100 8915 597833 8965 603167
120200 8921 598314 8971 603686
120300 8930 598774 8982 604226
120400 8943 599238 8994 604762
120500 8951 599763 9000 605237
120600 8961 600234 9007 605766
120700 8965 600652 9020 606348
120800 8972 601168 9028 606832
120900 8982 601764 9035 607236
121000 8987 602252 9044 607748
121100 8995 602771 9050 608229
121200 9002 603330 9056 608670
121300 9014 603812 9066 609188
121400 9019 604361 9067 609639
121500 9029 604941 9081 610059
121600 9037 605456 9088 610544
121700 9042 605971 9096 611029
121800 9050 606414 9102 611586
121900 9057 606886 9106 612114
122000 9059 607346 9114 612654
122100 9066 607833 9124 613167
122200 9072 608342 9129 613658
122300 9078 608867 9137 614133
122400 9083 609413 9143 614587
122500 9093 609916 9151 615084
122600 9101 610391 9159 615609
122700 9113 610936 9170 616064
122800 9118 611309 9180 616691
122900 9120 611866 9185 617134
123000 9126 612413 9188 617587
123100 9136 612943 9191 618057
123200 9142 613479 9193 618521
123300 9148 614017 9199 618983
123400 9155 614649 9203 619351
123500 9157 615191 9210 619809
123600 9166 615712 9219 620288
123700 9173 616161 9222 620839
123800 9178 616665 9227 621335
123900 9186 617190 9233 621810
124000 9190 617658 9237 622342
124100 9196 618196 9242 622804
124200 9202 618707 9247 623293
124300 9207 619148 9253 623852
124400 9218 619617 9261 624383
124500 9231 620081 9270 624919
124600 9234 620464 9275 625536
124700 9239 620940 9280 626060
124800 9247 621484 9287 626516
124900 9254 621907 9293 627093
125000 9260 622350 9299 627650
125100 9266 622811 9305 628189
125200 9274 623320 9308 628680
125300 9277 623891 9312 629109
125400 9286 624456 9320 629544
125500 9288 624964 9325 630036
125600 9295 625419 9333 630581
125700 9299 625996 9344 631004
125800 9307 626488 9350 631512
125900 9309 626998 9354 632002
126000 9312 627516 9358 632484
126100 9320 628065 9366 632935
126200 9327 628618 9370 633382
126300 9334 629150 9376 633850
126400 9337 629726 9383 634274
126500 9340 630194 9391 634806
126600 9351 630659 9397 635341
126700 9364 631174 9408 635826
126800 9369 631769 9415 636231
126900 9373 632293 9419 636707
127000 9377 632788 9425 637212
127100 9383 633184 9429 637816
127200 9398 633629 9434 638371
127300 9409 634068 9441 638932
127400 9418 634516 9449 639484
127500 9431 634962 9466 640038
127600 9443 635406 9475 640594
127700 9450 635872 9489 641128
127800 9455 636291 9494 641709
127900 9459 636848 9496 642152
128000 9467 637400 9504 642600
128100 9475 637924 9511 643076
128200 9481 638428 9518 643572
128300 9489 638925 9520 644075
128400 9496 639408 9529 644592
128500 9502 639852 9539 645148
128600 9504 640351 9547 645649
128700 9511 640814 9553 646186
128800 9516 641381 9559 646619
128900 9530 641859 9567 647141
129000 9535 642372 9581 647628
129100 9540 642831 9581 648169
129200 9549 643387 9592 648613
129300 9554 643856 9596 649144
129400 9562 644311 9608 649689
129500 9568 644788 9616 650212
129600 9573 645256 9622 650744
129700 9580 645722 9627 651278
129800 9583 646288 9633 651712
129900 9591 646770 9638 652230
130000 9601 647294 9643 652706
130100 9610 647865 9648 653135
130200 9616 648258 9653 653742
130300 9622 648774 9656 654226
130400 9625 649216 9662 654784
130500 9631 649678 9674 655322
130600 9634 650134 9678 655866
130700 9639 650679 9684 656321
130800 9645 651211 9693 656789
130900 9649 651569 9701 657431
131000 9658 652049 9713 657951
131100 9667 652544 9720 658456
131200 9670 653110 9726 658890
131300 9674 653636 9733 659364
131400 9679 654120 9739 659880
131500 9684 654582 9749 660418
131600 9693 655118 9756 660882
131700 9699 655606 9761 661394
131800 9712 656112 9769 661888
131900 9725 656573 9782 662427
132000 9732 657052 9783 662948
132100 9741 657570 9792 663430
132200 9747 658175 9798 663825
132300 9757 658713 9804 664287
132400 9762 659138 9815 664862
132500 9774 659612 9819 665388
132600 9779 660083 9829 665917
132700 9784 660616 9838 666384
132800 9790 661159 9847 666841
132900 9797 661718 9860 667282
133000 9799 662204 9867 667796
133100 9804 662715 9870 668285
133200 9810 663275 9876 668725
133300 9820 663747 9878 669253
133400 9822 664237 9884 669763
133500 9831 664659 9888 670341
133600 9836 665147 9892 670853
133700 9841 665524 9895 671476
133800 9851 665948 9902 672052
133900 9861 666436 9907 672564
134000 9865 666926 9912 673074
134100 9869 667453 9920 673547
134200 9878 667880 9925 674120
134300 9880 668328 9926 674672
134400 9888 668730 9936 675270
134500 9894 669300 9940 675700
134600 9903 669844 9955 676156
134700 9907 670307 9959 676693
134800 9914 670717 9964 677283
134900 9925 671134 9978 677866
135000 9929 671644 9986 678356
135100 9936 672134 9995 678866
135200 9942 672632 9999 679368
135300 9952 673123 10004 679877
135400 9959 673611 10008 680389
135500 9963 674125 10011 680875
135600 9966 674635 10018 681365
135700 9975 675146 10026 681854
135800 9984 675665 10032 682335
135900 9986 676219 10039 682781
136000 9990 676728 10043 683272
136100 10000 677181 10053 683819
136200 10008 677624 10065 684376
136300 10014 678044 10074 684956
136400 10020 678481 10084 685519
136500 10023 678956 10089 686044
136600 10031 679376 10093 686624
136700 10037 679848 10097 687152
136800 10039 680327 10098 687673
136900 10042 680907 10098 688093
137000 10047 681512 10103 688488
137100 10049 682067 10113 688933
137200 10052 682585 10119 689415
137300 10059 683070 10128 689930
137400 10067 683568 10131 690432
137500 10073 684040 10137 690960
137600 10081 684568 10142 691432
137700 10084 685064 10146 691936
137800 10090 685576 10150 692424
137900 10093 686056 10154 692944
138000 10100 686525 10165 693475
138100 10117 687048 10177 693952
138200 10122 687533 10185 694467
138300 10126 688054 10191 694946
138400 10130 688597 10201 695403
138500 10135 689075 10209 695925
138600 10152 689639 10214 696361
138700 10158 690139 10221 696861
138800 10165 690582 10226 697418
138900 10169 691066 10232 697934
139000 10175 691569 10236 698431
139100 10181 692065 10245 698935
139200 10188 692586 10254 699414
139300 10190 693084 10260 699916
139400 10194 693522 10269 700478
139500 10206 694053 10274 700947
139600 10213 694488 10283 701512
139700 10221 694933 10289 702067
139800 10227 695352 10294 702648
139900 10234 695836 10299 703164
140000 10238 696279 10303 703721
140100 10244 696739 10309 704261
140200 10248 697280 10313 704720
140300 10263 697808 10322 705192
140400 10270 698258 10328 705742
140500 10276 698785 10330 706215
140600 10285 699185 10337 706815
140700 10296 699721 10344 707279
140800 10299 700273 10353 707727
140900 10304 700728 10359 708272
141000 10313 701242 10366 708758
141100 10322 701833 10371 709167
141200 10326 702298 10378 709702
141300 10331 702678 10384 710322
141400 10340 703183 10398 710817
141500 10350 703625 10404 711375
141600 10360 704116 10409 711884
141700 10368 704649 10414 712351
141800 10375 705108 10422 712892
141900 10383 705629 10432 713371
142000 10389 706178 10438 713822
142100 10397 706722 10449 714278
142200 10402 707187 10455 714813
142300 10408 707757 10461 715243
142400 10415 708317 10470 715683
142500 10423 708863 10484 716137
142600 10429 709400 10495 716600
142700 10440 709891 10506 717109
142800 10451 710404 10510 717596
142900 10459 710884 10516 718116
143000 10464 711392 10524 718608
143100 10470 711883 10531 719117
143200 10476 712369 10545 719631
143300 10483 712807 10555 720193
143400 10490 713288 10562 720712
143500 10496 713824 10571 721176
143600 10506 714312 10578 721688
143700 10508 714881 10585 722119
143800 10513 715437 10595 722563
143900 10517 715946 10599 723054
144000 10520 716457 10604 723543
144100 10526 716932 10613 724068
144200 10532 717400 10620 724600
144300 10538 717819 10623 725181
144400 10546 718354 10626 725646
144500 10547 718879 10627 726121
144600 10553 719353 10630 726647
144700 10559 719809 10635 727191
144800 10566 720299 10642 727701
144900 10573 720787 10648 728213
145000 10583 721242 10654 728758
145100 10593 721673 10664 729327
145200 10598 722077 10669 729923
145300 10602 722593 10674 730407
145400 10606 723076 10680 730924
145500 10611 723607 10684 731393
145600 10619 723991 10690 732009
145700 10628 724559 10696 732441
145800 10634 725089 10701 732911
145900 10640 725579 10709 733421
146000 10641 726012 10713 733988
146100 10644 726475 10718 734525
146200 10654 726924 10726 735076
146300 10663 727587 10736 735413
146400 10672 728179 10736 735821
146500 10678 728657 10745 736343
146600 10684 729135 10754 736865
146700 10694 729625 10758 737375
146800 10708 730131 10768 737869
146900 10715 730668 10775 738332
147000 10721 731219 10787 738781
147100 10726 731649 10796 739351
147200 10736 732122 10803 739878
147300 10744 732565 10811 740435
147400 10753 733130 10819 740870
147500 10755 733589 10827 741411
147600 10765 734084 10839 741916
147700 10775 734485 10844 742515
147800 10777 734910 10848 743090
147900 10787 735365 10852 743635
148000 10793 735880 10855 744120
148100 10798 736412 10867 744588
148200 10806 736926 10879 745074
148300 10813 737436 10885 745564
148400 10824 737959 10900 746041
148500 10827 738484 10908 746516
148600 10834 738955 10913 747045
148700 10839 739402 10922 747598
148800 10846 739924 10929 748076
148900 10850 740396 10940 748604
149000 10854 740863 10942 749137
149100 10860 741396 10951 749604
149200 10867 741960 10958 750040
149300 10879 742401 10962 750599
149400 10886 742814 10969 751186
149500 10896 743312 10972 751688
149600 10902 743812 10975 752188
149700 10908 744442 10983 752558
149800 10916 744981 10987 753019
149900 10928 745483 10997 753517
150000 10938 746010 11001 753990
150100 10954 746534 11010 754466
150200 10962 747007 11019 754993
150300 10969 747449 11025 755551
150400 10977 747986 11041 756014
150500 10986 748509 11045 756491
150600 10990 749006 11051 756994
150700 10997 749510 11064 757490
150800 11008 750043 11075 757957
150900 11013 750481 11083 758519
151000 11018 750955 11092 759045
151100 11029 751506 11098 759494
151200 11036 751996 11111 760004
151300 11043 752511 11115 760489
151400 11051 752890 11119 761110
151500 11055 753343 11127 761657
151600 11063 753867 11128 762133
151700 11067 754254 11133 762746
151800 11076 754707 11146 763293
151900 11080 755252 11154 763748
152000 11083 755801 11156 764199
152100 11090 756280 11161 764720
152200 11097 756795 11169 765205
152300 11100 757258 11172 765742
152400 11109 757730 11179 766270
152500 11114 758182 11189 766818
152600 11119 758566 11196 767434
152700 11123 758990 11203 768010
152800 11136 759437 11213 768563
152900 11143 759972 11221 769028
153000 11149 760465 11227 769535
153100 11151 760912 11234 770088
153200 11157 761393 11241 770607
153300 11164 761908 11251 771092
153400 11170 762449 11257 771551
153500 11176 762941 11266 772059
153600 11185 763455 11270 772545
153700 11192 763919 11279 773081
153800 11199 764415 11284 773585
153900 11203 764862 11292 774138
154000 11204 765421 11299 774579
154100 11205 765882 11306 775118
154200 11209 766325 11315 775675
154300 11220 766825 11323 776175
154400 11224 767277 11329 776723
154500 11234 767745 11333 777255
154600 11240 768279 11338 777721
154700 11247 768796 11354 778204
154800 11256 769335 11363 778665
154900 11264 769751 11371 779249
155000 11269 770275 11386 779725
155100 11277 770707 11390 780293
155200 11284 771163 11395 780837
155300 11292 771670 11404 781330
155400 11303 772130 11419 781870
155500 11308 772689 11426 782311
155600 11314 773195 11430 782805
155700 11324 773681 11440 783319
155800 11334 774155 11446 783845
155900 11337 774614 11455 784386
156000 11346 775122 11458 784878
156100 11357 775625 11473 785375
156200 11365 776090 11476 785910
156300 11368 776548 11481 786452
156400 11375 777147 11484 786853
156500 11378 777648 11491 787352
156600 11384 778215 11502 787785
156700 11388 778805 11505 788195
156800 11394 779385 11511 788615
156900 11402 779938 11519 789062
157000 11407 780459 11523 789541
157100 11416 780934 11525 790066
157200 11418 781424 11527 790576
157300 11424 781957 11533 791043
157400 11429 782520 11538 791480
157500 11431 783104 11547 791896
157600 11441 783628 11556 792372
157700 11448 784155 11570 792845
157800 11461 784723 11572 793277
157900 11463 785288 11575 793712
158000 11468 785809 11581 794191
158100 11475 786378 11585 794622
158200 11481 786912 11587 795088
158300 11484 787438 11593 795562
158400 11496 787969 11601 796031
158500 11504 788447 11610 796553
158600 11509 788938 11616 797062
158700 11512 789473 11622 797527
158800 11518 789968 11631 798032
158900 11524 790427 11637 798573
159000 11533 791005 11644 798995
159100 11538 791473 11647 799527
159200 11544 791965 11652 800035
159300 11550 792498 11658 800502
159400 11558 793065 11668 800935
159500 11564 793557 11675 801443
159600 11573 794027 11683 801973
159700 11576 794537 11692 802463
159800 11584 795021 11703 802979
159900 11594 795427 11712 803573
160000 11600 796021 11717 803979
160100 11606 796486 11727 804514
160200 11607 796961 11731 805039
160300 11617 797392 11733 805608
160400 11623 797854 11739 806146
160500 11631 798314 11743 806686
160600 11649 798851 11754 807149
160700 11658 799307 11765 807693
160800 11668 799764 11773 808236
160900 11681 800283 11784 808717
161000 11692 800858 11797 809142
161100 11703 801366 11804 809634
161200 11710 801814 11815 810186
161300 11721 802283 11824 810717
161400 11725 802753 11827 811247
161500 11734 803185 11834 811815
161600 11742 803671 11846 812329
161700 11744 804137 11853 812863
161800 11751 804665 11859 813335
161900 11758 805180 11865 813820
162000 11767 805636 11872 814364
162100 11773 806036 11881 814964
162200 11786 806439 11885 815561
162300 11788 806896 11895 816104
162400 11794 807347 11901 816653
162500 11806 807723 11908 817277
162600 11808 808192 11911 817808
162700 11810 808722 11917 818278
162800 11815 809169 11919 818831
162900 11822 809619 11926 819381
163000 11834 810092 11929 819908
163100 11839 810592 11938 820408
163200 11848 811006 11949 820994
163300 11855 811449 11955 821551
163400 11863 811862 11961 822138
163500 11870 812297 11966 822703
163600 11876 812865 11973 823135
163700 11887 813352 11978 823648
163800 11894 813894 11985 824106
163900 11900 814464 11999 824536
164000 11905 815018 12008 824982
164100 11910 815544 12013 825456
164200 11912 816040 12021 825960
164300 11921 816485 12027 826515
164400 11925 816931 12036 827069
164500 11937 817489 12041 827511
164600 11943 817972 12049 828028
164700 11956 818442 12056 828558
164800 11957 818903 12062 829097
164900 11963 819366 12069 829634
165000 11968 819831 12077 830169
165100 11978 820277 12081 830723
165200 11980 820720 12089 831280
165300 11988 821098 12096 831902
165400 11995 821605 12097 832395
165500 12003 822120 12108 832880
165600 12011 822640 12113 833360
165700 12020 823149 12114 833851
165800 12026 823617 12116 834383
165900 12030 824101 12124 834899
166000 12035 824582 12130 835418
166100 12042 825092 12136 835908
166200 12047 825689 12139 836311
166300 12050 826266 12141 836734
166400 12058 826757 12147 837243
166500 12060 827270 12152 837730
166600 12068 827727 12161 838273
166700 12073 828208 12165 838792
166800 12081 828688 12172 839312
166900 12085 829116 12179 839884
167000 12094 829668 12184 840332
167100 12102 830117 12191 840883
167200 12107 830566 12202 841434
167300 12116 831002 12209 841998
167400 12123 831427 12221 842573
167500 12127 831900 12226 843100
167600 12132 832362 12232 843638
167700 12136 832869 12239 844131
167800 12148 833389 12247 844611
167900 12155 833948 12257 845052
168000 12159 834433 12264 845567
168100 12169 834954 12272 846046
168200 12172 835451 12275 846549
168300 12178 835997 12283 847003
168400 12186 836560 12285 847440
168500 12193 837109 12298 847891
168600 12199 837647 12304 848353
168700 12205 838105 12311 848895
168800 12211 838485 12317 849515
168900 12221 839028 12326 849972
169000 12224 839519 12339 850481
169100 12237 840060 12343 850940
169200 12246 840495 12353 851505
169300 12252 841046 12357 851954
169400 12253 841491 12362 852509
169500 12257 842020 12369 852980
169600 12271 842519 12373 853481
169700 12274 842943 12380 854057
169800 12279 843511 12388 854489
169900 12286 844109 12399 854891
170000 12293 844569 12402 855431
170100 12300 845020 12408 855980
170200 12307 845536 12416 856464
170300 12317 846128 12435 856872
170400 12324 846650 12441 857350
170500 12330 847126 12449 857874
170600 12332 847516 12457 858484
170700 12336 848112 12465 858888
170800 12344 848583 12470 859417
170900 12352 849070 12478 859930
171000 12354 849467 12481 860533
171100 12363 849950 12492 861050
171200 12376 850447 12503 861553
171300 12384 850978 12513 862022
171400 12390 851510 12520 862490
171500 12395 852028 12529 862972
171600 12401 852458 12539 863542
171700 12405 852928 12544 864072
171800 12410 853463 12549 864537
171900 12415 854039 12560 864961
172000 12418 854604 12565 865396
172100 12427 855155 12576 865845
172200 12431 855659 12582 866341
172300 12445 856217 12589 866783
172400 12453 856707 12597 867293
172500 12463 857212 12600 867788
172600 12468 857765 12607 868235
172700 12481 858225 12616 868775
172800 12484 858665 12622 869335
172900 12490 859300 12631 869700
173000 12499 859795 12635 870205
173100 12507 860341 12646 870659
173200 12520 860801 12651 871199
173300 12523 861336 12657 871664
173400 12527 861901 12669 872099
173500 12537 862353 12682 872647
173600 12546 862901 12690 873099
173700 12554 863372 12701 873628
173800 12564 863890 12709 874110
173900 12576 864402 12721 874598
174000 12584 864811 12734 875189
174100 12588 865286 12740 875714
174200 12595 865738 12750 876262
174300 12600 866166 12757 876834
174400 12607 866631 12760 877369
174500 12615 867116 12767 877884
174600 12620 867653 12776 878347
174700 12625 868163 12784 878837
174800 12630 868609 12787 879391
174900 12637 869053 12797 879947
175000 12649 869522 12808 880478
175100 12658 870079 12822 880921
175200 12668 870572 12836 881428
175300 12672 871188 12847 881812
175400 12681 871670 12849 882330
175500 12686 872172 12856 882828
175600 12691 872662 12866 883338
175700 12698 873136 12871 883864
175800 12713 873658 12883 884342
175900 12724 874122 12888 884878
176000 12735 874564 12897 885436
176100 12739 875016 12906 885984
176200 12750 875580 12909 886420
176300 12755 876039 12916 886961
176400 12757 876537 12926 887463
176500 12763 877026 12933 887974
176600 12776 877558 12951 888442
176700 12781 878163 12953 888837
176800 12784 878636 12962 889364
176900 12790 879169 12967 889831
177000 12801 879743 12972 890257
177100 12815 880328 12980 890672
177200 12825 880837 12990 891163
177300 12829 881244 12995 891756
177400 12837 881796 13002 892204
177500 12849 882262 13004 892738
177600 12854 882733 13008 893267
177700 12858 883200 13014 893800
177800 12864 883658 13020 894342
177900 12873 884152 13026 894848
178000 12878 884670 13032 895330
178100 12884 885117 13043 895883
178200 12888 885646 13049 896354
178300 12894 886080 13056 896920
178400 12897 886445 13063 897555
178500 12901 886894 13068 898106
178600 12904 887408 13070 898592
178700 12904 887827 13081 899173
178800 12909 888367 13086 899633
178900 12919 888826 13093 900174
179000 12923 889291 13099 900709
179100 12927 889870 13105 901130
179200 12936 890441 13111 901559
179300 12938 890885 13117 902115
179400 12942 891325 13122 902675
179500 12951 891792 13127 903208
179600 12953 892254 13134 903746
179700 12960 892777 13137 904223
179800 12972 893214 13140 904786
179900 12979 893799 13151 905201
180000 12986 894269 13157 905731
180100 12990 894798 13167 906202
180200 12997 895267 13179 906733
180300 13003 895768 13189 907232
180400 13007 896206 13197 907794
180500 13014 896699 13205 908301
180600 13018 897091 13212 908909
180700 13027 897548 13221 909452
180800 13033 898095 13227 909905
180900 13037 898548 13231 910452
181000 13046 899089 13236 910911
181100 13051 899578 13239 911422
181200 13061 900074 13243 911926
181300 13072 900536 13250 912464
181400 13075 901023 13255 912977
181500 13077 901472 13260 913528
181600 13081 902021 13267 913979
181700 13088 902551 13276 914449
181800 13091 903079 13281 914921
181900 13096 903531 13287 915469
182000 13104 903977 13294 916023
182100 13114 904505 13302 916495
182200 13123 904997 13306 917003
182300 13126 905456 13315 917544
182400 13131 905981 13329 918019
182500 13132 906461 13331 918539
182600 13137 906952 13337 919048
182700 13146 907435 13343 919565
182800 13152 907882 13350 920118
182900 13157 908317 13357 920683
183000 13165 908820 13370 921180
183100 13169 909308 13377 921692
183200 13179 909867 13387 922133
183300 13181 910392 13394 922608
183400 13186 910929 13404 923071
183500 13195 911458 13408 923542
183600 13203 911936 13414 924064
183700 13215 912347 13422 924653
183800 13222 912800 13435 925200
183900 13227 913198 13441 925802
184000 13232 913689 13446 926311
184100 13236 914170 13457 926830
184200 13244 914725 13462 927275
184300 13250 915264 13464 927736
184400 13256 915804 13470 928196
184500 13266 916324 13476 928676
184600 13274 916856 13484 929144
184700 13279 917287 13499 929713
184800 13284 917735 13504 930265
184900 13288 918225 13509 930775
185000 13293 918704 13520 931296
185100 13302 919153 13526 931847
185200 13309 919625 13538 932375
185300 13313 920073 13541 932927
185400 13322 920642 13546 933358
185500 13331 921114 13553 933886
185600 13339 921568 13555 934432
185700 13347 921988 13561 935012
185800 13353 922507 13567 935493
185900 13360 923055 13570 935945
186000 13367 923507 13576 936493
186100 13371 924013 13581 936987
186200 13376 924578 13587 937422
186300 13382 925111 13598 937889
186400 13393 925577 13609 938423
186500 13399 926056 13612 938944
186600 13405 926647 13617 939353
186700 13411 927052 13623 939948
186800 13413 927554 13633 940446
186900 13416 928053 13634 940947
187000 13422 928569 13638 941431
187100 13426 929043 13648 941957
187200 13433 929493 13653 942507
187300 13442 929936 13661 943064
187400 13449 930505 13668 943495
187500 13453 931004 13672 943996
187600 13458 931495 13676 944505
187700 13461 932048 13683 944952
187800 13464 932588 13692 945412
187900 13468 933112 13694 945888
188000 13478 933631 13698 946369
188100 13486 934105 13706 946895
188200 13486 934623 13711 947377
188300 13493 935086 13716 947914
188400 13496 935569 13723 948431
188500 13502 936071 13729 948929
188600 13513 936502 13738 949498
188700 13520 936990 13749 950010
188800 13528 937412 13753 950588
188900 13530 937812 13761 951188
189000 13538 938185 13770 951815
189100 13541 938619 13779 952381
189200 13552 939073 13784 952927
189300 13561 939580 13793 953420
189400 13575 940018 13799 953982
189500 13584 940517 13805 954483
189600 13593 941008 13809 954992
189700 13597 941513 13816 955487
189800 13608 942175 13821 955825
189900 13616 942796 13832 956204
190000 13619 943390 13840 956610
190100 13627 943817 13849 957183
190200 13634 944185 13859 957815
190300 13644 944651 13865 958349
190400 13653 945126 13877 958874
190500 13659 945624 13885 959376
190600 13671 946157 13896 959843
190700 13678 946656 13908 960344
190800 13684 947103 13914 960897
190900 13686 947530 13917 961470
191000 13691 947899 13929 962101
191100 13698 948343 13936 962657
191200 13704 948816 13942 963184
191300 13716 949277 13958 963723
191400 13728 949802 13966 964198
191500 13734 950280 13971 964720
191600 13747 950775 13979 965225
191700 13754 951221 13991 965779
191800 13760 951688 13999 966312
191900 13771 952153 14005 966847
192000 13774 952589 14012 967411
192100 13780 953061 14017 967939
192200 13788 953607 14022 968393
192300 13798 954138 14036 968862
192400 13803 954701 14039 969299
192500 13809 955186 14045 969814
192600 13816 955634 14060 970366
192700 13828 956057 14067 970943
192800 13830 956558 14070 971442
192900 13839 957056 14077 971944
193000 13848 957511 14085 972489
193100 13854 958022 14090 972978
193200 13859 958489 14095 973511
193300 13867 958996 14107 974004
193400 13875 959504 14124 974496
193500 13890 960036 14132 974964
193600 13896 960557 14138 975443
193700 13902 961040 14147 975960
193800 13911 961564 14150 976436
193900 13917 962066 14160 976934
194000 13922 962539 14174 977461
194100 13925 963016 14184 977984
194200 13932 963541 14189 978459
194300 13941 964058 14197 978942
194400 13945 964497 14204 979503
194500 13958 964958 14213 980042
194600 13968 965465 14219 980535
194700 13975 965869 14226 981131
194800 13979 966443 14236 981557
194900 13987 967049 14243 981951
195000 13999 967550 14250 982450
195100 14007 968054 14257 982946
195200 14017 968572 14266 983428
195300 14022 969125 14273 983875
195400 14026 969692 14277 984308
195500 14031 970193 14283 984807
195600 14044 970651 14296 985349
195700 14049 971080 14303 985920
195800 14055 971654 14311 986346
195900 14059 972131 14318 986869
196000 14067 972595 14321 987405
196100 14073 973009 14326 987991
196200 14078 973474 14331 988526
196300 14086 974004 14339 988996
196400 14092 974486 14348 989514
196500 14101 975026 14358 989974
196600 14108 975488 14365 990512
196700 14113 975970 14373 991030
196800 14119 976466 14378 991534
196900 14126 976983 14387 992017
197000 14134 977553 14394 992447
197100 14141 977987 14401 993013
197200 14154 978519 14409 993481
197300 14159 979058 14414 993942
197400 14165 979622 14419 994378
197500 14168 980061 14432 994939
197600 14181 980473 14439 995527
197700 14189 980940 14449 996060
197800 14198 981454 14465 996546
197900 14211 981918 14474 997082
198000 14215 982412 14479 997588
198100 14226 982826 14487 998174
198200 14238 983430 14501 998570
198300 14250 983983 14508 999017
198400 14256 984422 14514 999578
198500 14261 984918 14525 1000082
198600 14267 985365 14532 1000635
198700 14269 985834 14544 1001166
198800 14272 986359 14552 1001641
198900 14275 986832 14557 1002168
199000 14279 987373 14560 1002627
199100 14291 987875 14569 1003125
199200 14299 988334 14577 1003666
199300 14306 988820 14585 1004180
199400 14319 989257 14593 1004743
199500 14326 989766 14604 1005234
199600 14337 990288 14611 1005712
199700 14349 990755 14615 1006245
199800 14355 991295 14620 1006705
199900 14363 991816 14627 1007184
200000 14371 992400 14633 1007600
