#! FIELDS timestep dup_succ dup_attempts kill_succ kill_attempts
#! SET timestep 0.5
#! SET kernel_bandwidth [0.15 0.15]
#! SET kt 1.0
100 155 528 160 472
200 231 705 266 1295
300 327 944 398 2056
400 423 1281 500 2719
500 497 1715 594 3285
600 571 1885 680 4115
700 647 2131 771 4869
800 709 2446 857 5554
900 743 2834 896 6166
1000 780 3259 935 6741
1100 808 3731 972 7269
1200 830 4255 991 7745
1300 858 4777 1011 8223
1400 884 5268 1031 8732
1500 908 5785 1051 9215
1600 927 6364 1067 9636
1700 951 6919 1080 10081
1800 967 7450 1093 10550
1900 981 8041 1103 10959
2000 992 8605 1119 11395
2100 1013 9222 1131 11778
2200 1034 9755 1142 12245
2300 1055 10231 1166 12769
2400 1079 10767 1181 13233
2500 1093 11280 1201 13720
2600 1113 11890 1217 14110
2700 1133 12406 1236 14594
2800 1152 12932 1251 15068
2900 1171 13468 1267 15532
3000 1194 13989 1286 16011
3100 1215 14522 1301 16478
3200 1231 15064 1321 16936
3300 1253 15497 1335 17503
3400 1265 15983 1354 18017
3500 1284 16485 1370 18515
3600 1296 17007 1378 18993
3700 1313 17479 1398 19521
3800 1328 17980 1420 20020
3900 1346 18448 1435 20552
4000 1369 18961 1454 21039
4100 1387 19419 1476 21581
4200 1409 19872 1498 22128
4300 1434 20432 1513 22568
4400 1446 20924 1527 23076
4500 1458 21491 1541 23509
4600 1482 21952 1566 24048
4700 1505 22458 1580 24542
4800 1521 22943 1600 25057
4900 1531 23401 1616 25599
5000 1546 23956 1632 26044
5100 1568 24440 1652 26560
5200 1585 24985 1668 27015
5300 1604 25559 1687 27441
5400 1621 26083 1712 27917
5500 1639 26658 1726 28342
5600 1655 27236 1748 28764
5700 1672 27739 1764 29261
5800 1686 28307 1779 29693
5900 1699 28891 1797 30109
6000 1710 29396 1814 30604
6100 1727 29902 1828 31098
6200 1745 30480 1844 31520
6300 1757 31033 1864 31967
6400 1778 31542 1882 32458
6500 1805 32116 1907 32884
6600 1821 32659 1926 33341
6700 1842 33138 1938 33862
6800 1867 33648 1958 34352
6900 1880 34167 1976 34833
7000 1894 34685 1994 35315
7100 1913 35106 2009 35894
7200 1929 35569 2023 36431
7300 1950 36119 2039 36881
7400 1977 36551 2058 37449
7500 1996 37041 2083 37959
7600 2016 37540 2102 38460
7700 2032 38093 2125 38907
7800 2047 38637 2139 39363
7900 2066 39147 2155 39853
8000 2090 39725 2176 40275
8100 2105 40272 2195 40728
8200 2127 40813 2212 41187
8300 2152 41405 2237 41595
8400 2172 41921 2253 42079
8500 2187 42408 2273 42592
8600 2201 42986 2289 43014
8700 2218 43511 2295 43489
8800 2234 44038 2312 43962
8900 2249 44535 2322 44465
9000 2271 45004 2342 44996
9100 2285 45548 2364 45452
9200 2311 46034 2389 45966
9300 2331 46589 2407 46411
9400 2352 47061 2432 46939
9500 2373 47567 2455 47433
9600 2384 48129 2470 47871
9700 2399 48694 2483 48306
9800 2410 49142 2496 48858
9900 2433 49722 2507 49278
10000 2455 50258 2529 49742
10100 2478 50835 2537 50165
10200 2499 51396 2552 50604
10300 2514 51872 2565 51128
10400 2527 52421 2580 51579
10500 2552 52953 2595 52047
10600 2566 53491 2611 52509
10700 2587 54024 2623 52976
10800 2596 54591 2636 53409
10900 2606 55122 2650 53878
11000 2630 55706 2670 54294
11100 2662 56230 2690 54770
11200 2671 56698 2708 55302
11300 2702 57316 2726 55684
11400 2723 57868 2747 56132
11500 2737 58366 2760 56634
11600 2750 58842 2776 57158
11700 2771 59416 2800 57584
11800 2788 59893 2826 58107
11900 2813 60357 2844 58643
12000 2837 60839 2864 59161
12100 2850 61400 2875 59600
12200 2865 61901 2891 60099
12300 2884 62423 2912 60577
12400 2899 62939 2928 61061
12500 2915 63400 2945 61600
12600 2929 63930 2967 62070
12700 2943 64474 2982 62526
12800 2962 64984 3005 63016
12900 2980 65428 3022 63572
13000 2998 66014 3042 63986
13100 3025 66516 3064 64484
13200 3046 67136 3088 64864
13300 3076 67709 3112 65291
13400 3096 68193 3126 65807
13500 3132 68690 3157 66310
13600 3156 69229 3184 66771
13700 3173 69739 3207 67261
13800 3188 70217 3223 67783
13900 3203 70785 3236 68215
14000 3220 71332 3253 68668
14100 3234 71813 3270 69187
14200 3251 72344 3281 69656
14300 3274 72853 3304 70147
14400 3284 73316 3321 70684
14500 3296 73763 3339 71237
14600 3319 74322 3354 71678
14700 3332 74844 3367 72156
14800 3345 75376 3380 72624
14900 3361 75919 3397 73081
15000 3373 76381 3408 73619
15100 3391 76902 3426 74098
15200 3414 77399 3443 74601
15300 3440 77936 3469 75064
15400 3450 78454 3482 75546
15500 3475 78963 3505 76037
15600 3488 79467 3517 76533
15700 3509 80002 3546 76998
15800 3524 80558 3566 77442
15900 3538 81030 3578 77970
16000 3564 81617 3603 78383
16100 3575 82105 3620 78895
16200 3592 82583 3633 79417
16300 3614 83094 3650 79906
16400 3641 83615 3664 80385
16500 3653 84074 3681 80926
16600 3668 84575 3693 81425
16700 3691 85095 3707 81905
16800 3707 85682 3720 82318
16900 3731 86202 3738 82798
17000 3750 86717 3757 83283
17100 3770 87229 3776 83771
17200 3797 87718 3792 84282
17300 3823 88296 3814 84704
17400 3836 88825 3830 85175
17500 3861 89439 3841 85561
17600 3885 90019 3859 85981
17700 3903 90565 3876 86435
17800 3927 91038 3896 86962
17900 3943 91704 3916 87296
18000 3963 92194 3937 87806
18100 3980 92774 3963 88226
18200 4001 93362 3977 88638
18300 4016 93942 3995 89058
18400 4038 94490 4009 89510
18500 4048 95081 4025 89919
18600 4059 95610 4045 90390
18700 4076 96102 4064 90898
18800 4101 96591 4097 91409
18900 4121 97066 4119 91934
19000 4141 97563 4147 92437
19100 4159 98130 4162 92870
19200 4176 98666 4185 93334
19300 4191 99217 4221 93783
19400 4213 99671 4249 94329
19500 4241 100260 4266 94740
19600 4263 100701 4281 95299
19700 4271 101221 4301 95779
19800 4290 101722 4326 96278
19900 4308 102236 4345 96764
20000 4318 102817 4364 97183
20100 4334 103347 4389 97653
20200 4351 103856 4414 98144
20300 4372 104417 4437 98583
20400 4392 104923 4455 99077
20500 4405 105467 4474 99533
20600 4419 106078 4490 99922
20700 4448 106630 4509 100370
20800 4468 107169 4527 100831
20900 4487 107721 4548 101279
21000 4501 108292 4565 101708
21100 4521 108862 4586 102138
21200 4539 109308 4604 102692
21300 4566 109837 4632 103163
21400 4580 110360 4643 103640
21500 4609 110918 4655 104082
21600 4627 111467 4669 104533
21700 4643 111938 4686 105062
21800 4650 112509 4700 105491
21900 4667 112950 4716 106050
22000 4686 113471 4728 106529
22100 4702 113956 4739 107044
22200 4713 114465 4755 107535
22300 4729 114978 4773 108022
22400 4755 115446 4796 108554
22500 4770 115967 4811 109033
22600 4792 116496 4832 109504
22700 4800 117056 4843 109944
22800 4817 117545 4864 110455
22900 4836 118097 4886 110903
23000 4852 118608 4904 111392
23100 4871 119081 4921 111919
23200 4888 119626 4943 112374
23300 4907 120163 4952 112837
23400 4930 120660 4968 113340
23500 4956 121235 4987 113765
23600 4984 121791 5001 114209
23700 5000 122346 5017 114654
23800 5026 122922 5031 115078
23900 5044 123436 5054 115564
24000 5076 123891 5064 116109
24100 5090 124407 5078 116593
24200 5099 124887 5088 117113
24300 5123 125378 5106 117622
24400 5136 125864 5123 118136
24500 5146 126360 5139 118640
24600 5165 126850 5161 119150
24700 5183 127425 5185 119575
24800 5199 127883 5202 120117
24900 5216 128418 5217 120582
25000 5237 128995 5237 121005
25100 5260 129528 5260 121472
25200 5273 130035 5277 121965
25300 5294 130596 5298 122404
25400 5319 131113 5315 122887
25500 5332 131626 5330 123374
25600 5344 132164 5348 123836
25700 5360 132585 5360 124415
25800 5374 133065 5374 124935
25900 5389 133642 5384 125358
26000 5401 134200 5398 125800
26100 5425 134700 5417 126300
26200 5439 135142 5437 126858
26300 5461 135670 5452 127330
26400 5478 136195 5470 127805
26500 5504 136766 5483 128234
26600 5518 137232 5493 128768
26700 5531 137712 5510 129288
26800 5550 138183 5521 129817
26900 5565 138671 5551 130329
27000 5581 139139 5564 130861
27100 5598 139676 5587 131324
27200 5612 140149 5601 131851
27300 5627 140696 5615 132304
27400 5647 141226 5630 132774
27500 5665 141779 5646 133221
27600 5683 142263 5652 133737
27700 5699 142707 5668 134293
27800 5719 143111 5679 134889
27900 5736 143626 5692 135374
28000 5750 144134 5715 135866
28100 5766 144660 5736 136340
28200 5787 145184 5756 136816
28300 5808 145717 5770 137283
28400 5822 146197 5789 137803
28500 5839 146678 5809 138322
28600 5849 147161 5835 138839
28700 5873 147701 5850 139299
28800 5890 148231 5865 139769
28900 5908 148784 5888 140216
29000 5932 149279 5905 140721
29100 5940 149782 5923 141218
29200 5954 150290 5939 141710
29300 5971 150875 5953 142125
29400 5984 151383 5963 142617
29500 5998 151864 5980 143136
29600 6012 152434 5994 143566
29700 6029 153036 6016 143964
29800 6053 153552 6031 144448
29900 6065 154098 6046 144902
30000 6080 154556 6064 145444
30100 6104 155080 6087 145920
30200 6116 155613 6102 146387
30300 6129 156200 6118 146800
30400 6148 156716 6135 147284
30500 6165 157339 6150 147661
30600 6182 157847 6171 148153
30700 6205 158414 6185 148586
30800 6220 158856 6207 149144
30900 6239 159388 6224 149612
31000 6257 159999 6247 150001
31100 6278 160572 6269 150428
31200 6293 161067 6295 150933
31300 6310 161616 6319 151384
31400 6320 162103 6333 151897
31500 6338 162604 6357 152396
31600 6357 163248 6373 152752
31700 6366 163822 6384 153178
31800 6385 164273 6398 153727
31900 6396 164827 6411 154173
32000 6402 165376 6423 154624
32100 6426 165904 6440 155096
32200 6443 166476 6460 155524
32300 6465 166950 6475 156050
32400 6478 167501 6492 156499
32500 6493 168005 6511 156995
32600 6510 168527 6525 157473
32700 6533 169070 6541 157930
32800 6542 169639 6553 158361
32900 6560 170182 6566 158818
33000 6582 170714 6583 159286
33100 6603 171201 6590 159799
33200 6628 171650 6610 160350
33300 6652 172085 6623 160915
33400 6670 172570 6638 161430
33500 6697 173127 6658 161873
33600 6713 173641 6676 162359
33700 6731 174160 6703 162840
33800 6757 174669 6729 163331
33900 6774 175202 6744 163798
34000 6787 175803 6763 164197
34100 6808 176306 6788 164694
34200 6829 176902 6813 165098
34300 6845 177497 6824 165503
34400 6860 178072 6848 165928
34500 6882 178563 6861 166437
34600 6901 178976 6876 167024
34700 6920 179453 6886 167547
34800 6931 179935 6899 168065
34900 6946 180470 6912 168530
35000 6974 180965 6930 169035
35100 6995 181498 6946 169502
35200 7015 181984 6968 170016
35300 7032 182516 6982 170484
35400 7049 183064 7003 170936
35500 7066 183649 7017 171351
35600 7078 184147 7028 171853
35700 7097 184657 7042 172343
35800 7118 185114 7064 172886
35900 7135 185647 7081 173353
36000 7148 186086 7092 173914
36100 7174 186614 7111 174386
36200 7196 187139 7132 174861
36300 7216 187651 7153 175349
36400 7231 188096 7169 175904
36500 7247 188652 7181 176348
36600 7271 189146 7194 176854
36700 7296 189708 7221 177292
36800 7310 190240 7234 177760
36900 7333 190747 7248 178253
37000 7346 191245 7265 178755
37100 7359 191727 7286 179273
37200 7375 192267 7311 179733
37300 7399 192714 7332 180286
37400 7425 193283 7358 180717
37500 7437 193816 7374 181184
37600 7455 194326 7393 181674
37700 7469 194782 7417 182218
37800 7485 195345 7430 182655
37900 7508 195890 7440 183110
38000 7519 196463 7455 183537
38100 7533 197015 7478 183985
38200 7549 197499 7492 184501
38300 7565 198069 7512 184931
38400 7573 198519 7529 185481
38500 7596 199056 7549 185944
38600 7603 199597 7570 186403
38700 7621 200022 7591 186978
38800 7638 200478 7612 187522
38900 7655 201030 7628 187970
39000 7674 201553 7645 188447
39100 7686 202001 7660 188999
39200 7703 202491 7677 189509
39300 7722 203017 7695 189983
39400 7741 203585 7720 190415
39500 7755 204172 7737 190828
39600 7775 204684 7751 191316
39700 7786 205159 7770 191841
39800 7799 205689 7783 192311
39900 7814 206219 7799 192781
40000 7839 206761 7819 193239
40100 7854 207285 7838 193715
40200 7870 207760 7859 194240
40300 7897 208247 7877 194753
40400 7916 208793 7907 195207
40500 7929 209268 7926 195732
40600 7949 209818 7945 196182
40700 7967 210275 7960 196725
40800 7985 210725 7970 197275
40900 8005 211188 7987 197812
41000 8017 211663 8002 198337
41100 8033 212180 8014 198820
41200 8057 212734 8033 199266
41300 8069 213265 8052 199735
41400 8087 213765 8067 200235
41500 8102 214294 8082 200706
41600 8119 214794 8093 201206
41700 8141 215315 8115 201685
41800 8161 215800 8134 202200
41900 8177 216298 8153 202702
42000 8207 216885 8174 203115
42100 8221 217472 8189 203528
42200 8242 218000 8208 204000
42300 8254 218567 8225 204433
42400 8261 219022 8237 204978
42500 8271 219543 8246 205457
42600 8286 220098 8262 205902
42700 8310 220584 8275 206416
42800 8329 221108 8288 206892
42900 8350 221683 8301 207317
43000 8370 222142 8318 207858
43100 8383 222661 8326 208339
43200 8403 223158 8345 208842
43300 8414 223637 8357 209363
43400 8429 224231 8375 209769
43500 8454 224747 8387 210253
43600 8481 225315 8412 210685
43700 8493 225794 8434 211206
43800 8500 226232 8457 211768
43900 8516 226681 8474 212319
44000 8531 227154 8494 212846
44100 8550 227659 8505 213341
44200 8568 228119 8529 213881
44300 8583 228657 8550 214343
44400 8595 229152 8562 214848
44500 8614 229667 8578 215333
44600 8635 230217 8595 215783
44700 8653 230764 8611 216236
44800 8668 231297 8633 216703
44900 8690 231817 8662 217183
45000 8700 232256 8677 217744
45100 8716 232803 8694 218197
45200 8740 233330 8717 218670
45300 8755 233873 8735 219127
45400 8770 234447 8756 219553
45500 8786 234919 8768 220081
45600 8802 235483 8776 220517
45700 8819 235980 8791 221020
45800 8841 236520 8810 221480
45900 8857 237050 8826 221950
46000 8873 237535 8845 222465
46100 8892 238064 8862 222936
46200 8913 238564 8884 223436
46300 8927 239057 8900 223943
46400 8944 239601 8909 224399
46500 8956 240172 8931 224828
46600 8972 240679 8941 225321
46700 9001 241158 8954 225842
46800 9025 241689 8976 226311
46900 9034 242214 8997 226786
47000 9049 242777 9015 227223
47100 9071 243186 9038 227814
47200 9085 243763 9059 228237
47300 9100 244290 9077 228710
47400 9117 244703 9093 229297
47500 9140 245251 9111 229749
47600 9166 245819 9127 230181
47700 9182 246337 9140 230663
47800 9198 246947 9162 231053
47900 9215 247399 9183 231601
48000 9236 247925 9209 232075
48100 9256 248372 9230 232628
48200 9275 248828 9247 233172
48300 9295 249279 9268 233721
48400 9310 249775 9283 234225
48500 9334 250269 9299 234731
48600 9347 250799 9317 235201
48700 9369 251366 9339 235634
48800 9394 251927 9355 236073
48900 9413 252513 9381 236487
49000 9423 252990 9392 237010
49100 9444 253531 9405 237469
49200 9466 253999 9425 238001
49300 9480 254507 9439 238493
49400 9497 255109 9462 238891
49500 9517 255684 9477 239316
49600 9545 256216 9490 239784
49700 9563 256806 9508 240194
49800 9585 257313 9525 240687
49900 9594 257871 9537 241129
50000 9606 258368 9556 241632
50100 9621 258889 9569 242111
50200 9634 259386 9585 242614
50300 9645 259937 9606 243063
50400 9665 260412 9628 243588
50500 9681 260895 9643 244105
50600 9696 261397 9655 244603
50700 9712 261926 9674 245074
50800 9731 262484 9685 245516
50900 9754 263035 9706 245965
51000 9766 263536 9728 246464
51100 9786 264072 9750 246928
51200 9816 264598 9768 247402
51300 9830 265203 9779 247797
51400 9847 265704 9792 248296
51500 9866 266233 9800 248767
51600 9890 266653 9814 249347
51700 9903 267183 9838 249817
51800 9922 267667 9850 250333
51900 9929 268208 9860 250792
52000 9942 268724 9871 251276
52100 9965 269219 9894 251781
52200 9982 269772 9913 252228
52300 9997 270382 9932 252618
52400 10007 270940 9947 253060
52500 10023 271534 9964 253466
52600 10037 272039 9994 253961
52700 10059 272541 10012 254459
52800 10072 273063 10022 254937
52900 10084 273552 10036 255448
53000 10106 274083 10057 255917
53100 10122 274610 10082 256390
53200 10146 275088 10101 256912
53300 10167 275639 10134 257361
53400 10193 276160 10154 257840
53500 10210 276688 10170 258312
53600 10228 277243 10183 258757
53700 10255 277801 10204 259199
53800 10272 278367 10213 259633
53900 10287 278886 10229 260114
54000 10309 279417 10244 260583
54100 10326 279851 10265 261149
54200 10333 280317 10276 261683
54300 10355 280827 10286 262173
54400 10373 281285 10296 262715
54500 10389 281810 10318 263190
54600 10402 282354 10331 263646
54700 10411 282835 10338 264165
54800 10438 283335 10357 264665
54900 10450 283756 10372 265244
55000 10460 284329 10397 265671
55100 10481 284799 10418 266201
55200 10506 285311 10445 266689
55300 10517 285815 10462 267185
55400 10537 286405 10486 267595
55500 10556 286958 10498 268042
55600 10576 287567 10519 268433
55700 10597 288145 10534 268855
55800 10619 288707 10554 269293
55900 10632 289247 10570 269753
56000 10658 289835 10585 270165
56100 10675 290327 10605 270673
56200 10694 290815 10619 271185
56300 10711 291377 10629 271623
56400 10728 291906 10642 272094
56500 10740 292429 10667 272571
56600 10768 292937 10689 273063
56700 10784 293512 10704 273488
56800 10800 294017 10729 273983
56900 10821 294555 10746 274445
57000 10836 295168 10761 274832
57100 10850 295714 10779 275286
57200 10864 296238 10805 275762
57300 10880 296722 10819 276278
57400 10892 297388 10833 276612
57500 10917 297887 10847 277113
57600 10940 298349 10869 277651
57700 10960 298836 10883 278164
57800 10972 299446 10895 278554
57900 10989 299857 10908 279143
58000 11007 300339 10921 279661
58100 11021 300830 10941 280170
58200 11043 301324 10966 280676
58300 11055 301831 10975 281169
58400 11068 302339 10994 281661
58500 11088 302905 11022 282095
58600 11103 303364 11041 282636
58700 11120 303911 11057 283089
58800 11138 304507 11071 283493
58900 11158 305056 11094 283944
59000 11174 305608 11110 284392
59100 11204 306153 11130 284847
59200 11216 306609 11146 285391
59300 11235 307122 11169 285878
59400 11266 307720 11185 286280
59500 11294 308294 11208 286706
59600 11307 308926 11226 287074
59700 11330 309406 11252 287594
59800 11351 309887 11282 288113
59900 11366 310422 11297 288578
60000 11393 310940 11323 289060
60100 11417 311464 11348 289536
60200 11438 311907 11368 290093
60300 11457 312445 11385 290555
60400 11477 312979 11404 291021
60500 11490 313536 11422 291464
60600 11502 314097 11435 291903
60700 11515 314642 11451 292358
60800 11533 315185 11474 292815
60900 11560 315712 11496 293288
61000 11580 316284 11512 293716
61100 11604 316858 11534 294142
61200 11624 317382 11552 294618
61300 11649 317901 11569 295099
61400 11659 318401 11585 295599
61500 11671 318881 11600 296119
61600 11692 319418 11616 296582
61700 11715 319929 11641 297071
61800 11730 320454 11653 297546
61900 11746 320946 11664 298054
62000 11768 321497 11685 298503
62100 11785 321980 11706 299020
62200 11804 322511 11731 299489
62300 11822 323113 11751 299887
62400 11847 323658 11778 300342
62500 11871 324267 11805 300733
62600 11890 324858 11823 301142
62700 11914 325381 11842 301619
62800 11924 325925 11859 302075
62900 11939 326479 11874 302521
63000 11955 326977 11891 303023
63100 11975 327463 11909 303537
63200 11994 328038 11931 303962
63300 12007 328567 11943 304433
63400 12033 329109 11964 304891
63500 12064 329639 11983 305361
63600 12085 330223 12003 305777
63700 12110 330757 12024 306243
63800 12128 331324 12045 306676
63900 12144 331935 12075 307065
64000 12160 332457 12093 307543
64100 12184 333001 12117 307999
64200 12212 333496 12140 308504
64300 12231 334065 12151 308935
64400 12249 334569 12170 309431
64500 12268 335168 12187 309832
64600 12289 335757 12208 310243
64700 12309 336299 12227 310701
64800 12335 336811 12238 311189
64900 12349 337283 12254 311717
65000 12363 337787 12267 312213
65100 12376 338273 12290 312727
65200 12393 338763 12300 313237
65300 12407 339278 12316 313722
65400 12420 339773 12337 314227
65500 12442 340316 12352 314684
65600 12462 340823 12382 315177
65700 12483 341423 12413 315577
65800 12490 341899 12428 316101
65900 12511 342434 12450 316566
66000 12523 343037 12467 316963
66100 12545 343549 12482 317451
66200 12562 344099 12505 317901
66300 12585 344590 12524 318410
66400 12604 345115 12548 318885
66500 12612 345656 12558 319344
66600 12632 346138 12575 319862
66700 12649 346628 12592 320372
66800 12673 347189 12610 320811
66900 12692 347641 12625 321359
67000 12711 348062 12642 321938
67100 12728 348562 12664 322438
67200 12747 349042 12685 322958
67300 12766 349571 12704 323429
67400 12787 350134 12717 323866
67500 12802 350703 12742 324297
67600 12816 351270 12760 324730
67700 12829 351837 12780 325163
67800 12845 352362 12798 325638
67900 12856 352858 12815 326142
68000 12869 353398 12826 326602
68100 12892 353839 12846 327161
68200 12917 354334 12870 327666
68300 12937 354892 12890 328108
68400 12962 355410 12920 328590
68500 12976 355933 12932 329067
68600 12995 356528 12958 329472
68700 13011 357071 12975 329929
68800 13020 357588 12990 330412
68900 13045 358022 13011 330978
69000 13060 358521 13021 331479
69100 13075 359084 13038 331916
69200 13088 359567 13055 332433
69300 13106 360086 13077 332914
69400 13124 360585 13095 333415
69500 13144 361128 13109 333872
69600 13168 361660 13125 334340
69700 13189 362220 13144 334780
69800 13207 362776 13167 335224
69900 13218 363336 13183 335664
70000 13238 363887 13206 336113
70100 13258 364461 13224 336539
70200 13278 365021 13239 336979
70300 13297 365551 13260 337449
70400 13311 366086 13275 337914
70500 13334 366585 13291 338415
70600 13350 367045 13305 338955
70700 13366 367523 13325 339477
70800 13385 368025 13344 339975
70900 13399 368442 13358 340558
71000 13427 368913 13382 341087
71100 13436 369447 13400 341553
71200 13461 369963 13421 342037
71300 13475 370473 13438 342527
71400 13496 370955 13451 343045
71500 13513 371495 13465 343505
71600 13529 372016 13491 343984
71700 13542 372605 13513 344395
71800 13567 373119 13537 344881
71900 13586 373635 13550 345365
72000 13603 374177 13562 345823
72100 13619 374700 13588 346300
72200 13629 375222 13600 346778
72300 13650 375731 13619 347269
72400 13663 376300 13631 347700
72500 13680 376858 13646 348142
72600 13701 377419 13664 348581
72700 13727 378007 13683 348993
72800 13752 378521 13694 349479
72900 13776 378998 13710 350002
73000 13788 379488 13725 350512
73100 13806 380025 13746 350975
73200 13826 380519 13763 351481
73300 13844 381031 13782 351969
73400 13857 381547 13799 352453
73500 13876 382059 13817 352941
73600 13892 382569 13836 353431
73700 13908 383117 13857 353883
73800 13922 383700 13871 354300
73900 13939 384259 13884 354741
74000 13952 384818 13906 355182
74100 13965 385323 13927 355677
74200 13992 385955 13938 356045
74300 14007 386552 13949 356448
74400 14022 387085 13963 356915
74500 14042 387689 13977 357311
74600 14056 388236 14002 357764
74700 14081 388711 14021 358289
74800 14100 389276 14039 358724
74900 14119 389820 14062 359180
75000 14143 390375 14081 359625
75100 14159 390866 14095 360134
75200 14178 391441 14110 360559
75300 14214 391957 14130 361043
75400 14230 392427 14144 361573
75500 14252 392984 14161 362016
75600 14270 393555 14183 362445
75700 14281 394075 14202 362925
75800 14292 394568 14225 363432
75900 14312 395026 14239 363974
76000 14335 395559 14261 364441
76100 14361 396087 14287 364913
76200 14390 396654 14310 365346
76300 14412 397147 14329 365853
76400 14435 397694 14356 366306
76500 14454 398132 14379 366868
76600 14467 398651 14401 367349
76700 14489 399147 14423 367853
76800 14508 399652 14437 368348
76900 14529 400129 14454 368871
77000 14554 400574 14475 369426
77100 14574 401132 14489 369868
77200 14592 401662 14505 370338
77300 14610 402192 14522 370808
77400 14633 402783 14539 371217
77500 14648 403233 14554 371767
77600 14666 403780 14569 372220
77700 14681 404315 14588 372685
77800 14705 404924 14617 373076
77900 14714 405417 14632 373583
78000 14731 406033 14655 373967
78100 14753 406567 14681 374433
78200 14767 407081 14689 374919
78300 14795 407574 14707 375426
78400 14812 408007 14727 375993
78500 14826 408496 14747 376504
78600 14849 408954 14768 377046
78700 14862 409533 14789 377467
78800 14882 410047 14810 377953
78900 14899 410596 14832 378404
79000 14909 411213 14848 378787
79100 14920 411662 14862 379338
79200 14941 412189 14879 379811
79300 14963 412720 14900 380280
79400 14979 413230 14913 380770
79500 15001 413749 14930 381251
79600 15016 414223 14951 381777
79700 15029 414671 14969 382329
79800 15050 415231 14980 382769
79900 15069 415855 14996 383145
80000 15088 416362 15012 383638
80100 15110 416927 15038 384073
80200 15125 417380 15048 384620
80300 15143 417877 15067 385123
80400 15157 418418 15087 385582
80500 15177 418852 15113 386148
80600 15198 419479 15137 386521
80700 15224 419938 15153 387062
80800 15246 420411 15169 387589
80900 15259 420905 15196 388095
81000 15276 421424 15207 388576
81100 15295 421948 15225 389052
81200 15314 422433 15245 389567
81300 15334 422944 15268 390056
81400 15350 423426 15285 390574
81500 15367 423920 15298 391080
81600 15389 424374 15315 391626
81700 15403 424845 15337 392155
81800 15420 425323 15352 392677
81900 15435 425789 15366 393211
82000 15455 426291 15377 393709
82100 15469 426805 15394 394195
82200 15485 427379 15411 394621
82300 15501 427871 15426 395129
82400 15516 428543 15451 395457
82500 15528 429088 15465 395912
82600 15546 429685 15476 396315
82700 15562 430211 15495 396789
82800 15583 430761 15513 397239
82900 15607 431313 15529 397687
83000 15626 431906 15542 398094
83100 15650 432349 15566 398651
83200 15671 432927 15583 399073
83300 15689 433448 15607 399552
83400 15703 434006 15621 399994
83500 15715 434531 15636 400469
83600 15735 435137 15657 400863
83700 15749 435615 15669 401385
83800 15768 436152 15691 401848
83900 15784 436658 15708 402342
84000 15798 437210 15727 402790
84100 15808 437666 15746 403334
84200 15829 438111 15759 403889
84300 15843 438648 15776 404352
84400 15872 439261 15800 404739
84500 15888 439794 15814 405206
84600 15911 440270 15826 405730
84700 15923 440725 15840 406275
84800 15937 441281 15854 406719
84900 15952 441897 15871 407103
85000 15968 442382 15889 407618
85100 15991 443033 15910 407967
85200 16009 443548 15928 408452
85300 16026 444069 15940 408931
85400 16052 444582 15954 409418
85500 16069 445058 15971 409942
85600 16084 445593 15996 410407
85700 16100 446118 16019 410882
85800 16117 446575 16032 411425
85900 16142 447097 16053 411903
86000 16157 447615 16068 412385
86100 16179 448051 16085 412949
86200 16201 448572 16099 413428
86300 16217 449087 16114 413913
86400 16240 449626 16142 414374
86500 16261 450202 16158 414798
86600 16285 450749 16177 415251
86700 16301 451234 16194 415766
86800 16316 451829 16216 416171
86900 16339 452441 16235 416559
87000 16357 452948 16251 417052
87100 16373 453381 16267 417619
87200 16392 453887 16281 418113
87300 16397 454394 16288 418606
87400 16411 454920 16297 419080
87500 16423 455462 16322 419538
87600 16446 456049 16340 419951
87700 16462 456573 16361 420427
87800 16482 457030 16384 420970
87900 16499 457589 16399 421411
88000 16516 458126 16415 421874
88100 16541 458630 16431 422370
88200 16553 459185 16453 422815
88300 16570 459677 16466 423323
88400 16589 460263 16484 423737
88500 16613 460777 16508 424223
88600 16631 461369 16527 424631
88700 16642 461908 16538 425092
88800 16662 462462 16555 425538
88900 16679 463009 16576 425991
89000 16689 463502 16586 426498
89100 16714 464054 16606 426946
89200 16731 464524 16629 427476
89300 16741 465044 16645 427956
89400 16757 465588 16667 428412
89500 16774 466057 16686 428943
89600 16789 466546 16696 429454
89700 16809 467101 16708 429899
89800 16824 467594 16728 430406
89900 16834 468164 16744 430836
90000 16853 468727 16763 431273
90100 16860 469290 16775 431710
90200 16867 469846 16791 432154
90300 16890 470349 16814 432651
90400 16904 470928 16827 433072
90500 16921 471515 16843 433485
90600 16949 472081 16861 433919
90700 16966 472588 16879 434412
90800 16972 473104 16891 434896
90900 16983 473597 16908 435403
91000 16999 474094 16938 435906
91100 17014 474635 16953 436365
91200 17036 475176 16969 436824
91300 17056 475700 16988 437300
91400 17073 476244 16998 437756
91500 17096 476742 17015 438258
91600 17113 477274 17025 438726
91700 17127 477839 17041 439161
91800 17137 478363 17052 439637
91900 17165 478906 17070 440094
92000 17178 479404 17093 440596
92100 17192 479931 17114 441069
92200 17212 480458 17129 441542
92300 17229 480982 17142 442018
92400 17239 481533 17157 442467
92500 17260 482095 17178 442905
92600 17282 482585 17192 443415
92700 17289 483105 17200 443895
92800 17312 483635 17218 444365
92900 17325 484103 17234 444897
93000 17344 484631 17260 445369
93100 17362 485104 17279 445896
93200 17378 485609 17296 446391
93300 17391 486105 17308 446895
93400 17409 486679 17331 447321
93500 17425 487223 17346 447777
93600 17436 487632 17369 448368
93700 17447 488240 17390 448760
93800 17469 488755 17409 449245
93900 17490 489301 17423 449699
94000 17511 489892 17439 450108
94100 17534 490429 17454 450571
94200 17559 490925 17473 451075
94300 17575 491486 17497 451514
94400 17590 492054 17531 451946
94500 17611 492561 17554 452439
94600 17629 493110 17566 452890
94700 17646 493581 17581 453419
94800 17663 494128 17592 453872
94900 17692 494637 17611 454363
95000 17710 495200 17632 454800
95100 17732 495721 17655 455279
95200 17751 496320 17678 455680
95300 17773 496873 17697 456127
95400 17793 497364 17711 456636
95500 17814 497809 17731 457191
95600 17834 498337 17756 457663
95700 17858 498868 17775 458132
95800 17869 499330 17790 458670
95900 17897 499829 17819 459171
96000 17907 500352 17832 459648
96100 17923 500841 17846 460159
96200 17946 501389 17867 460611
96300 17961 502013 17886 460987
96400 17989 502581 17902 461419
96500 18010 503055 17918 461945
96600 18033 503686 17934 462314
96700 18055 504235 17955 462765
96800 18071 504800 17975 463200
96900 18089 505314 17985 463686
97000 18102 505892 17999 464108
97100 18115 506436 18023 464564
97200 18134 506949 18039 465051
97300 18153 507456 18060 465544
97400 18173 507926 18071 466074
97500 18196 508458 18093 466542
97600 18214 509062 18109 466938
97700 18238 509552 18123 467448
97800 18249 510082 18140 467918
97900 18267 510604 18160 468396
98000 18285 511142 18184 468858
98100 18299 511666 18197 469334
98200 18319 512102 18209 469898
98300 18343 512606 18224 470394
98400 18361 513050 18250 470950
98500 18384 513596 18274 471404
98600 18397 514185 18290 471815
98700 18417 514776 18311 472224
98800 18431 515351 18335 472649
98900 18444 515813 18368 473187
99000 18462 516335 18386 473665
99100 18479 516851 18404 474149
99200 18504 517343 18426 474657
99300 18526 517830 18453 475170
99400 18546 518411 18461 475589
99500 18564 518950 18474 476050
99600 18590 519421 18494 476579
99700 18612 519905 18513 477095
99800 18630 520398 18529 477602
99900 18645 520946 18547 478054
100000 18663 521479 18564 478521
100100 18683 522006 18585 478994
100200 18698 522414 18601 479586
100300 18716 522926 18614 480074
100400 18742 523489 18634 480511
100500 18758 524053 18654 480947
100600 18782 524548 18666 481452
100700 18792 525065 18680 481935
100800 18806 525600 18697 482400
100900 18823 526106 18715 482894
101000 18829 526675 18730 483325
101100 18847 527212 18746 483788
101200 18867 527729 18765 484271
101300 18890 528298 18781 484702
101400 18899 528868 18798 485132
101500 18925 529480 18818 485520
101600 18939 530033 18827 485967
101700 18964 530562 18843 486438
101800 18985 531011 18862 486989
101900 19008 531565 18878 487435
102000 19019 532106 18887 487894
102100 19041 532686 18904 488314
102200 19059 533200 18922 488800
102300 19077 533718 18940 489282
102400 19099 534267 18963 489733
102500 19114 534769 18988 490231
102600 19139 535271 19009 490729
102700 19155 535784 19025 491216
102800 19172 536307 19035 491693
102900 19190 536773 19044 492227
103000 19212 537283 19059 492717
103100 19222 537749 19076 493251
103200 19242 538247 19105 493753
103300 19258 538806 19126 494194
103400 19271 539339 19141 494661
103500 19290 539901 19168 495099
103600 19302 540410 19188 495590
103700 19323 540974 19207 496026
103800 19335 541525 19222 496475
103900 19361 542027 19236 496973
104000 19375 542521 19246 497479
104100 19388 543015 19267 497985
104200 19401 543576 19285 498424
104300 19415 544079 19304 498921
104400 19430 544607 19327 499393
104500 19449 545198 19344 499802
104600 19470 545691 19354 500309
104700 19484 546229 19375 500771
104800 19504 546731 19391 501269
104900 19521 547194 19409 501806
105000 19533 547738 19424 502262
105100 19548 548277 19441 502723
105200 19573 548725 19458 503275
105300 19591 549252 19480 503748
105400 19617 549799 19496 504201
105500 19628 550321 19513 504679
105600 19651 550876 19532 505124
105700 19659 551334 19544 505666
105800 19680 551762 19560 506238
105900 19699 552252 19586 506748
106000 19715 552793 19598 507207
106100 19730 553240 19623 507760
106200 19746 553746 19637 508254
106300 19768 554305 19657 508695
106400 19799 554859 19679 509141
106500 19820 555299 19697 509701
106600 19836 555818 19722 510182
106700 19853 556332 19740 510668
106800 19876 556835 19769 511165
106900 19892 557283 19780 511717
107000 19909 557826 19788 512174
107100 19934 558363 19807 512637
107200 19952 558901 19821 513099
107300 19964 559447 19839 513553
107400 19987 560004 19867 513996
107500 20003 560506 19880 514494
107600 20024 561063 19896 514937
107700 20058 561599 19912 515401
107800 20080 562130 19932 515870
107900 20091 562633 19949 516367
108000 20117 563097 19967 516903
108100 20138 563564 19980 517436
108200 20151 564093 19999 517907
108300 20162 564618 20016 518382
108400 20171 565143 20029 518857
108500 20180 565730 20043 519270
108600 20202 566358 20057 519642
108700 20218 566947 20079 520053
108800 20233 567443 20093 520557
108900 20253 567959 20106 521041
109000 20272 568458 20126 521542
109100 20288 569108 20141 521892
109200 20303 569604 20153 522396
109300 20315 570134 20164 522866
109400 20331 570699 20178 523301
109500 20350 571266 20194 523734
109600 20372 571799 20218 524201
109700 20388 572275 20236 524725
109800 20408 572836 20255 525164
109900 20419 573317 20281 525683
110000 20434 573808 20294 526192
110100 20447 574353 20312 526647
110200 20463 574876 20335 527124
110300 20477 575399 20354 527601
110400 20490 575889 20368 528111
110500 20514 576417 20384 528583
110600 20530 576911 20405 529089
110700 20548 577443 20426 529557
110800 20565 577834 20446 530166
110900 20580 578287 20464 530713
111000 20599 578778 20482 531222
111100 20618 579266 20497 531734
111200 20637 579792 20520 532208
111300 20664 580322 20542 532678
111400 20677 580762 20554 533238
111500 20704 581306 20570 533694
111600 20726 581844 20586 534156
111700 20747 582413 20609 534587
111800 20762 582970 20628 535030
111900 20772 583487 20640 535513
112000 20796 584087 20658 535913
112100 20815 584688 20673 536312
112200 20831 585254 20692 536746
112300 20850 585796 20716 537204
112400 20867 586337 20740 537663
112500 20881 586834 20749 538166
112600 20900 587427 20770 538573
112700 20912 587914 20790 539086
112800 20929 588413 20801 539587
112900 20952 588926 20818 540074
113000 20969 589408 20836 540592
113100 20984 589919 20859 541081
113200 21009 590437 20881 541563
113300 21021 590873 20895 542127
113400 21042 591386 20917 542614
113500 21055 591883 20941 543117
113600 21074 592398 20974 543602
113700 21102 592829 20995 544171
113800 21115 593418 21015 544582
113900 21130 593939 21032 545061
114000 21146 594393 21057 545607
114100 21164 594884 21081 546116
114200 21186 595345 21094 546655
114300 21199 595870 21113 547130
114400 21220 596382 21130 547618
114500 21236 596938 21153 548062
114600 21250 597518 21167 548482
114700 21273 598075 21190 548925
114800 21294 598587 21208 549413
114900 21311 599070 21228 549930
115000 21323 599578 21243 550422
115100 21342 600089 21268 550911
115200 21367 600657 21286 551343
115300 21385 601171 21305 551829
115400 21396 601721 21317 552279
115500 21415 602251 21334 552749
115600 21429 602796 21357 553204
115700 21441 603288 21371 553712
115800 21459 603810 21396 554190
115900 21473 604382 21409 554618
116000 21479 604898 21422 555102
116100 21495 605400 21432 555600
116200 21516 605887 21446 556113
116300 21534 606394 21463 556606
116400 21556 606877 21473 557123
116500 21578 607442 21488 557558
116600 21594 607929 21500 558071
116700 21617 608514 21517 558486
116800 21639 609030 21531 558970
116900 21659 609532 21553 559468
117000 21676 610075 21580 559925
117100 21690 610639 21592 560361
117200 21712 611111 21610 560889
117300 21736 611633 21637 561367
117400 21747 612104 21656 561896
117500 21758 612561 21675 562439
117600 21773 613114 21688 562886
117700 21790 613639 21712 563361
117800 21806 614161 21724 563839
117900 21821 614608 21743 564392
118000 21840 615189 21760 564811
118100 21854 615745 21772 565255
118200 21871 616278 21787 565722
118300 21889 616795 21804 566205
118400 21916 617344 21822 566656
118500 21936 617846 21839 567154
118600 21957 618425 21862 567575
118700 21973 618967 21879 568033
118800 21981 619411 21895 568589
118900 21998 619974 21913 569026
119000 22014 620444 21929 569556
119100 22028 620864 21949 570136
119200 22047 621393 21969 570607
119300 22057 621926 21993 571074
119400 22074 622426 22013 571574
119500 22091 622873 22032 572127
119600 22120 623456 22053 572544
119700 22138 623977 22068 573023
119800 22167 624531 22089 573469
119900 22185 624962 22100 574038
120000 22197 625405 22114 574595
120100 22219 625965 22134 575035
120200 22246 626460 22154 575540
120300 22272 626993 22171 576007
120400 22286 627548 22188 576452
120500 22300 628097 22213 576903
120600 22323 628577 22227 577423
120700 22334 629155 22245 577845
120800 22349 629628 22265 578372
120900 22359 630136 22286 578864
121000 22373 630670 22300 579330
121100 22398 631224 22323 579776
121200 22412 631647 22336 580353
121300 22427 632118 22346 580882
121400 22450 632714 22362 581286
121500 22467 633255 22370 581745
121600 22490 633791 22398 582209
121700 22510 634239 22416 582761
121800 22531 634696 22438 583304
121900 22554 635236 22453 583764
122000 22576 635719 22472 584281
122100 22590 636293 22485 584707
122200 22604 636777 22497 585223
122300 22623 637420 22509 585580
122400 22650 637971 22524 586029
122500 22671 638439 22537 586561
122600 22685 638917 22553 587083
122700 22702 639407 22565 587593
122800 22722 639951 22580 588049
122900 22743 640460 22593 588540
123000 22765 640938 22611 589062
123100 22780 641414 22627 589586
123200 22796 641862 22646 590138
123300 22809 642371 22669 590629
123400 22829 642922 22687 591078
123500 22846 643530 22699 591470
123600 22867 644123 22723 591877
123700 22883 644602 22740 592398
123800 22898 645061 22756 592939
123900 22914 645538 22770 593462
124000 22936 646098 22786 593902
124100 22953 646729 22804 594271
124200 22969 647202 22822 594798
124300 22988 647702 22834 595298
124400 23009 648250 22852 595750
124500 23041 648760 22880 596240
124600 23057 649235 22901 596765
124700 23080 649811 22924 597189
124800 23096 650341 22950 597659
124900 23119 650833 22971 598167
125000 23137 651288 22979 598712
125100 23148 651770 22996 599230
125200 23162 652232 23012 599768
125300 23175 652799 23026 600201
125400 23184 653365 23039 600635
125500 23206 653900 23064 601100
125600 23220 654404 23087 601596
125700 23236 654945 23101 602055
125800 23261 655517 23118 602483
125900 23275 655999 23134 603001
126000 23289 656496 23146 603504
126100 23306 657022 23166 603978
126200 23317 657539 23186 604461
126300 23335 658114 23204 604886
126400 23352 658651 23228 605349
126500 23372 659186 23239 605814
126600 23385 659653 23255 606347
126700 23399 660196 23267 606804
126800 23414 660787 23281 607213
126900 23434 661296 23316 607704
127000 23457 661835 23330 608165
127100 23473 662374 23351 608626
127200 23487 662827 23369 609173
127300 23499 663345 23381 609655
127400 23512 663869 23401 610131
127500 23534 664392 23411 610608
127600 23545 664782 23423 611218
127700 23564 665251 23436 611749
127800 23578 665765 23458 612235
127900 23601 666264 23480 612736
128000 23616 666804 23509 613196
128100 23638 667352 23538 613648
128200 23659 667904 23558 614096
128300 23692 668405 23587 614595
128400 23714 668927 23613 615073
128500 23732 669389 23626 615611
128600 23749 669998 23642 616002
128700 23768 670544 23668 616456
128800 23788 671037 23688 616963
128900 23804 671559 23698 617441
129000 23822 672088 23712 617912
129100 23842 672638 23731 618362
129200 23866 673137 23749 618863
129300 23876 673686 23766 619314
129400 23891 674157 23788 619843
129500 23904 674688 23810 620312
129600 23922 675196 23836 620804
129700 23955 675673 23846 621327
129800 23964 676165 23857 621835
129900 23978 676656 23872 622344
130000 23998 677104 23890 622896
130100 24012 677626 23906 623374
130200 24029 678149 23927 623851
130300 24039 678666 23942 624334
130400 24064 679143 23962 624857
130500 24103 679677 23984 625323
130600 24117 680211 24004 625789
130700 24137 680764 24029 626236
130800 24166 681288 24043 626712
130900 24191 681794 24061 627206
131000 24205 682346 24076 627654
131100 24220 682894 24087 628106
131200 24243 683383 24127 628617
131300 24266 683925 24144 629075
131400 24288 684486 24170 629514
131500 24304 684982 24191 630018
131600 24326 685487 24200 630513
131700 24346 685979 24220 631021
131800 24366 686577 24230 631423
131900 24386 687055 24250 631945
132000 24404 687566 24266 632434
132100 24432 688066 24288 632934
132200 24450 688561 24310 633439
132300 24468 689046 24323 633954
132400 24488 689548 24336 634452
132500 24505 690009 24353 634991
132600 24527 690541 24367 635459
132700 24558 691117 24389 635883
132800 24568 691648 24404 636352
132900 24583 692139 24418 636861
133000 24605 692645 24434 637355
133100 24621 693148 24447 637852
133200 24636 693631 24462 638369
133300 24647 694201 24475 638799
133400 24677 694743 24492 639257
133500 24691 695299 24519 639701
133600 24708 695849 24538 640151
133700 24736 696434 24556 640566
133800 24754 697002 24575 640998
133900 24770 697466 24597 641534
134000 24801 698034 24619 641966
134100 24827 698522 24641 642478
134200 24850 698998 24651 643002
134300 24874 699477 24671 643523
134400 24893 699962 24685 644038
134500 24908 700405 24697 644595
134600 24929 700949 24715 645051
134700 24952 701572 24729 645428
134800 24968 702070 24742 645930
134900 24985 702592 24761 646408
135000 25013 703106 24779 646894
135100 25034 703637 24799 647363
135200 25052 704185 24815 647815
135300 25072 704667 24833 648333
135400 25080 705174 24849 648826
135500 25090 705666 24860 649334
135600 25111 706227 24878 649773
135700 25124 706734 24893 650266
135800 25138 707300 24915 650700
135900 25155 707842 24932 651158
136000 25175 708273 24951 651727
136100 25196 708781 24969 652219
136200 25204 709238 24981 652762
136300 25217 709765 25003 653235
136400 25232 710282 25025 653718
136500 25250 710759 25043 654241
136600 25270 711182 25063 654818
136700 25289 711664 25082 655336
136800 25303 712060 25097 655940
136900 25319 712472 25117 656528
137000 25330 712951 25136 657049
137100 25351 713496 25157 657504
137200 25371 714047 25166 657953
137300 25383 714548 25184 658452
137400 25401 715066 25207 658934
137500 25421 715667 25224 659333
137600 25442 716207 25245 659793
137700 25462 716776 25268 660224
137800 25473 717300 25278 660700
137900 25499 717838 25301 661162
138000 25521 718348 25324 661652
138100 25534 718800 25350 662200
138200 25544 719256 25361 662744
138300 25562 719750 25378 663250
138400 25582 720298 25392 663702
138500 25594 720744 25410 664256
138600 25623 721208 25438 664792
138700 25652 721721 25458 665279
138800 25673 722256 25477 665744
138900 25697 722774 25498 666226
139000 25725 723324 25520 666676
139100 25744 723831 25534 667169
139200 25763 724317 25556 667683
139300 25783 724861 25576 668139
139400 25799 725427 25591 668573
139500 25813 725985 25609 669015
139600 25840 726532 25619 669468
139700 25857 727025 25634 669975
139800 25872 727613 25650 670387
139900 25891 728197 25670 670803
140000 25909 728735 25691 671265
140100 25937 729228 25710 671772
140200 25954 729784 25723 672216
140300 25971 730294 25743 672706
140400 25980 730809 25761 673191
140500 25996 731313 25782 673687
140600 26006 731758 25803 674242
140700 26017 732198 25819 674802
140800 26030 732705 25834 675295
140900 26047 733304 25850 675696
141000 26074 733749 25875 676251
141100 26101 734299 25904 676701
141200 26115 734839 25921 677161
141300 26125 735359 25936 677641
141400 26138 735883 25962 678117
141500 26159 736402 25975 678598
141600 26182 736915 25997 679085
141700 26204 737397 26013 679603
141800 26221 737892 26028 680108
141900 26238 738457 26045 680543
142000 26254 739010 26066 680990
142100 26273 739572 26086 681428
142200 26297 740152 26111 681848
142300 26313 740642 26128 682358
142400 26332 741135 26152 682865
142500 26351 741697 26176 683303
142600 26366 742159 26191 683841
142700 26374 742689 26204 684311
142800 26385 743209 26222 684791
142900 26415 743758 26256 685242
143000 26425 744235 26265 685765
143100 26435 744747 26276 686253
143200 26469 745300 26300 686700
143300 26500 745719 26321 687281
143400 26527 746186 26338 687814
143500 26543 746681 26359 688319
143600 26567 747183 26367 688817
143700 26581 747740 26383 689260
143800 26598 748281 26398 689719
143900 26619 748863 26421 690137
144000 26634 749359 26435 690641
144100 26646 749867 26450 691133
144200 26663 750470 26465 691530
144300 26679 751015 26479 691985
144400 26695 751633 26493 692367
144500 26715 752122 26513 692878
144600 26734 752613 26529 693387
144700 26745 753061 26548 693939
144800 26766 753549 26564 694451
144900 26792 754044 26585 694956
145000 26809 754629 26597 695371
145100 26824 755112 26616 695888
145200 26836 755647 26639 696353
145300 26855 756126 26656 696874
145400 26874 756660 26678 697340
145500 26891 757163 26696 697837
145600 26905 757634 26704 698366
145700 26918 758148 26712 698852
145800 26935 758615 26727 699385
145900 26951 759101 26745 699899
146000 26971 759626 26759 700374
146100 26989 760169 26777 700831
146200 27007 760747 26796 701253
146300 27025 761262 26812 701738
146400 27036 761832 26836 702168
146500 27056 762362 26857 702638
146600 27065 762980 26881 703020
146700 27082 763509 26904 703491
146800 27099 764090 26927 703910
146900 27121 764586 26952 704414
147000 27137 765125 26977 704875
147100 27156 765621 26997 705379
147200 27177 766124 27014 705876
147300 27194 766588 27032 706412
147400 27213 767148 27053 706852
147500 27223 767682 27070 707318
147600 27235 768227 27087 707773
147700 27247 768740 27114 708260
147800 27277 769319 27133 708681
147900 27300 769866 27151 709134
148000 27320 770336 27167 709664
148100 27338 770861 27181 710139
148200 27359 771410 27204 710590
148300 27380 771951 27226 711049
148400 27393 772509 27240 711491
148500 27399 773047 27256 711953
148600 27413 773550 27273 712450
148700 27429 774133 27284 712867
148800 27447 774633 27302 713367
148900 27467 775137 27323 713863
149000 27481 775738 27345 714262
149100 27498 776244 27363 714756
149200 27512 776723 27369 715277
149300 27532 777215 27391 715785
149400 27552 777745 27400 716255
149500 27572 778222 27414 716778
149600 27598 778773 27438 717227
149700 27621 779325 27448 717675
149800 27640 779840 27463 718160
149900 27664 780340 27482 718660
150000 27685 780807 27499 719193
150100 27701 781353 27514 719647
150200 27723 781869 27523 720131
150300 27740 782444 27535 720556
150400 27758 783030 27551 720970
150500 27793 783534 27566 721466
150600 27811 784065 27581 721935
150700 27826 784571 27591 722429
150800 27844 785143 27614 722857
150900 27860 785668 27633 723332
151000 27874 786232 27650 723768
151100 27889 786750 27671 724250
151200 27912 787287 27681 724713
151300 27932 787783 27706 725217
151400 27948 788253 27720 725747
151500 27975 788762 27734 726238
151600 27993 789249 27755 726751
151700 28012 789704 27770 727296
151800 28024 790085 27788 727915
151900 28038 790695 27810 728305
152000 28058 791199 27822 728801
152100 28077 791712 27838 729288
152200 28100 792191 27856 729809
152300 28109 792653 27874 730347
152400 28124 793182 27888 730818
152500 28139 793721 27905 731279
152600 28153 794209 27922 731791
152700 28177 794701 27939 732299
152800 28192 795189 27952 732811
152900 28211 795675 27968 733325
153000 28229 796180 27984 733820
153100 28247 796707 28000 734293
153200 28263 797172 28022 734828
153300 28276 797646 28029 735354
153400 28289 798153 28046 735847
153500 28296 798647 28056 736353
153600 28314 799174 28069 736826
153700 28332 799650 28080 737350
153800 28358 800158 28101 737842
153900 28370 800716 28117 738284
154000 28393 801230 28132 738770
154100 28410 801735 28150 739265
154200 28425 802237 28168 739763
154300 28438 802785 28179 740215
154400 28463 803272 28203 740728
154500 28478 803766 28225 741234
154600 28497 804334 28248 741666
154700 28513 804817 28263 742183
154800 28530 805343 28280 742657
154900 28550 805917 28302 743083
155000 28577 806466 28316 743534
155100 28601 806967 28336 744033
155200 28619 807564 28350 744436
155300 28644 808061 28368 744939
155400 28669 808560 28386 745440
155500 28680 809035 28396 745965
155600 28695 809525 28412 746475
155700 28708 809961 28426 747039
155800 28726 810524 28442 747476
155900 28735 811030 28459 747970
156000 28747 811490 28475 748510
156100 28767 811984 28497 749016
156200 28790 812538 28517 749462
156300 28805 813067 28541 749933
156400 28820 813608 28560 750392
156500 28839 814084 28578 750916
156600 28849 814562 28594 751438
156700 28867 815170 28608 751830
156800 28891 815666 28625 752334
156900 28913 816144 28645 752856
157000 28939 816654 28661 753346
157100 28948 817143 28680 753857
157200 28961 817630 28698 754370
157300 28986 818120 28725 754880
157400 29007 818566 28741 755434
157500 29028 819166 28756 755834
157600 29052 819637 28778 756363
157700 29085 820104 28809 756896
157800 29107 820660 28825 757340
157900 29136 821227 28846 757773
158000 29151 821743 28860 758257
158100 29173 822206 28889 758794
158200 29195 822721 28903 759279
158300 29208 823290 28925 759710
158400 29232 823858 28954 760142
158500 29240 824371 28974 760629
158600 29255 824896 28985 761104
158700 29273 825485 29011 761515
158800 29290 826064 29021 761936
158900 29304 826588 29041 762412
159000 29323 827117 29056 762883
159100 29342 827624 29079 763376
159200 29352 828162 29091 763838
159300 29383 828725 29108 764275
159400 29398 829203 29114 764797
159500 29418 829696 29132 765304
159600 29431 830169 29158 765831
159700 29455 830670 29183 766330
159800 29480 831232 29195 766768
159900 29493 831780 29210 767220
160000 29525 832303 29230 767697
160100 29544 832817 29250 768183
160200 29559 833347 29262 768653
160300 29579 833855 29282 769145
160400 29603 834331 29290 769669
160500 29624 834909 29306 770091
160600 29646 835406 29322 770594
160700 29663 835933 29336 771067
160800 29684 836448 29357 771552
160900 29701 836977 29368 772023
161000 29717 837423 29383 772577
161100 29731 837917 29400 773083
161200 29750 838344 29423 773656
161300 29761 838846 29432 774154
161400 29772 839385 29453 774615
161500 29798 839919 29478 775081
161600 29817 840449 29498 775551
161700 29833 840985 29517 776015
161800 29850 841523 29532 776477
161900 29874 842102 29557 776898
162000 29894 842671 29575 777329
162100 29914 843101 29599 777899
162200 29941 843547 29632 778453
162300 29956 844075 29654 778925
162400 29972 844599 29673 779401
162500 29992 845087 29692 779913
162600 30011 845661 29711 780339
162700 30034 846310 29731 780690
162800 30058 846832 29752 781168
162900 30072 847360 29765 781640
163000 30090 847810 29787 782190
163100 30106 848335 29802 782665
163200 30125 848859 29817 783141
163300 30144 849420 29831 783580
163400 30158 849992 29848 784008
163500 30174 850576 29875 784424
163600 30189 851106 29891 784894
163700 30200 851613 29904 785387
163800 30219 852143 29919 785857
163900 30239 852689 29944 786311
164000 30255 853122 29966 786878
164100 30273 853650 29981 787350
164200 30289 854166 29991 787834
164300 30312 854603 30003 788397
164400 30327 855118 30019 788882
164500 30346 855801 30041 789199
164600 30362 856316 30063 789684
164700 30383 856838 30070 790162
164800 30394 857369 30089 790631
164900 30415 857871 30119 791129
165000 30437 858344 30141 791656
165100 30457 858871 30163 792129
165200 30471 859408 30183 792592
165300 30492 859866 30201 793134
165400 30509 860473 30221 793527
165500 30519 860924 30232 794076
165600 30534 861465 30252 794535
165700 30545 861973 30270 795027
165800 30568 862458 30286 795542
165900 30584 863012 30298 795988
166000 30602 863577 30316 796423
166100 30613 864034 30334 796966
166200 30633 864480 30357 797520
166300 30648 865016 30365 797984
166400 30669 865504 30383 798496
166500 30684 866089 30399 798911
166600 30697 866680 30416 799320
166700 30713 867110 30434 799890
166800 30732 867620 30454 800380
166900 30750 868150 30473 800850
167000 30774 868598 30498 801402
167100 30790 869091 30512 801909
167200 30809 869649 30528 802351
167300 30822 870214 30541 802786
167400 30850 870777 30553 803223
167500 30867 871358 30568 803642
167600 30887 871974 30585 804026
167700 30909 872548 30609 804452
167800 30930 873103 30623 804897
167900 30943 873613 30643 805387
168000 30960 874065 30657 805935
168100 30979 874573 30677 806427
168200 30996 875057 30696 806943
168300 31018 875520 30709 807480
168400 31035 876006 30732 807994
168500 31060 876528 30744 808472
168600 31072 877027 30761 808973
168700 31090 877606 30786 809394
168800 31105 878287 30806 809713
168900 31119 878786 30825 810214
169000 31136 879351 30847 810649
169100 31152 879884 30869 811116
169200 31168 880413 30888 811587
169300 31187 880911 30909 812089
169400 31202 881431 30931 812569
169500 31222 881971 30947 813029
169600 31240 882511 30964 813489
169700 31263 883056 30979 813944
169800 31281 883567 30992 814433
169900 31299 884020 31017 814980
170000 31312 884557 31034 815443
170100 31324 885018 31056 815982
170200 31347 885543 31074 816457
170300 31362 886142 31085 816858
170400 31379 886631 31105 817369
170500 31398 887163 31122 817837
170600 31418 887753 31143 818247
170700 31427 888232 31161 818768
170800 31443 888733 31176 819267
170900 31456 889338 31201 819662
171000 31467 889873 31219 820127
171100 31480 890445 31239 820555
171200 31492 890924 31253 821076
171300 31513 891483 31266 821517
171400 31532 891981 31280 822019
171500 31550 892481 31292 822519
171600 31573 893066 31309 822934
171700 31588 893635 31318 823365
171800 31605 894130 31337 823870
171900 31621 894608 31354 824392
172000 31641 895137 31383 824863
172100 31662 895678 31400 825322
172200 31687 896187 31423 825813
172300 31701 896665 31439 826335
172400 31718 897157 31460 826843
172500 31732 897658 31479 827342
172600 31745 898137 31496 827863
172700 31762 898627 31517 828373
172800 31795 899094 31537 828906
172900 31823 899727 31567 829273
173000 31831 900250 31593 829750
173100 31844 900747 31617 830253
173200 31874 901344 31640 830656
173300 31892 901807 31648 831193
173400 31913 902292 31669 831708
173500 31927 902833 31682 832167
173600 31944 903384 31705 832616
173700 31958 903880 31730 833120
173800 31977 904417 31739 833583
173900 31993 904981 31765 834019
174000 32005 905461 31786 834539
174100 32029 905942 31808 835058
174200 32053 906480 31825 835520
174300 32070 906920 31844 836080
174400 32084 907416 31867 836584
174500 32102 907925 31880 837075
174600 32113 908377 31899 837623
174700 32123 908846 31917 838154
174800 32138 909411 31929 838589
174900 32155 909966 31948 839034
175000 32175 910537 31969 839463
175100 32195 911047 31991 839953
175200 32211 911586 32006 840414
175300 32223 912052 32024 840948
175400 32241 912519 32041 841481
175500 32259 913030 32061 841970
175600 32279 913487 32082 842513
175700 32298 914003 32099 842997
175800 32319 914561 32115 843439
175900 32342 915139 32129 843861
176000 32360 915750 32153 844250
176100 32374 916245 32169 844755
176200 32400 916689 32182 845311
176300 32422 917224 32204 845776
176400 32433 917732 32225 846268
176500 32452 918244 32239 846756
176600 32464 918748 32257 847252
176700 32480 919202 32273 847798
176800 32499 919714 32290 848286
176900 32518 920288 32310 848712
177000 32541 920808 32332 849192
177100 32559 921363 32345 849637
177200 32583 921900 32358 850100
177300 32601 922471 32382 850529
177400 32615 922980 32401 851020
177500 32632 923507 32416 851493
177600 32651 923991 32435 852009
177700 32667 924509 32452 852491
177800 32680 925057 32473 852943
177900 32693 925575 32485 853425
178000 32724 926174 32510 853826
178100 32742 926668 32525 854332
178200 32764 927133 32546 854867
178300 32781 927612 32563 855388
178400 32801 928133 32580 855867
178500 32814 928679 32598 856321
178600 32829 929129 32614 856871
178700 32838 929666 32633 857334
178800 32851 930165 32648 857835
178900 32870 930695 32661 858305
179000 32890 931227 32679 858773
179100 32916 931780 32700 859220
179200 32932 932349 32717 859651
179300 32960 932892 32732 860108
179400 32970 933348 32755 860652
179500 32979 933890 32773 861110
179600 32991 934439 32782 861561
179700 33012 934921 32793 862079
179800 33033 935412 32817 862588
179900 33056 936015 32841 862985
180000 33081 936585 32869 863415
180100 33102 937082 32886 863918
180200 33119 937682 32906 864318
180300 33138 938240 32927 864760
180400 33155 938718 32948 865282
180500 33172 939352 32974 865648
180600 33192 939889 32998 866111
180700 33212 940455 33008 866545
180800 33223 940978 33026 867022
180900 33242 941477 33041 867523
181000 33263 941972 33065 868028
181100 33279 942420 33078 868580
181200 33291 942957 33092 869043
181300 33313 943466 33105 869534
181400 33333 943987 33124 870013
181500 33360 944539 33140 870461
181600 33382 945121 33157 870879
181700 33399 945687 33172 871313
181800 33417 946161 33186 871839
181900 33438 946660 33201 872340
182000 33451 947103 33221 872897
182100 33467 947627 33249 873373
182200 33475 948103 33264 873897
182300 33490 948699 33280 874301
182400 33508 949203 33299 874797
182500 33527 949706 33317 875294
182600 33542 950221 33332 875779
182700 33562 950782 33351 876218
182800 33585 951347 33377 876653
182900 33612 951854 33402 877146
183000 33629 952396 33425 877604
183100 33644 952917 33441 878083
183200 33657 953386 33448 878614
183300 33681 953923 33462 879077
183400 33702 954474 33486 879526
183500 33719 955085 33500 879915
183600 33730 955604 33522 880396
183700 33741 956132 33533 880868
183800 33764 956721 33553 881279
183900 33783 957313 33564 881687
184000 33810 957977 33583 882023
184100 33830 958546 33598 882454
184200 33854 959104 33620 882896
184300 33868 959569 33639 883431
184400 33883 960102 33653 883898
184500 33903 960691 33664 884309
184600 33928 961191 33682 884809
184700 33946 961664 33704 885336
184800 33963 962195 33722 885805
184900 33978 962748 33738 886252
185000 34005 963272 33757 886728
185100 34024 963751 33770 887249
185200 34038 964224 33797 887776
185300 34055 964733 33816 888267
185400 34070 965192 33835 888808
185500 34091 965720 33856 889280
185600 34109 966263 33864 889737
185700 34129 966787 33880 890213
185800 34151 967241 33898 890759
185900 34172 967844 33921 891156
186000 34197 968395 33945 891605
186100 34217 968964 33963 892036
186200 34231 969453 33976 892547
186300 34250 970047 34001 892953
186400 34268 970624 34019 893376
186500 34283 971145 34038 893855
186600 34307 971669 34067 894331
186700 34321 972170 34082 894830
186800 34337 972655 34097 895345
186900 34347 973128 34111 895872
187000 34358 973602 34123 896398
187100 34385 974114 34140 896886
187200 34401 974685 34148 897315
187300 34420 975208 34166 897792
187400 34444 975705 34180 898295
187500 34457 976294 34193 898706
187600 34474 976826 34220 899174
187700 34491 977430 34245 899570
187800 34513 977920 34268 900080
187900 34533 978439 34283 900561
188000 34553 978992 34302 901008
188100 34566 979508 34314 901492
188200 34584 980000 34326 902000
188300 34604 980661 34348 902339
188400 34626 981156 34363 902844
188500 34648 981701 34384 903299
188600 34664 982185 34400 903815
188700 34673 982626 34421 904374
188800 34693 983200 34436 904800
188900 34707 983727 34456 905273
189000 34719 984283 34476 905717
189100 34733 984805 34495 906195
189200 34752 985301 34513 906699
189300 34770 985831 34532 907169
189400 34788 986340 34550 907660
189500 34807 986803 34569 908197
189600 34829 987414 34584 908586
189700 34846 987966 34604 909034
189800 34863 988473 34617 909527
189900 34882 988892 34638 910108
190000 34893 989395 34655 910605
190100 34916 989889 34669 911111
190200 34938 990410 34691 911590
190300 34959 990897 34703 912103
190400 34980 991437 34735 912563
190500 34996 992007 34749 912993
190600 35028 992541 34766 913459
190700 35053 993074 34796 913926
190800 35059 993623 34813 914377
190900 35088 994228 34832 914772
191000 35111 994730 34852 915270
191100 35132 995258 34869 915742
191200 35154 995800 34880 916200
191300 35175 996337 34896 916663
191400 35196 996900 34909 917100
191500 35211 997430 34925 917570
191600 35224 997874 34941 918126
191700 35245 998387 34958 918613
191800 35261 998862 34976 919138
191900 35281 999379 34982 919621
192000 35297 999916 35002 920084
192100 35319 1000431 35021 920569
192200 35335 1000947 35041 921053
192300 35351 1001551 35059 921449
192400 35374 1002091 35074 921909
192500 35393 1002635 35097 922365
192600 35413 1003110 35110 922890
192700 35430 1003701 35127 923299
192800 35450 1004269 35146 923731
192900 35463 1004801 35164 924199
193000 35482 1005238 35180 924762
193100 35499 1005884 35199 925116
193200 35513 1006435 35216 925565
193300 35534 1006944 35237 926056
193400 35558 1007426 35252 926574
193500 35576 1007904 35274 927096
193600 35596 1008445 35296 927555
193700 35616 1008986 35311 928014
193800 35636 1009533 35334 928467
193900 35655 1010091 35347 928909
194000 35669 1010649 35365 929351
194100 35689 1011160 35384 929840
194200 35713 1011653 35397 930347
194300 35731 1012241 35413 930759
194400 35751 1012754 35437 931246
194500 35775 1013211 35475 931789
194600 35793 1013725 35499 932275
194700 35819 1014253 35525 932747
194800 35837 1014714 35552 933286
194900 35851 1015263 35571 933737
195000 35879 1015911 35590 934089
195100 35902 1016457 35608 934543
195200 35915 1017027 35622 934973
195300 35934 1017541 35648 935459
195400 35952 1018014 35664 935986
195500 35974 1018484 35688 936516
195600 35990 1018991 35704 937009
195700 36012 1019508 35719 937492
195800 36025 1019938 35728 938062
195900 36042 1020457 35737 938543
196000 36058 1021062 35751 938938
196100 36073 1021513 35769 939487
196200 36092 1021989 35784 940011
196300 36109 1022516 35798 940484
196400 36120 1023035 35816 940965
196500 36141 1023515 35831 941485
196600 36161 1024082 35846 941918
196700 36179 1024561 35867 942439
196800 36199 1025085 35887 942915
196900 36219 1025691 35908 943309
197000 36241 1026223 35938 943777
197100 36270 1026770 35969 944230
197200 36285 1027300 35990 944700
197300 36302 1027885 36009 945115
197400 36318 1028442 36017 945558
197500 36336 1028981 36040 946019
197600 36355 1029526 36067 946474
197700 36373 1030033 36084 946967
197800 36385 1030546 36105 947454
197900 36420 1031107 36124 947893
198000 36432 1031677 36145 948323
198100 36455 1032252 36160 948748
198200 36475 1032787 36182 949213
198300 36488 1033278 36204 949722
198400 36508 1033783 36230 950217
198500 36529 1034294 36244 950706
198600 36545 1034748 36257 951252
198700 36561 1035322 36281 951678
198800 36580 1035854 36297 952146
198900 36611 1036389 36318 952611
199000 36626 1036899 36339 953101
199100 36653 1037468 36365 953532
199200 36675 1037964 36384 954036
199300 36690 1038395 36410 954605
199400 36705 1039007 36427 954993
199500 36718 1039437 36436 955563
199600 36732 1039948 36448 956052
199700 36750 1040468 36473 956532
199800 36775 1040915 36493 957085
199900 36792 1041393 36509 957607
200000 36814 1041904 36529 958096
