#! FIELDS timestep dup_succ dup_attempts kill_succ kill_attempts
#! SET timestep 0.5
#! SET kernel_bandwidth [0.5 0.5]
#! SET kt 1.0
100 69 102 83 898
200 145 272 185 1728
300 219 525 286 2475
400 310 860 358 3140
500 344 1281 412 3719
600 378 1740 457 4260
700 414 1805 517 5195
800 473 1904 581 6096
900 535 2069 660 6931
1000 610 2298 738 7702
1100 682 2598 803 8402
1200 722 2966 864 9034
1300 752 3127 892 9873
1400 782 3317 921 10683
1500 799 3560 935 11440
1600 805 3813 941 12187
1700 809 4128 944 12872
1800 815 4468 949 13532
1900 818 5022 955 13978
2000 819 5438 960 14562
2100 827 5928 960 15072
2200 829 6518 963 15482
2300 836 7131 966 15869
2400 838 7625 967 16375
2500 839 8056 967 16944
2600 840 8702 967 17298
2700 844 9216 970 17784
2800 846 9748 972 18252
2900 850 10112 975 18888
3000 854 10657 979 19343
3100 857 11103 981 19897
3200 859 11621 983 20379
3300 862 12097 986 20903
3400 866 12558 989 21442
3500 867 13061 993 21939
3600 868 13472 993 22528
3700 870 13959 993 23041
3800 871 14409 996 23591
3900 874 14895 996 24105
4000 877 15484 999 24516
4100 881 15968 1001 25032
4200 883 16403 1005 25597
4300 884 16936 1005 26064
4400 886 17394 1006 26606
4500 887 17905 1006 27095
4600 890 18344 1008 27656
4700 890 18905 1009 28095
4800 891 19375 1010 28625
4900 893 19788 1012 29212
5000 895 20277 1014 29723
5100 897 20710 1016 30290
5200 899 21252 1019 30748
5300 901 21783 1024 31217
5400 902 22255 1025 31745
5500 904 22651 1027 32349
5600 905 23198 1030 32802
5700 908 23670 1033 33330
5800 909 24276 1040 33724
5900 912 24810 1041 34190
6000 915 25335 1044 34665
6100 916 25765 1045 35235
6200 917 26300 1046 35700
6300 919 26723 1049 36277
6400 923 27324 1051 36676
6500 927 27795 1052 37205
6600 930 28349 1052 37651
6700 931 28838 1054 38162
6800 937 29325 1059 38675
6900 938 29753 1060 39247
7000 940 30295 1063 39705
7100 943 30788 1064 40212
7200 943 31189 1067 40811
7300 945 31747 1068 41253
7400 951 32154 1072 41846
7500 956 32577 1075 42423
7600 961 33189 1076 42811
7700 966 33703 1077 43297
7800 968 34085 1080 43915
7900 972 34489 1082 44511
8000 973 34926 1085 45074
8100 975 35441 1086 45559
8200 976 35972 1089 46028
8300 977 36548 1091 46452
8400 978 36977 1092 47023
8500 983 37430 1094 47570
8600 985 37777 1096 48223
8700 985 38283 1101 48717
8800 985 38844 1107 49156
8900 985 39356 1109 49644
9000 985 39763 1110 50237
9100 985 40312 1111 50688
9200 990 40815 1111 51185
9300 992 41205 1113 51795
9400 995 41674 1116 52326
9500 996 42125 1120 52875
9600 997 42685 1123 53315
9700 1000 43227 1125 53773
9800 1004 43872 1127 54128
9900 1007 44462 1127 54538
10000 1009 44941 1128 55059
10100 1012 45564 1132 55436
10200 1016 46012 1134 55988
10300 1018 46541 1136 56459
10400 1019 47002 1138 56998
10500 1021 47435 1139 57565
10600 1022 47880 1142 58120
10700 1023 48308 1143 58692
10800 1025 48731 1144 59269
10900 1026 49332 1145 59668
11000 1027 49742 1147 60258
11100 1032 50178 1149 60822
11200 1034 50635 1150 61365
11300 1037 51180 1152 61820
11400 1038 51676 1153 62324
11500 1038 52241 1154 62759
11600 1040 52724 1156 63276
11700 1044 53295 1156 63705
11800 1048 53788 1157 64212
11900 1049 54192 1158 64808
12000 1050 54663 1163 65337
12100 1050 55071 1165 65929
12200 1052 55466 1168 66534
12300 1057 55890 1177 67110
12400 1058 56342 1181 67658
12500 1058 56788 1182 68212
12600 1060 57146 1182 68854
12700 1062 57654 1186 69346
12800 1064 58232 1189 69768
12900 1065 58759 1191 70241
13000 1066 59282 1197 70718
13100 1067 59996 1197 71004
13200 1069 60570 1201 71430
13300 1070 61040 1204 71960
13400 1071 61444 1208 72556
13500 1075 61966 1209 73034
13600 1076 62442 1211 73558
13700 1078 62819 1214 74181
13800 1080 63395 1215 74605
13900 1081 63884 1217 75116
14000 1088 64352 1221 75648
14100 1088 64964 1224 76036
14200 1089 65568 1226 76432
14300 1092 66099 1228 76901
14400 1095 66560 1230 77440
14500 1096 67076 1232 77924
14600 1098 67593 1233 78407
14700 1100 68071 1235 78929
14800 1103 68648 1237 79352
14900 1104 69172 1240 79828
15000 1104 69710 1240 80290
15100 1109 70244 1243 80756
15200 1109 70659 1243 81341
15300 1110 71078 1243 81922
15400 1111 71496 1247 82504
15500 1111 72050 1252 82950
15600 1114 72586 1254 83414
15700 1116 73190 1255 83810
15800 1121 73895 1257 84105
15900 1126 74365 1258 84635
16000 1128 74833 1261 85167
16100 1133 75214 1263 85786
16200 1138 75765 1268 86235
16300 1141 76202 1268 86798
16400 1149 76638 1269 87362
16500 1153 77253 1272 87747
16600 1157 77759 1274 88241
16700 1160 78239 1278 88761
16800 1161 78775 1280 89225
16900 1162 79218 1280 89782
17000 1166 79559 1285 90441
17100 1168 80109 1287 90891
17200 1174 80585 1291 91415
17300 1176 81069 1292 91931
17400 1177 81622 1292 92378
17500 1182 82085 1293 92915
17600 1186 82607 1294 93393
17700 1191 83144 1297 93856
17800 1191 83688 1298 94312
17900 1193 84213 1301 94787
18000 1194 84692 1302 95308
18100 1196 85196 1304 95804
18200 1200 85647 1308 96353
18300 1204 86166 1308 96834
18400 1206 86763 1312 97237
18500 1206 87225 1315 97775
18600 1206 87736 1319 98264
18700 1207 88230 1323 98770
18800 1213 88760 1332 99240
18900 1218 89299 1335 99701
19000 1220 89802 1336 100198
19100 1220 90326 1338 100674
19200 1220 90866 1340 101134
19300 1223 91239 1343 101761
19400 1226 91658 1346 102342
19500 1230 92242 1347 102758
19600 1236 92652 1349 103348
19700 1237 93149 1350 103851
19800 1238 93750 1351 104250
19900 1241 94295 1356 104705
20000 1242 94777 1359 105223
20100 1243 95257 1361 105743
20200 1244 95753 1363 106247
20300 1248 96252 1367 106748
20400 1249 96696 1369 107304
20500 1250 97083 1370 107917
20600 1253 97543 1372 108457
20700 1258 98138 1375 108862
20800 1262 98643 1377 109357
20900 1263 99255 1379 109745
21000 1264 99764 1379 110236
21100 1265 100368 1381 110632
21200 1266 100850 1385 111150
21300 1269 101295 1386 111705
21400 1271 101898 1389 112102
21500 1272 102326 1392 112674
21600 1274 102854 1393 113146
21700 1275 103315 1395 113685
21800 1278 103826 1397 114174
21900 1280 104399 1403 114601
22000 1285 104921 1406 115079
22100 1288 105429 1410 115571
22200 1289 105887 1410 116113
22300 1292 106372 1412 116628
22400 1292 106714 1414 117286
22500 1296 107198 1418 117802
22600 1297 107784 1420 118216
22700 1299 108150 1424 118850
22800 1300 108586 1425 119414
22900 1302 109116 1426 119884
23000 1306 109615 1429 120385
23100 1307 110085 1431 120915
23200 1311 110452 1432 121548
23300 1314 110908 1436 122092
23400 1318 111512 1439 122488
23500 1319 112056 1440 122944
23600 1319 112575 1440 123425
23700 1324 113076 1441 123924
23800 1326 113451 1446 124549
23900 1328 113957 1447 125043
24000 1329 114445 1448 125555
24100 1329 114960 1450 126040
24200 1331 115632 1453 126368
24300 1335 116056 1455 126944
24400 1340 116471 1457 127529
24500 1341 116948 1460 128052
24600 1341 117457 1461 128543
24700 1344 117931 1466 129069
24800 1346 118470 1469 129530
24900 1348 119041 1469 129959
25000 1348 119558 1471 130442
25100 1351 120016 1471 130984
25200 1355 120504 1473 131496
25300 1358 121102 1476 131898
25400 1362 121587 1479 132413
25500 1365 122021 1481 132979
25600 1367 122507 1489 133493
25700 1367 123070 1490 133930
25800 1368 123641 1494 134359
25900 1372 124088 1495 134912
26000 1373 124489 1497 135511
26100 1375 125046 1497 135954
26200 1381 125567 1498 136433
26300 1382 126073 1499 136927
26400 1383 126589 1502 137411
26500 1385 127209 1506 137791
26600 1388 127759 1507 138241
26700 1390 128278 1508 138722
26800 1391 128800 1510 139200
26900 1393 129346 1512 139654
27000 1395 129903 1514 140097
27100 1396 130534 1515 140466
27200 1398 131059 1516 140941
27300 1400 131638 1516 141362
27400 1402 132205 1519 141795
27500 1402 132638 1519 142362
27600 1402 133082 1522 142918
27700 1402 133543 1522 143457
27800 1402 133985 1522 144015
27900 1408 134474 1523 144526
28000 1412 135059 1525 144941
28100 1415 135381 1527 145619
28200 1417 135764 1532 146236
28300 1419 136311 1534 146689
28400 1421 136890 1534 147110
28500 1422 137328 1534 147672
28600 1422 137841 1536 148159
28700 1423 138390 1537 148610
28800 1425 138746 1538 149254
28900 1426 139229 1540 149771
29000 1428 139704 1541 150296
29100 1428 140238 1542 150762
29200 1432 140750 1544 151250
29300 1434 141299 1547 151701
29400 1436 141723 1548 152277
29500 1440 142183 1550 152817
29600 1441 142568 1553 153432
29700 1446 143082 1558 153918
29800 1451 143718 1560 154282
29900 1452 144123 1563 154877
30000 1454 144518 1567 155482
30100 1455 145020 1569 155980
30200 1456 145490 1574 156510
30300 1457 145979 1576 157021
30400 1460 146498 1578 157502
30500 1462 146986 1581 158014
30600 1465 147589 1581 158411
30700 1466 148149 1583 158851
30800 1468 148671 1586 159329
30900 1470 149089 1588 159911
31000 1473 149643 1590 160357
31100 1478 150047 1590 160953
31200 1478 150550 1592 161450
31300 1480 151003 1593 161997
31400 1481 151563 1596 162437
31500 1481 152047 1598 162953
31600 1485 152610 1601 163390
31700 1488 153152 1604 163848
31800 1489 153671 1609 164329
31900 1492 154207 1612 164793
32000 1493 154819 1614 165181
32100 1494 155235 1616 165765
32200 1498 155833 1619 166167
32300 1498 156299 1620 166701
32400 1503 156759 1623 167241
32500 1505 157297 1623 167703
32600 1510 157776 1625 168224
32700 1514 158401 1626 168599
32800 1517 158979 1628 169021
32900 1521 159554 1631 169446
33000 1523 160065 1634 169935
33100 1523 160673 1634 170327
33200 1527 161141 1637 170859
33300 1530 161601 1639 171399
33400 1536 162076 1641 171924
33500 1537 162534 1641 172466
33600 1537 163073 1644 172927
33700 1540 163624 1645 173376
33800 1543 164167 1646 173833
33900 1547 164638 1650 174362
34000 1549 165115 1651 174885
34100 1551 165670 1655 175330
34200 1554 166325 1658 175675
34300 1555 166901 1658 176099
34400 1559 167418 1661 176582
34500 1561 167895 1665 177105
34600 1563 168388 1667 177612
34700 1565 168839 1668 178161
34800 1569 169291 1672 178709
34900 1569 169883 1675 179117
35000 1571 170429 1679 179571
35100 1574 170992 1680 180008
35200 1579 171425 1683 180575
35300 1582 171861 1685 181139
35400 1583 172444 1688 181556
35500 1584 173019 1691 181981
35600 1585 173581 1691 182419
35700 1586 174084 1691 182916
35800 1588 174640 1694 183360
35900 1589 175132 1697 183868
36000 1590 175626 1699 184374
36100 1593 176094 1702 184906
36200 1593 176635 1702 185365
36300 1593 177199 1707 185801
36400 1595 177881 1707 186119
36500 1597 178409 1709 186591
36600 1598 178949 1711 187051
36700 1600 179353 1711 187647
36800 1605 179806 1712 188194
36900 1605 180239 1713 188761
37000 1611 180724 1715 189276
37100 1613 181128 1716 189872
37200 1616 181644 1720 190356
37300 1617 182142 1721 190858
37400 1620 182644 1726 191356
37500 1624 183138 1729 191862
37600 1627 183492 1735 192508
37700 1627 184103 1737 192897
37800 1627 184585 1737 193415
37900 1630 185062 1739 193938
38000 1630 185525 1740 194475
38100 1630 186038 1741 194962
38200 1631 186542 1744 195458
38300 1633 186932 1746 196068
38400 1637 187419 1747 196581
38500 1639 187980 1753 197020
38600 1644 188461 1759 197539
38700 1648 188969 1759 198031
38800 1650 189335 1766 198665
38900 1653 189862 1768 199138
39000 1656 190303 1772 199697
39100 1656 190776 1772 200224
39200 1659 191474 1776 200526
39300 1660 191951 1777 201049
39400 1662 192404 1777 201596
39500 1662 192865 1779 202135
39600 1664 193349 1779 202651
39700 1666 193836 1783 203164
39800 1669 194290 1784 203710
39900 1670 194938 1785 204062
40000 1673 195469 1786 204531
40100 1676 195866 1787 205134
40200 1677 196297 1787 205703
40300 1677 196781 1790 206219
40400 1681 197210 1793 206790
40500 1683 197764 1797 207236
40600 1685 198128 1801 207872
40700 1687 198575 1802 208425
40800 1687 199029 1802 208971
40900 1689 199456 1808 209544
41000 1691 200056 1810 209944
41100 1695 200627 1812 210373
41200 1695 201148 1814 210852
41300 1696 201732 1818 211268
41400 1699 202225 1819 211775
41500 1704 202689 1822 212311
41600 1705 203177 1825 212823
41700 1709 203693 1827 213307
41800 1709 204238 1827 213762
41900 1709 204722 1827 214278
42000 1709 205195 1829 214805
42100 1709 205691 1829 215309
42200 1709 206195 1833 215805
42300 1709 206620 1834 216380
42400 1711 207134 1834 216866
42500 1711 207648 1835 217352
42600 1714 208197 1837 217803
42700 1715 208632 1840 218368
42800 1719 209156 1842 218844
42900 1721 209738 1842 219262
43000 1723 210260 1843 219740
43100 1724 210810 1844 220190
43200 1727 211339 1847 220661
43300 1728 211877 1849 221123
43400 1729 212291 1851 221709
43500 1734 212630 1853 222370
43600 1738 213137 1854 222863
43700 1741 213826 1862 223174
43800 1743 214345 1863 223655
43900 1743 214863 1865 224137
44000 1745 215237 1865 224763
44100 1745 215749 1865 225251
44200 1748 216144 1867 225856
44300 1748 216771 1871 226229
44400 1751 217319 1873 226681
44500 1756 217740 1875 227260
44600 1761 218245 1880 227755
44700 1762 218708 1882 228292
44800 1764 219145 1885 228855
44900 1767 219576 1886 229424
45000 1770 220048 1890 229952
45100 1771 220566 1892 230434
45200 1775 221050 1896 230950
45300 1779 221588 1897 231412
45400 1780 222046 1900 231954
45500 1782 222457 1904 232543
45600 1782 222925 1906 233075
45700 1784 223346 1907 233654
45800 1787 223849 1911 234151
45900 1789 224268 1913 234732
46000 1791 224752 1915 235248
46100 1793 225320 1920 235680
46200 1795 225825 1920 236175
46300 1795 226277 1920 236723
46400 1798 226713 1920 237287
46500 1799 227217 1921 237783
46600 1801 227684 1922 238316
46700 1803 228166 1925 238834
46800 1807 228621 1928 239379
46900 1809 229246 1930 239754
47000 1813 229760 1933 240240
47100 1818 230284 1939 240716
47200 1819 230897 1939 241103
47300 1823 231400 1943 241600
47400 1824 231903 1946 242097
47500 1826 232481 1947 242519
47600 1830 232989 1951 243011
47700 1833 233460 1955 243540
47800 1834 233851 1958 244149
47900 1835 234254 1963 244746
48000 1837 234731 1966 245269
48100 1840 235220 1969 245780
48200 1844 235602 1972 246398
48300 1848 236220 1975 246780
48400 1853 236770 1981 247230
48500 1855 237280 1986 247720
48600 1858 237673 1990 248327
48700 1861 238191 1993 248809
48800 1861 238769 1994 249231
48900 1863 239192 1995 249808
49000 1864 239731 1997 250269
49100 1866 240299 1999 250701
49200 1869 240867 2002 251133
49300 1873 241340 2004 251660
49400 1879 241811 2006 252189
49500 1880 242373 2010 252627
49600 1882 242904 2012 253096
49700 1885 243471 2014 253529
49800 1889 243963 2018 254037
49900 1892 244386 2020 254614
50000 1897 244907 2021 255093
50100 1902 245434 2025 255566
50200 1909 245870 2029 256130
50300 1911 246491 2031 256509
50400 1913 246986 2034 257014
50500 1917 247486 2036 257514
50600 1922 248028 2041 257972
50700 1927 248543 2041 258457
50800 1928 249100 2045 258900
50900 1932 249600 2047 259400
51000 1933 250094 2048 259906
51100 1936 250639 2049 260361
51200 1942 251112 2053 260888
51300 1946 251659 2054 261341
51400 1948 252215 2055 261785
51500 1950 252740 2059 262260
51600 1952 253231 2060 262769
51700 1953 253737 2061 263263
51800 1956 254262 2061 263738
51900 1958 254947 2062 264053
52000 1961 255508 2063 264492
52100 1966 256111 2063 264889
52200 1966 256628 2066 265372
52300 1966 257168 2067 265832
52400 1969 257634 2068 266366
52500 1969 258179 2072 266821
52600 1971 258702 2073 267298
52700 1973 259213 2075 267787
52800 1977 259670 2078 268330
52900 1982 260149 2083 268851
53000 1983 260745 2085 269255
53100 1984 261387 2087 269613
53200 1988 261868 2089 270132
53300 1990 262387 2091 270613
53400 1992 262897 2093 271103
53500 1994 263425 2095 271575
53600 1995 263974 2095 272026
53700 2000 264602 2097 272398
53800 2000 265157 2098 272843
53900 2004 265579 2099 273421
54000 2008 266130 2100 273870
54100 2012 266577 2103 274423
54200 2012 267081 2105 274919
54300 2015 267588 2107 275412
54400 2019 268045 2108 275955
54500 2021 268564 2111 276436
54600 2021 268979 2118 277021
54700 2024 269454 2119 277546
54800 2024 269980 2122 278020
54900 2027 270546 2122 278454
55000 2030 271080 2124 278920
55100 2032 271688 2129 279312
55200 2033 272190 2129 279810
55300 2036 272756 2130 280244
55400 2041 273350 2135 280650
55500 2042 273933 2135 281067
55600 2044 274474 2138 281526
55700 2044 275088 2141 281912
55800 2045 275672 2141 282328
55900 2045 276210 2144 282790
56000 2046 276591 2145 283409
56100 2048 277090 2151 283910
56200 2049 277446 2151 284554
56300 2051 278040 2153 284960
56400 2054 278529 2155 285471
56500 2056 279080 2157 285920
56600 2056 279522 2159 286478
56700 2057 279995 2160 287005
56800 2060 280500 2161 287500
56900 2063 281002 2162 287998
57000 2064 281521 2162 288479
57100 2064 282061 2162 288939
57200 2067 282580 2163 289420
57300 2068 283055 2164 289945
57400 2072 283461 2168 290539
57500 2073 283931 2172 291069
57600 2075 284520 2174 291480
57700 2076 284963 2176 292037
57800 2078 285547 2180 292453
57900 2079 286036 2182 292964
58000 2080 286465 2184 293535
58100 2084 286967 2188 294033
58200 2085 287511 2189 294489
58300 2086 288080 2193 294920
58400 2087 288560 2194 295440
58500 2088 289071 2195 295929
58600 2091 289535 2196 296465
58700 2092 290128 2198 296872
58800 2094 290703 2202 297297
58900 2098 291243 2204 297757
59000 2101 291777 2206 298223
59100 2104 292229 2207 298771
59200 2106 292637 2211 299363
59300 2107 293220 2212 299780
59400 2107 293794 2212 300206
59500 2109 294270 2216 300730
59600 2111 294770 2219 301230
59700 2116 295245 2224 301755
59800 2118 295695 2226 302305
59900 2119 296146 2226 302854
60000 2119 296726 2229 303274
60100 2122 297137 2233 303863
60200 2124 297663 2238 304337
60300 2126 298105 2240 304895
60400 2127 298654 2242 305346
60500 2130 299133 2244 305867
60600 2134 299511 2245 306489
60700 2137 299952 2247 307048
60800 2140 300449 2248 307551
60900 2144 301073 2252 307927
61000 2146 301593 2259 308407
61100 2146 302129 2261 308871
61200 2147 302541 2263 309459
61300 2149 303050 2265 309950
61400 2151 303606 2265 310394
61500 2154 304071 2272 310929
61600 2156 304604 2277 311396
61700 2158 305053 2281 311947
61800 2163 305497 2286 312503
61900 2167 305921 2290 313079
62000 2170 306502 2296 313498
62100 2171 307076 2296 313924
62200 2174 307638 2296 314362
62300 2177 308096 2296 314904
62400 2178 308621 2299 315379
62500 2180 309208 2299 315792
62600 2183 309790 2302 316210
62700 2184 310192 2302 316808
62800 2188 310725 2304 317275
62900 2189 311133 2306 317867
63000 2192 311711 2310 318289
63100 2193 312254 2311 318746
63200 2194 312750 2311 319250
63300 2196 313133 2315 319867
63400 2197 313759 2317 320241
63500 2198 314179 2320 320821
63600 2202 314734 2323 321266
63700 2205 315206 2324 321794
63800 2207 315656 2324 322344
63900 2210 316041 2330 322959
64000 2213 316480 2332 323520
64100 2216 317069 2333 323931
64200 2216 317606 2335 324394
64300 2218 318168 2339 324832
64400 2219 318629 2340 325371
64500 2221 318934 2342 326066
64600 2223 319491 2345 326509
64700 2223 320184 2347 326816
64800 2228 320814 2350 327186
64900 2232 321469 2355 327531
65000 2237 322013 2355 327987
65100 2240 322423 2358 328577
65200 2241 322891 2361 329109
65300 2244 323466 2364 329534
65400 2246 323888 2366 330112
65500 2250 324409 2366 330591
65600 2251 324795 2366 331205
65700 2252 325294 2369 331706
65800 2256 325891 2369 332109
65900 2256 326280 2371 332720
66000 2256 326828 2372 333172
66100 2259 327317 2376 333683
66200 2263 327883 2377 334117
66300 2269 328472 2378 334528
66400 2275 328747 2382 335253
66500 2281 329356 2387 335644
66600 2283 329760 2389 336240
66700 2287 330341 2392 336659
66800 2288 330907 2395 337093
66900 2289 331365 2398 337635
67000 2290 331843 2398 338157
67100 2293 332252 2399 338748
67200 2294 332792 2400 339208
67300 2294 333261 2401 339739
67400 2296 333800 2402 340200
67500 2296 334308 2403 340692
67600 2296 334829 2403 341171
67700 2298 335283 2404 341717
67800 2300 335718 2405 342282
67900 2301 336162 2405 342838
68000 2303 336624 2405 343376
68100 2307 337097 2409 343903
68200 2308 337405 2415 344595
68300 2313 337954 2417 345046
68400 2317 338466 2422 345534
68500 2318 339045 2425 345955
68600 2320 339558 2425 346442
68700 2324 339990 2428 347010
68800 2327 340325 2429 347675
68900 2329 340763 2432 348237
69000 2329 341264 2432 348736
69100 2332 341878 2434 349122
69200 2332 342245 2435 349755
69300 2332 342794 2438 350206
69400 2335 343260 2446 350740
69500 2337 343691 2449 351309
69600 2343 344096 2452 351904
69700 2344 344673 2454 352327
69800 2346 345160 2457 352840
69900 2348 345742 2460 353258
70000 2350 346124 2460 353876
70100 2352 346580 2460 354420
70200 2354 347169 2462 354831
70300 2355 347609 2466 355391
70400 2358 348218 2468 355782
70500 2359 348708 2471 356292
70600 2360 349212 2474 356788
70700 2363 349740 2481 357260
70800 2367 350215 2486 357785
70900 2368 350715 2488 358285
71000 2376 351196 2492 358804
71100 2377 351702 2495 359298
71200 2379 352050 2497 359950
71300 2384 352615 2501 360385
71400 2388 353192 2503 360808
71500 2388 353782 2503 361218
71600 2388 354175 2503 361825
71700 2393 354698 2505 362302
71800 2394 355169 2506 362831
71900 2397 355670 2507 363330
72000 2398 356249 2508 363751
72100 2398 356853 2510 364147
72200 2399 357400 2510 364600
72300 2402 357893 2513 365107
72400 2402 358283 2516 365717
72500 2402 358821 2518 366179
72600 2406 359373 2523 366627
72700 2409 360077 2526 366923
72800 2414 360568 2529 367432
72900 2417 360973 2533 368027
73000 2417 361507 2535 368493
73100 2422 361983 2539 369017
73200 2422 362411 2541 369589
73300 2424 362950 2541 370050
73400 2427 363365 2543 370635
73500 2429 363710 2544 371290
73600 2432 364197 2545 371803
73700 2435 364670 2545 372330
73800 2436 365209 2547 372791
73900 2439 365709 2551 373291
74000 2439 366272 2554 373728
74100 2441 366746 2555 374254
74200 2445 367210 2560 374790
74300 2445 367624 2562 375376
74400 2448 367941 2566 376059
74500 2451 368464 2568 376536
74600 2455 368889 2570 377111
74700 2459 369489 2572 377511
74800 2461 369947 2573 378053
74900 2462 370506 2575 378494
75000 2464 371095 2580 378905
75100 2467 371515 2582 379485
75200 2467 372008 2584 379992
75300 2467 372486 2586 380514
75400 2471 373008 2587 380992
75500 2474 373504 2591 381496
75600 2478 373954 2592 382046
75700 2479 374418 2596 382582
75800 2481 374894 2600 383106
75900 2485 375513 2602 383487
76000 2487 376001 2603 383999
76100 2490 376429 2606 384571
76200 2490 376836 2608 385164
76300 2491 377387 2610 385613
76400 2493 377906 2614 386094
76500 2495 378411 2616 386589
76600 2500 378856 2618 387144
76700 2501 379266 2620 387734
76800 2504 379761 2627 388239
76900 2508 380316 2631 388684
77000 2509 380962 2631 389038
77100 2514 381504 2633 389496
77200 2517 382038 2639 389962
77300 2518 382619 2641 390381
77400 2518 383135 2644 390865
77500 2519 383655 2645 391345
77600 2521 384234 2648 391766
77700 2524 384766 2651 392234
77800 2527 385070 2656 392930
77900 2534 385393 2658 393607
78000 2536 385873 2660 394127
78100 2537 386191 2664 394809
78200 2537 386700 2665 395300
78300 2540 387401 2667 395599
78400 2540 387914 2670 396086
78500 2542 388417 2673 396583
78600 2546 388939 2674 397061
78700 2551 389428 2675 397572
78800 2555 389867 2677 398133
78900 2562 390400 2681 398600
79000 2568 390821 2685 399179
79100 2570 391327 2685 399673
79200 2572 391701 2686 400299
79300 2574 392279 2687 400721
79400 2576 392810 2691 401190
79500 2578 393338 2696 401662
79600 2583 393719 2700 402281
79700 2584 394224 2702 402776
79800 2587 394764 2705 403236
79900 2589 395280 2706 403720
80000 2593 395714 2707 404286
80100 2597 396243 2708 404757
80200 2599 396655 2709 405345
80300 2602 397115 2711 405885
80400 2604 397672 2713 406328
80500 2604 398264 2715 406736
80600 2605 398847 2716 407153
80700 2608 399300 2718 407700
80800 2611 399681 2721 408319
80900 2618 400156 2724 408844
81000 2622 400585 2730 409415
81100 2625 401075 2732 409925
81200 2633 401491 2733 410509
81300 2633 401976 2735 411024
81400 2636 402458 2736 411542
81500 2636 402923 2740 412077
81600 2642 403457 2742 412543
81700 2647 403975 2748 413025
81800 2648 404341 2752 413659
81900 2650 404756 2755 414244
82000 2652 405293 2755 414707
82100 2652 405848 2759 415152
82200 2652 406439 2762 415561
82300 2656 406950 2763 416050
82400 2657 407392 2765 416608
82500 2660 407907 2771 417093
82600 2662 408620 2772 417380
82700 2663 409009 2777 417991
82800 2666 409541 2779 418459
82900 2671 410089 2781 418911
83000 2673 410753 2783 419247
83100 2674 411149 2785 419851
83200 2674 411664 2788 420336
83300 2676 412162 2790 420838
83400 2679 412630 2791 421370
83500 2682 413162 2795 421838
83600 2685 413679 2796 422321
83700 2689 414211 2800 422789
83800 2692 414795 2804 423205
83900 2693 415201 2805 423799
84000 2695 415620 2805 424380
84100 2695 416097 2808 424903
84200 2700 416635 2814 425365
84300 2703 417116 2815 425884
84400 2707 417725 2817 426275
84500 2711 418303 2818 426697
84600 2714 418735 2819 427265
84700 2715 419238 2821 427762
84800 2716 419759 2822 428241
84900 2717 420091 2826 428909
85000 2721 420575 2830 429425
85100 2725 421009 2830 429991
85200 2726 421569 2831 430431
85300 2727 422092 2833 430908
85400 2727 422619 2833 431381
85500 2727 423120 2835 431880
85600 2728 423587 2838 432413
85700 2730 424043 2838 432957
85800 2732 424576 2842 433424
85900 2735 425086 2842 433914
86000 2740 425559 2846 434441
86100 2744 426199 2851 434801
86200 2745 426845 2853 435155
86300 2748 427361 2854 435639
86400 2751 427885 2855 436115
86500 2755 428365 2859 436635
86600 2756 428725 2859 437275
86700 2758 429163 2861 437837
86800 2759 429736 2862 438264
86900 2761 430233 2862 438767
87000 2762 430720 2864 439280
87100 2763 431229 2867 439771
87200 2764 431757 2868 440243
87300 2768 432224 2869 440776
87400 2774 432740 2870 441260
87500 2777 433181 2873 441819
87600 2781 433646 2876 442354
87700 2782 434188 2878 442812
87800 2783 434670 2879 443330
87900 2788 435252 2881 443748
88000 2789 435721 2882 444279
88100 2789 436126 2885 444874
88200 2794 436624 2888 445376
88300 2800 437054 2890 445946
88400 2800 437556 2891 446444
88500 2800 437924 2891 447076
88600 2801 438489 2894 447511
88700 2803 438995 2895 448005
88800 2803 439546 2897 448454
88900 2803 440032 2899 448968
89000 2804 440479 2900 449521
89100 2806 440991 2902 450009
89200 2807 441501 2905 450499
89300 2814 441890 2906 451110
89400 2818 442407 2909 451593
89500 2821 442927 2910 452073
89600 2824 443491 2914 452509
89700 2825 443975 2914 453025
89800 2829 444491 2918 453509
89900 2832 445008 2921 453992
90000 2835 445531 2926 454469
90100 2835 446026 2927 454974
90200 2836 446470 2928 455530
90300 2837 447125 2928 455875
90400 2842 447737 2930 456263
90500 2843 448302 2930 456698
90600 2845 448773 2930 457227
90700 2847 449286 2933 457714
90800 2851 449829 2935 458171
90900 2853 450381 2940 458619
91000 2859 450902 2940 459098
91100 2860 451468 2941 459532
91200 2861 451902 2942 460098
91300 2862 452558 2943 460442
91400 2862 453019 2946 460981
91500 2862 453474 2949 461526
91600 2868 453921 2951 462079
91700 2871 454478 2955 462522
91800 2872 454963 2957 463037
91900 2875 455434 2961 463566
92000 2876 455949 2963 464051
92100 2877 456366 2964 464634
92200 2879 456918 2966 465082
92300 2882 457510 2967 465490
92400 2887 458008 2970 465992
92500 2889 458517 2972 466483
92600 2890 459032 2973 466968
92700 2891 459545 2973 467455
92800 2892 460017 2976 467983
92900 2894 460469 2979 468531
93000 2896 460980 2982 469020
93100 2897 461544 2982 469456
93200 2898 462095 2984 469905
93300 2901 462669 2986 470331
93400 2901 463056 2988 470944
93500 2902 463492 2989 471508
93600 2903 463935 2990 472065
93700 2905 464492 2991 472508
93800 2906 464987 2997 473013
93900 2907 465499 3003 473501
94000 2909 466088 3007 473912
94100 2910 466597 3009 474403
94200 2911 467081 3012 474919
94300 2915 467513 3013 475487
94400 2920 467945 3016 476055
94500 2922 468466 3019 476534
94600 2924 469048 3022 476952
94700 2926 469628 3026 477372
94800 2926 470207 3026 477793
94900 2930 470653 3029 478347
95000 2933 471102 3030 478898
95100 2935 471570 3031 479430
95200 2939 472071 3033 479929
95300 2943 472613 3035 480387
95400 2943 473121 3039 480879
95500 2945 473695 3043 481305
95600 2946 474185 3045 481815
95700 2947 474709 3049 482291
95800 2949 475280 3051 482720
95900 2950 475704 3051 483296
96000 2951 476211 3057 483789
96100 2955 476765 3060 484235
96200 2956 477186 3063 484814
96300 2958 477670 3067 485330
96400 2961 478157 3068 485843
96500 2964 478593 3071 486407
96600 2969 479048 3075 486952
96700 2970 479531 3077 487469
96800 2971 480113 3078 487887
96900 2971 480701 3081 488299
97000 2974 481223 3084 488777
97100 2974 481760 3087 489240
97200 2977 482211 3088 489789
97300 2977 482777 3090 490223
97400 2977 483217 3092 490783
97500 2980 483640 3096 491360
97600 2984 484052 3097 491948
97700 2987 484411 3099 492589
97800 2990 485008 3102 492992
97900 2994 485446 3106 493554
98000 2996 485916 3111 494084
98100 2998 486418 3117 494582
98200 2998 486907 3117 495093
98300 2998 487420 3120 495580
98400 3005 487875 3123 496125
98500 3010 488406 3126 496594
98600 3014 488903 3128 497097
98700 3016 489443 3129 497557
98800 3016 489908 3133 498092
98900 3018 490422 3134 498578
99000 3021 490933 3137 499067
99100 3022 491368 3137 499632
99200 3022 491769 3138 500231
99300 3027 492352 3139 500648
99400 3028 492794 3141 501206
99500 3030 493137 3144 501863
99600 3031 493653 3148 502347
99700 3032 494114 3152 502886
99800 3036 494680 3154 503320
99900 3041 495245 3157 503755
100000 3043 495760 3162 504240
100100 3043 496298 3163 504702
100200 3046 496852 3164 505148
100300 3047 497352 3165 505648
100400 3048 497859 3168 506141
100500 3051 498211 3171 506789
100600 3054 498810 3173 507190
100700 3055 499334 3175 507666
100800 3058 499823 3176 508177
100900 3062 500246 3181 508754
101000 3063 500813 3181 509187
101100 3065 501394 3185 509606
101200 3067 502015 3185 509985
101300 3069 502500 3186 510500
101400 3071 503066 3191 510934
101500 3072 503601 3193 511399
101600 3073 504084 3196 511916
101700 3076 504569 3198 512431
101800 3077 505120 3201 512880
101900 3080 505713 3204 513287
102000 3082 506114 3204 513886
102100 3083 506726 3205 514274
102200 3083 507251 3206 514749
102300 3086 507744 3207 515256
102400 3091 508260 3208 515740
102500 3093 508756 3210 516244
102600 3095 509353 3212 516647
102700 3097 509787 3214 517213
102800 3099 510272 3216 517728
102900 3101 510704 3219 518296
103000 3107 511276 3225 518724
103100 3108 511818 3230 519182
103200 3110 512248 3232 519752
103300 3114 512628 3233 520372
103400 3116 513163 3236 520837
103500 3117 513689 3236 521311
103600 3122 514113 3237 521887
103700 3123 514501 3239 522499
103800 3125 514915 3245 523085
103900 3131 515528 3247 523472
104000 3131 516163 3252 523837
104100 3131 516773 3252 524227
104200 3132 517285 3253 524715
104300 3134 517724 3256 525276
104400 3135 518315 3260 525685
104500 3137 518837 3262 526163
104600 3138 519383 3267 526617
104700 3140 519951 3268 527049
104800 3142 520384 3269 527616
104900 3145 520891 3271 528109
105000 3147 521407 3273 528593
105100 3151 521821 3274 529179
105200 3151 522328 3277 529672
105300 3151 522761 3277 530239
105400 3152 523282 3278 530718
105500 3152 523803 3280 531197
105600 3152 524277 3281 531723
105700 3154 524751 3286 532249
105800 3155 525172 3288 532828
105900 3158 525640 3290 533360
106000 3159 526120 3292 533880
106100 3161 526634 3295 534366
106200 3165 527130 3302 534870
106300 3166 527447 3303 535553
106400 3171 527997 3310 536003
106500 3174 528360 3313 536640
106600 3177 528838 3314 537162
106700 3179 529249 3316 537751
106800 3180 529775 3319 538225
106900 3182 530256 3322 538744
107000 3186 530715 3330 539285
107100 3189 531281 3332 539719
107200 3189 531754 3336 540246
107300 3189 532280 3337 540720
107400 3190 532765 3338 541235
107500 3191 533249 3340 541751
107600 3193 533711 3342 542289
107700 3194 534222 3343 542778
107800 3197 534759 3344 543241
107900 3198 535152 3345 543848
108000 3198 535530 3346 544470
108100 3199 535983 3346 545017
108200 3201 536501 3348 545499
108300 3203 536999 3350 546001
108400 3203 537450 3352 546550
108500 3205 537883 3352 547117
108600 3205 538311 3353 547689
108700 3207 538879 3353 548121
108800 3214 539358 3355 548642
108900 3216 539752 3358 549248
109000 3218 540226 3360 549774
109100 3220 540699 3363 550301
109200 3223 541233 3363 550767
109300 3226 541671 3366 551329
109400 3228 542143 3367 551857
109500 3230 542604 3368 552396
109600 3231 543023 3370 552977
109700 3232 543400 3371 553600
109800 3234 543956 3374 554044
109900 3236 544444 3377 554556
110000 3236 544950 3381 555050
110100 3239 545492 3382 555508
110200 3240 546022 3385 555978
110300 3241 546496 3385 556504
110400 3244 546949 3392 557051
110500 3244 547507 3396 557493
110600 3246 547983 3397 558017
110700 3249 548457 3403 558543
110800 3251 549079 3408 558921
110900 3253 549498 3412 559502
111000 3257 550040 3415 559960
111100 3260 550527 3416 560473
111200 3262 550861 3417 561139
111300 3266 551390 3419 561610
111400 3269 551852 3425 562148
111500 3271 552433 3430 562567
111600 3274 553020 3432 562980
111700 3276 553581 3433 563419
111800 3280 554060 3435 563940
111900 3280 554549 3435 564451
112000 3283 555010 3438 564990
112100 3284 555538 3438 565462
112200 3285 556092 3441 565908
112300 3287 556647 3443 566353
112400 3287 557138 3443 566862
112500 3288 557662 3444 567338
112600 3290 558095 3446 567905
112700 3290 558682 3448 568318
112800 3295 559168 3450 568832
112900 3297 559744 3451 569256
113000 3297 560171 3453 569829
113100 3301 560563 3456 570437
113200 3303 561190 3460 570810
113300 3303 561699 3464 571301
113400 3304 562231 3467 571769
113500 3310 562636 3472 572364
113600 3314 563083 3477 572917
113700 3315 563663 3477 573337
113800 3317 564052 3477 573948
113900 3317 564562 3477 574438
114000 3318 565018 3479 574982
114100 3318 565585 3481 575415
114200 3320 566112 3482 575888
114300 3322 566703 3482 576297
114400 3323 567180 3482 576820
114500 3324 567619 3485 577381
114600 3326 568006 3486 577994
114700 3328 568489 3488 578511
114800 3329 568945 3489 579055
114900 3330 569484 3490 579516
115000 3335 570089 3496 579911
115100 3338 570538 3497 580462
115200 3342 571023 3500 580977
115300 3345 571518 3503 581482
115400 3345 572150 3505 581850
115500 3347 572621 3506 582379
115600 3348 573242 3507 582758
115700 3349 573750 3511 583250
115800 3350 574283 3513 583717
115900 3353 574808 3514 584192
116000 3355 575454 3519 584546
116100 3356 575949 3520 585051
116200 3364 576469 3525 585531
116300 3367 577052 3527 585948
116400 3369 577602 3530 586398
116500 3370 578051 3534 586949
116600 3370 578569 3538 587431
116700 3371 579145 3540 587855
116800 3371 579562 3541 588438
116900 3372 580077 3543 588923
117000 3373 580647 3545 589353
117100 3375 581088 3546 589912
117200 3375 581460 3549 590540
117300 3377 581987 3557 591013
117400 3382 582558 3558 591442
117500 3383 583094 3562 591906
117600 3387 583676 3564 592324
117700 3390 584146 3565 592854
117800 3395 584664 3573 593336
117900 3397 585093 3579 593907
118000 3401 585549 3580 594451
118100 3404 586090 3581 594910
118200 3412 586501 3584 595499
118300 3414 587018 3586 595982
118400 3419 587675 3587 596325
118500 3420 588163 3593 596837
118600 3427 588565 3596 597435
118700 3428 589161 3599 597839
118800 3432 589766 3603 598234
118900 3433 590279 3603 598721
119000 3435 590695 3603 599305
119100 3436 591263 3606 599737
119200 3439 591696 3607 600304
119300 3440 592159 3611 600841
119400 3443 592583 3614 601417
119500 3445 593162 3614 601838
119600 3445 593704 3617 602296
119700 3447 594232 3617 602768
119800 3449 594645 3619 603355
119900 3451 595079 3620 603921
120000 3454 595605 3621 604395
120100 3456 596179 3625 604821
120200 3460 596684 3628 605316
120300 3461 597211 3629 605789
120400 3464 597688 3629 606312
120500 3468 598145 3630 606855
120600 3470 598609 3633 607391
120700 3473 598999 3635 608001
120800 3476 599522 3639 608478
120900 3480 599971 3642 609029
121000 3482 600442 3642 609558
121100 3484 600879 3646 610121
121200 3486 601468 3648 610532
121300 3488 601921 3648 611079
121400 3488 602519 3650 611481
121500 3489 603086 3653 611914
121600 3490 603594 3656 612406
121700 3491 604071 3658 612929
121800 3491 604638 3659 613362
121900 3499 605139 3660 613861
122000 3501 605758 3663 614242
122100 3506 606257 3668 614743
122200 3510 606795 3671 615205
122300 3510 607337 3672 615663
122400 3513 607716 3673 616284
122500 3517 608217 3676 616783
122600 3518 608729 3677 617271
122700 3521 609287 3680 617713
122800 3526 609769 3682 618231
122900 3529 610277 3687 618723
123000 3533 610792 3689 619208
123100 3538 611303 3692 619697
123200 3541 611786 3694 620214
123300 3544 612236 3694 620764
123400 3547 612576 3696 621424
123500 3549 613226 3698 621774
123600 3552 613807 3702 622193
123700 3554 614373 3705 622627
123800 3557 614827 3707 623173
123900 3560 615324 3714 623676
124000 3562 615739 3714 624261
124100 3563 616344 3717 624656
124200 3564 616851 3721 625149
124300 3565 617327 3725 625673
124400 3566 617838 3728 626162
124500 3572 618283 3729 626717
124600 3573 618707 3731 627293
124700 3576 619083 3732 627917
124800 3580 619680 3733 628320
124900 3583 620072 3735 628928
125000 3587 620498 3736 629502
125100 3588 620999 3739 630001
125200 3591 621482 3742 630518
125300 3594 621890 3746 631110
125400 3595 622450 3747 631550
125500 3596 623001 3747 631999
125600 3599 623474 3749 632526
125700 3601 624075 3750 632925
125800 3606 624550 3751 633450
125900 3609 625020 3754 633980
126000 3612 625490 3754 634510
126100 3612 626017 3757 634983
126200 3615 626470 3759 635530
126300 3616 627040 3759 635960
126400 3617 627581 3762 636419
126500 3621 628041 3767 636959
126600 3627 628477 3768 637523
126700 3629 629025 3773 637975
126800 3632 629624 3774 638376
126900 3637 630112 3780 638888
127000 3640 630656 3784 639344
127100 3644 631094 3786 639906
127200 3645 631632 3788 640368
127300 3648 632223 3791 640777
127400 3649 632604 3791 641396
127500 3650 633131 3791 641869
127600 3654 633646 3796 642354
127700 3654 634020 3798 642980
127800 3655 634518 3800 643482
127900 3657 635058 3803 643942
128000 3662 635492 3805 644508
128100 3666 636010 3807 644990
128200 3669 636510 3809 645490
128300 3673 637018 3811 645982
128400 3674 637514 3814 646486
128500 3675 638040 3817 646960
128600 3676 638482 3817 647518
128700 3677 639010 3818 647990
128800 3678 639463 3821 648537
128900 3681 639951 3823 649049
129000 3682 640460 3824 649540
129100 3688 641011 3827 649989
129200 3691 641450 3831 650550
129300 3692 641877 3833 651123
129400 3696 642431 3835 651569
129500 3697 642926 3839 652074
129600 3700 643345 3842 652655
129700 3701 643954 3844 653046
129800 3702 644536 3848 653464
129900 3704 645102 3851 653898
130000 3704 645629 3853 654371
130100 3705 646188 3855 654812
130200 3709 646706 3858 655294
130300 3714 647196 3865 655804
130400 3716 647858 3869 656142
130500 3717 648320 3870 656680
130600 3717 648885 3872 657115
130700 3717 649368 3876 657632
130800 3719 650023 3880 657977
130900 3722 650372 3883 658628
131000 3724 650890 3887 659110
131100 3725 651457 3889 659543
131200 3726 652019 3890 659981
131300 3727 652520 3892 660480
131400 3729 652981 3892 661019
131500 3731 653604 3896 661396
131600 3735 654073 3897 661927
131700 3736 654581 3902 662419
131800 3736 655045 3902 662955
131900 3739 655596 3905 663404
132000 3741 656077 3906 663923
132100 3745 656627 3907 664373
132200 3747 657225 3910 664775
132300 3749 657628 3911 665372
132400 3749 657933 3911 666067
132500 3752 658284 3912 666716
132600 3755 658845 3912 667155
132700 3758 659273 3914 667727
132800 3762 659801 3914 668199
132900 3766 660235 3917 668765
133000 3769 660787 3921 669213
133100 3772 661226 3921 669774
133200 3775 661758 3924 670242
133300 3782 662129 3927 670871
133400 3784 662613 3932 671387
133500 3786 663090 3933 671910
133600 3788 663701 3933 672299
133700 3790 664191 3934 672809
133800 3791 664659 3935 673341
133900 3797 665271 3940 673729
134000 3803 665900 3944 674100
134100 3803 666332 3946 674668
134200 3805 667051 3946 674949
134300 3809 667529 3949 675471
134400 3811 667954 3952 676046
134500 3813 668439 3954 676561
134600 3818 668874 3959 677126
134700 3821 669368 3962 677632
134800 3827 669725 3965 678275
134900 3828 670143 3966 678857
135000 3831 670643 3967 679357
135100 3832 671152 3967 679848
135200 3833 671558 3969 680442
135300 3833 672119 3970 680881
135400 3836 672608 3970 681392
135500 3840 673212 3970 681788
135600 3844 673694 3973 682306
135700 3844 674240 3974 682760
135800 3844 674592 3977 683408
135900 3847 675166 3977 683834
136000 3848 675734 3979 684266
136100 3852 676114 3983 684886
136200 3852 676636 3985 685364
136300 3853 677114 3990 685886
136400 3854 677651 3994 686349
136500 3855 678060 3996 686940
136600 3857 678611 3996 687389
136700 3859 679073 4000 687927
136800 3863 679485 4003 688515
136900 3863 679976 4005 689024
137000 3864 680578 4009 689422
137100 3869 681096 4010 689904
137200 3869 681581 4013 690419
137300 3870 682102 4018 690898
137400 3872 682605 4019 691395
137500 3875 683200 4021 691800
137600 3878 683694 4021 692306
137700 3881 684168 4023 692832
137800 3882 684513 4024 693487
137900 3884 684991 4024 694009
138000 3886 685556 4024 694444
138100 3887 686070 4028 694930
138200 3887 686678 4029 695322
138300 3890 687136 4030 695864
138400 3891 687564 4033 696436
138500 3896 688083 4033 696917
138600 3896 688484 4037 697516
138700 3902 688863 4039 698137
138800 3905 689492 4045 698508
138900 3911 689964 4046 699036
139000 3913 690541 4048 699459
139100 3913 691030 4050 699970
139200 3915 691342 4053 700658
139300 3916 691810 4054 701190
139400 3920 692299 4058 701701
139500 3920 692731 4059 702269
139600 3923 693261 4062 702739
139700 3927 693818 4065 703182
139800 3927 694318 4067 703682
139900 3928 694803 4067 704197
140000 3929 695242 4072 704758
140100 3929 695742 4077 705258
140200 3930 696272 4078 705728
140300 3932 696812 4079 706188
140400 3933 697212 4081 706788
140500 3935 697705 4083 707295
140600 3935 698193 4084 707807
140700 3937 698614 4085 708386
140800 3939 698974 4085 709026
140900 3939 699490 4087 709510
141000 3941 699987 4088 710013
141100 3942 700556 4091 710444
141200 3944 701022 4093 710978
141300 3944 701571 4097 711429
141400 3946 702065 4099 711935
141500 3948 702508 4099 712492
141600 3948 703086 4102 712914
141700 3951 703566 4106 713434
141800 3951 704090 4109 713910
141900 3952 704650 4110 714350
142000 3957 705105 4114 714895
142100 3958 705602 4118 715398
142200 3960 706054 4126 715946
142300 3963 706601 4126 716399
142400 3966 707119 4128 716881
142500 3969 707663 4129 717337
142600 3972 708250 4130 717750
142700 3974 708650 4130 718350
142800 3975 709196 4131 718804
142900 3977 709693 4133 719307
143000 3980 710150 4135 719850
143100 3984 710635 4136 720365
143200 3984 711160 4141 720840
143300 3985 711639 4141 721361
143400 3987 712159 4142 721841
143500 3987 712688 4145 722312
143600 3989 713144 4149 722856
143700 3993 713625 4153 723375
143800 3998 714219 4158 723781
143900 4000 714684 4163 724316
144000 4001 715137 4166 724863
144100 4001 715565 4167 725435
144200 4001 716107 4169 725893
144300 4001 716594 4170 726406
144400 4005 717044 4173 726956
144500 4006 717594 4174 727406
144600 4007 718068 4176 727932
144700 4011 718567 4179 728433
144800 4011 719124 4181 728876
144900 4012 719579 4183 729421
145000 4015 719997 4185 730003
145100 4020 720462 4187 730538
145200 4022 720943 4191 731057
145300 4024 721379 4191 731621
145400 4027 721955 4193 732045
145500 4033 722525 4195 732475
145600 4036 723062 4196 732938
145700 4041 723499 4201 733501
145800 4042 724032 4201 733968
145900 4045 724609 4204 734391
146000 4046 725122 4205 734878
146100 4048 725615 4207 735385
146200 4050 726104 4209 735896
146300 4054 726659 4212 736341
146400 4056 727139 4215 736861
146500 4057 727691 4217 737309
146600 4058 728248 4218 737752
146700 4061 728691 4224 738309
146800 4061 729214 4225 738786
146900 4062 729688 4227 739312
147000 4064 730298 4229 739702
147100 4066 730698 4229 740302
147200 4072 731219 4230 740781
147300 4073 731793 4239 741207
147400 4078 732330 4240 741670
147500 4079 732864 4242 742136
147600 4082 733416 4244 742584
147700 4086 733912 4247 743088
147800 4090 734397 4253 743603
147900 4092 734952 4253 744048
148000 4095 735498 4253 744502
148100 4098 736146 4255 744854
148200 4103 736623 4255 745377
148300 4103 737075 4258 745925
148400 4105 737488 4262 746512
148500 4110 738016 4262 746984
148600 4115 738699 4264 747301
148700 4115 739221 4269 747779
148800 4117 739703 4271 748297
148900 4117 740097 4272 748903
149000 4118 740525 4272 749475
149100 4121 741044 4274 749956
149200 4122 741481 4276 750519
149300 4127 741961 4277 751039
149400 4128 742443 4278 751557
149500 4130 742916 4281 752084
149600 4132 743392 4283 752608
149700 4133 743972 4289 753028
149800 4136 744470 4291 753530
149900 4137 744995 4292 754005
150000 4137 745390 4297 754610
150100 4140 745889 4298 755111
150200 4145 746371 4299 755629
150300 4148 746880 4302 756120
150400 4148 747446 4302 756554
150500 4149 747878 4302 757122
150600 4151 748353 4305 757647
150700 4152 748935 4311 758065
150800 4154 749486 4312 758514
150900 4156 750002 4315 758998
151000 4156 750534 4315 759466
151100 4156 750861 4316 760139
151200 4158 751439 4317 760561
151300 4159 752095 4317 760905
151400 4159 752602 4320 761398
151500 4162 753105 4321 761895
151600 4164 753636 4322 762364
151700 4165 754139 4322 762861
151800 4169 754642 4324 763358
151900 4170 755268 4328 763732
152000 4173 755749 4335 764251
152100 4178 756263 4341 764737
152200 4179 756814 4342 765186
152300 4181 757322 4344 765678
152400 4181 757821 4345 766179
152500 4183 758287 4346 766713
152600 4184 758795 4346 767205
152700 4187 759311 4348 767689
152800 4187 759784 4349 768216
152900 4188 760325 4349 768675
153000 4191 760916 4353 769084
153100 4194 761411 4354 769589
153200 4196 761870 4354 770130
153300 4198 762342 4357 770658
153400 4202 762850 4359 771150
153500 4204 763254 4360 771746
153600 4205 763795 4362 772205
153700 4206 764377 4363 772623
153800 4208 764875 4363 773125
153900 4208 765304 4364 773696
154000 4210 765739 4366 774261
154100 4215 766227 4372 774773
154200 4218 766753 4377 775247
154300 4220 767273 4377 775727
154400 4221 767804 4379 776196
154500 4222 768344 4380 776656
154600 4225 768845 4380 777155
154700 4229 769413 4383 777587
154800 4229 769751 4383 778249
154900 4233 770225 4386 778775
155000 4235 770698 4387 779302
155100 4237 771182 4387 779818
155200 4243 771771 4389 780229
155300 4243 772286 4391 780714
155400 4243 772761 4393 781239
155500 4245 773319 4394 781681
155600 4248 773794 4396 782206
155700 4249 774198 4400 782802
155800 4251 774727 4401 783273
155900 4252 775237 4405 783763
156000 4252 775748 4407 784252
156100 4252 776236 4407 784764
156200 4255 776692 4412 785308
156300 4256 776982 4412 786018
156400 4260 777520 4413 786480
156500 4262 778011 4415 786989
156600 4266 778545 4415 787455
156700 4267 779115 4418 787885
156800 4272 779648 4419 788352
156900 4277 780113 4422 788887
157000 4279 780605 4425 789395
157100 4281 781095 4427 789905
157200 4283 781690 4429 790310
157300 4284 782069 4429 790931
157400 4287 782626 4430 791374
157500 4290 783064 4433 791936
157600 4293 783564 4435 792436
157700 4293 783989 4436 793011
157800 4294 784470 4440 793530
157900 4296 784970 4446 794030
158000 4300 785394 4447 794606
158100 4302 785849 4450 795151
158200 4302 786248 4453 795752
158300 4309 786760 4456 796240
158400 4311 787186 4458 796814
158500 4313 787740 4460 797260
158600 4316 788305 4463 797695
158700 4318 788840 4463 798160
158800 4321 789376 4463 798624
158900 4322 789796 4465 799204
159000 4324 790309 4470 799691
159100 4325 790968 4472 800032
159200 4329 791546 4472 800454
159300 4329 791947 4474 801053
159400 4331 792338 4475 801662
159500 4331 792903 4475 802097
159600 4334 793416 4481 802584
159700 4338 793976 4482 803024
159800 4339 794473 4482 803527
159900 4339 794979 4485 804021
160000 4343 795478 4487 804522
160100 4345 796128 4490 804872
160200 4347 796707 4493 805293
160300 4350 797216 4496 805784
160400 4354 797751 4499 806249
160500 4355 798267 4501 806733
160600 4355 798838 4502 807162
160700 4358 799318 4502 807682
160800 4360 799773 4504 808227
160900 4361 800210 4506 808790
161000 4362 800630 4506 809370
161100 4365 801095 4507 809905
161200 4367 801602 4508 810398
161300 4368 802063 4509 810937
161400 4370 802552 4511 811448
161500 4372 803058 4512 811942
161600 4374 803597 4513 812403
161700 4375 804151 4515 812849
161800 4377 804661 4518 813339
161900 4377 805142 4521 813858
162000 4377 805675 4523 814325
162100 4381 806091 4527 814909
162200 4382 806665 4528 815335
162300 4385 807122 4531 815878
162400 4387 807667 4532 816333
162500 4388 808051 4535 816949
162600 4390 808541 4538 817459
162700 4392 809046 4539 817954
162800 4395 809588 4540 818412
162900 4396 810082 4542 818918
163000 4398 810478 4547 819522
163100 4399 810945 4548 820055
163200 4402 811473 4550 820527
163300 4406 812032 4550 820968
163400 4407 812555 4551 821445
163500 4410 813064 4553 821936
163600 4410 813616 4555 822384
163700 4412 814097 4557 822903
163800 4415 814768 4561 823232
163900 4416 815319 4564 823681
164000 4418 815732 4565 824268
164100 4419 816236 4569 824764
164200 4421 816783 4569 825217
164300 4422 817298 4574 825702
164400 4423 817867 4576 826133
164500 4425 818488 4576 826512
164600 4427 818892 4576 827108
164700 4429 819346 4578 827654
164800 4432 819772 4580 828228
164900 4434 820306 4580 828694
165000 4437 820746 4583 829254
165100 4439 821286 4584 829714
165200 4441 821782 4585 830218
165300 4442 822266 4588 830734
165400 4444 822806 4590 831194
165500 4446 823235 4592 831765
165600 4449 823789 4592 832211
165700 4449 824171 4596 832829
165800 4450 824681 4599 833319
165900 4450 825164 4599 833836
166000 4457 825615 4601 834385
166100 4460 826114 4602 834886
166200 4463 826481 4604 835519
166300 4467 826891 4606 836109
166400 4469 827383 4608 836617
166500 4471 827836 4609 837164
166600 4472 828347 4610 837653
166700 4473 828821 4611 838179
166800 4476 829310 4614 838690
166900 4478 829751 4615 839249
167000 4479 830332 4617 839668
167100 4480 830775 4618 840225
167200 4485 831279 4621 840721
167300 4486 831802 4623 841198
167400 4489 832402 4623 841598
167500 4493 832831 4624 842169
167600 4495 833349 4624 842651
167700 4497 833800 4627 843200
167800 4499 834355 4629 843645
167900 4501 834701 4630 844299
168000 4508 835210 4632 844790
168100 4510 835617 4636 845383
168200 4517 836097 4640 845903
168300 4521 836692 4644 846308
168400 4526 837393 4649 846607
168500 4529 837927 4649 847073
168600 4530 838416 4649 847584
168700 4532 838881 4650 848119
168800 4533 839458 4651 848542
168900 4537 840038 4654 848962
169000 4539 840528 4655 849472
169100 4541 840952 4658 850048
169200 4543 841441 4661 850559
169300 4543 842000 4663 851000
169400 4546 842627 4666 851373
169500 4546 843261 4668 851739
169600 4547 843918 4673 852082
169700 4548 844328 4676 852672
169800 4550 844903 4677 853097
169900 4552 845449 4680 853551
170000 4556 845916 4683 854084
170100 4559 846454 4688 854546
170200 4560 847001 4691 854999
170300 4561 847627 4693 855373
170400 4562 848216 4694 855784
170500 4563 848736 4695 856264
170600 4563 849261 4697 856739
170700 4565 849675 4698 857325
170800 4567 850251 4700 857749
170900 4573 850629 4704 858371
171000 4574 851059 4706 858941
171100 4578 851594 4708 859406
171200 4580 852031 4711 859969
171300 4582 852495 4712 860505
171400 4584 853007 4712 860993
171500 4586 853519 4713 861481
171600 4586 854001 4716 861999
171700 4588 854463 4717 862537
171800 4589 855041 4717 862959
171900 4589 855522 4719 863478
172000 4592 855995 4722 864005
172100 4594 856460 4724 864540
172200 4594 856886 4725 865114
172300 4597 857412 4727 865588
172400 4601 858014 4730 865986
172500 4604 858479 4732 866521
172600 4609 859089 4734 866911
172700 4611 859594 4736 867406
172800 4612 860136 4737 867864
172900 4614 860478 4739 868522
173000 4615 860987 4740 869013
173100 4616 861437 4740 869563
173200 4617 861990 4744 870010
173300 4619 862594 4748 870406
173400 4622 863084 4752 870916
173500 4623 863581 4756 871419
173600 4625 864114 4758 871886
173700 4630 864679 4760 872321
173800 4633 865229 4761 872771
173900 4637 865792 4762 873208
174000 4637 866296 4770 873704
174100 4638 866682 4775 874318
174200 4642 867180 4780 874820
174300 4644 867656 4783 875344
174400 4647 868150 4783 875850
174500 4649 868605 4785 876395
174600 4649 869003 4786 876997
174700 4653 869516 4788 877484
174800 4655 870108 4792 877892
174900 4659 870619 4793 878381
175000 4661 871082 4793 878918
175100 4662 871476 4796 879524
175200 4663 872052 4798 879948
175300 4665 872504 4799 880496
175400 4666 872922 4800 881078
175500 4666 873437 4804 881563
175600 4667 873890 4806 882110
175700 4667 874460 4807 882540
175800 4669 874993 4809 883007
175900 4672 875494 4810 883506
176000 4673 875934 4812 884066
176100 4676 876463 4814 884537
176200 4679 877010 4816 884990
176300 4680 877557 4818 885443
176400 4686 878205 4820 885795
176500 4689 878841 4820 886159
176600 4691 879318 4821 886682
176700 4693 879777 4823 887223
176800 4696 880436 4826 887564
176900 4697 881015 4831 887985
177000 4701 881543 4835 888457
177100 4702 881974 4835 889026
177200 4704 882462 4837 889538
177300 4705 882908 4838 890092
177400 4707 883409 4839 890591
177500 4708 883903 4840 891097
177600 4710 884332 4841 891668
177700 4712 884813 4842 892187
177800 4713 885312 4844 892688
177900 4714 885814 4848 893186
178000 4715 886349 4848 893651
178100 4718 886796 4849 894204
178200 4718 887260 4850 894740
178300 4719 887774 4853 895226
178400 4719 888243 4856 895757
178500 4719 888663 4858 896337
178600 4721 889190 4859 896810
178700 4721 889614 4864 897386
178800 4725 890030 4867 897970
178900 4730 890581 4869 898419
179000 4732 891020 4869 898980
179100 4734 891556 4873 899444
179200 4739 892090 4874 899910
179300 4740 892609 4880 900391
179400 4745 893137 4882 900863
179500 4748 893685 4884 901315
179600 4754 894194 4887 901806
179700 4759 894656 4892 902344
179800 4760 895199 4893 902801
179900 4762 895689 4896 903311
180000 4765 896239 4896 903761
180100 4768 896859 4899 904141
180200 4773 897336 4904 904664
180300 4779 897835 4908 905165
180400 4782 898471 4910 905529
180500 4783 898924 4912 906076
180600 4784 899387 4912 906613
180700 4786 899962 4914 907038
180800 4792 900472 4916 907528
180900 4792 901108 4918 907892
181000 4794 901675 4921 908325
181100 4795 902256 4921 908744
181200 4799 902785 4925 909215
181300 4799 903370 4929 909630
181400 4800 903847 4931 910153
181500 4804 904321 4933 910679
181600 4806 904767 4937 911233
181700 4808 905206 4940 911794
181800 4808 905691 4940 912309
181900 4809 906276 4940 912724
182000 4812 906861 4946 913139
182100 4813 907416 4949 913584
182200 4816 907887 4950 914113
182300 4820 908409 4951 914591
182400 4822 908916 4955 915084
182500 4825 909350 4958 915650
182600 4827 909763 4963 916237
182700 4828 910257 4969 916743
182800 4832 910704 4970 917296
182900 4835 911203 4971 917797
183000 4838 911684 4974 918316
183100 4839 912169 4976 918831
183200 4842 912679 4982 919321
183300 4844 913203 4984 919797
183400 4847 913603 4985 920397
183500 4850 914033 4990 920967
183600 4851 914730 4992 921270
183700 4852 915233 4994 921767
183800 4853 915701 4997 922299
183900 4856 916264 4997 922736
184000 4858 916781 5000 923219
184100 4858 917247 5003 923753
184200 4858 917916 5006 924084
184300 4862 918443 5007 924557
184400 4863 918920 5009 925080
184500 4863 919331 5014 925669
184600 4865 920033 5016 925967
184700 4868 920702 5019 926298
184800 4869 921309 5022 926691
184900 4871 921777 5024 927223
185000 4871 922331 5024 927669
185100 4874 922825 5027 928175
185200 4875 923397 5030 928603
185300 4877 923728 5033 929272
185400 4880 924222 5037 929778
185500 4881 924636 5040 930364
185600 4882 925095 5041 930905
185700 4883 925630 5042 931370
185800 4886 926185 5045 931815
185900 4890 926866 5050 932134
186000 4896 927427 5051 932573
186100 4902 927931 5056 933069
186200 4904 928444 5056 933556
186300 4908 928908 5056 934092
186400 4910 929453 5060 934547
186500 4914 929906 5060 935094
186600 4916 930218 5061 935782
186700 4917 930712 5062 936288
186800 4919 931195 5065 936805
186900 4919 931647 5066 937353
187000 4920 932151 5067 937849
187100 4921 932634 5069 938366
187200 4922 933103 5072 938897
187300 4923 933610 5073 939390
187400 4926 934074 5074 939926
187500 4927 934623 5075 940377
187600 4928 935135 5080 940865
187700 4931 935672 5082 941328
187800 4934 936111 5086 941889
187900 4940 936653 5087 942347
188000 4946 937147 5089 942853
188100 4948 937581 5091 943419
188200 4949 938225 5095 943775
188300 4951 938601 5098 944399
188400 4955 939157 5099 944843
188500 4959 939679 5100 945321
188600 4960 940195 5104 945805
188700 4962 940589 5104 946411
188800 4963 941076 5106 946924
188900 4963 941610 5109 947390
189000 4964 942131 5110 947869
189100 4965 942629 5113 948371
189200 4965 943059 5114 948941
189300 4966 943556 5116 949444
189400 4968 944087 5120 949913
189500 4968 944530 5121 950470
189600 4969 944894 5122 951106
189700 4972 945382 5126 951618
189800 4975 945829 5128 952171
189900 4979 946386 5128 952614
190000 4980 946751 5129 953249
190100 4981 947296 5130 953704
190200 4983 947801 5132 954199
190300 4986 948341 5134 954659
190400 4988 948865 5137 955135
190500 4990 949331 5138 955669
190600 4991 949837 5138 956163
190700 4993 950265 5141 956735
190800 4996 950796 5145 957204
190900 5002 951332 5149 957668
191000 5005 951855 5150 958145
191100 5006 952339 5156 958661
191200 5006 952724 5158 959276
191300 5007 953174 5158 959826
191400 5008 953760 5164 960240
191500 5008 954171 5168 960829
191600 5011 954712 5171 961288
191700 5015 955318 5175 961682
191800 5019 955796 5177 962204
191900 5021 956267 5181 962733
192000 5023 956860 5183 963140
192100 5026 957500 5185 963500
192200 5031 957938 5185 964062
192300 5033 958348 5187 964652
192400 5035 958840 5188 965160
192500 5038 959331 5188 965669
192600 5040 959925 5190 966075
192700 5042 960402 5193 966598
192800 5044 960883 5193 967117
192900 5047 961379 5194 967621
193000 5048 961829 5196 968171
193100 5049 962422 5197 968578
193200 5053 962888 5199 969112
193300 5058 963313 5201 969687
193400 5059 963771 5202 970229
193500 5061 964221 5206 970779
193600 5063 964737 5211 971263
193700 5065 965233 5214 971767
193800 5067 965811 5218 972189
193900 5068 966338 5219 972662
194000 5068 966903 5219 973097
194100 5072 967345 5222 973655
194200 5075 967829 5223 974171
194300 5078 968290 5224 974710
194400 5080 968746 5226 975254
194500 5082 969223 5226 975777
194600 5085 969602 5228 976398
194700 5087 970139 5230 976861
194800 5091 970489 5237 977511
194900 5092 970911 5238 978089
195000 5093 971439 5240 978561
195100 5095 972034 5242 978966
195200 5096 972552 5244 979448
195300 5101 972992 5246 980008
195400 5106 973455 5251 980545
195500 5107 973870 5251 981130
195600 5112 974450 5254 981550
195700 5114 975008 5256 981992
195800 5116 975693 5258 982307
195900 5117 976173 5262 982827
196000 5118 976749 5268 983251
196100 5120 977203 5270 983797
196200 5122 977672 5272 984328
196300 5124 978107 5274 984893
196400 5126 978618 5277 985382
196500 5128 979099 5279 985901
196600 5132 979603 5283 986397
196700 5136 980104 5287 986896
196800 5138 980540 5288 987460
196900 5141 981040 5292 987960
197000 5143 981549 5295 988451
197100 5148 981999 5299 989001
197200 5148 982489 5299 989511
197300 5152 983008 5302 989992
197400 5154 983426 5306 990574
197500 5156 983973 5308 991027
197600 5158 984544 5309 991456
197700 5160 984980 5312 992020
197800 5161 985548 5317 992452
197900 5161 986013 5318 992987
198000 5162 986569 5320 993431
198100 5167 987031 5321 993969
198200 5168 987628 5322 994372
198300 5174 988061 5324 994939
198400 5174 988669 5326 995331
198500 5177 989165 5328 995835
198600 5180 989536 5329 996464
198700 5181 990008 5329 996992
198800 5182 990570 5331 997430
198900 5182 991064 5334 997936
199000 5185 991557 5335 998443
199100 5194 992066 5338 998934
199200 5196 992589 5338 999411
199300 5196 993060 5338 999940
199400 5200 993646 5342 1000354
199500 5202 994244 5342 1000756
199600 5202 994787 5345 1001213
199700 5203 995285 5351 1001715
199800 5204 995751 5351 1002249
199900 5205 996270 5353 1002730
200000 5209 996719 5356 1003281
