#! FIELDS timestep dup_succ dup_attempts kill_succ kill_attempts
#! SET timestep 0.5
#! SET kernel_bandwidth [0.55 0.55]
#! SET kt 1.0
100 78 219 77 781
200 165 463 169 1537
300 258 794 277 2206
400 346 1249 381 2751
500 411 1565 448 3435
600 460 1911 505 4089
700 493 2291 544 4709
800 522 2718 571 5282
900 538 3073 583 5927
1000 546 3484 593 6516
1100 552 3863 598 7137
1200 562 4285 606 7715
1300 568 4756 616 8244
1400 576 5237 622 8763
1500 580 5763 624 9237
1600 585 6145 631 9855
1700 589 6677 632 10323
1800 595 7199 638 10801
1900 598 7645 644 11355
2000 601 8095 648 11905
2100 604 8612 652 12388
2200 607 9084 658 12916
2300 615 9577 667 13423
2400 622 10071 674 13929
2500 627 10546 679 14454
2600 628 11137 683 14863
2700 630 11723 685 15277
2800 641 12303 695 15697
2900 648 12856 701 16144
3000 657 13357 707 16643
3100 660 13867 710 17133
3200 663 14444 715 17556
3300 673 15144 723 17856
3400 680 15685 727 18315
3500 684 16256 735 18744
3600 685 16697 738 19303
3700 692 17167 742 19833
3800 692 17608 746 20392
3900 695 18149 750 20851
4000 700 18661 753 21339
4100 701 19162 759 21838
4200 706 19641 761 22359
4300 710 20157 771 22843
4400 710 20635 776 23365
4500 717 21173 779 23827
4600 722 21709 783 24291
4700 723 22216 785 24784
4800 725 22623 793 25377
4900 727 23122 793 25878
5000 730 23610 795 26390
5100 736 24207 799 26793
5200 738 24738 801 27262
5300 741 25272 810 27728
5400 745 25808 812 28192
5500 752 26358 820 28642
5600 766 26834 830 29166
5700 770 27363 835 29637
5800 778 27919 842 30081
5900 784 28413 846 30587
6000 790 28956 851 31044
6100 792 29537 851 31463
6200 798 30085 856 31915
6300 800 30556 858 32444
6400 803 31031 861 32969
6500 807 31574 865 33426
6600 809 32066 870 33934
6700 816 32565 875 34435
6800 826 33127 879 34873
6900 829 33501 881 35499
7000 836 34086 884 35914
7100 843 34573 889 36427
7200 845 34965 894 37035
7300 850 35457 906 37543
7400 852 35883 911 38117
7500 854 36420 919 38580
7600 860 36836 930 39164
7700 867 37277 933 39723
7800 872 37806 941 40194
7900 884 38306 948 40694
8000 886 38778 955 41222
8100 889 39214 956 41786
8200 891 39765 961 42235
8300 896 40363 969 42637
8400 898 40954 974 43046
8500 905 41303 980 43697
8600 908 41823 986 44177
8700 914 42259 988 44741
8800 920 42682 991 45318
8900 924 43292 998 45708
9000 930 43768 1005 46232
9100 938 44299 1009 46701
9200 945 44844 1014 47156
9300 952 45384 1022 47616
9400 958 45886 1029 48114
9500 967 46333 1039 48667
9600 974 46808 1046 49192
9700 975 47415 1054 49585
9800 981 47928 1061 50072
9900 985 48515 1063 50485
10000 989 49031 1067 50969
10100 993 49595 1071 51405
10200 996 50057 1080 51943
10300 1001 50434 1083 52566
10400 1006 50901 1088 53099
10500 1009 51511 1094 53489
10600 1012 52025 1096 53975
10700 1017 52567 1103 54433
10800 1022 53012 1105 54988
10900 1026 53528 1108 55472
11000 1030 53994 1108 56006
11100 1038 54493 1111 56507
11200 1039 54921 1116 57079
11300 1041 55426 1119 57574
11400 1045 55868 1124 58132
11500 1046 56246 1129 58754
11600 1051 56704 1134 59296
11700 1060 57168 1142 59832
11800 1067 57712 1148 60288
11900 1074 58187 1148 60813
12000 1079 58673 1157 61327
12100 1083 59179 1165 61821
12200 1088 59717 1169 62283
12300 1093 60211 1181 62789
12400 1096 60796 1187 63204
12500 1099 61313 1190 63687
12600 1104 61786 1192 64214
12700 1107 62249 1198 64751
12800 1114 62625 1204 65375
12900 1117 63180 1207 65820
13000 1124 63643 1214 66357
13100 1136 64127 1219 66873
13200 1146 64564 1226 67436
13300 1153 65023 1236 67977
13400 1158 65466 1245 68534
13500 1161 65929 1250 69071
13600 1164 66258 1256 69742
13700 1168 66683 1262 70317
13800 1170 67165 1266 70835
13900 1178 67624 1269 71376
14000 1186 68195 1277 71805
14100 1192 68823 1282 72177
14200 1195 69442 1288 72558
14300 1200 69971 1291 73029
14400 1206 70413 1293 73587
14500 1211 70922 1298 74078
14600 1217 71458 1300 74542
14700 1222 72003 1304 74997
14800 1226 72506 1309 75494
14900 1231 72985 1314 76015
15000 1233 73469 1318 76531
15100 1239 73942 1324 77058
15200 1242 74422 1326 77578
15300 1247 74929 1329 78071
15400 1256 75421 1333 78579
15500 1260 75750 1339 79250
15600 1268 76314 1344 79686
15700 1271 76839 1354 80161
15800 1278 77334 1360 80666
15900 1281 77814 1363 81186
16000 1289 78376 1371 81624
16100 1297 78900 1374 82100
16200 1303 79386 1385 82614
16300 1310 79833 1391 83167
16400 1319 80260 1400 83740
16500 1328 80766 1406 84234
16600 1337 81261 1410 84739
16700 1344 81780 1416 85220
16800 1346 82246 1421 85754
16900 1354 82687 1425 86313
17000 1361 83188 1430 86812
17100 1365 83711 1438 87289
17200 1374 84279 1447 87721
17300 1375 84684 1451 88316
17400 1379 85339 1454 88661
17500 1383 85768 1460 89232
17600 1392 86236 1465 89764
17700 1397 86761 1469 90239
17800 1402 87411 1474 90589
17900 1408 87899 1479 91101
18000 1409 88379 1482 91621
18100 1412 88942 1493 92058
18200 1418 89498 1497 92502
18300 1423 90010 1498 92990
18400 1428 90531 1505 93469
18500 1430 91140 1509 93860
18600 1434 91581 1511 94419
18700 1438 92137 1517 94863
18800 1440 92686 1529 95314
18900 1448 93238 1536 95762
19000 1450 93667 1538 96333
19100 1456 94150 1545 96850
19200 1464 94614 1547 97386
19300 1468 95046 1556 97954
19400 1476 95588 1571 98412
19500 1480 96020 1576 98980
19600 1484 96477 1580 99523
19700 1487 96867 1584 100133
19800 1492 97358 1589 100642
19900 1501 97851 1596 101149
20000 1506 98307 1600 101693
20100 1515 98791 1611 102209
20200 1517 99277 1625 102723
20300 1519 99827 1628 103173
20400 1526 100327 1633 103673
20500 1533 100764 1638 104236
20600 1535 101278 1643 104722
20700 1535 101733 1648 105267
20800 1544 102318 1651 105682
20900 1546 102834 1653 106166
21000 1551 103321 1658 106679
21100 1553 103805 1665 107195
21200 1557 104238 1673 107762
21300 1562 104744 1675 108256
21400 1568 105255 1683 108745
21500 1574 105690 1689 109310
21600 1576 106171 1692 109829
21700 1578 106677 1696 110323
21800 1587 107109 1703 110891
21900 1589 107571 1706 111429
22000 1592 108034 1709 111966
22100 1594 108461 1716 112539
22200 1600 108968 1721 113032
22300 1602 109507 1725 113493
22400 1606 109954 1729 114046
22500 1613 110398 1735 114602
22600 1618 110881 1740 115119
22700 1623 111237 1744 115763
22800 1625 111705 1745 116295
22900 1632 112208 1751 116792
23000 1633 112772 1752 117228
23100 1637 113294 1756 117706
23200 1642 113799 1764 118201
23300 1646 114326 1773 118674
23400 1650 114914 1778 119086
23500 1650 115477 1778 119523
23600 1656 115993 1781 120007
23700 1659 116553 1787 120447
23800 1662 117072 1792 120928
23900 1667 117592 1802 121408
24000 1674 118040 1808 121960
24100 1677 118586 1814 122414
24200 1684 119089 1820 122911
24300 1685 119415 1823 123585
24400 1691 119929 1826 124071
24500 1693 120506 1831 124494
24600 1701 121119 1837 124881
24700 1706 121599 1844 125401
24800 1710 122055 1846 125945
24900 1714 122587 1851 126413
25000 1719 123105 1858 126895
25100 1722 123589 1869 127411
25200 1727 124043 1873 127957
25300 1732 124421 1878 128579
25400 1739 124931 1883 129069
25500 1746 125457 1890 129543
25600 1748 125948 1894 130052
25700 1753 126396 1899 130604
25800 1755 126860 1901 131140
25900 1761 127380 1906 131620
26000 1763 127791 1908 132209
26100 1767 128321 1914 132679
26200 1771 128739 1921 133261
26300 1777 129274 1927 133726
26400 1780 129776 1932 134224
26500 1784 130224 1940 134776
26600 1789 130654 1943 135346
26700 1796 130998 1946 136002
26800 1797 131468 1951 136532
26900 1801 131959 1953 137041
27000 1806 132381 1955 137619
27100 1809 132886 1964 138114
27200 1813 133303 1965 138697
27300 1816 133796 1967 139204
27400 1820 134288 1971 139712
27500 1821 134848 1977 140152
27600 1821 135459 1978 140541
27700 1822 135974 1979 141026
27800 1828 136518 1985 141482
27900 1836 136968 1992 142032
28000 1846 137459 2002 142541
28100 1850 138029 2007 142971
28200 1852 138599 2010 143401
28300 1855 139181 2014 143819
28400 1858 139628 2016 144372
28500 1862 140107 2017 144893
28600 1868 140633 2020 145367
28700 1878 141239 2024 145761
28800 1880 141811 2025 146189
28900 1882 142283 2031 146717
29000 1891 142736 2037 147264
29100 1896 143248 2044 147752
29200 1897 143714 2050 148286
29300 1901 144258 2054 148742
29400 1906 144793 2057 149207
29500 1911 145208 2062 149792
29600 1916 145722 2067 150278
29700 1922 146276 2070 150724
29800 1928 146760 2079 151240
29900 1937 147206 2090 151794
30000 1940 147792 2099 152208
30100 1943 148308 2104 152692
30200 1949 148881 2111 153119
30300 1957 149327 2118 153673
30400 1964 149819 2120 154181
30500 1968 150324 2121 154676
30600 1972 150880 2127 155120
30700 1978 151370 2131 155630
30800 1982 151926 2138 156074
30900 1983 152406 2145 156594
31000 1987 152836 2148 157164
31100 1989 153199 2151 157801
31200 1992 153621 2155 158379
31300 1997 154054 2160 158946
31400 2001 154516 2167 159484
31500 2005 155005 2172 159995
31600 2010 155434 2181 160566
31700 2012 155955 2189 161045
31800 2017 156371 2197 161629
31900 2023 156829 2200 162171
32000 2028 157367 2201 162633
32100 2035 157750 2207 163250
32200 2039 158282 2211 163718
32300 2046 158771 2217 164229
32400 2048 159348 2220 164652
32500 2050 159737 2225 165263
32600 2055 160333 2237 165667
32700 2057 160824 2239 166176
32800 2058 161391 2244 166609
32900 2061 161855 2247 167145
33000 2070 162301 2247 167699
33100 2074 162784 2255 168216
33200 2079 163198 2262 168802
33300 2081 163624 2266 169376
33400 2093 164112 2277 169888
33500 2098 164569 2278 170431
33600 2104 165006 2283 170994
33700 2106 165483 2288 171517
33800 2111 165971 2297 172029
33900 2112 166468 2301 172532
34000 2120 166977 2308 173023
34100 2124 167429 2314 173571
34200 2128 167904 2317 174096
34300 2137 168414 2323 174586
34400 2148 168808 2329 175192
34500 2153 169323 2333 175677
34600 2158 169783 2340 176217
34700 2161 170239 2348 176761
34800 2169 170692 2352 177308
34900 2175 171170 2364 177830
35000 2177 171614 2369 178386
35100 2182 172194 2372 178806
35200 2185 172643 2374 179357
35300 2191 173156 2378 179844
35400 2197 173583 2379 180417
35500 2207 174091 2386 180909
35600 2211 174528 2388 181472
35700 2216 175025 2394 181975
35800 2222 175553 2398 182447
35900 2224 176156 2402 182844
36000 2228 176701 2409 183299
36100 2233 177323 2419 183677
36200 2235 177827 2420 184173
36300 2239 178375 2428 184625
36400 2242 178856 2436 185144
36500 2243 179420 2439 185580
36600 2249 179962 2444 186038
36700 2250 180534 2449 186466
36800 2255 181058 2453 186942
36900 2261 181620 2454 187380
37000 2268 182047 2462 187953
37100 2273 182524 2466 188476
37200 2275 182955 2472 189045
37300 2280 183392 2480 189608
37400 2285 183859 2490 190141
37500 2288 184335 2494 190665
37600 2292 184813 2497 191187
37700 2299 185256 2503 191744
37800 2304 185760 2508 192240
37900 2309 186339 2510 192661
38000 2315 186805 2514 193195
38100 2320 187319 2517 193681
38200 2328 187841 2529 194159
38300 2330 188295 2532 194705
38400 2334 188754 2535 195246
38500 2337 189238 2540 195762
38600 2339 189687 2544 196313
38700 2343 190236 2548 196764
38800 2349 190708 2559 197292
38900 2357 191147 2563 197853
39000 2360 191559 2565 198441
39100 2361 192153 2569 198847
39200 2364 192626 2571 199374
39300 2369 193215 2574 199785
39400 2373 193654 2576 200346
39500 2375 194116 2580 200884
39600 2381 194543 2587 201457
39700 2385 195148 2593 201852
39800 2390 195538 2599 202462
39900 2393 196070 2604 202930
40000 2398 196575 2607 203425
40100 2404 197032 2614 203968
40200 2414 197530 2618 204470
40300 2418 198161 2621 204839
40400 2424 198698 2627 205302
40500 2428 199194 2632 205806
40600 2430 199773 2640 206227
40700 2440 200331 2646 206669
40800 2443 200788 2652 207212
40900 2450 201350 2660 207650
41000 2453 201723 2661 208277
41100 2459 202189 2666 208811
41200 2464 202716 2668 209284
41300 2472 203281 2670 209719
41400 2476 203765 2673 210235
41500 2480 204240 2676 210760
41600 2482 204721 2677 211279
41700 2487 205332 2680 211668
41800 2489 205806 2681 212194
41900 2491 206281 2686 212719
42000 2496 206736 2694 213264
42100 2504 207252 2697 213748
42200 2508 207709 2704 214291
42300 2511 208245 2708 214755
42400 2518 208869 2717 215131
42500 2524 209387 2723 215613
42600 2529 209909 2727 216091
42700 2531 210315 2730 216685
42800 2533 210803 2734 217197
42900 2536 211403 2738 217597
43000 2546 211979 2746 218021
43100 2554 212511 2749 218489
43200 2557 213110 2750 218890
43300 2566 213622 2758 219378
43400 2570 214165 2764 219835
43500 2583 214715 2768 220285
43600 2589 215208 2774 220792
43700 2593 215584 2776 221416
43800 2597 215889 2782 222111
43900 2598 216398 2788 222602
44000 2603 216870 2791 223130
44100 2610 217392 2792 223608
44200 2615 217846 2801 224154
44300 2619 218387 2807 224613
44400 2622 218830 2813 225170
44500 2624 219271 2814 225729
44600 2627 219725 2816 226275
44700 2629 220202 2819 226798
44800 2634 220752 2822 227248
44900 2636 221309 2829 227691
45000 2643 221746 2833 228254
45100 2648 222210 2838 228790
45200 2654 222692 2842 229308
45300 2659 223274 2846 229726
45400 2665 223713 2848 230287
45500 2667 224146 2851 230854
45600 2672 224648 2860 231352
45700 2675 225130 2867 231870
45800 2677 225703 2870 232297
45900 2684 226206 2873 232794
46000 2689 226675 2877 233325
46100 2691 227138 2881 233862
46200 2694 227639 2886 234361
46300 2697 228151 2890 234849
46400 2705 228683 2894 235317
46500 2710 229193 2902 235807
46600 2718 229793 2909 236207
46700 2720 230306 2918 236694
46800 2727 230821 2925 237179
46900 2737 231401 2929 237599
47000 2740 231901 2933 238099
47100 2752 232367 2937 238633
47200 2755 232796 2941 239204
47300 2758 233295 2950 239705
47400 2765 233682 2959 240318
47500 2767 234182 2963 240818
47600 2773 234605 2967 241395
47700 2784 235118 2970 241882
47800 2789 235552 2973 242448
47900 2799 235952 2980 243048
48000 2801 236483 2987 243517
48100 2806 236914 2989 244086
48200 2812 237389 2996 244611
48300 2820 237932 3007 245068
48400 2825 238323 3011 245677
48500 2825 238729 3019 246271
48600 2831 239204 3024 246796
48700 2836 239718 3031 247282
48800 2839 240369 3033 247631
48900 2845 240943 3039 248057
49000 2852 241386 3044 248614
49100 2857 241833 3049 249167
49200 2860 242288 3055 249712
49300 2871 242787 3063 250213
49400 2877 243288 3067 250712
49500 2884 243834 3071 251166
49600 2892 244430 3075 251570
49700 2896 245030 3078 251970
49800 2902 245556 3082 252444
49900 2909 246117 3086 252883
50000 2918 246573 3094 253427
50100 2920 247012 3097 253988
50200 2927 247550 3104 254450
50300 2932 248048 3113 254952
50400 2939 248499 3115 255501
50500 2946 248931 3122 256069
50600 2947 249357 3129 256643
50700 2953 249810 3135 257190
50800 2958 250269 3138 257731
50900 2963 250796 3144 258204
51000 2970 251321 3153 258679
51100 2976 251764 3156 259236
51200 2981 252280 3159 259720
51300 2987 252720 3166 260280
51400 2992 253222 3168 260778
51500 2994 253785 3171 261215
51600 2998 254252 3178 261748
51700 3005 254722 3181 262278
51800 3007 255106 3184 262894
51900 3015 255577 3191 263423
52000 3020 256108 3196 263892
52100 3027 256596 3198 264404
52200 3031 257121 3202 264879
52300 3035 257708 3206 265292
52400 3039 258237 3211 265763
52500 3045 258917 3220 266083
52600 3047 259420 3225 266580
52700 3049 259871 3230 267129
52800 3056 260446 3234 267554
52900 3061 260935 3234 268065
53000 3065 261391 3239 268609
53100 3073 261870 3242 269130
53200 3080 262395 3249 269605
53300 3084 262961 3254 270039
53400 3085 263456 3260 270544
53500 3086 263900 3265 271100
53600 3089 264377 3269 271623
53700 3096 264841 3276 272159
53800 3100 265338 3280 272662
53900 3105 265820 3286 273180
54000 3110 266323 3290 273677
54100 3120 266770 3294 274230
54200 3124 267320 3300 274680
54300 3129 267720 3304 275280
54400 3132 268222 3315 275778
54500 3135 268719 3317 276281
54600 3138 269213 3318 276787
54700 3143 269634 3324 277366
54800 3150 270076 3336 277924
54900 3155 270571 3342 278429
55000 3156 271113 3352 278887
55100 3159 271540 3359 279460
55200 3167 272125 3363 279875
55300 3171 272639 3368 280361
55400 3173 273207 3376 280793
55500 3178 273710 3384 281290
55600 3186 274252 3388 281748
55700 3192 274710 3393 282290
55800 3199 275126 3398 282874
55900 3201 275603 3400 283397
56000 3204 276064 3404 283936
56100 3210 276621 3406 284379
56200 3215 277062 3412 284938
56300 3219 277575 3414 285425
56400 3222 278025 3421 285975
56500 3226 278511 3423 286489
56600 3231 278984 3428 287016
56700 3238 279473 3431 287527
56800 3241 279863 3433 288137
56900 3246 280329 3440 288671
57000 3247 280778 3442 289222
57100 3252 281252 3447 289748
57200 3257 281736 3452 290264
57300 3261 282246 3463 290754
57400 3269 282861 3468 291139
57500 3272 283250 3477 291750
57600 3276 283679 3481 292321
57700 3284 284123 3488 292877
57800 3291 284551 3497 293449
57900 3295 285035 3503 293965
58000 3298 285627 3505 294373
58100 3301 286118 3512 294882
58200 3305 286661 3518 295339
58300 3308 287121 3522 295879
58400 3312 287586 3528 296414
58500 3317 288058 3538 296942
58600 3323 288574 3539 297426
58700 3326 289042 3545 297958
58800 3329 289519 3549 298481
58900 3336 289949 3553 299051
59000 3340 290445 3555 299555
59100 3344 290996 3559 300004
59200 3350 291447 3563 300553
59300 3356 291917 3569 301083
59400 3362 292322 3574 301678
59500 3367 292846 3581 302154
59600 3370 293457 3585 302543
59700 3375 293940 3591 303060
59800 3379 294435 3597 303565
59900 3385 294974 3604 304026
60000 3387 295502 3609 304498
60100 3396 296045 3613 304955
60200 3401 296593 3616 305407
60300 3406 297074 3624 305926
60400 3410 297558 3632 306442
60500 3413 298095 3638 306905
60600 3418 298571 3645 307429
60700 3426 299102 3650 307898
60800 3436 299571 3658 308429
60900 3443 300120 3664 308880
61000 3449 300669 3671 309331
61100 3450 301208 3677 309792
61200 3455 301715 3680 310285
61300 3461 302244 3684 310756
61400 3464 302731 3687 311269
61500 3470 303293 3691 311707
61600 3477 303850 3699 312150
61700 3486 304447 3706 312553
61800 3488 304994 3710 313006
61900 3495 305471 3713 313529
62000 3500 305954 3719 314046
62100 3502 306338 3727 314662
62200 3508 306840 3731 315160
62300 3511 307424 3734 315576
62400 3513 307871 3735 316129
62500 3520 308356 3738 316644
62600 3523 308876 3740 317124
62700 3527 309449 3747 317551
62800 3533 309971 3751 318029
62900 3537 310423 3755 318577
63000 3545 310837 3769 319163
63100 3551 311309 3776 319691
63200 3556 311799 3783 320201
63300 3558 312237 3788 320763
63400 3565 312552 3795 321448
63500 3567 313002 3796 321998
63600 3572 313440 3800 322560
63700 3577 313864 3802 323136
63800 3578 314287 3805 323713
63900 3583 314674 3810 324326
64000 3586 315086 3818 324914
64100 3589 315630 3825 325370
64200 3592 316220 3829 325780
64300 3600 316733 3834 326267
64400 3603 317245 3839 326755
64500 3608 317777 3846 327223
64600 3615 318349 3851 327651
64700 3619 318924 3853 328076
64800 3626 319449 3858 328551
64900 3628 319937 3866 329063
65000 3634 320358 3876 329642
65100 3638 320826 3881 330174
65200 3642 321253 3885 330747
65300 3649 321670 3889 331330
65400 3655 322144 3895 331856
65500 3660 322642 3902 332358
65600 3664 323227 3904 332773
65700 3674 323707 3913 333293
65800 3677 324199 3917 333801
65900 3682 324669 3924 334331
66000 3690 325102 3934 334898
66100 3695 325550 3944 335450
66200 3702 326034 3949 335966
66300 3704 326498 3953 336502
66400 3709 327050 3958 336950
66500 3714 327531 3959 337469
66600 3718 327916 3961 338084
66700 3725 328395 3964 338605
66800 3738 328875 3970 339125
66900 3739 329416 3975 339584
67000 3744 329941 3981 340059
67100 3745 330415 3982 340585
67200 3751 330940 3987 341060
67300 3752 331390 3991 341610
67400 3757 331947 3995 342053
67500 3759 332428 4001 342572
67600 3765 332931 4006 343069
67700 3769 333422 4015 343578
67800 3779 333876 4020 344124
67900 3781 334407 4028 344593
68000 3782 334941 4033 345059
68100 3784 335436 4034 345564
68200 3789 335908 4039 346092
68300 3793 336458 4046 346542
68400 3802 336959 4054 347041
68500 3807 337421 4063 347579
68600 3809 337954 4065 348046
68700 3815 338418 4074 348582
68800 3818 338928 4080 349072
68900 3820 339514 4082 349486
69000 3827 340054 4087 349946
69100 3830 340472 4093 350528
69200 3834 340999 4095 351001
69300 3836 341345 4098 351655
69400 3839 341955 4105 352045
69500 3842 342319 4111 352681
69600 3848 342786 4118 353214
69700 3854 343189 4127 353811
69800 3856 343480 4130 354520
69900 3858 343942 4137 355058
70000 3863 344520 4142 355480
70100 3870 344914 4145 356086
70200 3876 345354 4154 356646
70300 3882 345763 4162 357237
70400 3891 346280 4169 357720
70500 3896 346849 4171 358151
70600 3908 347278 4179 358722
70700 3915 347663 4186 359337
70800 3921 348204 4191 359796
70900 3927 348714 4198 360286
71000 3933 349111 4210 360889
71100 3944 349600 4212 361400
71200 3946 350055 4215 361945
71300 3950 350516 4224 362484
71400 3958 351001 4230 362999
71500 3963 351448 4238 363552
71600 3967 351890 4245 364110
71700 3971 352382 4250 364618
71800 3979 352868 4257 365132
71900 3986 353303 4263 365697
72000 3993 353796 4274 366204
72100 3998 354207 4277 366793
72200 4005 354770 4279 367230
72300 4007 355246 4281 367754
72400 4010 355673 4286 368327
72500 4015 356152 4290 368848
72600 4021 356641 4295 369359
72700 4024 357181 4302 369819
72800 4029 357655 4308 370345
72900 4031 358146 4313 370854
73000 4036 358633 4322 371367
73100 4042 359265 4328 371735
73200 4048 359795 4331 372205
73300 4050 360305 4338 372695
73400 4053 360887 4341 373113
73500 4056 361395 4343 373605
73600 4059 361855 4346 374145
73700 4063 362377 4357 374623
73800 4070 362884 4362 375116
73900 4073 363331 4366 375669
74000 4081 363804 4371 376196
74100 4086 364363 4375 376637
74200 4093 364888 4380 377112
74300 4099 365362 4385 377638
74400 4104 365827 4393 378173
74500 4108 366340 4400 378660
74600 4111 366795 4407 379205
74700 4115 367228 4412 379772
74800 4122 367671 4415 380329
74900 4123 368103 4417 380897
75000 4126 368575 4421 381425
75100 4134 369084 4429 381916
75200 4140 369631 4432 382369
75300 4143 370150 4434 382850
75400 4149 370513 4440 383487
75500 4153 370953 4450 384047
75600 4160 371586 4458 384414
75700 4167 372100 4461 384900
75800 4172 372604 4469 385396
75900 4177 373138 4475 385862
76000 4183 373527 4480 386473
76100 4189 374034 4489 386966
76200 4199 374576 4492 387424
76300 4204 374902 4494 388098
76400 4211 375361 4496 388639
76500 4216 375817 4504 389183
76600 4219 376431 4509 389569
76700 4222 376888 4511 390112
76800 4228 377373 4513 390627
76900 4235 377954 4515 391046
77000 4248 378485 4520 391515
77100 4254 378914 4525 392086
77200 4265 379507 4532 392493
77300 4274 380000 4544 393000
77400 4278 380564 4548 393436
77500 4280 381115 4549 393885
77600 4289 381612 4555 394388
77700 4292 382167 4562 394833
77800 4294 382713 4570 395287
77900 4299 383259 4578 395741
78000 4305 383841 4585 396159
78100 4314 384464 4594 396536
78200 4318 384938 4597 397062
78300 4321 385312 4602 397688
78400 4334 385764 4609 398236
78500 4339 386291 4616 398709
78600 4344 386801 4623 399199
78700 4353 387203 4625 399797
78800 4357 387647 4629 400353
78900 4362 388091 4636 400909
79000 4366 388568 4644 401432
79100 4378 389068 4649 401932
79200 4383 389607 4653 402393
79300 4386 390164 4657 402836
79400 4395 390698 4663 403302
79500 4396 391121 4671 403879
79600 4400 391629 4674 404371
79700 4401 392150 4680 404850
79800 4409 392598 4683 405402
79900 4410 393029 4692 405971
80000 4412 393526 4699 406474
80100 4418 393951 4704 407049
80200 4420 394443 4707 407557
80300 4422 394938 4714 408062
80400 4429 395509 4718 408491
80500 4437 395999 4725 409001
80600 4441 396343 4733 409657
80700 4446 396746 4738 410254
80800 4455 397297 4746 410703
80900 4458 397748 4751 411252
81000 4466 398211 4762 411789
81100 4472 398635 4765 412365
81200 4475 399080 4774 412920
81300 4486 399535 4784 413465
81400 4489 400122 4789 413878
81500 4495 400540 4800 414460
81600 4500 401033 4803 414967
81700 4504 401436 4806 415564
81800 4509 401885 4809 416115
81900 4512 402425 4812 416575
82000 4516 402926 4815 417074
82100 4522 403422 4819 417578
82200 4525 403844 4827 418156
82300 4528 404299 4834 418701
82400 4535 404830 4837 419170
82500 4538 405273 4844 419727
82600 4542 405769 4848 420231
82700 4544 406136 4853 420864
82800 4548 406697 4862 421303
82900 4556 407218 4871 421782
83000 4562 407818 4880 422182
83100 4563 408449 4889 422551
83200 4570 408946 4894 423054
83300 4581 409347 4897 423653
83400 4585 409791 4901 424209
83500 4589 410263 4907 424737
83600 4591 410775 4910 425225
83700 4594 411303 4914 425697
83800 4598 411755 4917 426245
83900 4603 412191 4923 426809
84000 4605 412666 4928 427334
84100 4611 413067 4931 427933
84200 4614 413490 4934 428510
84300 4614 413911 4939 429089
84400 4620 414375 4941 429625
84500 4623 414883 4954 430117
84600 4629 415419 4957 430581
84700 4632 415900 4959 431100
84800 4644 416529 4966 431471
84900 4649 417035 4979 431965
85000 4652 417554 4982 432446
85100 4657 418054 4983 432946
85200 4664 418545 4984 433455
85300 4667 418970 4987 434030
85400 4675 419431 4991 434569
85500 4683 419907 4998 435093
85600 4691 420443 5004 435557
85700 4697 420981 5014 436019
85800 4701 421493 5021 436507
85900 4703 421922 5025 437078
86000 4707 422411 5032 437589
86100 4713 422814 5035 438186
86200 4720 423148 5039 438852
86300 4725 423640 5041 439360
86400 4729 424155 5043 439845
86500 4738 424680 5049 440320
86600 4743 425123 5055 440877
86700 4749 425500 5060 441500
86800 4756 426004 5068 441996
86900 4761 426423 5072 442577
87000 4764 426948 5076 443052
87100 4769 427451 5080 443549
87200 4773 427980 5085 444020
87300 4776 428509 5088 444491
87400 4782 429117 5094 444883
87500 4783 429579 5095 445421
87600 4790 430092 5098 445908
87700 4798 430601 5102 446399
87800 4803 431035 5111 446965
87900 4809 431575 5112 447425
88000 4815 432101 5117 447899
88100 4822 432599 5123 448401
88200 4825 433035 5125 448965
88300 4831 433420 5129 449580
88400 4834 433880 5132 450120
88500 4834 434340 5135 450660
88600 4839 434850 5138 451150
88700 4840 435209 5144 451791
88800 4847 435657 5150 452343
88900 4852 436088 5159 452912
89000 4856 436516 5167 453484
89100 4863 436951 5169 454049
89200 4869 437454 5171 454546
89300 4878 437970 5177 455030
89400 4882 438453 5180 455547
89500 4887 438904 5188 456096
89600 4887 439451 5192 456549
89700 4891 439907 5194 457093
89800 4897 440302 5196 457698
89900 4906 440794 5200 458206
90000 4914 441231 5207 458769
90100 4916 441747 5211 459253
90200 4920 442246 5217 459754
90300 4926 442748 5221 460252
90400 4934 443254 5228 460746
90500 4938 443755 5234 461245
90600 4942 444278 5238 461722
90700 4946 444750 5241 462250
90800 4951 445170 5241 462830
90900 4954 445567 5247 463433
91000 4961 446075 5256 463925
91100 4965 446547 5262 464453
91200 4967 447107 5265 464893
91300 4971 447553 5268 465447
91400 4975 448123 5271 465877
91500 4976 448628 5278 466372
91600 4985 449128 5284 466872
91700 4993 449620 5293 467380
91800 4994 450192 5296 467808
91900 5001 450694 5303 468306
92000 5007 451206 5307 468794
92100 5010 451709 5310 469291
92200 5011 452246 5317 469754
92300 5016 452636 5327 470364
92400 5020 453194 5332 470806
92500 5023 453662 5337 471338
92600 5025 454168 5340 471832
92700 5027 454633 5347 472367
92800 5033 455117 5352 472883
92900 5039 455590 5355 473410
93000 5042 456093 5360 473907
93100 5047 456544 5368 474456
93200 5052 456972 5375 475028
93300 5058 457460 5383 475540
93400 5065 457994 5390 476006
93500 5070 458450 5398 476550
93600 5081 458970 5406 477030
93700 5081 459354 5410 477646
93800 5087 459822 5414 478178
93900 5093 460324 5418 478676
94000 5097 460851 5424 479149
94100 5100 461330 5431 479670
94200 5105 461774 5438 480226
94300 5109 462212 5440 480788
94400 5114 462661 5450 481339
94500 5120 463146 5456 481854
94600 5126 463716 5460 482284
94700 5134 464169 5463 482831
94800 5141 464648 5468 483352
94900 5145 465129 5472 483871
95000 5148 465645 5477 484355
95100 5151 466108 5481 484892
95200 5154 466610 5483 485390
95300 5157 467210 5486 485790
95400 5159 467689 5493 486311
95500 5169 468039 5500 486961
95600 5175 468541 5503 487459
95700 5181 469007 5510 487993
95800 5187 469445 5516 488555
95900 5195 469898 5521 489102
96000 5201 470381 5526 489619
96100 5205 470906 5533 490094
96200 5209 471422 5538 490578
96300 5214 471929 5546 491071
96400 5215 472492 5556 491508
96500 5219 472916 5559 492084
96600 5226 473431 5566 492569
96700 5233 473899 5572 493101
96800 5235 474439 5574 493561
96900 5241 474922 5579 494078
97000 5248 475415 5585 494585
97100 5253 475911 5590 495089
97200 5256 476360 5594 495640
97300 5261 476868 5600 496132
97400 5262 477351 5608 496649
97500 5264 477810 5612 497190
97600 5269 478338 5617 497662
97700 5273 478829 5620 498171
97800 5281 479288 5634 498712
97900 5286 479756 5640 499244
98000 5293 480214 5645 499786
98100 5299 480706 5649 500294
98200 5303 481188 5654 500812
98300 5306 481702 5658 501298
98400 5314 482161 5664 501839
98500 5322 482706 5674 502294
98600 5325 483230 5679 502770
98700 5333 483610 5688 503390
98800 5341 484179 5694 503821
98900 5343 484645 5696 504355
99000 5346 485076 5703 504924
99100 5353 485465 5708 505535
99200 5365 485877 5719 506123
99300 5369 486303 5722 506697
99400 5379 486860 5725 507140
99500 5386 487343 5730 507657
99600 5391 487768 5738 508232
99700 5393 488320 5747 508680
99800 5401 488886 5751 509114
99900 5406 489420 5759 509580
100000 5410 489918 5761 510082
100100 5413 490322 5765 510678
100200 5415 490840 5776 511160
100300 5418 491313 5781 511687
100400 5426 491796 5790 512204
100500 5431 492304 5794 512696
100600 5434 492864 5800 513136
100700 5441 493385 5803 513615
100800 5447 493965 5811 514035
100900 5453 494426 5820 514574
101000 5461 494918 5827 515082
101100 5466 495417 5831 515583
101200 5476 495872 5838 516128
101300 5479 496411 5842 516589
101400 5481 496980 5848 517020
101500 5489 497586 5853 517414
101600 5491 498123 5862 517877
101700 5498 498566 5867 518434
101800 5504 499075 5881 518925
101900 5508 499477 5890 519523
102000 5512 499960 5898 520040
102100 5514 500421 5905 520579
102200 5519 500909 5910 521091
102300 5525 501362 5913 521638
102400 5532 501719 5921 522281
102500 5539 502179 5929 522821
102600 5543 502714 5933 523286
102700 5548 503225 5940 523775
102800 5553 503639 5943 524361
102900 5556 504131 5946 524869
103000 5557 504646 5953 525354
103100 5562 505172 5956 525828
103200 5567 505698 5963 526302
103300 5570 506171 5966 526829
103400 5576 506722 5969 527278
103500 5581 507182 5975 527818
103600 5587 507674 5979 528326
103700 5590 508159 5986 528841
103800 5594 508520 5987 529480
103900 5600 508993 5988 530007
104000 5604 509387 5992 530613
104100 5606 509905 5996 531095
104200 5615 510412 6002 531588
104300 5621 510914 6010 532086
104400 5623 511423 6016 532577
104500 5628 511938 6020 533062
104600 5633 512404 6022 533596
104700 5636 512882 6023 534118
104800 5638 513475 6025 534525
104900 5643 514035 6030 534965
105000 5646 514543 6037 535457
105100 5651 515035 6041 535965
105200 5656 515463 6043 536537
105300 5660 515931 6053 537069
105400 5670 516492 6059 537508
105500 5672 516963 6062 538037
105600 5675 517430 6068 538570
105700 5681 517888 6075 539112
105800 5688 518330 6085 539670
105900 5694 518773 6090 540227
106000 5695 519314 6098 540686
106100 5699 519801 6106 541199
106200 5706 520303 6115 541697
106300 5717 520854 6118 542146
106400 5727 521377 6128 542623
106500 5735 521885 6130 543115
106600 5742 522449 6136 543551
106700 5750 523038 6143 543962
106800 5753 523493 6149 544507
106900 5756 523992 6154 545008
107000 5757 524472 6156 545528
107100 5759 525046 6158 545954
107200 5763 525566 6158 546434
107300 5769 526076 6164 546924
107400 5770 526605 6168 547395
107500 5773 527073 6168 547927
107600 5778 527520 6175 548480
107700 5782 527997 6183 549003
107800 5786 528520 6183 549480
107900 5791 529052 6188 549948
108000 5797 529551 6194 550449
108100 5801 530013 6197 550987
108200 5806 530577 6206 551423
108300 5808 531019 6212 551981
108400 5811 531546 6220 552454
108500 5813 532043 6225 552957
108600 5815 532555 6230 553445
108700 5823 533004 6240 553996
108800 5827 533564 6244 554436
108900 5830 534092 6248 554908
109000 5835 534589 6254 555411
109100 5841 535059 6263 555941
109200 5846 535477 6270 556523
109300 5847 535943 6273 557057
109400 5853 536395 6279 557605
109500 5857 537025 6286 557975
109600 5865 537549 6294 558451
109700 5867 538169 6296 558831
109800 5879 538677 6301 559323
109900 5884 539258 6303 559742
110000 5888 539657 6313 560343
110100 5893 540182 6317 560818
110200 5900 540662 6318 561338
110300 5903 541144 6319 561856
110400 5905 541655 6323 562345
110500 5915 542285 6331 562715
110600 5924 542805 6339 563195
110700 5937 543285 6342 563715
110800 5941 543819 6352 564181
110900 5946 544269 6355 564731
111000 5948 544774 6362 565226
111100 5952 545181 6366 565819
111200 5956 545621 6375 566379
111300 5962 546188 6378 566812
111400 5967 546736 6383 567264
111500 5969 547289 6388 567711
111600 5976 547662 6396 568338
111700 5982 548253 6402 568747
111800 5987 548781 6405 569219
111900 5992 549239 6408 569761
112000 5997 549718 6413 570282
112100 6004 550132 6419 570868
112200 6011 550699 6422 571301
112300 6014 551290 6426 571710
112400 6020 551865 6431 572135
112500 6021 552320 6433 572680
112600 6024 552787 6442 573213
112700 6032 553236 6446 573764
112800 6039 553781 6451 574219
112900 6043 554276 6458 574724
113000 6050 554762 6460 575238
113100 6053 555307 6461 575693
113200 6060 555876 6466 576124
113300 6064 556501 6470 576499
113400 6065 556956 6474 577044
113500 6071 557340 6478 577660
113600 6080 557820 6482 578180
113700 6084 558334 6487 578666
113800 6086 558825 6491 579175
113900 6092 559314 6497 579686
114000 6097 559773 6504 580227
114100 6099 560262 6506 580738
114200 6111 560836 6513 581164
114300 6115 561321 6523 581679
114400 6120 561850 6527 582150
114500 6120 562363 6532 582637
114600 6126 562839 6536 583161
114700 6129 563354 6539 583646
114800 6135 564022 6544 583978
114900 6137 564535 6546 584465
115000 6138 565058 6548 584942
115100 6148 565582 6551 585418
115200 6151 566028 6554 585972
115300 6153 566535 6558 586465
115400 6159 566993 6561 587007
115500 6173 567468 6566 587532
115600 6181 567975 6569 588025
115700 6186 568458 6575 588542
115800 6190 568985 6580 589015
115900 6198 569525 6584 589475
116000 6202 569970 6588 590030
116100 6205 570383 6595 590617
116200 6211 570818 6599 591182
116300 6214 571350 6608 591650
116400 6220 571888 6614 592112
116500 6223 572313 6616 592687
116600 6225 572767 6625 593233
116700 6230 573182 6633 593818
116800 6233 573662 6641 594338
116900 6239 574170 6644 594830
117000 6246 574693 6650 595307
117100 6254 575127 6657 595873
117200 6263 575581 6661 596419
117300 6269 576044 6665 596956
117400 6273 576511 6669 597489
117500 6276 577016 6678 597984
117600 6285 577583 6681 598417
117700 6289 578054 6684 598946
117800 6294 578495 6696 599505
117900 6301 578960 6707 600040
118000 6309 579502 6715 600498
118100 6319 580056 6722 600944
118200 6323 580553 6730 601447
118300 6326 581051 6732 601949
118400 6335 581620 6741 602380
118500 6337 582122 6745 602878
118600 6342 582637 6749 603363
118700 6347 583073 6757 603927
118800 6350 583604 6762 604396
118900 6353 584071 6771 604929
119000 6354 584593 6772 605407
119100 6358 585074 6776 605926
119200 6367 585577 6783 606423
119300 6368 586134 6791 606866
119400 6376 586604 6796 607396
119500 6385 587154 6800 607846
119600 6392 587645 6804 608355
119700 6397 588200 6806 608800
119800 6399 588595 6811 609405
119900 6405 589002 6815 609998
120000 6409 589396 6819 610604
120100 6414 589855 6827 611145
120200 6416 590344 6829 611656
120300 6420 590814 6833 612186
120400 6425 591232 6837 612768
120500 6428 591676 6842 613324
120600 6433 592275 6848 613725
120700 6436 592822 6851 614178
120800 6443 593394 6857 614606
120900 6445 593878 6861 615122
121000 6447 594351 6862 615649
121100 6455 594794 6863 616206
121200 6458 595248 6868 616752
121300 6464 595728 6874 617272
121400 6473 596255 6882 617745
121500 6475 596767 6884 618233
121600 6479 597352 6890 618648
121700 6481 597805 6896 619195
121800 6488 598323 6900 619677
121900 6489 598930 6907 620070
122000 6498 599455 6912 620545
122100 6506 599926 6916 621074
122200 6508 600436 6922 621564
122300 6510 600947 6929 622053
122400 6519 601511 6935 622489
122500 6519 601958 6936 623042
122600 6522 602415 6938 623585
122700 6525 602919 6942 624081
122800 6532 603353 6945 624647
122900 6538 603929 6952 625071
123000 6546 604453 6962 625547
123100 6549 604891 6968 626109
123200 6556 605358 6973 626642
123300 6566 605834 6979 627166
123400 6573 606213 6987 627787
123500 6576 606631 6991 628369
123600 6581 607057 6996 628943
123700 6588 607465 7001 629535
123800 6608 607962 7007 630038
123900 6615 608455 7011 630545
124000 6620 609015 7014 630985
124100 6626 609518 7018 631482
124200 6633 609924 7021 632076
124300 6640 610427 7025 632573
124400 6643 610912 7030 633088
124500 6649 611500 7036 633500
124600 6655 612072 7042 633928
124700 6657 612583 7045 634417
124800 6658 613164 7047 634836
124900 6661 613523 7051 635477
125000 6663 613983 7054 636017
125100 6664 614440 7061 636560
125200 6665 614972 7066 637028
125300 6670 615467 7069 637533
125400 6677 615985 7082 638015
125500 6681 616555 7086 638445
125600 6685 617036 7091 638964
125700 6691 617499 7098 639501
125800 6696 617968 7107 640032
125900 6703 618458 7113 640542
126000 6709 618975 7116 641025
126100 6713 619423 7121 641577
126200 6719 619935 7124 642065
126300 6723 620413 7127 642587
126400 6726 620869 7129 643131
126500 6735 621333 7132 643667
126600 6740 621785 7135 644215
126700 6742 622371 7137 644629
126800 6745 622906 7141 645094
126900 6754 623514 7146 645486
127000 6761 624135 7151 645865
127100 6766 624621 7155 646379
127200 6767 625145 7159 646855
127300 6773 625663 7162 647337
127400 6778 626143 7167 647857
127500 6783 626648 7174 648352
127600 6792 627134 7180 648866
127700 6799 627664 7186 649336
127800 6804 628228 7194 649772
127900 6805 628855 7200 650145
128000 6810 629376 7204 650624
128100 6816 629872 7209 651128
128200 6819 630355 7214 651645
128300 6824 630731 7219 652269
128400 6835 631202 7226 652798
128500 6840 631768 7232 653232
128600 6849 632345 7240 653655
128700 6856 632878 7248 654122
128800 6859 633395 7254 654605
128900 6860 633870 7259 655130
129000 6862 634329 7261 655671
129100 6868 634873 7266 656127
129200 6872 635374 7271 656626
129300 6875 635885 7272 657115
129400 6879 636388 7281 657612
129500 6888 636955 7286 658045
129600 6893 637488 7288 658512
129700 6896 638005 7292 658995
129800 6903 638567 7299 659433
129900 6907 639183 7303 659817
130000 6913 639717 7305 660283
130100 6917 640125 7315 660875
130200 6920 640640 7320 661360
130300 6923 641164 7327 661836
130400 6928 641653 7334 662347
130500 6929 642249 7343 662751
130600 6935 642731 7348 663269
130700 6939 643216 7353 663784
130800 6941 643744 7357 664256
130900 6951 644176 7361 664824
131000 6958 644700 7371 665300
131100 6963 645212 7382 665788
131200 6964 645751 7384 666249
131300 6969 646399 7390 666601
131400 6973 646909 7399 667091
131500 6977 647321 7403 667679
131600 6979 647803 7405 668197
131700 6982 648324 7412 668676
131800 6985 648772 7415 669228
131900 6992 649312 7422 669688
132000 6999 649687 7423 670313
132100 7002 650179 7431 670821
132200 7006 650708 7434 671292
132300 7012 651239 7439 671761
132400 7016 651707 7446 672293
132500 7021 652170 7450 672830
132600 7027 652692 7456 673308
132700 7031 653175 7456 673825
132800 7037 653680 7457 674320
132900 7042 654117 7461 674883
133000 7048 654578 7465 675422
133100 7055 655018 7471 675982
133200 7060 655462 7475 676538
133300 7062 655939 7476 677061
133400 7071 656502 7482 677498
133500 7073 657012 7491 677988
133600 7080 657450 7500 678550
133700 7085 657969 7508 679031
133800 7087 658407 7512 679593
133900 7092 658869 7520 680131
134000 7097 659349 7528 680651
134100 7102 659862 7535 681138
134200 7108 660409 7543 681591
134300 7111 660919 7549 682081
134400 7119 661408 7552 682592
134500 7126 661944 7560 683056
134600 7136 662406 7566 683594
134700 7144 662963 7571 684037
134800 7153 663371 7579 684629
134900 7160 663845 7584 685155
135000 7161 664253 7589 685747
135100 7165 664700 7595 686300
135200 7168 665134 7597 686866
135300 7172 665585 7603 687415
135400 7176 666075 7609 687925
135500 7186 666616 7613 688384
135600 7192 667126 7623 688874
135700 7195 667653 7625 689347
135800 7198 668178 7627 689822
135900 7204 668633 7638 690367
136000 7209 669110 7644 690890
136100 7213 669567 7649 691433
136200 7217 669988 7654 692012
136300 7225 670495 7658 692505
136400 7226 670948 7663 693052
136500 7231 671375 7671 693625
136600 7234 671912 7676 694088
136700 7237 672495 7682 694505
136800 7241 672985 7683 695015
136900 7245 673532 7687 695468
137000 7250 673999 7688 696001
137100 7256 674417 7692 696583
137200 7262 674939 7696 697061
137300 7266 675518 7703 697482
137400 7271 676006 7707 697994
137500 7275 676514 7715 698486
137600 7281 676993 7721 699007
137700 7286 677589 7724 699411
137800 7288 678041 7729 699959
137900 7292 678419 7739 700581
138000 7300 678993 7744 701007
138100 7304 679520 7751 701480
138200 7310 679975 7757 702025
138300 7311 680490 7761 702510
138400 7314 680985 7764 703015
138500 7322 681463 7766 703537
138600 7329 681984 7770 704016
138700 7332 682446 7772 704554
138800 7340 682941 7784 705059
138900 7342 683389 7791 705611
139000 7345 683934 7792 706066
139100 7353 684469 7796 706531
139200 7360 685030 7803 706970
139300 7363 685519 7804 707481
139400 7366 686009 7806 707991
139500 7369 686490 7811 708510
139600 7376 686917 7811 709083
139700 7378 687374 7819 709626
139800 7382 687961 7822 710039
139900 7390 688491 7827 710509
140000 7396 688946 7828 711054
140100 7398 689502 7831 711498
140200 7401 689971 7837 712029
140300 7413 690547 7844 712453
140400 7423 691073 7847 712927
140500 7424 691558 7854 713442
140600 7431 692029 7861 713971
140700 7437 692454 7872 714546
140800 7441 692954 7875 715046
140900 7445 693439 7878 715561
141000 7454 693919 7886 716081
141100 7463 694418 7889 716582
141200 7467 694994 7893 717006
141300 7476 695471 7899 717529
141400 7481 695892 7903 718108
141500 7486 696302 7909 718698
141600 7496 696788 7911 719212
141700 7502 697245 7914 719755
141800 7505 697666 7918 720334
141900 7510 698204 7922 720796
142000 7517 698776 7928 721224
142100 7522 699251 7934 721749
142200 7530 699725 7940 722275
142300 7536 700265 7943 722735
142400 7544 700815 7951 723185
142500 7548 701380 7954 723620
142600 7555 701956 7960 724044
142700 7559 702584 7965 724416
142800 7562 703055 7971 724945
142900 7569 703502 7985 725498
143000 7574 704076 7990 725924
143100 7579 704546 7996 726454
143200 7580 704950 7996 727050
143300 7583 705448 8000 727552
143400 7585 705979 8005 728021
143500 7587 706448 8008 728552
143600 7595 706999 8013 729001
143700 7601 707429 8018 729571
143800 7605 707914 8026 730086
143900 7613 708397 8031 730603
144000 7615 708858 8035 731142
144100 7618 709431 8040 731569
144200 7623 709804 8043 732196
144300 7626 710225 8048 732775
144400 7628 710737 8052 733263
144500 7638 711229 8057 733771
144600 7641 711785 8060 734215
144700 7649 712287 8066 734713
144800 7654 712735 8071 735265
144900 7654 713292 8075 735708
145000 7662 713789 8081 736211
145100 7663 714270 8086 736730
145200 7666 714742 8090 737258
145300 7671 715223 8098 737777
145400 7680 715709 8105 738291
145500 7690 716200 8114 738800
145600 7695 716677 8116 739323
145700 7700 717138 8117 739862
145800 7707 717620 8128 740380
145900 7711 718158 8135 740842
146000 7716 718633 8141 741367
146100 7717 719181 8146 741819
146200 7721 719686 8152 742314
146300 7729 720112 8159 742888
146400 7732 720656 8163 743344
146500 7734 721084 8166 743916
146600 7738 721608 8167 744392
146700 7742 722097 8172 744903
146800 7748 722516 8181 745484
146900 7755 723033 8190 745967
147000 7760 723540 8194 746460
147100 7761 724049 8199 746951
147200 7769 724600 8205 747400
147300 7773 725122 8210 747878
147400 7780 725626 8215 748374
147500 7790 726186 8221 748814
147600 7792 726739 8227 749261
147700 7799 727300 8232 749700
147800 7804 727814 8240 750186
147900 7810 728300 8249 750700
148000 7815 728816 8253 751184
148100 7824 729375 8262 751625
148200 7828 729901 8273 752099
148300 7835 730485 8276 752515
148400 7848 730966 8289 753034
148500 7853 731480 8293 753520
148600 7857 731988 8298 754012
148700 7865 732492 8308 754508
148800 7873 732955 8317 755045
148900 7878 733413 8327 755587
149000 7882 733931 8329 756069
149100 7886 734466 8338 756534
149200 7889 735046 8343 756954
149300 7896 735561 8351 757439
149400 7903 736111 8357 757889
149500 7905 736625 8362 758375
149600 7909 737089 8366 758911
149700 7915 737645 8368 759355
149800 7923 738261 8373 759739
149900 7926 738828 8377 760172
150000 7933 739267 8379 760733
150100 7937 739758 8385 761242
150200 7938 740237 8392 761763
150300 7941 740773 8397 762227
150400 7949 741128 8401 762872
150500 7956 741602 8408 763398
150600 7958 742145 8410 763855
150700 7969 742634 8411 764366
150800 7974 743084 8415 764916
150900 7978 743635 8418 765365
151000 7985 744100 8425 765900
151100 7989 744577 8429 766423
151200 7992 745023 8439 766977
151300 7997 745557 8442 767443
151400 7999 745959 8445 768041
151500 8002 746505 8450 768495
151600 8004 747005 8453 768995
151700 8007 747516 8457 769484
151800 8012 747921 8461 770079
151900 8014 748476 8467 770524
152000 8020 748994 8473 771006
152100 8027 749561 8479 771439
152200 8029 750021 8481 771979
152300 8031 750379 8485 772621
152400 8036 750798 8492 773202
152500 8039 751246 8499 773754
152600 8043 751664 8507 774336
152700 8046 752187 8510 774813
152800 8049 752647 8513 775353
152900 8050 753151 8516 775849
153000 8056 753654 8520 776346
153100 8059 754112 8530 776888
153200 8067 754565 8537 777435
153300 8069 755099 8540 777901
153400 8070 755679 8548 778321
153500 8074 756333 8553 778667
153600 8083 756910 8559 779090
153700 8089 757385 8566 779615
153800 8092 757843 8568 780157
153900 8094 758465 8571 780535
154000 8098 758924 8573 781076
154100 8102 759442 8577 781558
154200 8107 759863 8582 782137
154300 8113 760438 8585 782562
154400 8122 760932 8589 783068
154500 8123 761464 8594 783536
154600 8125 761955 8598 784045
154700 8132 762446 8601 784554
154800 8134 762921 8608 785079
154900 8135 763464 8610 785536
155000 8138 763891 8616 786109
155100 8144 764326 8622 786674
155200 8151 764921 8625 787079
155300 8156 765259 8631 787741
155400 8160 765746 8632 788254
155500 8163 766163 8640 788837
155600 8169 766610 8644 789390
155700 8173 767024 8647 789976
155800 8176 767460 8656 790540
155900 8181 767959 8657 791041
156000 8194 768507 8664 791493
156100 8196 769056 8665 791944
156200 8200 769671 8672 792329
156300 8208 770274 8681 792726
156400 8216 770737 8687 793263
156500 8219 771344 8692 793656
156600 8223 771841 8699 794159
156700 8229 772317 8702 794683
156800 8233 772859 8706 795141
156900 8239 773473 8712 795527
157000 8245 773936 8719 796064
157100 8247 774444 8724 796556
157200 8250 774970 8729 797030
157300 8256 775526 8732 797474
157400 8265 775985 8733 798015
157500 8270 776598 8740 798402
157600 8278 777053 8746 798947
157700 8284 777583 8749 799417
157800 8287 778014 8751 799986
157900 8290 778525 8757 800475
158000 8294 778975 8765 801025
158100 8299 779429 8771 801571
158200 8304 779953 8772 802047
158300 8307 780385 8775 802615
158400 8313 780855 8782 803145
158500 8318 781338 8786 803662
158600 8321 781968 8790 804032
158700 8327 782491 8794 804509
158800 8332 782970 8797 805030
158900 8334 783495 8800 805505
159000 8344 784064 8805 805936
159100 8345 784511 8805 806489
159200 8349 784953 8811 807047
159300 8356 785372 8814 807628
159400 8361 785908 8824 808092
159500 8364 786318 8829 808682
159600 8369 786685 8830 809315
159700 8375 787122 8833 809878
159800 8379 787550 8839 810450
159900 8385 788014 8845 810986
160000 8387 788543 8849 811457
160100 8392 789025 8854 811975
160200 8394 789516 8862 812484
160300 8401 789981 8864 813019
160400 8402 790500 8868 813500
160500 8405 791032 8873 813968
160600 8412 791542 8877 814458
160700 8418 792066 8878 814934
160800 8422 792505 8882 815495
160900 8435 792973 8888 816027
161000 8438 793466 8894 816534
161100 8443 793881 8903 817119
161200 8448 794287 8911 817713
161300 8454 794852 8916 818148
161400 8456 795385 8918 818615
161500 8458 795861 8924 819139
161600 8464 796363 8928 819637
161700 8468 796873 8932 820127
161800 8470 797310 8939 820690
161900 8471 797780 8943 821220
162000 8474 798282 8945 821718
162100 8482 798643 8950 822357
162200 8488 799111 8957 822889
162300 8494 799620 8967 823380
162400 8498 800027 8976 823973
162500 8502 800636 8976 824364
162600 8508 801094 8978 824906
162700 8512 801606 8985 825394
162800 8514 802033 8992 825967
162900 8518 802525 8998 826475
163000 8520 803041 9003 826959
163100 8525 803528 9008 827472
163200 8530 804100 9010 827900
163300 8532 804594 9015 828406
163400 8537 805017 9018 828983
163500 8542 805533 9021 829467
163600 8546 806064 9029 829936
163700 8551 806544 9034 830456
163800 8557 807040 9038 830960
163900 8558 807520 9039 831480
164000 8558 808008 9044 831992
164100 8561 808520 9051 832480
164200 8563 808897 9053 833103
164300 8566 809389 9054 833611
164400 8567 809852 9055 834148
164500 8574 810367 9059 834633
164600 8578 810995 9062 835005
164700 8584 811522 9070 835478
164800 8586 812000 9076 836000
164900 8593 812473 9080 836527
165000 8605 813032 9083 836968
165100 8611 813563 9091 837437
165200 8614 814104 9093 837896
165300 8622 814579 9096 838421
165400 8627 815205 9100 838795
165500 8628 815609 9111 839391
165600 8632 816032 9113 839968
165700 8640 816456 9122 840544
165800 8645 816963 9129 841037
165900 8648 817443 9131 841557
166000 8656 817880 9136 842120
166100 8659 818392 9139 842608
166200 8666 818814 9150 843186
166300 8670 819258 9152 843742
166400 8674 819745 9156 844255
166500 8678 820242 9167 844758
166600 8685 820761 9171 845239
166700 8691 821235 9180 845765
166800 8695 821755 9182 846245
166900 8698 822240 9186 846760
167000 8700 822699 9191 847301
167100 8704 823286 9196 847714
167200 8712 823804 9206 848196
167300 8717 824372 9212 848628
167400 8722 824812 9219 849188
167500 8723 825389 9226 849611
167600 8725 825830 9230 850170
167700 8731 826329 9233 850671
167800 8736 826882 9238 851118
167900 8739 827331 9240 851669
168000 8741 827739 9243 852261
168100 8743 828239 9247 852761
168200 8756 828720 9252 853280
168300 8761 829322 9254 853678
168400 8770 829730 9259 854270
168500 8771 830203 9263 854797
168600 8773 830703 9270 855297
168700 8776 831198 9275 855802
168800 8784 831632 9280 856368
168900 8793 832120 9281 856880
169000 8799 832581 9285 857419
169100 8808 833166 9290 857834
169200 8811 833650 9293 858350
169300 8816 834151 9297 858849
169400 8821 834704 9304 859296
169500 8829 835202 9308 859798
169600 8834 835707 9311 860293
169700 8841 836197 9319 860803
169800 8847 836627 9325 861373
169900 8851 837069 9332 861931
170000 8855 837663 9340 862337
170100 8862 838212 9347 862788
170200 8869 838580 9349 863420
170300 8876 839076 9357 863924
170400 8881 839464 9358 864536
170500 8888 840006 9364 864994
170600 8889 840586 9371 865414
170700 8892 841062 9375 865938
170800 8893 841548 9378 866452
170900 8901 841981 9380 867019
171000 8912 842385 9389 867615
171100 8915 842799 9397 868201
171200 8918 843239 9401 868761
171300 8925 843750 9406 869250
171400 8936 844260 9412 869740
171500 8937 844877 9420 870123
171600 8941 845344 9425 870656
171700 8946 845767 9430 871233
171800 8950 846251 9433 871749
171900 8953 846810 9435 872190
172000 8961 847414 9443 872586
172100 8965 847947 9451 873053
172200 8971 848458 9458 873542
172300 8977 848983 9466 874017
172400 8978 849494 9473 874506
172500 8983 850051 9478 874949
172600 8993 850566 9484 875434
172700 8998 851006 9486 875994
172800 9005 851433 9493 876567
172900 9016 851947 9498 877053
173000 9019 852454 9503 877546
173100 9024 852897 9509 878103
173200 9027 853381 9510 878619
173300 9035 853906 9513 879094
173400 9041 854484 9517 879516
173500 9047 854891 9521 880109
173600 9052 855383 9529 880617
173700 9056 855796 9537 881204
173800 9063 856272 9541 881728
173900 9067 856771 9541 882229
174000 9073 857294 9543 882706
174100 9078 857793 9547 883207
174200 9087 858249 9549 883751
174300 9094 858669 9551 884331
174400 9104 859181 9552 884819
174500 9112 859645 9554 885355
174600 9118 860086 9558 885914
174700 9122 860592 9562 886408
174800 9126 861145 9569 886855
174900 9137 861544 9577 887456
175000 9143 862096 9588 887904
175100 9151 862676 9596 888324
175200 9155 863268 9601 888732
175300 9161 863722 9606 889278
175400 9165 864349 9608 889651
175500 9167 864821 9613 890179
175600 9172 865385 9616 890615
175700 9175 865908 9623 891092
175800 9177 866419 9626 891581
175900 9183 866921 9630 892079
176000 9189 867403 9633 892597
176100 9197 867987 9636 893013
176200 9200 868501 9643 893499
176300 9203 868997 9647 894003
176400 9208 869514 9651 894486
176500 9216 870007 9657 894993
176600 9219 870485 9661 895515
176700 9229 870881 9669 896119
176800 9232 871377 9683 896623
176900 9233 871912 9687 897088
177000 9239 872412 9692 897588
177100 9242 872948 9696 898052
177200 9244 873466 9699 898534
177300 9248 873897 9704 899103
177400 9250 874337 9707 899663
177500 9253 874740 9710 900260
177600 9260 875193 9717 900807
177700 9267 875655 9726 901345
177800 9276 876103 9735 901897
177900 9279 876562 9739 902438
178000 9287 877063 9744 902937
178100 9292 877526 9748 903474
178200 9304 877982 9757 904018
178300 9306 878426 9768 904574
178400 9309 878965 9777 905035
178500 9318 879431 9781 905569
178600 9326 879976 9787 906024
178700 9330 880477 9795 906523
178800 9333 880961 9801 907039
178900 9337 881455 9804 907545
179000 9343 881913 9814 908087
179100 9350 882356 9820 908644
179200 9352 882827 9822 909173
179300 9357 883415 9828 909585
179400 9362 884022 9833 909978
179500 9363 884489 9838 910511
179600 9372 884988 9840 911012
179700 9383 885480 9848 911520
179800 9388 885951 9851 912049
179900 9391 886493 9854 912507
180000 9397 887103 9860 912897
180100 9398 887561 9865 913439
180200 9403 888047 9872 913953
180300 9412 888539 9879 914461
180400 9418 889078 9885 914922
180500 9426 889665 9890 915335
180600 9426 890286 9893 915714
180700 9432 890713 9894 916287
180800 9433 891246 9896 916754
180900 9442 891664 9903 917336
181000 9449 892044 9910 917956
181100 9459 892469 9914 918531
181200 9465 892963 9918 919037
181300 9467 893383 9927 919617
181400 9475 893907 9934 920093
181500 9479 894412 9941 920588
181600 9485 894957 9949 921043
181700 9489 895342 9954 921658
181800 9493 895862 9961 922138
181900 9498 896308 9967 922692
182000 9506 896776 9968 923224
182100 9509 897294 9977 923706
182200 9513 897806 9983 924194
182300 9521 898261 9984 924739
182400 9529 898683 9993 925317
182500 9532 899192 10000 925808
182600 9537 899728 10003 926272
182700 9544 900227 10007 926773
182800 9551 900781 10015 927219
182900 9555 901254 10016 927746
183000 9563 901640 10019 928360
183100 9565 902114 10021 928886
183200 9570 902619 10022 929381
183300 9572 903136 10023 929864
183400 9582 903684 10029 930316
183500 9586 904210 10031 930790
183600 9590 904668 10038 931332
183700 9599 905272 10045 931728
183800 9603 905740 10052 932260
183900 9607 906214 10053 932786
184000 9610 906663 10061 933337
184100 9616 907069 10067 933931
184200 9618 907652 10070 934348
184300 9626 908169 10073 934831
184400 9630 908711 10077 935289
184500 9637 909138 10086 935862
184600 9639 909568 10091 936432
184700 9645 910044 10098 936956
184800 9650 910596 10102 937404
184900 9656 911117 10108 937883
185000 9660 911694 10118 938306
185100 9669 912197 10119 938803
185200 9677 912570 10122 939430
185300 9681 913124 10126 939876
185400 9687 913626 10127 940374
185500 9691 914078 10131 940922
185600 9695 914615 10137 941385
185700 9698 915046 10143 941954
185800 9699 915484 10148 942516
185900 9703 915987 10151 943013
186000 9705 916454 10156 943546
186100 9712 916892 10161 944108
186200 9717 917293 10174 944707
186300 9719 917832 10178 945168
186400 9725 918273 10185 945727
186500 9728 918771 10188 946229
186600 9737 919312 10193 946688
186700 9745 919808 10200 947192
186800 9751 920332 10206 947668
186900 9756 920833 10209 948167
187000 9759 921261 10211 948739
187100 9766 921758 10218 949242
187200 9771 922242 10219 949758
187300 9777 922751 10223 950249
187400 9784 923253 10228 950747
187500 9786 923805 10232 951195
187600 9793 924368 10235 951632
187700 9799 924839 10248 952161
187800 9807 925302 10252 952698
187900 9811 925823 10257 953177
188000 9811 926353 10259 953647
188100 9815 926880 10262 954120
188200 9819 927295 10273 954705
188300 9822 927803 10279 955197
188400 9827 928221 10285 955779
188500 9836 928735 10291 956265
188600 9841 929300 10295 956700
188700 9852 929954 10296 957046
188800 9856 930556 10297 957444
188900 9858 931062 10300 957938
189000 9865 931567 10305 958433
189100 9877 932012 10313 958988
189200 9878 932527 10315 959473
189300 9882 933003 10319 959997
189400 9886 933502 10321 960498
189500 9891 934010 10325 960990
189600 9895 934540 10329 961460
189700 9903 935025 10334 961975
189800 9906 935413 10338 962587
189900 9911 935948 10347 963052
190000 9915 936381 10349 963619
190100 9917 936885 10350 964115
190200 9925 937374 10356 964626
190300 9930 937931 10359 965069
190400 9932 938464 10362 965536
190500 9937 938916 10362 966084
190600 9941 939366 10366 966634
190700 9950 939766 10370 967234
190800 9953 940187 10375 967813
190900 9954 940662 10381 968338
191000 9958 941206 10385 968794
191100 9965 941731 10389 969269
191200 9969 942196 10396 969804
191300 9970 942700 10399 970300
191400 9971 943205 10402 970795
191500 9976 943685 10414 971315
191600 9981 944154 10415 971846
191700 9985 944562 10417 972438
191800 9989 945063 10420 972937
191900 9992 945581 10422 973419
192000 9996 946075 10425 973925
192100 9998 946588 10431 974412
192200 10003 947054 10435 974946
192300 10009 947585 10441 975415
192400 10017 948080 10450 975920
192500 10024 948461 10457 976539
192600 10029 948898 10461 977102
192700 10033 949365 10463 977635
192800 10034 949811 10465 978189
192900 10035 950376 10466 978624
193000 10039 950863 10474 979137
193100 10046 951319 10477 979681
193200 10051 951787 10480 980213
193300 10052 952342 10485 980658
193400 10056 952839 10492 981161
193500 10058 953386 10495 981614
193600 10067 953932 10506 982068
193700 10070 954382 10508 982618
193800 10074 954932 10511 983068
193900 10076 955448 10514 983552
194000 10082 956015 10520 983985
194100 10086 956477 10523 984523
194200 10092 957024 10530 984976
194300 10095 957445 10535 985555
194400 10099 957915 10537 986085
194500 10103 958376 10543 986624
194600 10109 958874 10546 987126
194700 10118 959343 10551 987657
194800 10125 959888 10555 988112
194900 10133 960374 10560 988626
195000 10136 960917 10562 989083
195100 10141 961411 10564 989589
195200 10147 961924 10569 990076
195300 10152 962369 10571 990631
195400 10157 962892 10578 991108
195500 10161 963460 10586 991540
195600 10165 963959 10593 992041
195700 10170 964494 10601 992506
195800 10172 964984 10606 993016
195900 10177 965471 10608 993529
196000 10179 965941 10611 994059
196100 10187 966412 10615 994588
196200 10190 966850 10619 995150
196300 10193 967359 10621 995641
196400 10195 967925 10624 996075
196500 10200 968487 10628 996513
196600 10210 968967 10634 997033
196700 10211 969499 10635 997501
196800 10214 969882 10639 998118
196900 10222 970403 10641 998597
197000 10227 970934 10647 999066
197100 10233 971434 10656 999566
197200 10238 972092 10660 999908
197300 10244 972620 10665 1000380
197400 10250 973100 10667 1000900
197500 10253 973571 10669 1001429
197600 10257 974120 10673 1001880
197700 10263 974652 10675 1002348
197800 10270 975152 10678 1002848
197900 10275 975724 10686 1003276
198000 10278 976207 10698 1003793
198100 10280 976722 10703 1004278
198200 10283 977243 10709 1004757
198300 10290 977733 10719 1005267
198400 10296 978224 10721 1005776
198500 10301 978660 10727 1006340
198600 10304 979108 10730 1006892
198700 10309 979646 10738 1007354
198800 10316 980137 10742 1007863
198900 10322 980611 10747 1008389
199000 10324 981145 10750 1008855
199100 10329 981668 10757 1009332
199200 10338 982171 10761 1009829
199300 10344 982769 10768 1010231
199400 10351 983180 10774 1010820
199500 10354 983715 10779 1011285
199600 10360 984291 10784 1011709
199700 10369 984835 10787 1012165
199800 10380 985356 10791 1012644
199900 10385 985762 10798 1013238
200000 10395 986373 10809 1013627
