#! FIELDS timestep dup_succ dup_attempts kill_succ kill_attempts
#! SET timestep 0.5
#! SET kernel_bandwidth [0.9 0.9]
#! SET kt 1.0
100 70 113 75 887
200 155 290 164 1710
300 228 541 258 2459
400 307 871 324 3129
500 349 1282 367 3718
600 385 1755 385 4245
700 409 2134 408 4866
800 437 2315 434 5685
900 465 2446 471 6554
1000 507 2562 512 7438
1100 546 2718 557 8282
1200 590 2909 620 9091
1300 633 3139 671 9861
1400 681 3405 716 10595
1500 726 3713 771 11287
1600 773 4064 808 11936
1700 795 4458 834 12542
1800 814 4877 863 13123
1900 837 5309 875 13691
2000 847 5774 886 14226
2100 857 6246 896 14754
2200 861 6717 900 15283
2300 865 7055 903 15945
2400 865 7794 907 16206
2500 866 8369 907 16631
2600 866 9089 910 16911
2700 868 9760 915 17240
2800 872 10257 920 17743
2900 873 10754 924 18246
3000 875 11268 926 18732
3100 878 11831 929 19169
3200 879 12319 930 19681
3300 880 12823 930 20177
3400 885 13415 931 20585
3500 885 13926 931 21074
3600 886 14382 932 21618
3700 886 14947 933 22053
3800 886 15549 933 22451
3900 887 16106 933 22894
4000 888 16397 935 23603
4100 889 16650 936 24350
4200 889 17199 936 24801
4300 889 17732 938 25268
4400 891 18042 939 25958
4500 891 18594 940 26406
4600 893 19084 940 26916
4700 893 19689 940 27311
4800 893 20211 943 27789
4900 893 20631 943 28369
5000 893 21106 943 28894
5100 893 21686 944 29314
5200 895 22240 945 29760
5300 898 22748 948 30252
5400 898 23267 948 30733
5500 902 23756 951 31244
5600 903 24129 952 31871
5700 906 24618 954 32382
5800 907 24989 956 33011
5900 910 25488 957 33512
6000 911 26099 958 33901
6100 912 26581 959 34419
6200 913 27067 959 34933
6300 914 27360 961 35640
6400 914 28070 961 35930
6500 914 28514 961 36486
6600 918 28967 962 37033
6700 918 29465 963 37535
6800 919 30001 963 37999
6900 920 30489 963 38511
7000 920 31091 963 38909
7100 920 31707 963 39293
7200 920 32202 963 39798
7300 922 32707 965 40293
7400 922 33107 967 40893
7500 924 33578 968 41422
7600 925 33833 969 42167
7700 925 34346 970 42654
7800 927 34835 971 43165
7900 927 35537 971 43463
8000 929 36094 972 43906
8100 930 36674 972 44326
8200 930 37148 972 44852
8300 932 37615 973 45385
8400 932 38115 974 45885
8500 933 38641 975 46359
8600 934 39120 975 46880
8700 935 39616 976 47384
8800 936 40112 978 47888
8900 937 40616 979 48384
9000 937 41113 979 48887
9100 937 41490 980 49510
9200 938 41838 981 50162
9300 940 42348 982 50652
9400 941 42937 983 51063
9500 943 43387 984 51613
9600 945 43855 984 52145
9700 947 44324 985 52676
9800 947 44787 985 53213
9900 947 45323 985 53677
10000 947 45942 985 54058
10100 949 46484 986 54516
10200 952 47228 986 54772
10300 955 47722 987 55278
10400 955 48210 991 55790
10500 956 48565 991 56435
10600 957 49092 992 56908
10700 957 49560 994 57440
10800 958 49991 994 58009
10900 960 50387 995 58613
11000 960 50957 995 59043
11100 961 51447 997 59553
11200 961 52009 998 59991
11300 962 52352 998 60648
11400 962 52849 998 61151
11500 963 53382 1000 61618
11600 964 53770 1000 62230
11700 967 54435 1000 62565
11800 967 54891 1000 63109
11900 967 55287 1002 63713
12000 968 55966 1003 64034
12100 969 56506 1004 64494
12200 970 57160 1004 64840
12300 970 57718 1006 65282
12400 973 58201 1007 65799
12500 973 58695 1007 66305
12600 974 59249 1007 66751
12700 974 59749 1007 67251
12800 974 60477 1008 67523
12900 974 60999 1008 68001
13000 976 61415 1011 68585
13100 976 61886 1013 69114
13200 976 62368 1014 69632
13300 978 62899 1015 70101
13400 981 63454 1017 70546
13500 982 63964 1018 71036
13600 982 64372 1018 71628
13700 985 64942 1018 72058
13800 985 65281 1019 72719
13900 985 65887 1020 73113
14000 985 66297 1021 73703
14100 988 66669 1021 74331
14200 988 66931 1021 75069
14300 988 67543 1021 75457
14400 989 68065 1022 75935
14500 989 68398 1022 76602
14600 989 68875 1023 77125
14700 990 69398 1023 77602
14800 990 69842 1023 78158
14900 991 70264 1025 78736
15000 993 70562 1026 79438
15100 993 70896 1026 80104
15200 993 71538 1026 80462
15300 993 72097 1026 80903
15400 994 72675 1026 81325
15500 995 73262 1026 81738
15600 995 73698 1026 82302
15700 995 74307 1028 82693
15800 997 74729 1029 83271
15900 998 75217 1031 83783
16000 999 75926 1032 84074
16100 1000 76425 1033 84575
16200 1001 76750 1035 85250
16300 1001 77415 1036 85585
16400 1003 77992 1036 86008
16500 1003 78596 1038 86404
16600 1005 79173 1038 86827
16700 1005 79761 1039 87239
16800 1006 80233 1039 87767
16900 1007 80811 1039 88189
17000 1010 81197 1045 88803
17100 1014 81701 1048 89299
17200 1015 82272 1049 89728
17300 1015 82721 1050 90279
17400 1015 83124 1051 90876
17500 1017 83395 1053 91605
17600 1018 84108 1056 91892
17700 1018 84579 1059 92421
17800 1021 85142 1061 92858
17900 1021 85767 1062 93233
18000 1023 86246 1064 93754
18100 1023 86840 1064 94160
18200 1027 87337 1066 94663
18300 1029 87813 1066 95187
18400 1030 88283 1068 95717
18500 1031 88597 1069 96403
18600 1031 89115 1069 96885
18700 1033 89595 1069 97405
18800 1037 90285 1070 97715
18900 1038 90707 1070 98293
19000 1042 91198 1070 98802
19100 1044 91516 1070 99484
19200 1047 92176 1070 99824
19300 1049 92617 1071 100383
19400 1049 93335 1071 100665
19500 1050 93847 1075 101153
19600 1050 94341 1079 101659
19700 1052 94987 1079 102013
19800 1054 95419 1080 102581
19900 1055 95841 1080 103159
20000 1057 96403 1080 103597
20100 1057 97027 1080 103973
20200 1058 97551 1080 104449
20300 1058 98234 1080 104766
20400 1060 98720 1081 105280
20500 1061 99133 1083 105867
20600 1064 99597 1085 106403
20700 1066 100086 1087 106914
20800 1067 100626 1090 107374
20900 1070 101278 1093 107722
21000 1070 101918 1094 108082
21100 1071 102390 1095 108610
21200 1076 102945 1096 109055
21300 1077 103395 1096 109605
21400 1078 104017 1096 109983
21500 1079 104486 1096 110514
21600 1081 104990 1097 111010
21700 1081 105602 1098 111398
21800 1083 106123 1099 111877
21900 1086 106632 1100 112368
22000 1087 107208 1102 112792
22100 1087 107764 1102 113236
22200 1087 108371 1102 113629
22300 1088 108862 1102 114138
22400 1089 109512 1107 114488
22500 1090 109946 1108 115054
22600 1092 110377 1110 115623
22700 1094 110730 1110 116270
22800 1095 111230 1111 116770
22900 1095 111623 1112 117377
23000 1096 112116 1112 117884
23100 1097 112598 1112 118402
23200 1099 112949 1113 119051
23300 1100 113458 1114 119542
23400 1100 113923 1115 120077
23500 1100 114529 1115 120471
23600 1100 114973 1115 121027
23700 1100 115533 1117 121467
23800 1102 115885 1119 122115
23900 1103 116386 1119 122614
24000 1103 116943 1119 123057
24100 1104 117511 1121 123489
24200 1104 117993 1121 124007
24300 1104 118536 1124 124464
24400 1104 119013 1124 124987
24500 1107 119628 1125 125372
24600 1111 120121 1126 125879
24700 1111 120600 1128 126400
24800 1115 121274 1132 126726
24900 1115 121836 1132 127164
25000 1115 122353 1132 127647
25100 1115 122847 1133 128153
25200 1117 123194 1134 128806
25300 1120 123646 1136 129354
25400 1121 124144 1139 129856
25500 1122 124733 1140 130267
25600 1123 125021 1141 130979
25700 1123 125677 1142 131323
25800 1123 126192 1142 131808
25900 1124 126781 1143 132219
26000 1127 127072 1143 132928
26100 1127 127573 1144 133427
26200 1127 128006 1144 133994
26300 1129 128747 1146 134253
26400 1130 129288 1146 134712
26500 1130 129960 1148 135040
26600 1130 130421 1149 135579
26700 1130 130862 1149 136138
26800 1130 131419 1150 136581
26900 1131 131990 1153 137010
27000 1131 132487 1155 137513
27100 1132 132949 1156 138051
27200 1132 133332 1156 138668
27300 1132 133868 1156 139132
27400 1133 134414 1156 139586
27500 1134 134987 1156 140013
27600 1136 135461 1156 140539
27700 1136 136146 1157 140854
27800 1136 136630 1157 141370
27900 1137 137175 1157 141825
28000 1139 137627 1157 142373
28100 1141 138172 1159 142828
28200 1142 138661 1159 143339
28300 1146 139125 1161 143875
28400 1147 139560 1161 144440
28500 1147 140062 1163 144938
28600 1148 140619 1163 145381
28700 1149 140930 1163 146070
28800 1150 141427 1165 146573
28900 1153 141942 1169 147058
29000 1153 142499 1170 147501
29100 1153 143003 1172 147997
29200 1153 143594 1174 148406
29300 1155 144089 1175 148911
29400 1155 144544 1177 149456
29500 1156 145052 1177 149948
29600 1158 145564 1177 150436
29700 1161 146153 1180 150847
29800 1161 146664 1181 151336
29900 1165 147081 1181 151919
30000 1165 147464 1182 152536
30100 1166 147994 1184 153006
30200 1166 148636 1184 153364
30300 1168 149021 1185 153979
30400 1170 149557 1186 154443
30500 1171 150039 1187 154961
30600 1173 150617 1189 155383
30700 1174 151330 1190 155670
30800 1175 151680 1190 156320
30900 1176 152160 1193 156840
31000 1179 152727 1193 157273
31100 1179 153082 1194 157918
31200 1180 153586 1195 158414
31300 1180 154093 1196 158907
31400 1182 154582 1196 159418
31500 1183 154944 1196 160056
31600 1184 155428 1198 160572
31700 1186 155900 1199 161100
31800 1188 156440 1201 161560
31900 1189 156836 1201 162164
32000 1190 157312 1203 162688
32100 1191 158001 1204 162999
32200 1191 158624 1204 163376
32300 1193 159082 1207 163918
32400 1194 159472 1207 164528
32500 1195 159991 1209 165009
32600 1195 160520 1209 165480
32700 1197 160965 1211 166035
32800 1199 161467 1212 166533
32900 1201 161719 1213 167281
33000 1202 162136 1214 167864
33100 1203 162505 1216 168495
33200 1203 163067 1217 168933
33300 1203 163526 1219 169474
33400 1204 163937 1220 170063
33500 1204 164398 1221 170602
33600 1204 164784 1222 171216
33700 1206 165251 1222 171749
33800 1206 165793 1222 172207
33900 1206 166403 1222 172597
34000 1208 166832 1222 173168
34100 1209 167432 1223 173568
34200 1209 168069 1224 173931
34300 1209 168690 1224 174310
34400 1209 169310 1224 174690
34500 1210 169891 1226 175109
34600 1212 170253 1229 175747
34700 1212 170758 1230 176242
34800 1212 171094 1231 176906
34900 1214 171490 1232 177510
35000 1215 171989 1233 178011
35100 1215 172540 1234 178460
35200 1215 173100 1235 178900
35300 1215 173478 1235 179522
35400 1215 173970 1236 180030
35500 1215 174559 1236 180441
35600 1215 175110 1236 180890
35700 1216 175451 1237 181549
35800 1218 175946 1239 182054
35900 1218 176444 1240 182556
36000 1218 176940 1245 183060
36100 1219 177214 1248 183786
36200 1219 177735 1249 184265
36300 1219 178196 1249 184804
36400 1222 178691 1252 185309
36500 1223 179179 1252 185821
36600 1224 179713 1253 186287
36700 1224 180151 1253 186849
36800 1224 180851 1253 187149
36900 1225 181305 1254 187695
37000 1225 181823 1254 188177
37100 1226 182317 1256 188683
37200 1226 182745 1256 189255
37300 1227 183194 1257 189806
37400 1227 183624 1258 190376
37500 1228 184127 1261 190873
37600 1229 184589 1262 191411
37700 1231 184984 1263 192016
37800 1232 185481 1263 192519
37900 1232 185927 1263 193073
38000 1235 186280 1264 193720
38100 1236 186868 1264 194132
38200 1237 187367 1264 194633
38300 1238 187868 1266 195132
38400 1239 188466 1267 195534
38500 1240 188959 1270 196041
38600 1240 189466 1273 196534
38700 1243 190099 1273 196901
38800 1243 190525 1273 197475
38900 1246 191015 1275 197985
39000 1249 191533 1275 198467
39100 1251 192108 1277 198892
39200 1252 192536 1277 199464
39300 1253 193114 1277 199886
39400 1253 193562 1278 200438
39500 1254 194272 1279 200728
39600 1254 194832 1279 201168
39700 1256 195425 1279 201575
39800 1256 195913 1283 202087
39900 1257 196417 1285 202583
40000 1259 196787 1286 203213
40100 1259 197236 1286 203764
40200 1260 197775 1288 204225
40300 1260 198254 1288 204746
40400 1261 198699 1289 205301
40500 1263 199148 1290 205852
40600 1264 199711 1293 206289
40700 1267 200176 1294 206824
40800 1268 200844 1294 207156
40900 1268 201330 1294 207670
41000 1271 201676 1296 208324
41100 1272 202194 1296 208806
41200 1273 202604 1296 209396
41300 1273 203107 1296 209893
41400 1276 203571 1296 210429
41500 1276 203996 1297 211004
41600 1277 204430 1299 211570
41700 1278 204991 1299 212009
41800 1280 205408 1300 212592
41900 1280 205887 1300 213113
42000 1280 206244 1300 213756
42100 1280 206785 1300 214215
42200 1280 207184 1300 214816
42300 1280 207797 1301 215203
42400 1280 208213 1303 215787
42500 1280 208618 1303 216382
42600 1280 209148 1303 216852
42700 1280 209560 1305 217440
42800 1280 210143 1306 217857
42900 1283 210826 1307 218174
43000 1284 211455 1308 218545
43100 1285 211932 1308 219068
43200 1285 212219 1308 219781
43300 1286 212487 1309 220513
43400 1288 212945 1310 221055
43500 1288 213590 1310 221410
43600 1289 214081 1310 221919
43700 1290 214377 1312 222623
43800 1294 214851 1315 223149
43900 1296 215269 1317 223731
44000 1299 215813 1317 224187
44100 1300 216289 1317 224711
44200 1300 216774 1317 225226
44300 1301 217253 1318 225747
44400 1303 217770 1322 226230
44500 1304 218401 1323 226599
44600 1304 218851 1324 227149
44700 1304 219422 1324 227578
44800 1304 219961 1325 228039
44900 1305 220386 1325 228614
45000 1306 220813 1325 229187
45100 1306 221344 1325 229656
45200 1307 221857 1326 230143
45300 1308 222401 1330 230599
45400 1308 222991 1331 231009
45500 1311 223499 1332 231501
45600 1312 223966 1333 232034
45700 1313 224393 1335 232607
45800 1315 224900 1336 233100
45900 1316 225365 1336 233635
46000 1316 225805 1337 234195
46100 1321 226254 1340 234746
46200 1323 226778 1341 235222
46300 1323 227258 1342 235742
46400 1323 227637 1343 236363
46500 1323 228186 1343 236814
46600 1326 228594 1343 237406
46700 1327 229096 1344 237904
46800 1328 229661 1344 238339
46900 1329 229983 1346 239017
47000 1329 230523 1346 239477
47100 1332 231060 1346 239940
47200 1332 231577 1346 240423
47300 1333 232073 1346 240927
47400 1333 232536 1347 241464
47500 1336 233201 1349 241799
47600 1337 233833 1350 242167
47700 1338 234332 1352 242668
47800 1340 235006 1353 242994
47900 1340 235520 1353 243480
48000 1341 235991 1359 244009
48100 1342 236614 1360 244386
48200 1346 237123 1361 244877
48300 1349 237637 1363 245363
48400 1352 237991 1364 246009
48500 1353 238484 1364 246516
48600 1354 238746 1365 247254
48700 1355 239248 1366 247752
48800 1355 239609 1368 248391
48900 1356 240092 1368 248908
49000 1357 240765 1370 249235
49100 1358 241273 1370 249727
49200 1358 241871 1370 250129
49300 1360 242385 1370 250615
49400 1362 242873 1372 251127
49500 1363 243341 1374 251659
49600 1364 244002 1376 251998
49700 1367 244638 1378 252362
49800 1367 245093 1378 252907
49900 1368 245587 1381 253413
50000 1369 246088 1381 253912
50100 1369 246544 1381 254456
50200 1371 247055 1383 254945
50300 1371 247472 1384 255528
50400 1373 247916 1384 256084
50500 1373 248398 1385 256602
50600 1375 249083 1386 256917
50700 1375 249749 1389 257251
50800 1375 250238 1389 257762
50900 1375 250739 1389 258261
51000 1377 251156 1390 258844
51100 1377 251524 1390 259476
51200 1378 252099 1391 259901
51300 1380 252837 1394 260163
51400 1383 253318 1396 260682
51500 1384 253810 1396 261190
51600 1386 254313 1397 261687
51700 1387 254809 1399 262191
51800 1388 255388 1399 262612
51900 1388 255746 1401 263254
52000 1390 255998 1402 264002
52100 1390 256514 1402 264486
52200 1392 256826 1403 265174
52300 1394 257108 1405 265892
52400 1394 257773 1405 266227
52500 1394 258305 1407 266695
52600 1394 258872 1407 267128
52700 1394 259468 1407 267532
52800 1395 259790 1407 268210
52900 1396 260092 1408 268908
53000 1399 260559 1409 269441
53100 1399 261061 1410 269939
53200 1399 261598 1410 270402
53300 1399 262175 1411 270825
53400 1399 262853 1412 271147
53500 1399 263247 1413 271753
53600 1401 263615 1413 272385
53700 1401 264193 1413 272807
53800 1402 264710 1414 273290
53900 1405 265087 1415 273913
54000 1406 265454 1415 274546
54100 1407 265886 1418 275114
54200 1408 266365 1418 275635
54300 1408 266661 1420 276339
54400 1410 267046 1422 276954
54500 1412 267541 1422 277459
54600 1413 268001 1424 277999
54700 1413 268497 1426 278503
54800 1414 269165 1428 278835
54900 1415 269567 1429 279433
55000 1416 270067 1430 279933
55100 1416 270634 1430 280366
55200 1417 271296 1431 280704
55300 1417 271803 1432 281197
55400 1418 272245 1432 281755
55500 1420 272535 1434 282465
55600 1421 272979 1435 283021
55700 1422 273455 1438 283545
55800 1424 273947 1438 284053
55900 1425 274516 1441 284484
56000 1427 275020 1441 284980
56100 1428 275447 1441 285553
56200 1428 276025 1441 285975
56300 1430 276507 1442 286493
56400 1430 277050 1442 286950
56500 1431 277548 1443 287452
56600 1433 278042 1445 287958
56700 1434 278664 1446 288336
56800 1436 279129 1447 288871
56900 1437 279706 1448 289294
57000 1437 280146 1449 289854
57100 1437 280554 1450 290446
57200 1438 281052 1450 290948
57300 1440 281552 1451 291448
57400 1440 282142 1453 291858
57500 1440 282633 1454 292367
57600 1443 283257 1456 292743
57700 1443 283674 1456 293326
57800 1444 284208 1457 293792
57900 1446 284745 1457 294255
58000 1448 285264 1458 294736
58100 1449 285911 1459 295089
58200 1450 286335 1459 295665
58300 1451 286921 1459 296079
58400 1451 287544 1460 296456
58500 1452 288013 1463 296987
58600 1453 288618 1464 297382
58700 1453 289277 1465 297723
58800 1454 289776 1468 298224
58900 1455 290278 1469 298722
59000 1456 290791 1472 299209
59100 1456 291266 1472 299734
59200 1456 291901 1473 300099
59300 1456 292416 1474 300584
59400 1458 292924 1477 301076
59500 1458 293543 1479 301457
59600 1458 294116 1479 301884
59700 1458 294571 1479 302429
59800 1458 295021 1479 302979
59900 1459 295522 1479 303478
60000 1459 295994 1482 304006
60100 1459 296631 1484 304369
60200 1461 297170 1486 304830
60300 1462 297654 1490 305346
60400 1463 298128 1494 305872
60500 1464 298608 1495 306392
60600 1464 299152 1497 306848
60700 1465 299670 1497 307330
60800 1466 300151 1497 307849
60900 1466 300647 1498 308353
61000 1466 300986 1500 309014
61100 1466 301372 1503 309628
61200 1469 301846 1503 310154
61300 1470 302372 1503 310628
61400 1471 302834 1505 311166
61500 1471 303403 1506 311597
61600 1471 303873 1507 312127
61700 1472 304484 1508 312516
61800 1472 304978 1510 313022
61900 1473 305405 1511 313595
62000 1473 305884 1514 314116
62100 1473 306321 1518 314679
62200 1473 306755 1519 315245
62300 1474 307164 1521 315836
62400 1479 307663 1525 316337
62500 1479 308149 1526 316851
62600 1481 308869 1527 317131
62700 1482 309403 1527 317597
62800 1483 309906 1528 318094
62900 1483 310350 1528 318650
63000 1486 310783 1528 319217
63100 1487 311217 1528 319783
63200 1489 311514 1530 320486
63300 1492 312006 1532 320994
63400 1492 312443 1532 321557
63500 1495 312952 1534 322048
63600 1497 313441 1534 322559
63700 1498 313885 1534 323115
63800 1500 314296 1534 323704
63900 1500 314934 1534 324066
64000 1500 315465 1534 324535
64100 1502 315953 1537 325047
64200 1504 316425 1539 325575
64300 1504 316925 1539 326075
64400 1505 317275 1539 326725
64500 1511 317827 1539 327173
64600 1514 318452 1539 327548
64700 1516 318978 1541 328022
64800 1517 319492 1546 328508
64900 1517 320057 1549 328943
65000 1520 320338 1551 329662
65100 1522 320872 1551 330128
65200 1527 321314 1552 330686
65300 1528 321867 1552 331133
65400 1529 322406 1552 331594
65500 1530 322901 1554 332099
65600 1532 323488 1554 332512
65700 1533 323959 1557 333041
65800 1534 324542 1558 333458
65900 1535 324964 1558 334036
66000 1535 325428 1561 334572
66100 1536 325925 1561 335075
66200 1539 326423 1563 335577
66300 1539 326950 1563 336050
66400 1539 327364 1563 336636
66500 1539 327880 1566 337120
66600 1539 328391 1566 337609
66700 1540 328844 1566 338156
66800 1541 329343 1567 338657
66900 1541 329847 1567 339153
67000 1543 330340 1567 339660
67100 1543 330911 1568 340089
67200 1544 331392 1568 340608
67300 1544 331757 1568 341243
67400 1545 332271 1568 341729
67500 1546 332925 1569 342075
67600 1547 333428 1569 342572
67700 1548 333940 1569 343060
67800 1549 334399 1570 343601
67900 1549 334834 1570 344166
68000 1549 335187 1571 344813
68100 1549 335683 1571 345317
68200 1550 336220 1572 345780
68300 1551 336684 1572 346316
68400 1552 337018 1573 346982
68500 1555 337508 1575 347492
68600 1556 337976 1577 348024
68700 1556 338468 1577 348532
68800 1560 338749 1579 349251
68900 1561 339247 1582 349753
69000 1561 339739 1583 350261
69100 1565 340326 1583 350674
69200 1566 340822 1583 351178
69300 1567 341330 1585 351670
69400 1567 341804 1586 352196
69500 1568 342194 1587 352806
69600 1570 342813 1589 353187
69700 1572 343281 1590 353719
69800 1574 343779 1592 354221
69900 1575 344276 1594 354724
70000 1576 344651 1595 355349
70100 1577 345109 1595 355891
70200 1577 345396 1596 356604
70300 1577 345844 1597 357156
70400 1578 346220 1597 357780
70500 1578 346563 1597 358437
70600 1579 347022 1597 358978
70700 1581 347409 1598 359591
70800 1585 347846 1599 360154
70900 1589 348351 1603 360649
71000 1590 348720 1605 361280
71100 1590 349354 1606 361646
71200 1590 349848 1610 362152
71300 1596 350334 1611 362666
71400 1598 350806 1611 363194
71500 1599 351300 1611 363700
71600 1600 351801 1613 364199
71700 1600 352231 1616 364769
71800 1601 352797 1616 365203
71900 1601 353175 1616 365825
72000 1602 353757 1616 366243
72100 1603 354163 1616 366837
72200 1604 354780 1617 367220
72300 1606 355227 1617 367773
72400 1607 355651 1618 368349
72500 1607 356164 1619 368836
72600 1607 356664 1621 369336
72700 1608 357136 1623 369864
72800 1610 357651 1625 370349
72900 1611 358371 1627 370629
73000 1614 358897 1628 371103
73100 1616 359400 1629 371600
73200 1616 359678 1629 372322
73300 1617 360229 1630 372771
73400 1617 360745 1630 373255
73500 1617 361176 1633 373824
73600 1622 361523 1633 374477
73700 1622 361974 1635 375026
73800 1622 362473 1637 375527
73900 1622 362964 1637 376036
74000 1624 363464 1637 376536
74100 1625 363912 1638 377088
74200 1626 364628 1639 377372
74300 1628 365024 1639 377976
74400 1632 365521 1643 378479
74500 1634 365940 1645 379060
74600 1636 366487 1646 379513
74700 1637 366812 1647 380188
74800 1638 367244 1649 380756
74900 1640 367716 1650 381284
75000 1642 368166 1651 381834
75100 1642 368635 1651 382365
75200 1644 368898 1655 383102
75300 1645 369375 1655 383625
75400 1645 369866 1655 384134
75500 1645 370365 1657 384635
75600 1646 370853 1661 385147
75700 1649 371384 1663 385616
75800 1651 372105 1664 385895
75900 1652 372502 1665 386498
76000 1652 373052 1668 386948
76100 1654 373453 1669 387547
76200 1655 374034 1670 387966
76300 1655 374358 1671 388642
76400 1655 374824 1672 389176
76500 1655 375329 1673 389671
76600 1659 375992 1674 390008
76700 1662 376714 1675 390286
76800 1663 377210 1678 390790
76900 1663 377723 1680 391277
77000 1664 378219 1680 391781
77100 1666 378727 1683 392273
77200 1666 379191 1684 392809
77300 1668 379710 1687 393290
77400 1670 380326 1690 393674
77500 1672 380830 1693 394170
77600 1674 381366 1693 394634
77700 1676 381904 1693 395096
77800 1678 382377 1694 395623
77900 1683 383039 1697 395961
78000 1683 383592 1697 396408
78100 1683 383959 1697 397041
78200 1686 384487 1698 397513
78300 1688 384970 1701 398030
78400 1688 385238 1701 398762
78500 1689 385586 1703 399414
78600 1689 386111 1705 399889
78700 1690 386723 1706 400277
78800 1692 387191 1706 400809
78900 1695 387690 1707 401310
79000 1698 388379 1708 401621
79100 1700 388688 1710 402312
79200 1700 389285 1711 402715
79300 1700 389736 1712 403264
79400 1700 390118 1712 403882
79500 1702 390805 1716 404195
79600 1702 391304 1716 404696
79700 1707 391798 1717 405202
79800 1707 392298 1720 405702
79900 1707 392770 1721 406230
80000 1709 393375 1722 406625
80100 1710 393933 1722 407067
80200 1712 394406 1724 407594
80300 1715 394902 1724 408098
80400 1715 395377 1725 408623
80500 1716 395877 1728 409123
80600 1717 396331 1733 409669
80700 1717 396793 1734 410207
80800 1719 397178 1734 410822
80900 1719 397712 1734 411288
81000 1724 398200 1736 411800
81100 1725 398721 1739 412279
81200 1730 398989 1742 413011
81300 1730 399426 1743 413574
81400 1731 399972 1745 414028
81500 1732 400439 1745 414561
81600 1732 400916 1747 415084
81700 1733 401477 1747 415523
81800 1735 401956 1747 416044
81900 1736 402241 1748 416759
82000 1736 402668 1749 417332
82100 1737 403202 1749 417798
82200 1738 403686 1750 418314
82300 1740 404232 1750 418768
82400 1741 404692 1754 419308
82500 1744 405245 1756 419755
82600 1744 405775 1756 420225
82700 1747 406261 1759 420739
82800 1750 406876 1759 421124
82900 1751 407338 1761 421662
83000 1751 407829 1763 422171
83100 1753 408155 1766 422845
83200 1755 408624 1768 423376
83300 1756 409113 1770 423887
83400 1756 409493 1771 424507
83500 1760 410041 1773 424959
83600 1762 410502 1773 425498
83700 1764 410798 1774 426202
83800 1764 411289 1775 426711
83900 1766 411823 1775 427177
84000 1767 412288 1777 427712
84100 1768 412763 1778 428237
84200 1769 413471 1781 428529
84300 1769 413943 1782 429057
84400 1770 414289 1782 429711
84500 1772 414786 1784 430214
84600 1774 415359 1785 430641
84700 1777 416059 1786 430941
84800 1780 416610 1786 431390
84900 1781 416905 1787 432095
85000 1782 417382 1787 432618
85100 1783 417871 1787 433129
85200 1783 418320 1788 433680
85300 1783 418765 1789 434235
85400 1783 419143 1789 434857
85500 1783 419724 1791 435276
85600 1783 420219 1791 435781
85700 1784 420711 1793 436289
85800 1786 421203 1793 436797
85900 1787 421775 1793 437225
86000 1787 422245 1793 437755
86100 1788 422696 1793 438304
86200 1792 423193 1799 438807
86300 1794 423658 1801 439342
86400 1794 424059 1801 439941
86500 1796 424515 1802 440485
86600 1796 424957 1802 441043
86700 1800 425482 1803 441518
86800 1801 426044 1803 441956
86900 1801 426650 1804 442350
87000 1804 427133 1804 442867
87100 1805 427612 1805 443388
87200 1807 428067 1806 443933
87300 1807 428620 1806 444380
87400 1808 429357 1807 444643
87500 1808 429806 1810 445194
87600 1809 430263 1811 445737
87700 1809 430630 1811 446370
87800 1811 431128 1812 446872
87900 1812 431672 1812 447328
88000 1812 432120 1812 447880
88100 1812 432574 1815 448426
88200 1812 433152 1817 448848
88300 1813 433754 1817 449246
88400 1813 434319 1818 449681
88500 1813 434844 1820 450156
88600 1815 435505 1820 450495
88700 1815 435973 1823 451027
88800 1816 436263 1826 451737
88900 1819 436617 1827 452383
89000 1819 437129 1827 452871
89100 1820 437616 1828 453384
89200 1820 438205 1830 453795
89300 1824 438714 1830 454286
89400 1826 438962 1833 455038
89500 1826 439481 1834 455519
89600 1827 440001 1836 455999
89700 1830 440598 1839 456402
89800 1831 441002 1840 456998
89900 1832 441539 1840 457461
90000 1834 442206 1842 457794
90100 1837 442582 1843 458418
90200 1837 443145 1847 458855
90300 1841 443471 1848 459529
90400 1841 443918 1849 460082
90500 1841 444414 1850 460586
90600 1841 444896 1851 461104
90700 1842 445387 1853 461613
90800 1843 445958 1854 462042
90900 1844 446428 1856 462572
91000 1846 446912 1858 463088
91100 1848 447660 1860 463340
91200 1849 448175 1862 463825
91300 1853 448566 1865 464434
91400 1855 449053 1865 464947
91500 1857 449445 1865 465555
91600 1857 449942 1867 466058
91700 1858 450430 1868 466570
91800 1858 450861 1868 467139
91900 1858 451350 1868 467650
92000 1859 451899 1869 468101
92100 1859 452523 1872 468477
92200 1861 453018 1874 468982
92300 1861 453517 1874 469483
92400 1864 454010 1875 469990
92500 1866 454473 1876 470527
92600 1866 454925 1876 471075
92700 1866 455409 1878 471591
92800 1866 455754 1880 472246
92900 1866 456292 1881 472708
93000 1867 456846 1881 473154
93100 1868 457446 1883 473554
93200 1869 457919 1884 474081
93300 1869 458416 1884 474584
93400 1869 458935 1884 475065
93500 1869 459331 1884 475669
93600 1870 459808 1884 476192
93700 1870 460307 1884 476693
93800 1870 460872 1886 477128
93900 1870 461482 1886 477518
94000 1874 461986 1888 478014
94100 1878 462497 1890 478503
94200 1879 462945 1890 479055
94300 1880 463540 1890 479460
94400 1881 464172 1890 479828
94500 1881 464482 1893 480518
94600 1883 464799 1893 481201
94700 1884 465166 1897 481834
94800 1886 465539 1898 482461
94900 1886 466034 1902 482966
95000 1887 466321 1903 483679
95100 1888 466818 1904 484182
95200 1889 467474 1907 484526
95300 1890 468049 1907 484951
95400 1891 468694 1907 485306
95500 1891 469305 1908 485695
95600 1892 469775 1910 486225
95700 1892 470276 1913 486724
95800 1894 470551 1913 487449
95900 1894 471030 1914 487970
96000 1895 471442 1915 488558
96100 1895 471943 1915 489057
96200 1896 472373 1916 489627
96300 1898 472909 1919 490091
96400 1901 473405 1919 490595
96500 1901 473898 1919 491102
96600 1903 474498 1920 491502
96700 1903 474979 1922 492021
96800 1907 475372 1922 492628
96900 1909 475863 1922 493137
97000 1910 476273 1922 493727
97100 1910 476672 1922 494328
97200 1911 477405 1924 494595
97300 1911 478002 1925 494998
97400 1912 478491 1926 495509
97500 1914 478935 1927 496065
97600 1914 479316 1927 496684
97700 1914 479864 1928 497136
97800 1915 480321 1930 497679
97900 1915 480879 1930 498121
98000 1916 481394 1931 498606
98100 1916 481853 1931 499147
98200 1916 482264 1931 499736
98300 1916 482554 1933 500446
98400 1917 483051 1934 500949
98500 1917 483548 1935 501452
98600 1919 484108 1937 501892
98700 1919 484676 1937 502324
98800 1922 485202 1939 502798
98900 1924 485770 1939 503230
99000 1925 486389 1939 503611
99100 1925 486796 1940 504204
99200 1926 487214 1942 504786
99300 1927 487673 1944 505327
99400 1927 488247 1944 505753
99500 1931 488641 1947 506359
99600 1933 489174 1947 506826
99700 1934 489771 1947 507229
99800 1936 490515 1950 507485
99900 1937 491007 1952 507993
100000 1939 491612 1954 508388
100100 1939 492107 1954 508893
100200 1941 492602 1956 509398
100300 1943 493100 1957 509900
100400 1943 493364 1960 510636
100500 1945 493632 1961 511368
100600 1945 494335 1964 511665
100700 1945 494947 1967 512053
100800 1946 495503 1969 512497
100900 1947 495905 1969 513095
101000 1949 496577 1971 513423
101100 1951 497154 1973 513846
101200 1953 497523 1975 514477
101300 1955 498038 1976 514962
101400 1956 498559 1976 515441
101500 1957 499080 1977 515920
101600 1960 499497 1978 516503
101700 1961 500025 1979 516975
101800 1963 500438 1980 517562
101900 1964 500933 1980 518067
102000 1965 501484 1981 518516
102100 1966 501917 1981 519083
102200 1966 502594 1982 519406
102300 1968 502971 1983 520029
102400 1972 503433 1983 520567
102500 1972 504096 1984 520904
102600 1974 504652 1984 521348
102700 1976 505145 1989 521855
102800 1977 505552 1990 522448
102900 1977 506074 1990 522926
103000 1978 506595 1990 523405
103100 1980 507087 1992 523913
103200 1980 507610 1994 524390
103300 1980 508028 1994 524972
103400 1981 508455 1995 525545
103500 1982 508987 1996 526013
103600 1982 509637 1997 526363
103700 1982 510138 1997 526862
103800 1982 510499 1997 527501
103900 1982 510985 1999 528015
104000 1985 511599 2001 528401
104100 1987 512096 2002 528904
104200 1987 512567 2004 529433
104300 1988 513046 2006 529954
104400 1988 513549 2006 530451
104500 1989 514055 2007 530945
104600 1989 514442 2009 531558
104700 1991 514957 2011 532043
104800 1991 515433 2012 532567
104900 1992 515931 2015 533069
105000 1994 516225 2015 533775
105100 1994 516740 2015 534260
105200 1994 517309 2016 534691
105300 1996 517942 2016 535058
105400 1998 518411 2017 535589
105500 1998 519002 2017 535998
105600 1998 519539 2019 536461
105700 1999 520026 2021 536974
105800 1999 520591 2021 537409
105900 1999 521084 2022 537916
106000 2000 521641 2022 538359
106100 2000 522138 2023 538862
106200 2000 522752 2025 539248
106300 2001 523138 2026 539862
106400 2003 523474 2026 540526
106500 2003 523952 2027 541048
106600 2005 524453 2027 541547
106700 2009 524874 2030 542126
106800 2010 525327 2033 542673
106900 2010 525825 2033 543175
107000 2011 526324 2034 543676
107100 2012 526818 2035 544182
107200 2013 527196 2035 544804
107300 2015 527583 2041 545417
107400 2015 528053 2042 545947
107500 2017 528522 2044 546478
107600 2018 529038 2044 546962
107700 2018 529336 2045 547664
107800 2021 529850 2047 548150
107900 2021 530233 2048 548767
108000 2022 530739 2050 549261
108100 2023 531074 2051 549926
108200 2023 531611 2051 550389
108300 2024 532143 2052 550857
108400 2024 532741 2053 551259
108500 2027 533234 2054 551766
108600 2028 533682 2056 552318
108700 2029 534172 2056 552828
108800 2029 534719 2056 553281
108900 2029 535198 2057 553802
109000 2031 535656 2059 554344
109100 2033 536135 2061 554865
109200 2033 536663 2062 555337
109300 2036 537108 2065 555892
109400 2039 537398 2065 556602
109500 2039 537836 2065 557164
109600 2041 538441 2067 557559
109700 2041 538800 2069 558200
109800 2042 539488 2071 558512
109900 2043 539973 2071 559027
110000 2044 540487 2072 559513
110100 2044 541028 2073 559972
110200 2045 541556 2073 560444
110300 2045 542002 2074 560998
110400 2046 542517 2075 561483
110500 2048 543144 2076 561856
110600 2048 543553 2076 562447
110700 2049 544020 2077 562980
110800 2051 544630 2077 563370
110900 2052 545160 2077 563840
111000 2052 545667 2078 564333
111100 2052 546150 2078 564850
111200 2053 546525 2079 565475
111300 2053 546882 2079 566118
111400 2054 547138 2079 566862
111500 2054 547659 2080 567341
111600 2055 548201 2083 567799
111700 2057 548574 2085 568426
111800 2059 549097 2085 568903
111900 2060 549666 2085 569334
112000 2062 549998 2087 570002
112100 2064 550497 2087 570503
112200 2064 551079 2087 570921
112300 2064 551632 2087 571368
112400 2064 552311 2089 571689
112500 2066 552793 2089 572207
112600 2067 553394 2090 572606
112700 2069 553754 2090 573246
112800 2070 554280 2091 573720
112900 2070 554901 2092 574099
113000 2070 555614 2093 574386
113100 2073 556109 2095 574891
113200 2073 556657 2095 575343
113300 2074 557205 2097 575795
113400 2074 557756 2102 576244
113500 2076 558285 2103 576715
113600 2077 558985 2106 577015
113700 2077 559480 2107 577520
113800 2077 559858 2108 578142
113900 2078 560256 2110 578744
114000 2078 560653 2111 579347
114100 2078 561197 2112 579803
114200 2081 561793 2114 580207
114300 2083 562315 2114 580685
114400 2084 562891 2115 581109
114500 2085 563447 2115 581553
114600 2085 563797 2116 582203
114700 2085 564350 2116 582650
114800 2086 564986 2117 583014
114900 2087 565484 2117 583516
115000 2087 565931 2117 584069
115100 2088 566424 2118 584576
115200 2088 566795 2119 585205
115300 2088 567274 2120 585726
115400 2088 567810 2120 586190
115500 2089 568298 2121 586702
115600 2091 568742 2124 587258
115700 2092 569234 2124 587766
115800 2096 569715 2124 588285
115900 2096 570213 2124 588787
116000 2099 570877 2125 589123
116100 2101 571477 2126 589523
116200 2102 572093 2127 589907
116300 2106 572661 2127 590339
116400 2106 573071 2128 590929
116500 2109 573572 2129 591428
116600 2110 574120 2130 591880
116700 2112 574723 2130 592277
116800 2113 575177 2131 592823
116900 2114 575585 2134 593415
117000 2116 576317 2135 593683
117100 2117 576850 2136 594150
117200 2118 577251 2137 594749
117300 2118 577763 2139 595237
117400 2118 578296 2139 595704
117500 2118 578748 2139 596252
117600 2120 579374 2140 596626
117700 2122 580046 2142 596954
117800 2123 580543 2142 597457
117900 2125 580861 2144 598139
118000 2127 581302 2145 598698
118100 2129 581826 2148 599174
118200 2131 582573 2150 599427
118300 2132 583018 2152 599982
118400 2132 583573 2152 600427
118500 2133 584083 2154 600917
118600 2134 584556 2155 601444
118700 2136 585105 2155 601895
118800 2139 585608 2159 602392
118900 2141 586096 2160 602904
119000 2141 586577 2161 603423
119100 2144 587259 2161 603741
119200 2147 587746 2162 604254
119300 2147 588254 2162 604746
119400 2147 588527 2163 605473
119500 2148 589105 2163 605895
119600 2149 589545 2165 606455
119700 2151 590051 2166 606949
119800 2151 590330 2166 607670
119900 2152 590873 2166 608127
120000 2152 591336 2166 608664
120100 2152 591676 2168 609324
120200 2153 592130 2169 609870
120300 2153 592640 2169 610360
120400 2155 593189 2169 610811
120500 2156 593444 2171 611556
120600 2156 593992 2172 612008
120700 2156 594450 2172 612550
120800 2158 594977 2173 613023
120900 2158 595420 2174 613580
121000 2161 595943 2176 614057
121100 2163 596467 2178 614533
121200 2164 597034 2181 614966
121300 2164 597457 2181 615543
121400 2165 597970 2182 616030
121500 2167 598441 2184 616559
121600 2167 598800 2184 617200
121700 2167 599223 2185 617777
121800 2168 599743 2186 618257
121900 2170 600266 2187 618734
122000 2170 600770 2187 619230
122100 2171 601388 2187 619612
122200 2173 601805 2189 620195
122300 2174 602540 2192 620460
122400 2174 603062 2194 620938
122500 2177 603586 2195 621414
122600 2178 603912 2195 622088
122700 2179 604366 2195 622634
122800 2179 604878 2195 623122
122900 2181 605371 2197 623629
123000 2183 605871 2197 624129
123100 2186 606504 2199 624496
123200 2190 606935 2203 625065
123300 2191 607364 2203 625636
123400 2195 607886 2207 626114
123500 2198 608417 2207 626583
123600 2200 608820 2207 627180
123700 2201 609419 2208 627581
123800 2206 609881 2209 628119
123900 2210 610343 2213 628657
124000 2211 610938 2214 629062
124100 2211 611398 2215 629602
124200 2212 611944 2215 630056
124300 2213 612542 2216 630458
124400 2214 613070 2217 630930
124500 2215 613674 2218 631326
124600 2217 614182 2222 631818
124700 2218 614720 2222 632280
124800 2218 615241 2222 632759
124900 2218 615733 2223 633267
125000 2219 616187 2224 633813
125100 2220 616766 2226 634234
125200 2223 617257 2228 634743
125300 2223 617717 2228 635283
125400 2226 618116 2232 635884
125500 2226 618807 2233 636193
125600 2231 619299 2235 636701
125700 2233 619762 2237 637238
125800 2233 620263 2239 637737
125900 2234 620638 2240 638362
126000 2234 621117 2240 638883
126100 2236 621589 2241 639411
126200 2237 621963 2241 640037
126300 2238 622484 2243 640516
126400 2239 623020 2244 640980
126500 2241 623491 2244 641509
126600 2241 624023 2245 641977
126700 2243 624707 2245 642293
126800 2245 625175 2249 642825
126900 2247 625672 2249 643328
127000 2248 626214 2249 643786
127100 2249 626640 2249 644360
127200 2250 627184 2252 644816
127300 2250 627648 2256 645352
127400 2251 628141 2258 645859
127500 2253 628429 2259 646571
127600 2254 628944 2259 647056
127700 2255 629247 2259 647753
127800 2256 629746 2259 648254
127900 2259 630314 2261 648686
128000 2259 630774 2262 649226
128100 2261 631275 2265 649725
128200 2262 631771 2267 650229
128300 2262 632434 2269 650566
128400 2265 633013 2269 650987
128500 2265 633570 2269 651430
128600 2267 634104 2272 651896
128700 2267 634720 2275 652280
128800 2268 635025 2275 652975
128900 2269 635587 2275 653413
129000 2269 635957 2275 654043
129100 2270 636616 2279 654384
129200 2270 637178 2279 654822
129300 2271 637873 2280 655127
129400 2271 638272 2283 655728
129500 2272 638755 2283 656245
129600 2272 639328 2283 656672
129700 2272 639848 2283 657152
129800 2273 640279 2283 657721
129900 2276 640818 2283 658182
130000 2276 641234 2284 658766
130100 2276 641692 2285 659308
130200 2280 642175 2285 659825
130300 2283 642737 2286 660263
130400 2284 643294 2286 660706
130500 2289 643897 2292 661103
130600 2289 644466 2294 661534
130700 2291 644941 2296 662059
130800 2291 645470 2297 662530
130900 2291 646030 2297 662970
131000 2291 646591 2299 663409
131100 2291 647109 2302 663891
131200 2293 647675 2302 664325
131300 2294 648152 2304 664848
131400 2294 648744 2306 665256
131500 2294 649281 2309 665719
131600 2294 649701 2309 666299
131700 2295 650098 2309 666902
131800 2295 650547 2310 667453
131900 2295 651094 2311 667906
132000 2295 651658 2311 668342
132100 2296 652189 2311 668811
132200 2299 652723 2312 669277
132300 2299 653230 2313 669770
132400 2301 653691 2313 670309
132500 2301 654257 2316 670743
132600 2301 654606 2316 671394
132700 2301 655215 2316 671785
132800 2301 655680 2316 672320
132900 2301 656149 2317 672851
133000 2302 656637 2317 673363
133100 2302 657031 2319 673969
133200 2303 657329 2319 674671
133300 2303 657804 2319 675196
133400 2303 658295 2319 675705
133500 2305 658908 2321 676092
133600 2306 659439 2322 676561
133700 2308 659913 2324 677087
133800 2310 660409 2324 677591
133900 2310 660715 2324 678285
134000 2310 661251 2324 678749
134100 2311 661796 2324 679204
134200 2315 662356 2326 679644
134300 2318 662801 2328 680199
134400 2319 663302 2328 680698
134500 2320 663805 2328 681195
134600 2321 664319 2329 681681
134700 2325 664913 2331 682087
134800 2327 665543 2331 682457
134900 2329 666142 2332 682858
135000 2330 666608 2333 683392
135100 2332 666884 2336 684116
135200 2333 667364 2338 684636
135300 2337 667900 2340 685100
135400 2337 668377 2343 685623
135500 2338 668634 2343 686366
135600 2339 669068 2345 686932
135700 2339 669379 2345 687621
135800 2340 669873 2349 688127
135900 2341 670550 2350 688450
136000 2343 671119 2350 688881
136100 2343 671745 2352 689255
136200 2343 672230 2352 689770
136300 2344 672956 2354 690044
136400 2345 673435 2357 690565
136500 2346 674136 2358 690864
136600 2347 674692 2360 691308
136700 2348 675325 2361 691675
136800 2348 675671 2362 692329
136900 2348 676195 2362 692805
137000 2348 676674 2362 693326
137100 2349 677201 2364 693799
137200 2349 677742 2365 694258
137300 2350 678357 2365 694643
137400 2353 678886 2365 695114
137500 2355 679295 2367 695705
137600 2356 679830 2367 696170
137700 2357 680285 2367 696715
137800 2360 680810 2367 697190
137900 2362 681484 2370 697516
138000 2363 682008 2370 697992
138100 2366 682523 2370 698477
138200 2367 683051 2370 698949
138300 2367 683416 2370 699584
138400 2369 683893 2370 700107
138500 2370 684585 2373 700415
138600 2371 685129 2373 700871
138700 2371 685509 2374 701491
138800 2374 685761 2376 702239
138900 2374 686392 2380 702608
139000 2376 686883 2380 703117
139100 2378 687420 2381 703580
139200 2379 687918 2384 704082
139300 2380 688440 2385 704560
139400 2380 688819 2385 705181
139500 2382 689251 2389 705749
139600 2382 689778 2389 706222
139700 2386 690268 2389 706732
139800 2388 690772 2390 707228
139900 2388 691351 2392 707649
140000 2388 691847 2393 708153
140100 2389 692407 2394 708593
140200 2389 692910 2394 709090
140300 2392 693472 2394 709528
140400 2393 693790 2396 710210
140500 2394 694201 2397 710799
140600 2394 694618 2398 711382
140700 2395 695097 2398 711903
140800 2396 695692 2399 712308
140900 2396 695985 2400 713015
141000 2397 696593 2401 713407
141100 2398 697123 2401 713877
141200 2400 697786 2401 714214
141300 2401 698508 2402 714492
141400 2403 698983 2402 715017
141500 2406 699415 2404 715585
141600 2409 699937 2405 716063
141700 2410 700428 2405 716572
141800 2412 700925 2406 717075
141900 2412 701663 2407 717337
142000 2415 702150 2409 717850
142100 2416 702666 2413 718334
142200 2418 703125 2413 718875
142300 2418 703553 2414 719447
142400 2419 704052 2414 719948
142500 2422 704543 2415 720457
142600 2424 705053 2416 720947
142700 2424 705548 2416 721452
142800 2427 706044 2418 721956
142900 2429 706571 2418 722429
143000 2429 707049 2419 722951
143100 2432 707527 2421 723473
143200 2435 708023 2424 723977
143300 2435 708661 2426 724339
143400 2435 709098 2427 724902
143500 2436 709574 2429 725426
143600 2437 710239 2430 725761
143700 2438 710734 2430 726266
143800 2440 711226 2432 726774
143900 2442 711687 2432 727313
144000 2442 712252 2433 727748
144100 2443 712788 2437 728212
144200 2445 713177 2437 728823
144300 2446 713544 2437 729456
144400 2446 713993 2437 730007
144500 2447 714484 2437 730516
144600 2448 715022 2437 730978
144700 2449 715519 2439 731481
144800 2449 716007 2440 731993
144900 2450 716567 2440 732433
145000 2451 717037 2441 732963
145100 2451 717468 2441 733532
145200 2451 717924 2441 734076
145300 2453 718397 2442 734603
145400 2453 718685 2445 735315
145500 2454 719148 2451 735852
145600 2455 719655 2452 736345
145700 2456 720235 2453 736765
145800 2457 720802 2453 737198
145900 2461 721416 2454 737584
146000 2464 722145 2456 737855
146100 2466 722655 2457 738345
146200 2466 723119 2459 738881
146300 2467 723592 2460 739408
146400 2467 724137 2460 739863
146500 2468 724738 2460 740262
146600 2468 725237 2461 740763
146700 2468 725822 2462 741178
146800 2469 726376 2462 741624
146900 2469 726905 2462 742095
147000 2469 727411 2464 742589
147100 2470 727973 2466 743027
147200 2470 728503 2466 743497
147300 2471 728982 2467 744018
147400 2471 729449 2469 744551
147500 2472 730041 2470 744959
147600 2473 730621 2470 745379
147700 2473 731163 2470 745837
147800 2473 731642 2471 746358
147900 2473 732046 2471 746954
148000 2475 732507 2473 747493
148100 2475 732999 2473 748001
148200 2475 733586 2474 748414
148300 2475 734192 2474 748808
148400 2475 734726 2474 749274
148500 2475 735227 2476 749773
148600 2475 735671 2477 750329
148700 2477 736136 2478 750864
148800 2480 736628 2480 751372
148900 2480 737122 2480 751878
149000 2481 737744 2481 752256
149100 2482 738103 2481 752897
149200 2483 738512 2482 753488
149300 2483 739039 2483 753961
149400 2483 739460 2484 754540
149500 2483 740194 2486 754806
149600 2488 740747 2489 755253
149700 2489 741281 2491 755719
149800 2489 741774 2492 756226
149900 2493 742495 2493 756505
150000 2493 742880 2494 757120
150100 2494 743216 2494 757784
150200 2496 743626 2494 758374
150300 2496 743939 2494 759061
150400 2500 744442 2494 759558
150500 2500 744929 2496 760071
150600 2504 745522 2496 760478
150700 2506 746044 2499 760956
150800 2506 746398 2499 761602
150900 2507 746905 2499 762095
151000 2508 747261 2499 762739
151100 2509 747847 2499 763153
151200 2510 748343 2500 763657
151300 2511 748830 2503 764170
151400 2511 749209 2503 764791
151500 2513 749644 2503 765356
151600 2514 750180 2504 765820
151700 2516 750753 2505 766247
151800 2517 751381 2507 766619
151900 2518 751816 2507 767184
152000 2519 752340 2508 767660
152100 2519 752813 2511 768187
152200 2519 753282 2511 768718
152300 2520 753801 2511 769199
152400 2522 754315 2514 769685
152500 2525 754818 2516 770182
152600 2526 755456 2519 770544
152700 2527 756110 2520 770890
152800 2528 756411 2520 771589
152900 2530 756937 2521 772063
153000 2531 757359 2521 772641
153100 2533 758044 2521 772956
153200 2534 758516 2521 773484
153300 2535 759088 2521 773912
153400 2536 759573 2525 774427
153500 2538 760062 2526 774938
153600 2538 760551 2526 775449
153700 2539 761105 2527 775895
153800 2539 761552 2527 776448
153900 2540 761910 2527 777090
154000 2541 762424 2529 777576
154100 2541 762749 2530 778251
154200 2542 763234 2532 778766
154300 2543 763759 2532 779241
154400 2544 764236 2533 779764
154500 2545 764755 2533 780245
154600 2546 765237 2536 780763
154700 2546 765691 2537 781309
154800 2546 766111 2539 781889
154900 2555 766596 2541 782404
155000 2556 767004 2543 782996
155100 2560 767734 2546 783266
155200 2561 768307 2546 783693
155300 2564 768762 2547 784238
155400 2565 769304 2548 784696
155500 2565 769823 2549 785177
155600 2565 770335 2551 785665
155700 2566 770686 2551 786314
155800 2566 771148 2551 786852
155900 2566 771739 2552 787261
156000 2567 772230 2553 787770
156100 2568 772876 2554 788124
156200 2568 773356 2555 788644
156300 2569 773701 2555 789299
156400 2569 774214 2555 789786
156500 2570 774843 2555 790157
156600 2574 775334 2556 790666
156700 2575 775801 2556 791199
156800 2576 776330 2556 791670
156900 2578 776831 2557 792169
157000 2578 777234 2557 792766
157100 2579 777726 2557 793274
157200 2579 778087 2558 793913
157300 2583 778607 2558 794393
157400 2584 779087 2558 794913
157500 2584 779595 2559 795405
157600 2585 780091 2560 795909
157700 2585 780540 2560 796460
157800 2587 781005 2561 796995
157900 2589 781459 2562 797541
158000 2592 781945 2564 798055
158100 2593 782422 2565 798578
158200 2596 782922 2566 799078
158300 2596 783384 2569 799616
158400 2596 783856 2569 800144
158500 2597 784334 2570 800666
158600 2599 784850 2570 801150
158700 2601 785334 2572 801666
158800 2603 785840 2572 802160
158900 2603 786335 2574 802665
159000 2605 786688 2575 803312
159100 2605 787264 2575 803736
159200 2607 787982 2576 804018
159300 2607 788323 2577 804677
159400 2608 788723 2578 805277
159500 2610 789243 2578 805757
159600 2610 789871 2579 806129
159700 2611 790375 2580 806625
159800 2614 790877 2582 807123
159900 2614 791437 2582 807563
160000 2614 791891 2582 808109
160100 2614 792148 2584 808852
160200 2614 792535 2585 809465
160300 2614 792782 2586 810218
160400 2617 793279 2590 810721
160500 2618 793568 2590 811432
160600 2619 794164 2591 811836
160700 2619 794685 2591 812315
160800 2623 795120 2593 812880
160900 2623 795660 2595 813340
161000 2623 796178 2596 813822
161100 2624 796682 2597 814318
161200 2626 797261 2597 814739
161300 2627 797736 2597 815264
161400 2627 798364 2597 815636
161500 2628 798784 2600 816216
161600 2628 799371 2602 816629
161700 2629 799858 2603 817142
161800 2630 800440 2608 817560
161900 2631 801129 2609 817871
162000 2633 801598 2609 818402
162100 2633 802109 2609 818891
162200 2633 802610 2611 819390
162300 2635 802983 2611 820017
162400 2635 803506 2611 820494
162500 2635 803859 2615 821141
162600 2635 804443 2615 821557
162700 2637 804812 2616 822188
162800 2637 805303 2616 822697
162900 2637 805821 2616 823179
163000 2637 806324 2619 823676
163100 2638 806788 2621 824212
163200 2640 807282 2624 824718
163300 2640 807782 2624 825218
163400 2641 808228 2625 825772
163500 2641 808731 2626 826269
163600 2642 809045 2627 826955
163700 2644 809497 2632 827503
163800 2644 809844 2635 828156
163900 2646 810534 2635 828466
164000 2646 811010 2637 828990
164100 2646 811464 2639 829536
164200 2648 812110 2641 829890
164300 2649 812455 2642 830545
164400 2650 813108 2643 830892
164500 2651 813620 2644 831380
164600 2653 813999 2645 832001
164700 2653 814481 2646 832519
164800 2655 814936 2646 833064
164900 2655 815483 2647 833517
165000 2655 816075 2647 833925
165100 2657 816604 2648 834396
165200 2658 817161 2648 834839
165300 2659 817655 2649 835345
165400 2660 818032 2650 835968
165500 2660 818500 2652 836500
165600 2660 818959 2653 837041
165700 2662 819329 2653 837671
165800 2663 820064 2654 837936
165900 2665 820471 2654 838529
166000 2666 820953 2654 839047
166100 2666 821405 2656 839595
166200 2667 821954 2656 840046
166300 2667 822468 2656 840532
166400 2668 822916 2657 841084
166500 2668 823495 2659 841505
166600 2672 823862 2660 842138
166700 2673 824157 2661 842843
166800 2674 824446 2664 843554
166900 2675 824966 2664 844034
167000 2675 825266 2665 844734
167100 2676 825569 2666 845431
167200 2678 825859 2669 846141
167300 2679 826364 2670 846636
167400 2679 826862 2672 847138
167500 2680 827328 2672 847672
167600 2680 827874 2673 848126
167700 2681 828468 2675 848532
167800 2684 828974 2676 849026
167900 2685 829482 2677 849518
168000 2686 829766 2677 850234
168100 2687 830241 2678 850759
168200 2690 830766 2679 851234
168300 2691 831220 2680 851780
168400 2692 831753 2681 852247
168500 2692 832203 2682 852797
168600 2695 832694 2683 853306
168700 2699 833187 2686 853813
168800 2699 833566 2688 854434
168900 2700 834064 2689 854936
169000 2700 834502 2689 855498
169100 2700 834978 2692 856022
169200 2701 835537 2696 856463
169300 2705 835978 2697 857022
169400 2705 836411 2697 857589
169500 2705 836924 2697 858076
169600 2705 837561 2698 858439
169700 2705 838093 2698 858907
169800 2706 838680 2698 859320
169900 2707 839283 2699 859717
170000 2707 839776 2699 860224
170100 2708 840456 2700 860544
170200 2708 840813 2700 861187
170300 2708 841368 2700 861632
170400 2708 841857 2700 862143
170500 2709 842190 2701 862810
170600 2709 842578 2701 863422
170700 2709 843062 2702 863938
170800 2710 843557 2702 864443
170900 2712 844169 2703 864831
171000 2713 844639 2704 865361
171100 2716 845136 2706 865864
171200 2717 845781 2709 866219
171300 2718 846074 2710 866926
171400 2718 846566 2712 867434
171500 2719 847072 2712 867928
171600 2719 847543 2713 868457
171700 2720 848052 2715 868948
171800 2722 848494 2715 869506
171900 2722 848983 2716 870017
172000 2722 849611 2717 870389
172100 2724 850007 2718 870993
172200 2725 850568 2718 871432
172300 2725 851064 2718 871936
172400 2726 851422 2721 872578
172500 2726 852014 2722 872986
172600 2726 852414 2724 873586
172700 2728 852890 2727 874110
172800 2728 853447 2727 874553
172900 2729 854053 2729 874947
173000 2731 854540 2730 875460
173100 2733 854887 2733 876113
173200 2736 855352 2736 876648
173300 2737 855847 2737 877153
173400 2738 856485 2739 877515
173500 2738 856972 2740 878028
173600 2739 857376 2741 878624
173700 2740 857807 2744 879193
173800 2742 858301 2744 879699
173900 2745 858732 2746 880268
174000 2746 859247 2746 880753
174100 2748 859611 2749 881389
174200 2748 860150 2749 881850
174300 2750 860608 2750 882392
174400 2750 861193 2751 882807
174500 2750 861688 2752 883312
174600 2750 862187 2754 883813
174700 2750 862619 2754 884381
174800 2750 863134 2754 884866
174900 2750 863843 2755 885157
175000 2750 864340 2756 885660
175100 2751 864757 2758 886243
175200 2752 865157 2760 886843
175300 2754 865654 2761 887346
175400 2754 866175 2761 887825
175500 2755 866561 2762 888439
175600 2755 867100 2763 888900
175700 2756 867494 2763 889506
175800 2758 868026 2763 889974
175900 2759 868563 2764 890437
176000 2760 869042 2765 890958
176100 2761 869546 2765 891454
176200 2764 870104 2765 891896
176300 2767 870743 2766 892257
176400 2767 871263 2767 892737
176500 2767 871745 2767 893255
176600 2769 872114 2771 893886
176700 2770 872600 2771 894400
176800 2773 873043 2773 894957
176900 2773 873543 2775 895457
177000 2773 874064 2775 895936
177100 2775 874493 2775 896507
177200 2777 874852 2777 897148
177300 2778 875283 2777 897717
177400 2779 875873 2780 898127
177500 2779 876144 2781 898856
177600 2779 876542 2782 899458
177700 2779 877052 2784 899948
177800 2779 877517 2785 900483
177900 2781 877802 2786 901198
178000 2781 878279 2788 901721
178100 2783 878677 2788 902323
178200 2785 879141 2789 902859
178300 2786 879723 2791 903277
178400 2786 880188 2791 903812
178500 2786 880708 2791 904292
178600 2786 881185 2792 904815
178700 2786 881716 2794 905284
178800 2787 882241 2795 905759
178900 2787 882703 2796 906297
179000 2789 883298 2797 906702
179100 2790 883969 2798 907031
179200 2790 884511 2799 907489
179300 2790 884922 2800 908078
179400 2790 885370 2800 908630
179500 2790 885902 2800 909098
179600 2790 886325 2802 909675
179700 2793 886769 2803 910231
179800 2793 887311 2805 910689
179900 2793 887854 2809 911146
180000 2794 888337 2812 911663
180100 2796 888625 2813 912375
180200 2798 889060 2815 912940
180300 2799 889694 2816 913306
180400 2799 890214 2817 913786
180500 2801 890746 2817 914254
180600 2802 891040 2817 914960
180700 2806 891496 2819 915504
180800 2808 891998 2820 916002
180900 2809 892489 2820 916511
181000 2810 893050 2820 916950
181100 2810 893319 2820 917681
181200 2811 893596 2821 918404
181300 2812 894078 2822 918922
181400 2813 894561 2824 919439
181500 2813 895053 2824 919947
181600 2814 895611 2824 920389
181700 2817 895915 2826 921085
181800 2818 896541 2827 921459
181900 2821 897147 2827 921853
182000 2822 897509 2828 922491
182100 2825 898113 2828 922887
182200 2825 898629 2828 923371
182300 2825 899002 2829 923998
182400 2825 899546 2830 924454
182500 2827 900044 2832 924956
182600 2827 900606 2833 925394
182700 2828 901062 2833 925938
182800 2829 901434 2834 926566
182900 2831 901877 2836 927123
183000 2832 902296 2839 927704
183100 2832 902769 2841 928231
183200 2833 903244 2842 928756
183300 2834 903716 2842 929284
183400 2834 904243 2843 929757
183500 2834 904839 2843 930161
183600 2834 905395 2843 930605
183700 2836 905837 2845 931163
183800 2838 906341 2848 931659
183900 2839 906876 2849 932124
184000 2844 907364 2852 932636
184100 2845 907854 2855 933146
184200 2846 908171 2858 933829
184300 2847 908796 2858 934204
184400 2849 909040 2860 934960
184500 2850 909478 2860 935522
184600 2851 910019 2860 935981
184700 2851 910393 2860 936607
184800 2852 910895 2861 937105
184900 2852 911392 2861 937608
185000 2854 911889 2862 938111
185100 2855 912570 2863 938430
185200 2855 913020 2865 938980
185300 2857 913491 2865 939509
185400 2857 913935 2870 940065
185500 2858 914313 2871 940687
185600 2860 914976 2871 941024
185700 2861 915499 2871 941501
185800 2862 916100 2871 941900
185900 2862 916575 2872 942425
186000 2862 917045 2873 942955
186100 2862 917539 2873 943461
186200 2862 917912 2873 944088
186300 2864 918308 2873 944692
186400 2865 918760 2874 945240
186500 2866 919166 2875 945834
186600 2868 919598 2875 946402
186700 2869 920191 2876 946809
186800 2869 920748 2876 947252
186900 2870 921261 2877 947739
187000 2870 921732 2878 948268
187100 2870 922324 2878 948676
187200 2871 922739 2878 949261
187300 2872 923167 2879 949833
187400 2872 923812 2879 950188
187500 2872 924287 2880 950713
187600 2873 924853 2881 951147
187700 2875 925341 2883 951659
187800 2878 926053 2883 951947
187900 2879 926567 2884 952433
188000 2880 927001 2885 952999
188100 2883 927485 2886 953515
188200 2883 928225 2888 953775
188300 2883 928641 2889 954359
188400 2884 929166 2890 954834
188500 2886 929597 2890 955403
188600 2888 930140 2892 955860
188700 2888 930689 2893 956311
188800 2888 931256 2893 956744
188900 2889 931866 2893 957134
189000 2889 932226 2894 957774
189100 2890 932753 2894 958247
189200 2891 933197 2894 958803
189300 2891 933739 2894 959261
189400 2891 934309 2894 959691
189500 2892 934979 2894 960021
189600 2892 935497 2896 960503
189700 2892 936169 2897 960831
189800 2893 936772 2899 961228
189900 2895 937403 2900 961597
190000 2895 937825 2900 962175
190100 2898 938489 2901 962511
190200 2901 938951 2901 963049
190300 2903 939445 2903 963555
190400 2904 940059 2903 963941
190500 2906 940653 2903 964347
190600 2907 941399 2904 964601
190700 2907 941917 2904 965083
190800 2907 942410 2904 965590
190900 2908 942933 2907 966067
191000 2908 943389 2907 966611
191100 2908 943874 2907 967126
191200 2909 944352 2907 967648
191300 2910 944794 2909 968206
191400 2911 945191 2910 968809
191500 2914 945679 2911 969321
191600 2915 945945 2913 970055
191700 2916 946590 2913 970410
191800 2917 947334 2915 970666
191900 2918 948021 2918 970979
192000 2918 948574 2921 971426
192100 2918 948994 2921 972006
192200 2918 949450 2923 972550
192300 2919 949989 2925 973011
192400 2921 950364 2926 973636
192500 2921 950855 2926 974145
192600 2923 951365 2926 974635
192700 2924 951966 2927 975034
192800 2924 952463 2928 975537
192900 2925 952918 2928 976082
193000 2925 953416 2929 976584
193100 2926 953933 2931 977067
193200 2928 954368 2932 977632
193300 2928 954635 2933 978365
193400 2928 955138 2933 978862
193500 2928 955481 2935 979519
193600 2929 956098 2935 979902
193700 2929 956795 2938 980205
193800 2931 957287 2940 980713
193900 2932 957787 2943 981213
194000 2932 958389 2944 981611
194100 2932 958934 2944 982066
194200 2934 959336 2944 982664
194300 2936 959825 2946 983175
194400 2936 960471 2947 983529
194500 2937 960952 2948 984048
194600 2938 961448 2951 984552
194700 2940 961971 2954 985029
194800 2941 962244 2955 985756
194900 2942 962659 2955 986341
195000 2943 963040 2955 986960
195100 2943 963603 2955 987397
195200 2946 964014 2956 987986
195300 2947 964400 2957 988600
195400 2947 964911 2958 989089
195500 2947 965406 2960 989594
195600 2948 965883 2960 990117
195700 2951 966405 2961 990595
195800 2951 966872 2961 991128
195900 2953 967492 2961 991508
196000 2953 967900 2962 992100
196100 2954 968424 2963 992576
196200 2956 968995 2963 993005
196300 2956 969454 2963 993546
196400 2956 969895 2966 994105
196500 2957 970404 2966 994596
196600 2959 970985 2968 995015
196700 2960 971264 2969 995736
196800 2960 971828 2970 996172
196900 2960 972150 2972 996850
197000 2962 972897 2972 997103
197100 2963 973296 2978 997704
197200 2964 973920 2979 998080
197300 2965 974658 2980 998342
197400 2966 975143 2982 998857
197500 2966 975646 2983 999354
197600 2967 976342 2983 999658
197700 2967 976844 2983 1000156
197800 2970 977527 2983 1000473
197900 2970 978014 2984 1000986
198000 2970 978561 2984 1001439
198100 2970 979074 2985 1001926
198200 2971 979565 2987 1002435
198300 2971 980081 2987 1002919
198400 2971 980580 2987 1003420
198500 2972 981033 2988 1003967
198600 2973 981693 2992 1004307
198700 2974 982177 2992 1004823
198800 2975 982608 2995 1005392
198900 2976 983057 2996 1005943
199000 2976 983604 2997 1006396
199100 2976 984202 2998 1006798
199200 2977 984615 2998 1007385
199300 2977 985033 2999 1007967
199400 2977 985573 3001 1008427
199500 2977 986130 3001 1008870
199600 2978 986386 3004 1009614
199700 2980 986953 3004 1010047
199800 2980 987485 3004 1010515
199900 2983 987997 3005 1011003
200000 2984 988566 3006 1011434
